#!ascii label  , from subject sub-v1s12x0050116_ses-1 vox2ras=TkReg
1804
9463  -17.988  -73.000  -24.784 0.5000000000
141271  -21.658  -75.664  -24.411 0.5000000000
128102  -22.526  -75.934  -24.721 0.5000000000
7015  -22.480  -77.192  -25.183 0.5000000000
10897  -16.091  -71.051  -24.457 0.5000000000
142636  -17.470  -71.988  -24.496 0.5000000000
10898  -16.985  -71.039  -24.569 0.5000000000
10134  -18.090  -72.220  -24.560 0.5000000000
10911  -17.750  -71.108  -24.786 0.6000000238
9465  -19.580  -72.786  -24.599 0.5000000000
6423  -22.021  -78.351  -26.042 0.5000000000
8179  -20.991  -75.117  -24.573 0.5000000000
7027  -21.493  -77.540  -26.757 0.5000000000
8180  -21.845  -74.941  -24.441 0.6000000238
7619  -22.570  -76.569  -25.871 0.6000000238
9467  -21.820  -73.179  -24.668 0.6000000238
7610  -22.708  -76.255  -25.124 0.6000000238
7618  -21.914  -76.774  -26.757 0.6999999881
9481  -23.049  -73.417  -25.419 0.6999999881
134976  -22.933  -75.696  -25.817 0.6999999881
8841  -23.366  -73.674  -26.139 0.6999999881
8840  -23.361  -74.385  -26.388 0.6999999881
8201  -23.057  -75.144  -26.589 0.6999999881
11632  -15.342  -70.551  -24.622 0.5000000000
11634  -17.092  -70.657  -24.909 0.6000000238
11644  -15.562  -70.052  -24.996 0.6000000238
11655  -15.493  -70.042  -25.931 0.6000000238
131507  -20.320  -72.601  -24.676 0.5000000000
7043  -20.954  -76.892  -27.489 0.5000000000
7026  -20.469  -77.525  -27.437 0.5000000000
7645  -20.239  -76.809  -28.731 0.6999999881
7632  -20.758  -76.569  -28.088 0.6999999881
8817  -21.223  -74.009  -24.570 0.6000000238
10137  -21.060  -72.601  -24.839 0.6999999881
8213  -22.074  -75.796  -27.860 0.6999999881
10152  -21.858  -72.632  -25.110 0.6999999881
10174  -22.478  -72.595  -26.277 0.6999999881
131192  -22.707  -75.309  -28.415 0.6999999881
9501  -22.647  -72.729  -27.034 0.6999999881
8852  -23.404  -73.648  -27.042 0.6999999881
8851  -23.286  -74.527  -27.236 0.6999999881
8224  -23.186  -74.691  -28.935 0.6999999881
9510  -22.749  -73.043  -28.037 0.6999999881
145011  -22.522  -73.241  -28.928 0.6999999881
8871  -23.270  -74.083  -29.383 0.6999999881
9524  -22.600  -73.458  -29.656 0.6999999881
12402  -14.623  -69.971  -24.780 0.5000000000
12409  -13.713  -69.637  -25.482 0.6000000238
141716  -12.843  -68.942  -26.494 0.6000000238
12416  -14.519  -70.033  -26.710 0.6000000238
11654  -14.169  -70.149  -27.828 0.6000000238
11646  -17.744  -70.760  -25.396 0.6000000238
11666  -15.004  -70.469  -27.211 0.6000000238
10912  -18.631  -71.244  -25.196 0.6000000238
7069  -19.932  -77.258  -29.758 0.6999999881
10150  -20.211  -72.059  -24.938 0.6999999881
7654  -20.655  -76.734  -29.393 0.6999999881
7081  -20.255  -77.639  -30.867 0.6999999881
7092  -20.740  -78.177  -31.761 0.6999999881
124614  -19.113  -71.366  -26.059 0.6999999881
7663  -20.814  -77.041  -30.238 0.6999999881
6474  -21.116  -78.851  -32.209 0.6999999881
10914  -20.344  -71.924  -25.571 0.6999999881
10932  -19.425  -71.974  -26.802 0.6999999881
8223  -21.996  -75.967  -28.824 0.6999999881
7655  -21.525  -76.426  -29.709 0.6999999881
7082  -20.977  -77.418  -31.106 0.6999999881
7103  -21.670  -78.172  -32.457 0.6999999881
10161  -21.076  -72.230  -26.066 0.6999999881
10171  -19.863  -72.790  -27.506 0.6999999881
128686  -22.786  -75.391  -29.306 0.6999999881
7674  -22.373  -76.575  -31.440 0.6999999881
9509  -21.762  -73.124  -28.455 0.6999999881
8230  -23.189  -74.779  -29.835 0.6999999881
8229  -22.831  -75.475  -30.199 0.6999999881
8881  -23.122  -74.150  -30.288 0.6999999881
8240  -23.157  -74.929  -30.864 0.6999999881
131599  -21.792  -73.359  -29.433 0.6999999881
123996  -22.991  -74.393  -31.083 0.6999999881
9536  -21.895  -73.615  -30.554 0.6999999881
12408  -12.743  -69.438  -25.417 0.5000000000
13170  -12.137  -68.714  -25.878 0.6000000238
13177  -12.234  -68.034  -26.402 0.6000000238
13933  -11.871  -67.045  -25.994 0.5000000000
14713  -13.437  -67.579  -26.973 0.6000000238
13160  -10.886  -68.277  -24.792 0.5000000000
13169  -11.499  -67.841  -25.568 0.5000000000
12425  -13.381  -68.985  -27.599 0.6000000238
14714  -14.586  -66.845  -27.027 0.6000000238
134753  -13.810  -69.081  -28.232 0.6000000238
13190  -13.711  -68.426  -27.732 0.6000000238
10920  -17.278  -70.735  -26.368 0.6000000238
127825  -18.211  -71.010  -26.225 0.6999999881
10929  -15.516  -71.000  -27.726 0.6999999881
10931  -18.467  -71.747  -27.039 0.6999999881
10930  -17.273  -71.509  -27.354 0.6999999881
5900  -22.225  -79.367  -32.129 0.6999999881
10170  -18.728  -72.656  -27.697 0.6999999881
10169  -17.630  -72.436  -28.033 0.6999999881
6480  -21.997  -78.743  -32.776 0.6999999881
126503  -23.565  -78.962  -31.063 0.6999999881
10183  -17.907  -73.299  -28.606 0.6999999881
7104  -22.534  -78.007  -33.218 0.6999999881
5912  -22.932  -79.019  -33.310 0.6999999881
9507  -19.362  -73.819  -28.997 0.6000000238
123352  -23.015  -76.753  -33.036 0.6999999881
6490  -23.018  -78.336  -33.692 0.6999999881
125223  -24.024  -78.814  -32.068 0.6999999881
134997  -24.231  -78.440  -31.216 0.6999999881
6466  -24.074  -78.383  -30.151 0.6999999881
9508  -20.603  -73.561  -28.887 0.6999999881
8247  -23.108  -75.383  -31.679 0.6999999881
7689  -23.008  -76.433  -33.696 0.6000000238
7114  -23.649  -78.068  -34.017 0.6999999881
6492  -24.020  -78.542  -33.486 0.6999999881
133411  -20.696  -74.160  -30.784 0.6000000238
8880  -22.580  -73.864  -30.898 0.6999999881
8894  -22.562  -74.250  -31.647 0.6999999881
8895  -23.070  -74.845  -31.819 0.6999999881
7683  -23.061  -75.634  -32.576 0.6000000238
7113  -23.429  -77.653  -34.120 0.6000000238
8878  -19.791  -74.895  -31.483 0.6000000238
8879  -21.151  -74.324  -31.571 0.6000000238
8907  -22.268  -74.966  -33.063 0.6000000238
125109  -22.671  -76.253  -34.504 0.5000000000
7122  -23.240  -76.964  -34.551 0.5000000000
7697  -23.325  -76.883  -35.227 0.5000000000
8892  -20.012  -75.505  -32.594 0.6000000238
8260  -20.407  -75.750  -34.053 0.5000000000
8914  -21.595  -75.624  -33.906 0.5000000000
14700  -12.398  -66.351  -26.051 0.6000000238
134794  -11.709  -66.212  -25.367 0.6000000238
124104  -14.475  -65.907  -26.588 0.5000000000
16128  -14.671  -64.858  -26.181 0.6999999881
13168  -10.921  -67.228  -24.916 0.5000000000
14651  -11.377  -66.102  -23.998 0.6000000238
13915  -11.894  -65.670  -24.637 0.6000000238
133846  -10.533  -67.899  -22.574 0.6000000238
13896  -10.927  -66.767  -23.709 0.6000000238
134848  -15.268  -66.398  -27.116 0.4000000060
13897  -11.427  -66.452  -23.415 0.6000000238
13947  -14.863  -67.360  -27.569 0.5000000000
13201  -14.278  -68.649  -28.405 0.6000000238
12442  -14.710  -69.864  -29.452 0.6000000238
124691  -16.011  -71.609  -28.123 0.6999999881
10928  -15.083  -71.359  -28.784 0.6000000238
10939  -16.481  -72.290  -28.562 0.6999999881
134095  -17.140  -73.811  -29.397 0.6000000238
10182  -16.840  -73.102  -29.037 0.6000000238
9521  -18.832  -74.322  -29.840 0.6000000238
7115  -24.312  -77.953  -33.902 0.6000000238
7105  -24.652  -78.032  -33.022 0.6000000238
7095  -24.619  -78.036  -31.907 0.6999999881
7083  -24.461  -77.729  -30.698 0.6999999881
7070  -24.356  -77.530  -29.306 0.6999999881
8870  -19.577  -74.472  -30.486 0.6000000238
7124  -24.075  -77.682  -34.670 0.6000000238
131366  -24.320  -77.888  -28.294 0.6999999881
8904  -19.155  -75.685  -33.063 0.6000000238
7696  -22.851  -76.512  -35.050 0.4000000060
7705  -24.503  -76.887  -35.669 0.4000000060
7691  -25.148  -76.934  -34.279 0.5000000000
7690  -24.938  -77.386  -33.533 0.6000000238
7676  -24.714  -76.957  -31.264 0.6000000238
7656  -24.646  -76.472  -28.914 0.6000000238
8253  -19.651  -75.819  -33.663 0.5000000000
9581  -20.717  -74.821  -34.378 0.5000000000
8266  -21.389  -75.519  -34.419 0.5000000000
8267  -22.252  -75.971  -34.958 0.5000000000
8262  -25.646  -76.075  -34.028 0.4000000060
8255  -25.528  -75.519  -32.938 0.6000000238
15388  -14.295  -64.709  -25.167 0.6000000238
14685  -13.231  -65.314  -25.641 0.6000000238
16129  -16.023  -64.032  -26.161 0.6000000238
13898  -12.415  -66.469  -23.306 0.6000000238
14653  -13.164  -65.930  -23.933 0.5000000000
14654  -14.622  -66.554  -24.080 0.6000000238
13900  -15.353  -67.421  -23.857 0.6000000238
15417  -15.196  -65.455  -26.677 0.6000000238
13125  -12.462  -68.051  -22.121 0.6999999881
13144  -14.310  -67.922  -23.060 0.6000000238
13145  -15.372  -68.099  -23.368 0.6000000238
13948  -15.648  -67.161  -27.743 0.5000000000
15431  -15.939  -65.594  -27.066 0.6000000238
13110  -12.954  -68.773  -21.569 0.6000000238
13127  -15.067  -68.712  -22.625 0.6999999881
13963  -15.728  -67.900  -28.509 0.5000000000
12378  -14.539  -69.178  -21.933 0.6999999881
127370  -15.512  -69.172  -29.509 0.6000000238
130327  -14.651  -69.717  -21.062 0.6000000238
10937  -15.022  -71.414  -29.744 0.6000000238
11690  -15.029  -70.690  -30.007 0.6000000238
11691  -15.832  -70.725  -30.456 0.6000000238
10949  -15.431  -72.011  -30.291 0.6000000238
10191  -16.373  -73.586  -30.137 0.6000000238
9534  -16.524  -74.169  -30.884 0.6000000238
10206  -18.542  -73.288  -32.262 0.6000000238
8890  -17.987  -75.152  -31.714 0.6000000238
10207  -19.638  -72.643  -32.279 0.6000000238
9561  -18.847  -75.026  -32.912 0.6000000238
7677  -25.189  -75.973  -32.238 0.6000000238
123440  -25.073  -75.563  -31.366 0.6000000238
8231  -24.848  -75.654  -29.683 0.6000000238
8913  -20.042  -74.870  -34.030 0.5000000000
9582  -21.426  -74.326  -34.479 0.5000000000
8272  -22.001  -75.503  -34.878 0.5000000000
8232  -25.307  -74.898  -28.761 0.6000000238
8915  -25.900  -75.113  -33.717 0.4000000060
8248  -25.327  -75.063  -31.957 0.6000000238
124131  -25.263  -74.792  -30.964 0.6000000238
15389  -15.587  -64.872  -24.781 0.6000000238
15390  -16.591  -64.952  -24.644 0.5000000000
16104  -16.978  -63.962  -24.768 0.6000000238
132050  -17.583  -62.634  -24.732 0.5000000000
14670  -13.978  -65.341  -24.638 0.6000000238
14673  -17.294  -66.011  -24.354 0.6000000238
16102  -15.127  -64.345  -25.256 0.5000000000
16809  -16.607  -63.600  -25.270 0.5000000000
16826  -16.591  -63.569  -25.786 0.5000000000
13916  -15.883  -66.967  -24.258 0.5000000000
14672  -16.256  -65.937  -24.449 0.6000000238
13901  -16.686  -67.743  -23.880 0.5000000000
15418  -16.390  -64.640  -26.761 0.6000000238
12379  -15.387  -69.426  -21.989 0.6999999881
13128  -16.105  -69.112  -22.651 0.6000000238
12380  -16.896  -69.535  -22.272 0.6000000238
13964  -16.573  -67.881  -28.480 0.5000000000
12338  -15.247  -70.248  -20.327 0.5000000000
12359  -16.637  -69.872  -21.435 0.6999999881
12443  -16.350  -69.112  -29.576 0.5000000000
11692  -16.891  -70.592  -30.560 0.5000000000
10959  -15.952  -72.154  -30.910 0.6000000238
10962  -18.870  -72.157  -31.087 0.6000000238
10198  -17.016  -73.010  -31.700 0.5000000000
10200  -19.173  -72.457  -31.719 0.6000000238
10199  -18.059  -72.755  -31.838 0.6000000238
10227  -21.209  -72.890  -33.664 0.5000000000
9573  -26.063  -74.155  -33.389 0.5000000000
8882  -25.482  -73.932  -30.338 0.6000000238
8872  -25.590  -73.970  -29.059 0.6000000238
137160  -18.485  -65.216  -24.191 0.6000000238
16105  -18.058  -64.379  -24.373 0.6000000238
14674  -18.288  -66.002  -24.175 0.6000000238
17620  -17.368  -62.476  -25.137 0.5000000000
14655  -17.947  -66.912  -24.083 0.6000000238
13903  -18.544  -67.752  -23.675 0.6999999881
16827  -17.231  -63.255  -26.059 0.6000000238
13147  -17.869  -68.849  -23.158 0.6000000238
135899  -17.263  -68.373  -23.490 0.6000000238
15419  -17.306  -64.696  -26.936 0.6000000238
12360  -17.646  -69.853  -21.709 0.6000000238
144206  -18.296  -69.584  -22.220 0.6000000238
13949  -17.029  -67.276  -27.828 0.5000000000
12457  -16.597  -69.863  -30.022 0.5000000000
11593  -16.685  -70.431  -19.688 0.5000000000
12340  -17.140  -70.117  -20.667 0.6000000238
11703  -17.283  -71.352  -30.935 0.5000000000
11694  -19.150  -71.110  -29.645 0.6000000238
10961  -17.663  -72.100  -31.372 0.5000000000
139323  -20.053  -72.118  -30.870 0.5000000000
142254  -19.895  -72.347  -31.566 0.5000000000
9564  -26.250  -73.198  -32.971 0.6000000238
9551  -25.980  -72.853  -31.991 0.6000000238
15378  -19.900  -64.945  -23.718 0.6000000238
16091  -19.475  -64.064  -23.873 0.5000000000
137652  -18.120  -63.064  -24.321 0.5000000000
128239  -20.312  -65.820  -23.600 0.6999999881
17612  -18.149  -61.429  -24.500 0.5000000000
13904  -19.546  -67.682  -23.512 0.6999999881
14656  -18.929  -66.812  -23.810 0.6000000238
18490  -17.857  -61.192  -25.011 0.5000000000
13148  -18.681  -68.572  -23.295 0.6000000238
17627  -17.555  -62.641  -25.623 0.5000000000
16131  -17.817  -63.886  -26.608 0.6000000238
12362  -19.473  -69.642  -21.590 0.6999999881
15433  -17.780  -65.681  -27.123 0.6000000238
12361  -18.609  -69.788  -21.592 0.6000000238
14716  -17.400  -66.478  -27.417 0.6000000238
11583  -19.146  -70.150  -18.870 0.6999999881
12341  -18.122  -70.089  -20.797 0.6999999881
13204  -16.956  -68.507  -28.947 0.5000000000
13191  -17.461  -68.046  -28.110 0.5000000000
12328  -17.618  -70.273  -19.825 0.6000000238
13205  -17.855  -68.820  -28.442 0.5000000000
11574  -18.598  -70.701  -18.283 0.5000000000
12445  -18.261  -69.582  -28.792 0.6000000238
12458  -17.653  -70.034  -29.686 0.5000000000
10826  -18.179  -71.369  -18.040 0.6000000238
11693  -18.033  -70.793  -30.125 0.5000000000
10951  -19.641  -71.702  -30.190 0.6000000238
10953  -21.663  -71.308  -29.719 0.5000000000
16092  -20.501  -64.190  -23.628 0.6999999881
16801  -19.834  -63.367  -23.684 0.5000000000
145026  -19.211  -62.658  -23.781 0.5000000000
14659  -21.705  -66.563  -23.458 0.8000000119
130589  -20.806  -65.100  -23.575 0.6999999881
17613  -19.008  -61.760  -23.780 0.5000000000
19445  -18.502  -60.224  -24.252 0.5000000000
13151  -21.143  -68.108  -23.183 0.6999999881
13905  -20.533  -67.474  -23.409 0.6999999881
14657  -19.908  -66.690  -23.592 0.8000000119
13150  -20.298  -68.274  -23.242 0.6999999881
19456  -18.313  -60.452  -24.810 0.5000000000
12363  -20.349  -69.492  -21.643 0.6999999881
13132  -20.095  -68.909  -22.906 0.6999999881
16828  -17.937  -62.973  -26.231 0.6000000238
18503  -18.289  -60.953  -25.264 0.5000000000
130319  -20.531  -69.621  -19.937 0.6000000238
12343  -19.974  -69.710  -20.809 0.6000000238
14702  -18.623  -66.074  -26.743 0.6000000238
129713  -19.563  -69.874  -19.876 0.6999999881
13192  -18.346  -68.407  -27.632 0.6000000238
122701  -18.031  -67.421  -27.419 0.6000000238
11575  -19.199  -70.524  -17.949 0.6000000238
12427  -18.767  -69.204  -27.913 0.6000000238
12446  -19.282  -69.939  -28.338 0.6000000238
10808  -17.821  -71.884  -16.580 0.6000000238
11680  -19.761  -70.722  -28.780 0.6000000238
10940  -21.090  -71.292  -29.194 0.5000000000
15379  -21.684  -65.214  -23.507 0.6000000238
16093  -21.330  -64.564  -23.534 0.5000000000
16802  -20.684  -63.388  -23.537 0.5000000000
19446  -19.011  -60.171  -23.547 0.5000000000
13907  -22.346  -67.263  -23.323 0.8000000119
121687  -18.697  -58.476  -23.726 0.5000000000
13111  -21.520  -68.966  -22.366 0.6999999881
16829  -18.824  -62.768  -26.167 0.6000000238
13832  -14.316  -67.484  -17.378 0.6000000238
12344  -20.870  -69.489  -20.861 0.8000000119
13833  -15.378  -67.271  -17.690 0.6000000238
125861  -20.224  -69.688  -18.836 0.6999999881
121327  -21.192  -69.386  -19.102 0.8000000119
16132  -18.972  -64.520  -26.378 0.6000000238
13044  -15.496  -68.915  -15.713 0.6000000238
12322  -19.795  -70.053  -17.980 0.6000000238
13950  -18.749  -68.075  -26.960 0.6000000238
13178  -19.582  -68.240  -26.528 0.6000000238
12287  -17.885  -69.664  -15.458 0.6000000238
11556  -18.346  -71.138  -16.091 0.6000000238
11558  -19.489  -70.282  -16.541 0.6000000238
12428  -19.808  -69.565  -27.509 0.6000000238
13194  -20.273  -69.131  -26.744 0.6000000238
10816  -18.801  -71.160  -17.425 0.5000000000
11667  -21.512  -70.486  -27.909 0.5000000000
11682  -21.816  -70.900  -28.732 0.5000000000
12431  -22.757  -69.571  -27.682 0.5000000000
16094  -22.275  -64.432  -23.459 0.5000000000
140569  -22.222  -62.867  -23.240 0.5000000000
14660  -22.606  -66.395  -23.438 0.6000000238
16095  -23.339  -64.711  -23.377 0.5000000000
13152  -22.012  -68.014  -23.109 0.8000000119
13908  -23.328  -67.053  -23.240 0.6999999881
13134  -22.438  -68.550  -22.465 0.8000000119
12345  -21.775  -69.305  -20.879 0.8000000119
18504  -19.100  -61.298  -25.612 0.6000000238
20445  -18.782  -58.868  -24.169 0.5000000000
14605  -14.070  -66.455  -20.107 0.6000000238
12330  -22.261  -69.145  -20.023 0.8000000119
19475  -19.605  -60.570  -25.246 0.5000000000
13849  -15.258  -66.972  -18.613 0.6999999881
13848  -14.522  -67.116  -18.448 0.6000000238
12323  -21.082  -69.240  -18.108 0.8000000119
144484  -19.555  -65.219  -26.094 0.6000000238
16113  -19.485  -63.799  -26.057 0.6000000238
17629  -19.512  -62.246  -25.786 0.6000000238
13834  -16.295  -67.167  -17.513 0.6000000238
125738  -19.897  -67.501  -26.091 0.6000000238
14703  -19.454  -66.534  -26.223 0.6000000238
15400  -20.118  -64.914  -25.784 0.6000000238
13045  -16.444  -68.867  -15.674 0.6000000238
12305  -19.822  -69.662  -16.362 0.6000000238
12316  -20.853  -69.079  -17.155 0.5000000000
13179  -20.753  -68.408  -26.155 0.6000000238
12288  -18.707  -69.746  -15.587 0.6000000238
12430  -22.063  -69.935  -27.321 0.6000000238
13180  -21.988  -68.688  -26.194 0.6000000238
12418  -22.559  -69.259  -26.844 0.5000000000
13195  -23.161  -68.796  -27.243 0.5000000000
12448  -22.685  -69.828  -28.569 0.5000000000
13206  -22.254  -68.120  -28.944 0.5000000000
14661  -23.489  -66.158  -23.363 0.6000000238
13135  -23.541  -68.278  -22.302 0.6999999881
120589  -13.888  -64.536  -19.488 0.6000000238
16048  -13.680  -65.089  -20.312 0.6000000238
13097  -22.663  -69.014  -20.846 0.8000000119
20446  -19.221  -59.272  -24.568 0.5000000000
14619  -14.351  -66.083  -20.694 0.6000000238
136908  -22.598  -68.754  -19.149 0.8000000119
19458  -20.272  -59.836  -24.759 0.5000000000
14606  -14.904  -66.528  -20.192 0.6999999881
13078  -21.732  -67.899  -17.129 0.8000000119
135423  -20.562  -62.617  -25.496 0.6000000238
17630  -20.352  -61.882  -25.424 0.6000000238
14591  -16.571  -66.640  -18.894 0.8000000119
131516  -21.278  -68.344  -16.900 0.6999999881
14686  -20.007  -65.949  -25.814 0.6000000238
16817  -21.415  -63.317  -25.399 0.6000000238
13835  -17.799  -67.174  -16.931 0.6999999881
13820  -18.321  -67.696  -16.244 0.6999999881
133635  -20.029  -68.433  -16.115 0.6000000238
14687  -20.878  -66.687  -25.602 0.6000000238
125565  -22.261  -64.944  -25.431 0.6000000238
13047  -18.276  -68.964  -15.529 0.6000000238
15402  -22.101  -65.655  -25.438 0.5000000000
13938  -23.162  -67.736  -25.989 0.5000000000
14641  -24.210  -66.702  -23.008 0.6000000238
15369  -24.973  -65.437  -22.776 0.5000000000
16022  -15.733  -64.295  -17.796 0.6000000238
13889  -24.838  -67.503  -22.125 0.6999999881
125261  -14.936  -64.398  -18.516 0.6000000238
13113  -23.965  -68.364  -21.565 0.6999999881
13099  -24.363  -68.179  -20.758 0.6000000238
16049  -14.522  -64.668  -20.344 0.6000000238
16050  -15.587  -64.153  -19.678 0.6000000238
13098  -23.560  -68.620  -20.779 0.6000000238
13086  -23.371  -68.269  -19.093 0.6999999881
14620  -15.279  -66.170  -20.913 0.8000000119
13085  -22.820  -68.194  -18.336 0.6999999881
13853  -23.336  -67.583  -18.629 0.6000000238
14590  -15.624  -66.708  -19.308 0.8000000119
13838  -20.785  -67.054  -16.861 0.8000000119
14581  -21.267  -66.685  -17.508 0.6999999881
145240  -17.343  -66.537  -18.819 0.6999999881
14578  -18.291  -66.744  -17.622 0.6999999881
14579  -19.301  -66.623  -17.470 0.6000000238
14580  -20.308  -66.580  -17.403 0.8000000119
16713  -16.236  -63.813  -16.219 0.6000000238
16039  -16.179  -64.074  -18.857 0.6000000238
16060  -14.797  -64.194  -21.101 0.6999999881
14597  -23.194  -66.831  -18.579 0.6000000238
15341  -14.687  -65.468  -21.174 0.6999999881
15356  -14.966  -65.045  -21.668 0.6999999881
135864  -21.686  -66.366  -18.267 0.6999999881
14612  -21.318  -65.971  -19.232 0.6000000238
14621  -16.387  -66.298  -20.413 0.8000000119
15344  -17.062  -65.935  -20.771 0.6000000238
14622  -17.297  -66.184  -20.138 0.5000000000
14611  -20.264  -66.039  -19.191 0.6999999881
15328  -19.758  -65.723  -19.894 0.6999999881
15347  -21.112  -65.087  -20.596 0.6000000238
14608  -16.995  -66.412  -19.558 0.8000000119
14609  -18.050  -66.275  -19.400 0.6000000238
14594  -19.774  -66.302  -18.274 0.6000000238
16692  -15.938  -63.768  -15.182 0.6000000238
17521  -16.593  -63.197  -16.284 0.6000000238
17550  -16.553  -63.119  -18.396 0.6999999881
16731  -16.554  -63.611  -17.738 0.6000000238
16756  -15.635  -63.597  -20.074 0.6999999881
17573  -15.162  -63.259  -20.687 0.6999999881
16059  -14.727  -64.718  -21.630 0.6999999881
16072  -14.870  -64.467  -22.171 0.6000000238
15330  -21.719  -65.433  -20.120 0.6000000238
15357  -15.423  -64.968  -21.840 0.6000000238
126712  -17.637  -65.467  -20.780 0.6000000238
15348  -21.884  -64.815  -20.535 0.5000000000
16765  -19.637  -63.881  -20.597 0.6000000238
16766  -20.752  -63.857  -20.561 0.5000000000
17577  -20.102  -63.222  -20.185 0.5000000000
16764  -18.513  -63.532  -20.633 0.6000000238
17576  -19.117  -62.969  -20.248 0.5000000000
124379  -15.760  -62.173  -14.707 0.6000000238
145195  -16.451  -62.848  -15.660 0.6000000238
17536  -16.638  -62.886  -17.278 0.6999999881
17520  -16.387  -62.512  -16.307 0.6999999881
17561  -16.131  -62.723  -19.236 0.6999999881
142460  -15.893  -63.085  -19.891 0.6999999881
17572  -14.390  -62.806  -21.254 0.6000000238
16762  -14.337  -63.588  -21.808 0.5000000000
16787  -14.404  -63.611  -22.924 0.6999999881
17596  -13.762  -62.940  -23.046 0.6000000238
16073  -15.519  -64.394  -22.295 0.6000000238
135127  -16.346  -64.089  -22.132 0.6000000238
18457  -15.839  -62.293  -22.205 0.6000000238
16779  -17.827  -64.057  -21.113 0.6000000238
16763  -17.625  -63.200  -20.880 0.5000000000
17574  -17.358  -62.233  -20.867 0.5000000000
18431  -17.968  -61.518  -19.992 0.5000000000
21312  -13.371  -58.897  -13.927 0.6999999881
21313  -14.484  -58.842  -14.224 0.6999999881
132352  -14.063  -58.178  -13.792 0.6999999881
18379  -15.682  -61.439  -15.271 0.6000000238
20283  -14.746  -59.461  -14.631 0.6999999881
123857  -14.976  -58.077  -14.358 0.6999999881
22285  -14.572  -57.452  -13.743 0.6999999881
23275  -14.907  -56.715  -13.574 0.6000000238
18385  -15.913  -61.664  -16.137 0.6999999881
19330  -15.173  -60.126  -15.694 0.6999999881
20305  -15.080  -59.411  -15.491 0.6999999881
19352  -15.436  -61.076  -16.913 0.6999999881
19331  -15.489  -60.831  -15.913 0.6999999881
21349  -15.032  -58.626  -15.950 0.6999999881
17560  -15.273  -62.513  -20.127 0.6999999881
17571  -13.138  -62.260  -21.504 0.6000000238
17585  -13.582  -62.814  -22.351 0.6000000238
18454  -12.533  -61.474  -22.710 0.6000000238
19411  -12.842  -60.614  -22.594 0.6000000238
17597  -14.373  -63.157  -23.157 0.6000000238
18456  -14.734  -62.258  -23.048 0.6000000238
19431  -14.488  -61.194  -22.982 0.6000000238
18441  -15.558  -61.311  -22.313 0.5000000000
19413  -15.158  -60.412  -22.228 0.6000000238
20397  -15.633  -59.824  -21.401 0.6000000238
17586  -16.594  -62.425  -21.524 0.5000000000
131910  -16.564  -61.513  -21.403 0.5000000000
19398  -16.415  -60.236  -20.778 0.5000000000
131453  -12.752  -58.139  -13.813 0.6999999881
138362  -14.832  -56.127  -13.155 0.6000000238
23258  -15.378  -56.067  -13.670 0.6000000238
24201  -15.803  -55.642  -14.531 0.4000000060
126935  -15.250  -57.868  -15.348 0.6000000238
22286  -15.356  -57.176  -14.516 0.5000000000
23276  -15.478  -56.414  -14.277 0.5000000000
132995  -15.828  -54.996  -15.367 0.4000000060
25194  -16.623  -54.620  -14.552 0.5000000000
18397  -15.326  -61.430  -17.949 0.6999999881
19351  -14.467  -60.525  -17.808 0.8000000119
20321  -14.660  -59.155  -16.661 0.6999999881
22313  -14.799  -57.205  -16.448 0.5000000000
23307  -14.751  -56.338  -16.548 0.4000000060
24223  -15.545  -55.536  -15.632 0.4000000060
25207  -15.971  -54.345  -15.633 0.4000000060
26130  -15.608  -53.699  -16.354 0.4000000060
19350  -13.535  -59.958  -18.147 0.8000000119
20335  -14.302  -59.714  -17.366 0.8000000119
20320  -13.869  -59.053  -17.579 0.8000000119
22312  -13.953  -57.401  -17.278 0.6000000238
23306  -13.947  -56.563  -17.231 0.5000000000
24238  -13.733  -55.624  -17.245 0.4000000060
25219  -14.387  -54.252  -16.853 0.4000000060
18409  -15.375  -61.911  -19.033 0.6999999881
18421  -14.188  -61.681  -19.766 0.8000000119
19383  -12.054  -60.770  -20.164 0.6999999881
18428  -11.872  -60.990  -21.043 0.5000000000
142874  -13.174  -56.077  -17.516 0.5000000000
123885  -13.824  -54.740  -17.153 0.4000000060
26129  -14.034  -53.260  -16.978 0.4000000060
18420  -12.769  -61.513  -20.610 0.6000000238
18439  -11.945  -61.227  -21.949 0.5000000000
20383  -12.359  -60.068  -21.804 0.5000000000
20395  -13.488  -59.700  -22.080 0.6000000238
20396  -14.635  -59.599  -21.950 0.6000000238
21418  -14.098  -58.851  -21.581 0.6000000238
22284  -13.301  -57.390  -13.632 0.6000000238
23256  -13.131  -56.201  -13.216 0.5000000000
23257  -14.028  -56.213  -13.038 0.5000000000
24149  -14.593  -55.607  -12.554 0.4000000060
24174  -15.379  -55.710  -12.917 0.5000000000
142067  -15.826  -55.633  -13.642 0.5000000000
25172  -16.277  -55.209  -14.104 0.5000000000
25173  -16.883  -55.001  -13.820 0.5000000000
25195  -17.298  -54.467  -14.400 0.5000000000
25196  -18.274  -54.355  -14.416 0.5000000000
25208  -16.417  -54.320  -15.171 0.5000000000
26102  -18.163  -53.617  -15.364 0.5000000000
20334  -13.189  -59.402  -18.093 0.6999999881
21364  -12.777  -58.606  -18.105 0.6000000238
21363  -12.022  -57.952  -18.400 0.5000000000
22329  -12.872  -57.700  -17.892 0.5000000000
26116  -16.403  -53.727  -15.851 0.5000000000
26131  -16.705  -52.979  -16.342 0.5000000000
18408  -14.272  -61.106  -18.772 0.8000000119
19368  -13.289  -60.400  -18.718 0.6999999881
19382  -11.773  -60.095  -20.290 0.6000000238
143915  -12.091  -57.265  -18.358 0.5000000000
23322  -11.944  -55.723  -18.290 0.4000000060
123496  -12.932  -53.813  -17.777 0.5000000000
27024  -14.833  -52.793  -16.766 0.4000000060
27025  -16.070  -52.105  -16.763 0.5000000000
20382  -11.876  -59.444  -20.824 0.5000000000
21406  -11.704  -58.589  -20.152 0.5000000000
22340  -11.600  -57.600  -18.958 0.6000000238
23333  -11.675  -55.747  -18.913 0.5000000000
24266  -12.022  -54.905  -18.832 0.5000000000
26152  -13.022  -53.482  -18.163 0.5000000000
21407  -12.559  -58.426  -20.716 0.5000000000
22366  -12.974  -57.548  -20.486 0.5000000000
22353  -12.130  -57.192  -19.753 0.5000000000
24273  -12.247  -55.487  -19.383 0.5000000000
21408  -13.680  -58.121  -21.032 0.6000000238
22367  -13.855  -57.250  -20.540 0.6000000238
25170  -12.484  -54.710  -13.108 0.5000000000
25171  -13.322  -55.117  -12.701 0.5000000000
25143  -14.009  -54.987  -12.185 0.5000000000
25144  -14.964  -55.215  -11.530 0.4000000060
24150  -15.351  -55.492  -12.104 0.4000000060
125164  -13.757  -54.229  -11.880 0.4000000060
125168  -15.873  -55.567  -12.289 0.5000000000
24175  -16.247  -55.413  -13.113 0.6000000238
24176  -17.222  -55.331  -12.914 0.5000000000
25174  -17.785  -54.947  -13.655 0.5000000000
25175  -18.759  -54.918  -13.515 0.4000000060
127557  -19.055  -53.942  -14.873 0.4000000060
26103  -19.969  -54.100  -14.628 0.4000000060
26054  -13.970  -53.730  -11.202 0.4000000060
25126  -14.935  -54.719  -10.740 0.4000000060
25127  -15.600  -55.115  -10.571 0.4000000060
24138  -15.971  -55.571  -11.383 0.5000000000
24151  -16.643  -55.587  -12.110 0.5000000000
141335  -17.877  -55.511  -11.229 0.5000000000
25113  -16.105  -54.689  -9.901 0.4000000060
25114  -17.085  -54.832  -10.004 0.4000000060
25115  -17.960  -54.748  -10.476 0.5000000000
24153  -18.618  -55.379  -11.818 0.4000000060
25146  -19.152  -55.136  -12.730 0.4000000060
25176  -19.518  -54.793  -13.380 0.4000000060
25177  -20.263  -54.466  -13.701 0.4000000060
26972  -14.047  -53.207  -10.186 0.4000000060
26055  -14.569  -54.032  -10.464 0.4000000060
26056  -15.254  -54.365  -10.058 0.4000000060
27812  -14.466  -51.842  -9.567 0.4000000060
26952  -15.123  -52.832  -9.598 0.4000000060
26040  -16.608  -53.944  -9.741 0.4000000060
26954  -17.150  -53.049  -10.090 0.4000000060
26042  -18.424  -53.955  -10.627 0.5000000000
136871  -18.614  -54.575  -10.885 0.5000000000
131922  -19.625  -54.317  -11.697 0.4000000060
25147  -19.918  -54.774  -12.860 0.4000000060
26955  -18.066  -53.104  -10.562 0.4000000060
26975  -19.337  -52.927  -11.468 0.4000000060
26985  -19.998  -52.583  -12.017 0.4000000060
25131  -20.138  -54.310  -12.281 0.4000000060
25148  -20.554  -54.351  -12.945 0.4000000060
27795  -13.393  -51.789  -9.594 0.4000000060
28713  -14.333  -50.849  -9.865 0.3000000119
27813  -15.682  -52.126  -9.768 0.3000000119
27814  -16.720  -52.200  -10.275 0.4000000060
29620  -15.131  -50.037  -11.668 0.4000000060
27829  -15.352  -51.228  -10.203 0.3000000119
27830  -16.366  -51.362  -10.708 0.3000000119
27831  -17.245  -51.501  -11.095 0.4000000060
28730  -18.409  -50.551  -12.399 0.5000000000
27833  -19.271  -51.977  -11.836 0.4000000060
27841  -19.963  -51.705  -12.324 0.4000000060
27842  -20.718  -52.297  -12.402 0.4000000060
26993  -21.962  -52.741  -13.201 0.3000000119
29634  -17.941  -49.793  -12.825 0.5000000000
28737  -18.816  -49.898  -12.992 0.5000000000
27840  -19.197  -51.135  -12.308 0.4000000060
27849  -20.743  -51.418  -12.631 0.4000000060
27850  -21.507  -52.046  -12.796 0.3000000119
29619  -14.219  -50.024  -10.593 0.4000000060
29632  -15.239  -49.552  -12.682 0.4000000060
29621  -16.056  -49.964  -12.341 0.4000000060
28728  -16.709  -50.236  -12.098 0.5000000000
28729  -17.460  -50.326  -12.266 0.5000000000
29644  -15.774  -49.088  -13.431 0.4000000060
29633  -16.942  -49.744  -12.779 0.5000000000
29646  -17.528  -49.205  -13.332 0.5000000000
29647  -18.402  -49.293  -13.374 0.4000000060
28738  -19.723  -50.033  -13.156 0.4000000060
28739  -20.630  -50.523  -13.000 0.3000000119
30576  -17.171  -48.535  -13.756 0.3000000119
30577  -18.043  -48.608  -13.684 0.3000000119
30578  -18.846  -48.756  -13.729 0.3000000119
29631  -14.094  -49.319  -11.622 0.4000000060
30575  -15.344  -48.604  -14.034 0.3000000119
30593  -15.873  -48.040  -14.527 0.4000000060
29649  -19.943  -49.313  -13.622 0.3000000119
30592  -14.820  -48.013  -14.735 0.3000000119
31574  -14.757  -46.571  -15.524 0.3000000119
14684  -12.397  -65.630  -25.455 0.6000000238
15387  -13.419  -64.987  -25.093 0.5000000000
125432  -19.359  -65.405  -20.300 0.6000000238
15345  -18.545  -65.288  -20.579 0.6000000238
128106  -22.033  -77.293  -24.390 0.5000000000
8819  -22.932  -74.298  -24.914 0.6000000238
10900  -19.282  -71.784  -24.839 0.5000000000
8831  -23.241  -74.331  -25.567 0.6999999881
7633  -21.535  -76.373  -27.553 0.6999999881
8214  -22.794  -75.248  -27.497 0.6999999881
10172  -20.942  -72.583  -27.005 0.6999999881
8860  -23.198  -74.625  -28.073 0.6999999881
9511  -23.279  -73.478  -27.958 0.6999999881
11665  -14.671  -70.710  -28.360 0.5000000000
7664  -21.588  -76.820  -30.789 0.6999999881
10184  -18.966  -73.434  -28.354 0.6999999881
9498  -19.894  -73.436  -28.285 0.6999999881
8239  -22.851  -75.735  -31.115 0.6999999881
9523  -20.775  -73.818  -29.927 0.6999999881
14701  -13.142  -66.595  -26.493 0.6000000238
127946  -23.184  -77.408  -33.835 0.6999999881
9520  -17.812  -74.558  -30.198 0.6000000238
8906  -20.815  -75.614  -33.429 0.5000000000
13886  -13.084  -67.441  -22.755 0.6999999881
8869  -18.304  -74.819  -30.770 0.6000000238
7684  -24.944  -77.021  -32.387 0.6000000238
7666  -24.596  -76.721  -30.135 0.6000000238
8903  -18.384  -75.185  -32.325 0.5000000000
9571  -20.846  -73.915  -34.130 0.5000000000
8909  -25.648  -74.574  -32.626 0.5000000000
13899  -13.724  -66.952  -23.458 0.6000000238
13126  -13.782  -68.484  -22.219 0.6999999881
15432  -16.873  -65.540  -27.228 0.6000000238
10960  -16.656  -72.175  -31.253 0.5000000000
9547  -17.511  -74.726  -31.935 0.5000000000
10216  -18.995  -73.774  -32.823 0.6000000238
9548  -18.177  -74.422  -32.444 0.5000000000
10217  -19.942  -73.128  -33.010 0.5000000000
123200  -25.217  -74.734  -29.905 0.6000000238
9563  -25.792  -73.639  -32.262 0.6000000238
9574  -26.652  -73.770  -34.172 0.5000000000
13131  -19.276  -69.058  -22.880 0.6000000238
19474  -19.047  -60.038  -25.026 0.5000000000
13817  -15.160  -67.807  -16.799 0.6000000238
10787  -17.344  -71.302  -15.851 0.6000000238
12447  -20.380  -70.330  -27.982 0.6000000238
13064  -15.932  -68.240  -16.220 0.6000000238
13084  -21.976  -68.825  -18.391 0.8000000119
13819  -17.384  -67.742  -16.370 0.6000000238
15401  -21.311  -64.956  -25.487 0.6000000238
13067  -18.739  -68.354  -15.762 0.6000000238
13925  -21.658  -67.370  -25.602 0.6000000238
13840  -22.120  -67.488  -17.489 0.8000000119
17631  -21.542  -62.386  -25.242 0.6000000238
13822  -20.335  -67.663  -16.414 0.6000000238
13821  -19.370  -67.748  -16.153 0.6999999881
14593  -18.760  -66.422  -18.389 0.6000000238
15358  -16.211  -64.771  -21.801 0.6000000238
15327  -18.833  -65.880  -20.040 0.6999999881
16074  -17.071  -64.472  -21.555 0.6000000238
17575  -18.207  -62.636  -20.429 0.5000000000
17584  -12.699  -62.146  -22.232 0.5000000000
16778  -17.066  -63.713  -21.594 0.6000000238
19415  -16.773  -60.853  -20.893 0.5000000000
20282  -13.859  -59.587  -14.157 0.6999999881
142452  -14.797  -60.582  -14.694 0.6000000238
21314  -15.127  -58.751  -14.895 0.6999999881
121292  -15.089  -60.274  -16.678 0.8000000119
137892  -14.747  -57.928  -16.452 0.6000000238
23274  -13.771  -56.793  -13.406 0.6000000238
24222  -15.312  -56.147  -15.907 0.5000000000
22300  -15.343  -56.917  -15.611 0.5000000000
27023  -14.082  -52.576  -17.140 0.5000000000
124656  -13.135  -55.667  -12.921 0.5000000000
26117  -17.210  -53.570  -15.612 0.5000000000
20353  -12.219  -59.179  -18.545 0.6000000238
21392  -11.468  -58.578  -19.412 0.6000000238
23345  -13.166  -56.574  -20.186 0.5000000000
25145  -18.245  -55.345  -12.769 0.5000000000
25129  -17.509  -55.320  -10.633 0.6000000238
26951  -14.130  -52.589  -9.688 0.4000000060
26039  -15.660  -53.748  -9.699 0.4000000060
26953  -16.135  -53.016  -9.680 0.4000000060
131735  -18.734  -53.249  -11.000 0.5000000000
26057  -19.170  -53.927  -11.197 0.4000000060
26973  -17.632  -52.255  -10.747 0.4000000060
26974  -18.506  -52.337  -11.264 0.4000000060
26986  -20.615  -52.995  -12.225 0.4000000060
26076  -21.451  -53.357  -13.010 0.4000000060
130988  -16.004  -50.537  -11.365 0.3000000119
28715  -16.946  -50.793  -11.593 0.5000000000
28716  -17.758  -51.002  -11.780 0.4000000060
27832  -18.516  -51.399  -11.824 0.4000000060
26987  -21.241  -52.858  -12.605 0.4000000060
29648  -19.202  -49.372  -13.476 0.5000000000
134213  -19.203  -50.471  -12.707 0.4000000060
28731  -19.906  -50.859  -12.672 0.4000000060
138984  -16.137  -49.583  -13.032 0.5000000000
125591  -16.281  -48.546  -13.901 0.5000000000
29645  -16.650  -49.109  -13.374 0.4000000060
30579  -19.480  -48.863  -13.787 0.4000000060
30594  -16.782  -47.961  -14.310 0.4000000060
31555  -15.607  -47.445  -15.098 0.3000000119
31556  -16.388  -47.535  -14.844 0.3000000119
124075  -26.589  -80.053  -29.844 0.5000000000
6467  -26.947  -79.214  -29.973 0.5000000000
6468  -27.310  -78.507  -30.627 0.5000000000
6456  -27.195  -78.224  -29.795 0.5000000000
7096  -27.680  -77.548  -30.771 0.5000000000
7072  -27.400  -77.382  -29.491 0.5000000000
7085  -28.180  -76.574  -30.647 0.6000000238
5877  -26.446  -79.742  -28.912 0.5000000000
6455  -26.791  -78.770  -28.903 0.5000000000
7071  -27.067  -77.953  -28.816 0.5000000000
7060  -27.201  -77.069  -28.073 0.5000000000
130724  -27.520  -76.694  -29.177 0.6000000238
7084  -27.674  -76.833  -30.032 0.6000000238
139212  -25.907  -80.332  -28.517 0.4000000060
5281  -21.228  -80.782  -28.858 0.4000000060
137659  -21.827  -80.407  -28.662 0.4000000060
4676  -22.130  -81.283  -28.498 0.5000000000
5284  -23.364  -80.513  -27.910 0.5000000000
4678  -23.844  -81.161  -28.282 0.5000000000
5285  -24.300  -80.530  -27.781 0.5000000000
5271  -24.025  -79.982  -27.602 0.5000000000
5298  -24.748  -80.933  -28.260 0.5000000000
5286  -25.250  -80.399  -27.871 0.5000000000
7669  -29.838  -75.828  -30.621 0.6000000238
5868  -25.957  -79.793  -27.889 0.5000000000
139445  -26.406  -79.172  -28.069 0.5000000000
6434  -25.646  -78.296  -27.101 0.5000000000
7668  -28.668  -75.851  -30.411 0.6000000238
6444  -26.643  -78.249  -27.835 0.5000000000
134264  -27.313  -76.096  -27.477 0.6000000238
8233  -27.758  -75.190  -28.659 0.6000000238
8242  -28.994  -75.260  -30.384 0.6000000238
8873  -28.117  -74.248  -28.872 0.6000000238
134937  -28.487  -74.616  -29.981 0.6000000238
8897  -28.986  -74.141  -31.265 0.6999999881
8883  -28.428  -73.918  -29.600 0.6000000238
9539  -28.905  -73.520  -30.771 0.6999999881
132482  -19.755  -79.290  -31.555 0.6000000238
5887  -20.397  -79.617  -31.291 0.6000000238
5899  -21.258  -79.358  -31.818 0.6000000238
5297  -20.628  -80.361  -29.883 0.5000000000
5874  -21.442  -80.033  -29.622 0.5000000000
5890  -22.813  -79.290  -30.167 0.6000000238
5866  -22.694  -80.129  -28.234 0.5000000000
5867  -23.606  -79.636  -27.842 0.5000000000
5859  -24.508  -79.309  -27.513 0.5000000000
6443  -24.165  -78.636  -27.777 0.5000000000
135273  -25.259  -78.913  -27.303 0.5000000000
124370  -31.290  -75.672  -29.880 0.6999999881
8244  -30.894  -75.164  -30.288 0.6000000238
8245  -31.489  -74.852  -29.893 0.8000000119
7637  -26.293  -76.662  -26.788 0.5000000000
7638  -26.955  -76.415  -27.065 0.5000000000
8217  -27.160  -75.528  -26.975 0.6000000238
8885  -29.723  -74.722  -30.771 0.6999999881
129959  -30.764  -74.537  -30.722 0.6999999881
9552  -29.347  -73.648  -31.661 0.6999999881
9515  -27.958  -73.563  -28.129 0.6000000238
9528  -28.383  -73.293  -28.783 0.6000000238
10194  -29.077  -71.921  -29.633 0.6999999881
10209  -29.528  -72.921  -31.730 0.6999999881
10220  -30.027  -73.514  -32.828 0.6000000238
6463  -18.926  -78.453  -31.001 0.5000000000
5898  -20.355  -79.158  -31.858 0.6000000238
127430  -22.788  -79.342  -31.415 0.6000000238
6465  -23.449  -78.874  -29.530 0.6000000238
6454  -23.955  -78.370  -28.822 0.6000000238
7059  -24.675  -77.813  -27.627 0.5000000000
7647  -24.566  -77.144  -28.148 0.6000000238
7044  -25.268  -77.683  -27.122 0.5000000000
7648  -25.086  -76.329  -27.720 0.5000000000
8874  -31.945  -74.365  -29.318 0.5000000000
8864  -32.032  -74.323  -28.339 0.6000000238
7636  -25.531  -76.874  -27.001 0.6000000238
8862  -26.736  -74.244  -27.241 0.5000000000
141047  -31.644  -74.345  -30.153 0.6000000238
8855  -27.162  -74.231  -27.267 0.5000000000
8898  -29.579  -74.167  -31.518 0.6999999881
8899  -30.218  -74.244  -31.638 0.6000000238
135028  -27.983  -72.775  -28.268 0.5000000000
9553  -29.740  -73.973  -32.409 0.6000000238
9566  -30.454  -73.797  -32.888 0.6000000238
10941  -28.238  -72.058  -28.660 0.5000000000
10967  -29.474  -71.449  -30.307 0.6000000238
10210  -29.876  -72.749  -32.158 0.5000000000
143925  -30.999  -71.418  -31.861 0.5000000000
10232  -31.447  -73.034  -34.253 0.5000000000
7080  -19.511  -77.838  -30.623 0.6000000238
6464  -19.839  -78.348  -31.385 0.6000000238
7068  -18.874  -77.783  -29.868 0.4000000060
7657  -25.026  -75.701  -28.546 0.5000000000
8875  -32.470  -73.755  -28.796 0.6000000238
8225  -25.536  -75.316  -27.670 0.5000000000
8886  -32.151  -73.849  -29.826 0.5000000000
9513  -26.826  -72.968  -27.834 0.5000000000
9540  -31.286  -74.074  -30.958 0.5000000000
9541  -32.297  -73.505  -30.515 0.5000000000
9529  -32.796  -73.283  -29.365 0.5000000000
10192  -27.364  -71.809  -28.791 0.5000000000
9555  -31.521  -73.820  -31.992 0.5000000000
9567  -31.437  -73.704  -33.423 0.5000000000
10955  -28.082  -71.472  -28.990 0.6000000238
11707  -28.717  -70.684  -30.432 0.6000000238
9575  -30.886  -73.419  -33.549 0.5000000000
9576  -31.765  -73.504  -34.294 0.6000000238
134904  -29.929  -70.564  -30.976 0.6000000238
11718  -31.611  -70.425  -31.906 0.5000000000
7042  -20.116  -76.978  -28.056 0.4000000060
128278  -33.210  -72.903  -30.017 0.5000000000
9527  -26.508  -72.694  -28.566 0.5000000000
141902  -26.641  -71.803  -29.881 0.5000000000
9556  -32.471  -73.572  -32.572 0.5000000000
10203  -34.337  -72.847  -30.812 0.5000000000
9544  -35.138  -73.512  -31.035 0.5000000000
8888  -35.170  -74.080  -30.660 0.5000000000
128142  -35.240  -75.826  -32.032 0.5000000000
10974  -27.391  -70.990  -30.802 0.6000000238
11714  -28.586  -70.504  -31.363 0.6000000238
9568  -32.588  -73.687  -33.885 0.5000000000
11727  -30.236  -70.209  -31.689 0.6000000238
10250  -33.640  -72.863  -35.458 0.5000000000
12483  -31.456  -69.511  -32.806 0.5000000000
140092  -32.986  -69.084  -32.790 0.5000000000
10982  -27.005  -71.668  -32.776 0.5000000000
10212  -34.565  -72.865  -31.774 0.5000000000
9558  -35.195  -73.238  -31.761 0.5000000000
8900  -35.394  -73.972  -31.476 0.5000000000
127901  -35.500  -74.653  -32.180 0.5000000000
10973  -26.758  -71.539  -31.633 0.5000000000
127507  -27.658  -71.125  -33.075 0.6000000238
10233  -33.854  -73.215  -33.400 0.5000000000
10223  -34.772  -72.962  -33.290 0.5000000000
8910  -35.821  -73.987  -32.836 0.5000000000
8256  -35.701  -75.363  -33.090 0.5000000000
7687  -35.404  -76.426  -32.805 0.5000000000
11726  -29.695  -70.033  -32.428 0.5000000000
9587  -33.583  -73.215  -35.263 0.5000000000
9594  -33.951  -72.957  -35.414 0.5000000000
10230  -26.860  -72.638  -33.699 0.5000000000
8931  -36.068  -73.075  -34.227 0.5000000000
8917  -35.986  -74.157  -33.487 0.5000000000
8269  -35.867  -75.370  -33.803 0.5000000000
7695  -36.765  -76.248  -33.388 0.4000000060
8924  -36.594  -74.247  -34.162 0.4000000060
12399  -11.429  -69.333  -24.983 0.4000000060
14588  -13.834  -66.819  -19.271 0.5000000000
15326  -13.047  -65.485  -20.330 0.5000000000
16009  -14.802  -64.289  -16.379 0.5000000000
16021  -14.862  -64.281  -17.448 0.5000000000
14604  -13.187  -66.278  -20.005 0.5000000000
132696  -12.702  -59.636  -14.198 0.5000000000
21311  -12.144  -58.890  -14.198 0.5000000000
23273  -12.404  -56.490  -13.564 0.5000000000
10208  -26.229  -72.260  -31.294 0.5000000000
9526  -25.958  -73.004  -29.511 0.5000000000
7658  -27.831  -76.058  -29.627 0.6000000238
8234  -28.150  -75.176  -29.738 0.6000000238
8863  -27.641  -74.355  -27.719 0.6000000238
10201  -28.967  -72.707  -29.925 0.6999999881
5889  -21.976  -79.585  -30.813 0.6000000238
8853  -26.277  -75.019  -27.022 0.5000000000
10193  -28.635  -72.444  -29.008 0.6000000238
10202  -29.356  -72.524  -30.660 0.6000000238
10975  -29.932  -71.848  -30.998 0.6000000238
8235  -31.593  -75.146  -29.059 0.6999999881
8861  -25.930  -74.251  -27.786 0.5000000000
10186  -27.725  -72.205  -28.429 0.5000000000
11708  -29.455  -70.838  -30.401 0.6000000238
10968  -30.118  -71.040  -30.755 0.6000000238
10984  -30.520  -72.535  -32.657 0.5000000000
9586  -32.627  -73.446  -34.899 0.5000000000
9542  -32.848  -73.179  -31.154 0.5000000000
10211  -33.654  -72.884  -31.536 0.5000000000
11706  -28.102  -70.674  -30.743 0.5000000000
12476  -31.080  -69.993  -31.839 0.5000000000
10964  -26.660  -71.636  -30.554 0.5000000000
11725  -28.860  -70.345  -32.420 0.5000000000
10983  -27.374  -70.998  -31.982 0.5000000000
9569  -35.385  -73.178  -32.627 0.5000000000
9578  -34.605  -73.084  -34.400 0.5000000000
124101  -35.484  -73.005  -34.044 0.5000000000
137215  -35.781  -75.929  -33.962 0.5000000000
9596  -35.070  -72.611  -34.758 0.4000000060
7702  -36.544  -75.666  -34.015 0.4000000060
7623  -31.665  -76.376  -26.278 0.5000000000
7640  -32.460  -75.807  -26.670 0.6000000238
129381  -33.261  -75.273  -27.189 0.6000000238
8220  -32.445  -74.828  -26.933 0.6000000238
8202  -30.985  -75.672  -26.666 0.4000000060
145451  -34.286  -75.552  -28.184 0.4000000060
9518  -34.012  -73.560  -28.600 0.4000000060
8866  -33.832  -73.938  -28.012 0.5000000000
8857  -32.704  -74.178  -27.443 0.6000000238
8858  -33.153  -73.738  -27.825 0.5000000000
9530  -33.585  -73.086  -29.057 0.4000000060
8219  -31.628  -75.024  -26.959 0.5000000000
9516  -32.968  -73.414  -28.471 0.5000000000
135735  -31.577  -74.896  -27.821 0.6000000238
136056  -31.175  -76.146  -29.483 0.6000000238
7074  -31.119  -76.792  -30.073 0.6000000238
7087  -31.169  -77.015  -30.680 0.6000000238
7670  -30.888  -75.958  -30.422 0.6000000238
7680  -31.027  -76.792  -30.871 0.6000000238
7679  -30.524  -76.527  -31.023 0.5000000000
7678  -29.375  -76.379  -31.041 0.5000000000
7097  -28.703  -77.070  -31.551 0.4000000060
7106  -28.163  -77.862  -31.987 0.5000000000
7694  -36.132  -76.779  -33.396 0.3000000119
5891  -27.186  -79.176  -31.001 0.4000000060
19459  -21.734  -60.273  -24.555 0.4000000060
18493  -22.930  -61.037  -24.700 0.4000000060
136751  -22.433  -62.857  -25.287 0.5000000000
20384  -15.955  -59.484  -20.539 0.5000000000
21419  -15.029  -59.036  -21.037 0.5000000000
123644  -15.810  -58.582  -19.364 0.5000000000
21393  -15.182  -57.946  -19.807 0.4000000060
23346  -14.107  -56.484  -20.178 0.4000000060
22331  -16.767  -57.869  -17.286 0.4000000060
121145  -13.752  -55.739  -20.086 0.4000000060
24275  -14.291  -54.995  -19.965 0.4000000060
23347  -14.624  -56.575  -19.699 0.4000000060
25248  -12.869  -54.215  -18.845 0.4000000060
25249  -13.841  -54.267  -19.569 0.4000000060
23335  -16.132  -55.982  -18.391 0.4000000060
26153  -13.876  -52.951  -18.647 0.4000000060
26168  -15.421  -53.604  -19.606 0.4000000060
25252  -16.893  -54.130  -19.422 0.4000000060
27040  -14.033  -52.426  -17.512 0.4000000060
137845  -14.948  -52.092  -18.339 0.4000000060
27041  -14.689  -52.012  -17.127 0.4000000060
27890  -15.217  -51.630  -17.448 0.4000000060
26118  -18.975  -53.476  -15.506 0.3000000119
27012  -18.562  -53.056  -16.103 0.4000000060
26105  -21.741  -53.652  -14.137 0.3000000119
26120  -20.400  -53.491  -15.227 0.3000000119
27013  -19.534  -53.088  -15.899 0.3000000119
22330  -16.260  -57.629  -17.884 0.4000000060
22342  -15.761  -57.000  -18.360 0.4000000060
22341  -15.101  -57.175  -19.210 0.4000000060
21379  -15.784  -57.970  -18.645 0.4000000060
23334  -15.185  -56.301  -19.105 0.4000000060
24267  -15.494  -55.326  -19.385 0.4000000060
24256  -17.724  -55.601  -17.615 0.4000000060
24277  -16.439  -54.951  -18.990 0.4000000060
25251  -15.793  -54.360  -19.621 0.4000000060
139263  -14.878  -54.315  -19.850 0.4000000060
138537  -36.654  -82.418  -24.356 0.3000000119
4648  -36.464  -81.601  -25.517 0.3000000119
4620  -36.514  -81.240  -23.361 0.4000000060
5243  -36.436  -81.004  -24.162 0.3000000119
137761  -36.125  -80.926  -25.711 0.4000000060
5228  -35.940  -79.608  -23.457 0.3000000119
5242  -36.025  -80.158  -24.385 0.3000000119
5253  -35.812  -80.347  -25.336 0.4000000060
6390  -35.417  -78.566  -23.243 0.3000000119
5840  -35.389  -79.681  -24.934 0.3000000119
134797  -35.027  -79.963  -25.758 0.3000000119
6404  -34.974  -78.561  -23.987 0.3000000119
5827  -34.862  -79.010  -24.664 0.3000000119
5252  -33.814  -79.719  -25.950 0.3000000119
6403  -34.255  -78.303  -24.345 0.3000000119
127312  -34.010  -78.919  -25.146 0.3000000119
5839  -32.867  -79.140  -25.562 0.3000000119
6388  -33.663  -77.664  -23.867 0.3000000119
5826  -33.124  -78.240  -24.671 0.3000000119
5838  -31.958  -79.166  -25.903 0.3000000119
124998  -33.250  -77.361  -22.376 0.3000000119
6997  -33.549  -77.241  -22.998 0.3000000119
7008  -32.720  -77.527  -23.708 0.3000000119
6417  -32.185  -78.606  -25.204 0.3000000119
120470  -31.414  -78.241  -25.168 0.3000000119
7007  -31.836  -77.573  -23.566 0.4000000060
5265  -35.491  -80.614  -26.165 0.3000000119
140972  -36.440  -80.765  -22.925 0.4000000060
5264  -34.413  -80.422  -26.544 0.4000000060
5212  -36.274  -80.076  -22.807 0.3000000119
5263  -33.033  -80.418  -26.832 0.4000000060
5851  -32.371  -79.862  -26.337 0.4000000060
5850  -31.889  -79.691  -26.557 0.4000000060
6975  -34.850  -77.382  -21.951 0.3000000119
123736  -31.737  -78.951  -26.170 0.4000000060
6974  -33.659  -77.381  -21.655 0.3000000119
123080  -34.231  -77.288  -21.552 0.4000000060
6426  -31.297  -78.006  -25.739 0.4000000060
6959  -33.931  -77.506  -20.954 0.3000000119
4647  -35.840  -81.023  -26.345 0.3000000119
4668  -35.525  -81.433  -27.198 0.3000000119
4087  -36.754  -82.058  -26.192 0.3000000119
4659  -35.017  -80.917  -26.935 0.3000000119
4667  -34.655  -81.385  -27.739 0.3000000119
4596  -36.461  -81.433  -21.097 0.4000000060
4666  -33.810  -80.963  -27.451 0.3000000119
5276  -33.093  -81.204  -28.150 0.3000000119
5803  -35.922  -79.187  -22.574 0.3000000119
5804  -36.229  -79.880  -21.977 0.4000000060
5275  -32.430  -80.739  -28.024 0.3000000119
5262  -32.011  -80.321  -27.128 0.4000000060
128665  -32.136  -80.014  -27.758 0.4000000060
6379  -35.517  -78.178  -22.246 0.3000000119
5183  -35.699  -79.972  -20.485 0.3000000119
5862  -31.765  -79.580  -26.980 0.4000000060
6447  -32.080  -79.146  -27.562 0.4000000060
6346  -35.366  -78.020  -21.338 0.3000000119
5763  -34.595  -79.374  -19.627 0.3000000119
6438  -32.384  -78.194  -27.390 0.4000000060
7651  -33.860  -76.848  -28.029 0.5000000000
142832  -35.038  -78.081  -20.682 0.3000000119
7048  -32.346  -77.157  -26.767 0.4000000060
7641  -33.222  -76.391  -27.248 0.5000000000
6360  -33.386  -77.824  -21.052 0.3000000119
4093  -35.147  -81.551  -27.895 0.3000000119
3536  -36.437  -81.769  -26.902 0.3000000119
4583  -36.054  -81.550  -20.469 0.4000000060
5289  -32.646  -80.343  -28.633 0.4000000060
6457  -33.356  -78.855  -28.914 0.4000000060
127193  -35.722  -80.741  -20.365 0.4000000060
6448  -32.851  -78.515  -28.091 0.4000000060
7075  -34.242  -77.108  -29.010 0.5000000000
8228  -34.499  -75.346  -28.854 0.4000000060
5169  -35.203  -80.281  -19.862 0.3000000119
7652  -34.322  -76.177  -28.511 0.4000000060
5168  -34.356  -80.226  -19.286 0.3000000119
8867  -34.404  -74.177  -28.738 0.4000000060
8887  -34.801  -74.063  -29.752 0.4000000060
6334  -33.888  -78.560  -19.714 0.3000000119
6344  -33.582  -78.092  -20.360 0.3000000119
6333  -33.077  -78.600  -19.711 0.3000000119
4680  -33.643  -81.435  -28.667 0.3000000119
5290  -32.995  -81.066  -28.905 0.3000000119
5880  -33.081  -79.792  -29.201 0.3000000119
4568  -35.433  -81.166  -20.062 0.4000000060
6458  -34.076  -78.195  -29.602 0.5000000000
7672  -34.692  -76.322  -30.555 0.4000000060
4567  -34.782  -81.152  -19.634 0.4000000060
125996  -34.918  -74.982  -30.361 0.4000000060
4556  -33.184  -81.131  -18.659 0.3000000119
4566  -33.949  -81.130  -19.173 0.3000000119
5167  -33.535  -80.199  -18.754 0.3000000119
5744  -32.994  -79.442  -18.800 0.3000000119
136901  -32.476  -78.876  -19.634 0.3000000119
5762  -32.604  -79.045  -19.214 0.3000000119
5300  -33.185  -80.515  -29.399 0.3000000119
137658  -34.164  -78.858  -30.356 0.4000000060
7088  -34.499  -77.211  -30.112 0.4000000060
3984  -32.901  -82.020  -18.609 0.3000000119
126934  -32.405  -81.990  -18.144 0.3000000119
5148  -32.572  -80.210  -18.397 0.3000000119
5743  -32.143  -79.448  -18.732 0.3000000119
3982  -32.069  -82.448  -17.793 0.3000000119
4554  -31.809  -81.424  -17.730 0.3000000119
130681  -31.904  -80.648  -18.136 0.3000000119
5147  -31.647  -79.958  -18.301 0.3000000119
6477  -34.798  -78.540  -31.647 0.3000000119
128344  -34.758  -77.263  -31.246 0.4000000060
4536  -30.923  -81.248  -17.200 0.3000000119
141094  -30.362  -80.587  -17.766 0.3000000119
5321  -35.163  -79.556  -30.917 0.3000000119
5328  -34.909  -79.250  -31.070 0.3000000119
7110  -34.993  -77.783  -32.183 0.3000000119
5329  -35.346  -79.194  -31.407 0.3000000119
5917  -35.470  -78.619  -32.079 0.3000000119
6497  -35.537  -77.967  -32.730 0.3000000119
22368  -14.471  -57.781  -20.661 0.5000000000
27026  -17.036  -52.248  -16.804 0.5000000000
27875  -16.397  -51.489  -17.267 0.4000000060
22354  -14.506  -57.201  -20.025 0.4000000060
7650  -31.142  -75.630  -28.439 0.6000000238
8856  -32.182  -74.446  -27.453 0.5000000000
10195  -34.072  -72.837  -29.927 0.4000000060
8249  -34.911  -75.713  -31.049 0.4000000060
7681  -34.912  -76.437  -31.423 0.4000000060
7686  -35.079  -76.965  -32.083 0.4000000060
7119  -35.733  -77.182  -33.109 0.3000000119
20369  -16.198  -59.285  -19.655 0.5000000000
20354  -16.408  -59.001  -18.646 0.4000000060
23324  -16.663  -56.886  -17.534 0.4000000060
5229  -36.310  -80.450  -23.538 0.3000000119
6389  -34.554  -77.762  -23.459 0.3000000119
6989  -34.005  -77.144  -22.184 0.3000000119
4607  -36.570  -81.390  -21.807 0.4000000060
6437  -31.765  -78.466  -26.667 0.4000000060
5195  -36.335  -80.664  -21.487 0.4000000060
5194  -36.012  -79.839  -21.158 0.3000000119
5782  -35.832  -78.960  -21.655 0.3000000119
5870  -32.577  -79.501  -28.387 0.4000000060
130135  -33.779  -79.401  -19.163 0.3000000119
7660  -34.520  -76.299  -29.495 0.4000000060
135497  -33.245  -78.947  -19.268 0.3000000119
131934  -34.443  -78.116  -30.745 0.4000000060
3997  -33.529  -82.016  -19.122 0.3000000119
5761  -31.899  -79.160  -19.235 0.3000000119
5894  -34.491  -78.838  -31.112 0.3000000119
128657  -31.233  -80.557  -17.829 0.3000000119
7098  -29.999  -76.981  -31.828 0.5000000000
6476  -31.194  -77.665  -31.774 0.5000000000
7100  -31.100  -77.259  -31.269 0.5000000000
7073  -30.644  -76.923  -29.331 0.5000000000
7649  -30.488  -76.011  -27.775 0.4000000060
10992  -28.190  -71.411  -34.236 0.4000000060
8203  -31.658  -75.567  -26.545 0.5000000000
139969  -31.152  -76.681  -25.971 0.3000000119
144088  -30.726  -77.858  -24.614 0.3000000119
7032  -31.485  -77.326  -26.096 0.4000000060
6402  -31.959  -77.903  -24.460 0.3000000119
3998  -34.328  -82.017  -19.542 0.3000000119
4010  -34.733  -82.868  -19.725 0.3000000119
3999  -35.326  -82.041  -19.929 0.3000000119
123292  -36.570  -81.383  -22.584 0.3000000119
3439  -34.251  -83.680  -19.626 0.3000000119
144155  -35.488  -82.918  -20.016 0.3000000119
4011  -36.078  -82.546  -20.360 0.3000000119
4012  -36.558  -82.229  -20.878 0.3000000119
3466  -36.879  -82.766  -21.515 0.3000000119
3453  -36.568  -83.099  -20.772 0.3000000119
3451  -35.120  -83.667  -19.936 0.3000000119
124704  -35.554  -84.410  -20.244 0.3000000119
3452  -35.957  -83.463  -20.290 0.3000000119
2932  -36.490  -84.099  -20.682 0.3000000119
4041  -36.771  -82.094  -22.134 0.3000000119
3483  -36.956  -82.940  -22.596 0.3000000119
138674  -35.079  -85.178  -20.260 0.3000000119
137142  -37.104  -83.437  -21.886 0.3000000119
2944  -37.128  -83.935  -21.416 0.3000000119
6475  -27.557  -78.447  -31.458 0.3000000119
7639  -30.486  -75.874  -26.985 0.5000000000
7659  -30.759  -76.296  -28.703 0.4000000060
7086  -30.877  -77.408  -30.149 0.5000000000
7031  -30.680  -77.091  -25.646 0.3000000119
24257  -18.419  -55.114  -17.619 0.3000000119
137300  -17.084  -55.375  -18.255 0.3000000119
27906  -16.217  -51.274  -18.500 0.3000000119
126061  -31.182  -78.253  -32.272 0.4000000060
131952  -29.245  -82.133  -27.145 0.4000000060
121370  -29.314  -80.797  -29.010 0.4000000060
5878  -29.646  -79.164  -29.073 0.4000000060
137707  -30.098  -78.154  -29.512 0.4000000060
6446  -29.911  -77.514  -28.766 0.4000000060
126133  -30.774  -78.556  -31.248 0.4000000060
6469  -30.665  -78.128  -30.427 0.4000000060
4085  -30.189  -82.768  -26.081 0.3000000119
4665  -29.255  -81.316  -26.722 0.4000000060
5274  -29.221  -80.137  -27.781 0.4000000060
138187  -29.246  -80.970  -28.102 0.4000000060
128950  -29.587  -80.023  -29.715 0.4000000060
4084  -29.660  -82.631  -26.627 0.3000000119
126461  -29.194  -80.650  -27.195 0.4000000060
5288  -29.393  -80.094  -28.611 0.4000000060
5879  -30.065  -78.919  -30.131 0.4000000060
5869  -29.309  -79.337  -28.042 0.4000000060
6445  -29.529  -78.369  -28.400 0.4000000060
4072  -31.102  -82.436  -25.215 0.3000000119
137054  -29.769  -82.065  -25.835 0.3000000119
4658  -29.375  -81.268  -25.987 0.3000000119
6424  -29.079  -78.567  -26.428 0.3000000119
137827  -29.308  -77.697  -26.413 0.3000000119
6436  -29.236  -78.569  -27.377 0.3000000119
7029  -29.702  -76.892  -26.414 0.3000000119
7621  -30.332  -76.253  -26.471 0.3000000119
7047  -29.497  -77.492  -27.461 0.3000000119
7620  -29.964  -76.442  -27.181 0.3000000119
7061  -30.090  -76.749  -28.224 0.3000000119
1946  -28.425  -85.741  -12.915 0.3000000119
142302  -28.975  -86.259  -12.591 0.3000000119
2901  -32.235  -84.290  -18.470 0.3000000119
124000  -29.620  -87.905  -13.878 0.3000000119
1279  -29.500  -88.511  -14.732 0.3000000119
1611  -29.808  -87.761  -15.914 0.3000000119
1622  -30.387  -87.658  -16.556 0.3000000119
1980  -30.796  -86.825  -16.801 0.3000000119
2420  -31.222  -86.017  -17.125 0.3000000119
125336  -31.606  -86.178  -17.844 0.3000000119
2432  -31.932  -85.753  -18.446 0.3000000119
1009  -29.599  -89.419  -14.907 0.3000000119
144811  -29.689  -88.474  -15.864 0.3000000119
1621  -30.092  -88.447  -16.331 0.3000000119
1631  -30.936  -87.585  -17.135 0.3000000119
5861  -29.117  -79.588  -27.014 0.3000000119
1947  -29.165  -86.294  -13.391 0.3000000119
1965  -29.832  -86.100  -15.117 0.3000000119
1598  -29.513  -87.263  -14.363 0.3000000119
142747  -29.473  -87.071  -13.661 0.3000000119
122488  -29.698  -87.018  -15.142 0.3000000119
125606  -29.549  -88.042  -15.308 0.3000000119
1014  -30.498  -89.773  -15.498 0.3000000119
1013  -29.894  -89.517  -15.534 0.3000000119
1026  -30.318  -89.443  -15.939 0.3000000119
1288  -29.554  -88.885  -15.454 0.3000000119
1297  -29.877  -89.046  -16.021 0.3000000119
1311  -30.842  -88.333  -16.886 0.3000000119
4026  -36.693  -81.994  -21.437 0.4000000060
4086  -36.281  -81.763  -26.766 0.3000000119
4094  -35.868  -81.633  -27.417 0.3000000119
4555  -32.451  -81.231  -18.289 0.3000000119
4636  -36.297  -80.922  -24.990 0.4000000060
4637  -36.534  -81.705  -24.677 0.3000000119
4677  -22.882  -81.180  -28.222 0.5000000000
5184  -36.120  -80.701  -20.820 0.4000000060
5213  -36.429  -80.698  -22.263 0.4000000060
5272  -24.644  -79.990  -27.517 0.5000000000
5273  -25.291  -79.605  -27.466 0.5000000000
5282  -21.798  -80.948  -28.494 0.4000000060
5283  -22.463  -80.806  -28.255 0.4000000060
5299  -25.465  -80.837  -28.837 0.4000000060
5322  -35.539  -79.776  -30.735 0.3000000119
5764  -35.237  -79.417  -20.123 0.3000000119
5769  -32.024  -79.002  -19.886 0.3000000119
5771  -34.806  -78.646  -20.163 0.3000000119
5828  -35.472  -79.277  -24.107 0.3000000119
5860  -25.994  -78.946  -27.428 0.5000000000
5875  -22.186  -79.717  -29.199 0.5000000000
5876  -22.951  -79.401  -28.702 0.6000000238
5888  -21.071  -79.756  -30.724 0.6000000238
5897  -19.617  -78.894  -31.662 0.6000000238
5901  -23.118  -79.226  -32.364 0.6999999881
5906  -34.655  -79.193  -30.957 0.3000000119
5910  -21.762  -79.166  -32.525 0.6999999881
5911  -22.365  -79.140  -32.872 0.6999999881
5916  -34.938  -78.881  -31.591 0.3000000119
6378  -35.044  -77.706  -22.720 0.3000000119
6425  -30.657  -77.739  -25.068 0.3000000119
6433  -24.896  -78.426  -27.335 0.5000000000
6435  -26.186  -78.109  -27.188 0.5000000000
6453  -23.570  -79.011  -28.296 0.5000000000
6470  -31.081  -77.583  -31.008 0.5000000000
6471  -33.710  -79.242  -29.736 0.3000000119
6473  -20.270  -78.784  -31.827 0.6000000238
6481  -22.557  -78.706  -33.198 0.6999999881
6482  -23.642  -78.921  -32.995 0.6999999881
6483  -24.288  -78.566  -32.712 0.6999999881
6487  -36.005  -78.206  -32.295 0.3000000119
6491  -23.383  -78.684  -33.593 0.6999999881
6996  -32.414  -77.369  -22.972 0.3000000119
6998  -34.414  -77.336  -22.643 0.3000000119
7006  -22.219  -77.713  -24.714 0.5000000000
7028  -22.313  -77.485  -25.969 0.5000000000
7045  -26.010  -77.562  -26.839 0.5000000000
7046  -26.553  -77.359  -27.212 0.5000000000
7049  -33.119  -77.509  -27.649 0.5000000000
7062  -33.655  -77.848  -28.519 0.5000000000
7093  -21.590  -77.448  -31.745 0.6999999881
7094  -22.444  -77.195  -32.419 0.6999999881
7099  -30.876  -77.265  -31.748 0.5000000000
7109  -31.027  -77.693  -32.582 0.4000000060
7118  -35.314  -77.514  -32.658 0.3000000119
7123  -23.629  -77.429  -34.709 0.6000000238
7599  -22.351  -76.829  -24.720 0.5000000000
7622  -30.901  -76.248  -26.139 0.3000000119
7634  -22.423  -75.942  -26.831 0.6999999881
7635  -24.947  -77.137  -27.454 0.5000000000
7646  -21.030  -76.435  -28.765 0.6999999881
7665  -22.304  -76.176  -30.460 0.6999999881
7667  -24.779  -76.041  -30.795 0.6000000238
7671  -31.091  -76.466  -30.234 0.6000000238
7675  -22.999  -76.157  -32.057 0.6999999881
7685  -25.313  -76.500  -33.215 0.6000000238
7692  -35.266  -77.112  -32.563 0.4000000060
7693  -35.507  -76.786  -33.069 0.5000000000
7698  -23.925  -77.245  -35.334 0.4000000060
7699  -24.597  -77.241  -35.037 0.5000000000
7700  -35.766  -76.431  -33.583 0.3000000119
7701  -36.182  -76.115  -34.007 0.5000000000
7703  -22.895  -76.324  -35.364 0.4000000060
8181  -22.538  -75.054  -24.644 0.6000000238
8192  -22.971  -75.235  -25.147 0.6000000238
8215  -25.816  -75.937  -26.926 0.5000000000
8216  -26.619  -75.722  -26.797 0.5000000000
8218  -31.007  -75.432  -27.335 0.5000000000
8221  -33.267  -74.382  -27.457 0.6000000238
8226  -27.486  -75.340  -27.582 0.6000000238
8227  -34.056  -74.850  -27.861 0.4000000060
8236  -34.678  -75.594  -29.886 0.4000000060
8241  -25.027  -75.340  -30.565 0.6000000238
8243  -30.004  -75.254  -30.538 0.6000000238
8250  -35.221  -74.874  -31.287 0.5000000000
8254  -22.667  -75.617  -33.518 0.5000000000
8259  -19.844  -75.709  -33.982 0.5000000000
8261  -21.810  -75.648  -34.454 0.5000000000
8265  -20.491  -75.451  -34.239 0.5000000000
8270  -36.287  -75.379  -34.044 0.4000000060
8271  -36.830  -74.976  -34.010 0.4000000060
8818  -22.238  -74.143  -24.539 0.6000000238
8854  -26.929  -74.913  -26.902 0.5000000000
8865  -32.576  -73.859  -27.959 0.5000000000
8877  -18.777  -75.107  -31.338 0.6000000238
8884  -28.689  -74.180  -30.522 0.6999999881
8891  -18.831  -75.408  -32.188 0.6000000238
8893  -21.781  -74.519  -32.360 0.6000000238
8896  -25.488  -74.154  -31.532 0.6000000238
8905  -19.771  -75.933  -33.498 0.5000000000
8908  -22.881  -75.004  -32.616 0.6000000238
8912  -19.496  -75.471  -33.501 0.5000000000
8919  -21.251  -75.165  -34.592 0.5000000000
8920  -21.997  -74.863  -34.865 0.5000000000
8923  -36.184  -74.188  -33.690 0.4000000060
8926  -22.543  -75.332  -35.331 0.5000000000
9464  -18.735  -72.926  -24.663 0.5000000000
9468  -22.562  -73.558  -24.828 0.6999999881
9480  -22.454  -72.982  -25.017 0.6999999881
9491  -23.139  -72.963  -26.402 0.6999999881
9499  -20.795  -73.139  -27.907 0.6999999881
9500  -21.822  -72.788  -27.521 0.6999999881
9502  -27.039  -73.522  -27.495 0.5000000000
9505  -17.006  -74.364  -30.130 0.6000000238
9506  -18.096  -74.034  -29.311 0.6000000238
9512  -26.207  -73.364  -28.314 0.5000000000
9514  -27.477  -73.510  -27.716 0.5000000000
9517  -33.528  -73.519  -28.349 0.5000000000
9522  -19.838  -73.997  -29.584 0.6000000238
9525  -23.037  -73.704  -29.705 0.6999999881
9531  -34.313  -73.432  -29.340 0.4000000060
9535  -17.247  -74.699  -31.103 0.6000000238
9537  -22.712  -73.653  -30.236 0.6999999881
9538  -28.674  -73.313  -29.761 0.6999999881
9543  -34.747  -73.349  -30.333 0.5000000000
9546  -16.798  -74.061  -31.612 0.6000000238
9549  -22.064  -73.925  -31.440 0.6999999881
9550  -25.733  -73.099  -31.029 0.5000000000
9554  -30.445  -74.101  -32.132 0.6000000238
9557  -34.884  -73.097  -31.094 0.5000000000
9562  -19.493  -74.321  -33.400 0.6000000238
9565  -29.634  -73.470  -32.315 0.6000000238
9577  -33.553  -73.409  -34.397 0.5000000000
9579  -35.506  -73.206  -33.477 0.5000000000
9588  -34.379  -73.017  -34.920 0.5000000000
9595  -34.372  -72.692  -35.188 0.5000000000
10133  -16.813  -71.703  -24.500 0.5000000000
10135  -19.000  -72.193  -24.621 0.5000000000
10136  -19.698  -72.207  -24.709 0.5000000000
10151  -21.070  -72.324  -25.312 0.6999999881
10160  -20.280  -72.103  -26.480 0.6999999881
10162  -21.850  -72.440  -25.775 0.6999999881
10163  -22.559  -72.731  -25.620 0.6999999881
10173  -21.822  -72.526  -26.602 0.6999999881
10175  -27.336  -72.857  -27.908 0.5000000000
10181  -15.976  -72.701  -29.678 0.6000000238
10185  -27.064  -72.355  -28.315 0.5000000000
10196  -15.852  -72.785  -30.523 0.6000000238
10197  -16.200  -73.205  -31.183 0.5000000000
10205  -17.510  -73.800  -32.115 0.5000000000
10213  -34.983  -72.895  -32.371 0.5000000000
10219  -26.443  -72.310  -32.395 0.5000000000
10221  -33.658  -73.104  -32.621 0.5000000000
10222  -34.491  -72.903  -32.629 0.5000000000
10226  -20.348  -73.551  -33.604 0.5000000000
10241  -32.209  -73.205  -34.917 0.5000000000
10242  -32.974  -73.127  -35.463 0.5000000000
10251  -34.221  -72.535  -35.309 0.5000000000
10809  -18.521  -71.525  -16.810 0.5000000000
10815  -18.099  -71.883  -17.322 0.6000000238
10899  -18.419  -71.633  -24.732 0.6000000238
10913  -19.575  -71.630  -25.328 0.6999999881
10919  -16.253  -70.478  -26.477 0.6000000238
10921  -19.810  -71.644  -25.986 0.6999999881
10938  -15.551  -71.975  -29.233 0.6000000238
10948  -15.331  -71.262  -30.300 0.6000000238
10950  -18.437  -71.527  -30.582 0.5000000000
10952  -20.669  -71.595  -29.934 0.5000000000
10954  -27.261  -71.425  -29.659 0.5000000000
10956  -28.577  -71.772  -29.129 0.5000000000
10965  -28.063  -70.915  -29.935 0.6000000238
10966  -28.851  -71.183  -29.695 0.6000000238
10976  -30.570  -71.414  -31.454 0.6000000238
10977  -31.468  -71.405  -32.207 0.5000000000
10991  -27.482  -71.884  -33.887 0.4000000060
11012  -33.486  -72.662  -35.459 0.5000000000
11538  -17.626  -70.481  -15.527 0.6000000238
11539  -19.004  -70.503  -16.000 0.6000000238
11540  -19.390  -69.782  -15.911 0.6000000238
11557  -19.055  -71.003  -16.662 0.6000000238
11565  -19.439  -70.535  -17.238 0.6000000238
11573  -17.893  -70.801  -18.611 0.5000000000
11582  -18.140  -70.389  -19.059 0.6999999881
11592  -15.823  -70.607  -19.681 0.5000000000
11633  -16.280  -70.614  -24.738 0.5000000000
11645  -16.371  -70.290  -25.385 0.6000000238
11664  -14.259  -70.183  -28.705 0.5000000000
11668  -22.393  -70.317  -28.092 0.5000000000
11678  -14.616  -70.813  -29.270 0.6000000238
11679  -18.694  -70.348  -29.201 0.5000000000
11681  -20.849  -70.914  -28.589 0.5000000000
11683  -22.419  -70.412  -28.844 0.5000000000
11695  -20.236  -71.320  -29.312 0.6000000238
11702  -16.303  -71.389  -30.870 0.5000000000
11713  -27.862  -70.695  -31.411 0.6000000238
11715  -29.426  -70.321  -31.580 0.6000000238
11716  -30.549  -70.618  -31.336 0.6000000238
11717  -31.142  -70.814  -31.612 0.5000000000
11724  -28.060  -70.650  -32.258 0.5000000000
12306  -20.274  -69.148  -16.476 0.5000000000
12315  -20.068  -69.816  -17.073 0.6000000238
12317  -21.593  -68.582  -17.478 0.8000000119
12329  -18.593  -70.131  -19.880 0.6999999881
12339  -16.175  -70.154  -20.459 0.5000000000
12342  -19.058  -69.898  -20.785 0.6000000238
12358  -15.711  -69.829  -21.219 0.6999999881
12364  -21.236  -69.321  -21.691 0.8000000119
12365  -22.144  -69.079  -21.719 0.8000000119
12381  -17.712  -69.383  -22.560 0.6000000238
12382  -19.000  -69.473  -22.262 0.6999999881
12383  -19.825  -69.346  -22.321 0.6999999881
12384  -20.675  -69.204  -22.363 0.6999999881
12401  -13.602  -69.929  -24.780 0.5000000000
12407  -11.763  -69.020  -25.335 0.5000000000
12410  -14.668  -69.824  -25.605 0.6000000238
12415  -13.694  -69.557  -26.965 0.6000000238
12417  -21.488  -69.337  -26.649 0.6000000238
12426  -13.857  -69.572  -28.140 0.6000000238
12429  -20.966  -69.870  -27.277 0.6000000238
12441  -14.205  -69.409  -28.748 0.6000000238
12444  -17.315  -69.250  -29.306 0.5000000000
12456  -15.616  -69.875  -29.940 0.5000000000
12477  -31.906  -69.792  -32.210 0.5000000000
12482  -30.531  -69.812  -32.449 0.5000000000
13046  -17.371  -68.889  -15.568 0.6000000238
13048  -19.096  -69.074  -15.618 0.6000000238
13065  -16.916  -68.274  -15.974 0.6000000238
13066  -17.827  -68.278  -15.829 0.6000000238
13068  -19.730  -69.118  -15.938 0.6000000238
13069  -20.720  -68.436  -16.536 0.6999999881
13070  -21.126  -67.743  -16.733 0.8000000119
13079  -22.290  -68.087  -17.629 0.8000000119
13112  -23.078  -68.726  -21.665 0.6999999881
13124  -11.196  -67.825  -22.188 0.6999999881
13129  -17.035  -69.025  -22.978 0.6000000238
13130  -18.480  -69.194  -22.782 0.6000000238
13133  -20.898  -68.706  -22.864 0.6999999881
13136  -24.282  -68.008  -22.091 0.6999999881
13146  -16.323  -68.438  -23.347 0.6000000238
13149  -19.501  -68.479  -23.263 0.6999999881
13159  -10.687  -67.384  -24.213 0.6000000238
13171  -22.374  -67.997  -25.813 0.6000000238
13181  -22.933  -68.486  -26.415 0.5000000000
13189  -12.988  -68.255  -27.070 0.6000000238
13193  -19.224  -68.797  -27.139 0.6000000238
13202  -14.962  -68.695  -29.044 0.6000000238
13203  -16.008  -68.463  -29.142 0.5000000000
13818  -16.024  -67.521  -16.868 0.6000000238
13836  -18.824  -67.081  -16.786 0.6999999881
13837  -19.839  -66.985  -16.711 0.6000000238
13839  -21.566  -67.252  -17.194 0.8000000119
13850  -16.053  -66.934  -18.298 0.6999999881
13851  -17.149  -66.873  -17.911 0.6999999881
13852  -22.693  -67.468  -17.987 0.6000000238
13876  -24.644  -67.875  -21.503 0.6000000238
13884  -10.853  -67.136  -22.921 0.6000000238
13885  -11.782  -67.113  -22.732 0.6000000238
13887  -23.004  -67.883  -22.958 0.8000000119
13888  -24.064  -67.569  -22.667 0.6999999881
13902  -17.583  -67.694  -23.847 0.6999999881
13906  -21.428  -67.365  -23.356 0.8000000119
13914  -11.128  -66.462  -24.563 0.6000000238
13917  -16.952  -66.950  -24.244 0.5000000000
13924  -11.249  -66.852  -25.352 0.5000000000
13926  -22.624  -67.216  -25.624 0.6000000238
13927  -23.276  -67.042  -25.821 0.5000000000
13934  -12.671  -67.305  -26.574 0.6000000238
13935  -18.899  -67.224  -26.664 0.6000000238
13936  -20.779  -67.517  -25.751 0.6000000238
13937  -21.502  -68.049  -25.800 0.6000000238
13946  -14.153  -67.559  -27.337 0.6000000238
13961  -14.379  -68.019  -27.933 0.6000000238
13962  -14.968  -67.964  -28.260 0.5000000000
14582  -22.237  -66.790  -17.851 0.8000000119
14589  -14.692  -66.814  -19.363 0.6999999881
14592  -17.924  -66.562  -18.414 0.6000000238
14595  -20.803  -66.273  -18.202 0.6999999881
14596  -22.491  -66.044  -19.230 0.6000000238
14607  -16.250  -66.517  -19.659 0.8000000119
14610  -19.238  -66.125  -19.233 0.6999999881
14618  -13.669  -65.991  -20.479 0.6000000238
14623  -17.923  -65.883  -20.323 0.6000000238
14652  -12.028  -65.865  -23.924 0.6000000238
14658  -20.837  -66.620  -23.486 0.8000000119
14669  -12.758  -65.419  -24.588 0.5000000000
14671  -15.174  -65.713  -24.470 0.6000000238
14688  -21.878  -66.529  -25.485 0.5000000000
14704  -20.177  -66.859  -25.824 0.6000000238
14715  -16.433  -66.522  -27.541 0.5000000000
14717  -18.156  -66.551  -27.096 0.6000000238
15329  -20.728  -65.610  -20.024 0.6000000238
15340  -13.965  -65.569  -20.604 0.6000000238
15342  -15.351  -65.546  -21.440 0.6999999881
15343  -16.126  -65.877  -21.167 0.6000000238
15346  -20.158  -65.211  -20.370 0.6999999881
15359  -16.856  -65.292  -21.272 0.6000000238
15360  -17.795  -64.853  -21.043 0.6000000238
15377  -19.274  -65.748  -23.837 0.6000000238
15380  -22.717  -65.448  -23.469 0.5000000000
15381  -24.299  -65.852  -23.156 0.6000000238
15386  -12.647  -65.222  -25.053 0.5000000000
15391  -17.626  -65.103  -24.419 0.5000000000
15399  -14.045  -64.932  -25.610 0.6000000238
15416  -13.981  -65.312  -26.071 0.6000000238
15420  -18.270  -65.018  -26.799 0.6000000238
15421  -19.148  -65.534  -26.380 0.6000000238
16010  -15.672  -64.188  -16.782 0.6000000238
16011  -16.283  -64.006  -17.261 0.6000000238
16023  -16.252  -64.092  -18.142 0.6000000238
16038  -15.763  -64.331  -18.725 0.6000000238
16051  -16.249  -63.545  -19.263 0.6999999881
16058  -14.435  -65.003  -20.973 0.6000000238
16061  -18.661  -64.424  -20.805 0.6000000238
16062  -20.462  -64.578  -20.638 0.5000000000
16063  -21.363  -64.447  -20.734 0.5000000000
16081  -14.883  -64.030  -22.706 0.6000000238
16090  -18.553  -63.827  -24.212 0.5000000000
16103  -16.003  -64.108  -25.030 0.6000000238
16110  -14.664  -64.575  -25.606 0.6999999881
16111  -15.276  -64.327  -25.867 0.6000000238
16112  -15.922  -63.981  -25.526 0.6000000238
16114  -20.681  -64.085  -25.588 0.6000000238
16115  -21.876  -64.263  -25.397 0.6000000238
16116  -22.885  -64.473  -25.486 0.6000000238
16130  -16.810  -63.870  -26.467 0.6000000238
16682  -16.111  -63.294  -14.796 0.6000000238
16693  -16.363  -63.314  -15.479 0.6000000238
16776  -14.262  -63.552  -22.594 0.6999999881
16777  -16.258  -63.238  -22.114 0.6000000238
16788  -14.811  -63.606  -22.938 0.6000000238
16789  -15.490  -63.778  -22.582 0.6000000238
16799  -18.287  -62.346  -24.284 0.5000000000
16800  -18.904  -63.237  -23.979 0.5000000000
16803  -22.236  -63.499  -23.375 0.5000000000
16804  -23.093  -63.864  -23.302 0.5000000000
16810  -17.129  -63.092  -25.008 0.5000000000
16811  -17.641  -63.418  -24.574 0.5000000000
16815  -17.105  -63.091  -25.424 0.5000000000
16816  -20.028  -63.139  -25.739 0.6000000238
16818  -22.676  -63.657  -25.414 0.5000000000
17507  -16.141  -62.251  -15.476 0.6000000238
17549  -16.181  -62.314  -18.190 0.6999999881
17595  -12.967  -62.207  -22.750 0.6000000238
17598  -15.240  -63.135  -22.849 0.6000000238
17615  -21.415  -62.948  -23.390 0.5000000000
17621  -17.726  -61.934  -24.896 0.5000000000
17628  -18.664  -61.980  -25.874 0.6000000238
17637  -18.092  -62.266  -25.809 0.6000000238
18398  -16.062  -61.980  -17.108 0.6999999881
18429  -12.240  -61.676  -21.685 0.5000000000
18430  -17.388  -61.362  -20.528 0.5000000000
18440  -12.341  -61.709  -22.430 0.5000000000
18453  -12.117  -61.358  -22.380 0.5000000000
18455  -13.201  -62.114  -23.099 0.6000000238
18475  -18.241  -60.837  -24.648 0.5000000000
18476  -18.534  -60.895  -23.982 0.5000000000
18489  -17.752  -61.970  -25.261 0.5000000000
18491  -20.889  -60.749  -24.890 0.6000000238
18492  -22.163  -61.032  -24.642 0.4000000060
18505  -20.204  -61.190  -25.311 0.5000000000
18506  -21.353  -61.545  -25.026 0.6000000238
18507  -22.758  -61.857  -24.971 0.4000000060
19313  -14.944  -60.031  -14.969 0.6999999881
19314  -15.238  -60.680  -15.132 0.6000000238
19367  -12.534  -59.802  -18.651 0.6999999881
19384  -13.003  -60.962  -19.524 0.6999999881
19397  -11.890  -60.539  -21.384 0.5000000000
19399  -17.175  -60.686  -20.234 0.5000000000
19410  -12.023  -60.909  -22.262 0.5000000000
19412  -14.001  -60.338  -22.730 0.6000000238
19414  -16.119  -60.615  -21.561 0.5000000000
19430  -13.410  -61.269  -23.112 0.6000000238
19457  -18.705  -59.859  -24.638 0.5000000000
20352  -11.676  -59.402  -19.264 0.6000000238
20368  -11.590  -59.232  -19.944 0.5000000000
20429  -18.701  -59.338  -23.781 0.5000000000
20444  -18.617  -59.610  -24.273 0.5000000000
21348  -14.114  -58.365  -17.240 0.6000000238
21378  -11.700  -58.567  -18.744 0.5000000000
21394  -15.517  -58.758  -20.169 0.5000000000
21409  -14.923  -58.357  -20.576 0.5000000000
21417  -13.022  -59.075  -21.365 0.5000000000
22314  -17.460  -57.459  -16.721 0.4000000060
22328  -11.839  -56.552  -18.598 0.5000000000
22365  -12.132  -57.912  -20.227 0.5000000000
23292  -15.626  -56.366  -15.060 0.5000000000
23323  -12.649  -56.581  -17.822 0.5000000000
23336  -17.009  -56.030  -17.694 0.4000000060
23344  -12.223  -56.202  -19.571 0.5000000000
24139  -17.049  -55.630  -11.211 0.5000000000
24140  -18.337  -55.184  -10.965 0.5000000000
24141  -19.508  -54.933  -12.088 0.4000000060
24148  -13.797  -55.607  -12.664 0.5000000000
24152  -17.639  -55.589  -11.965 0.5000000000
24173  -12.296  -55.592  -13.348 0.5000000000
24239  -14.786  -55.355  -16.582 0.4000000060
24254  -12.067  -55.030  -18.195 0.4000000060
24255  -12.540  -55.564  -17.746 0.4000000060
24268  -17.798  -54.994  -18.092 0.3000000119
24274  -13.077  -55.010  -19.617 0.4000000060
24276  -14.602  -55.698  -19.821 0.4000000060
25125  -14.364  -54.521  -11.340 0.4000000060
25128  -16.550  -55.355  -10.470 0.4000000060
25130  -19.055  -54.788  -11.352 0.5000000000
25142  -13.226  -54.353  -12.532 0.5000000000
25193  -16.166  -54.845  -14.866 0.5000000000
25197  -19.346  -54.509  -14.116 0.4000000060
25218  -13.477  -53.883  -17.331 0.5000000000
25220  -15.366  -54.597  -16.241 0.4000000060
25230  -12.831  -54.646  -17.661 0.5000000000
25239  -12.404  -54.272  -18.197 0.5000000000
25240  -17.415  -54.642  -18.785 0.3000000119
25250  -15.020  -54.881  -19.875 0.4000000060
26038  -14.801  -53.476  -9.804 0.4000000060
26041  -17.577  -53.961  -10.172 0.5000000000
26058  -19.984  -53.532  -11.879 0.4000000060
26075  -20.805  -53.643  -12.547 0.4000000060
26089  -21.169  -53.965  -13.454 0.3000000119
26090  -21.766  -53.421  -13.555 0.4000000060
26100  -16.883  -54.063  -15.038 0.5000000000
26101  -17.530  -53.974  -14.933 0.5000000000
26104  -20.888  -53.950  -14.359 0.3000000119
26119  -19.588  -53.633  -15.239 0.3000000119
26132  -17.631  -53.036  -16.218 0.5000000000
26141  -13.493  -53.087  -17.523 0.5000000000
26154  -14.908  -52.778  -18.992 0.4000000060
26166  -13.510  -53.575  -18.853 0.4000000060
26167  -14.414  -53.578  -19.375 0.4000000060
26994  -22.545  -52.469  -13.706 0.3000000119
27028  -18.996  -52.471  -16.679 0.3000000119
27039  -13.526  -52.810  -18.003 0.4000000060
27042  -15.513  -51.646  -17.151 0.4000000060
27052  -14.183  -52.376  -18.145 0.4000000060
27889  -14.690  -51.978  -17.659 0.4000000060
27905  -15.384  -51.539  -18.064 0.4000000060
28714  -15.057  -50.542  -10.782 0.3000000119
31554  -14.761  -47.273  -15.282 0.3000000119
31575  -15.519  -46.736  -15.515 0.3000000119
121339  -23.096  -68.722  -19.929 0.8000000119
121610  -35.527  -78.920  -20.743 0.3000000119
121756  -14.868  -53.721  -16.688 0.4000000060
121895  -15.823  -52.887  -16.508 0.4000000060
122275  -32.716  -80.784  -27.541 0.4000000060
122388  -14.517  -64.162  -22.087 0.6000000238
122658  -18.713  -60.555  -25.231 0.5000000000
123017  -21.007  -65.793  -25.535 0.6000000238
123062  -34.710  -78.105  -31.631 0.3000000119
123305  -32.338  -69.267  -32.834 0.5000000000
123606  -33.576  -79.986  -29.764 0.3000000119
123860  -24.630  -77.501  -34.328 0.5000000000
124028  -22.605  -74.617  -32.289 0.6999999881
124067  -23.086  -73.501  -28.914 0.6999999881
124071  -12.882  -55.778  -19.863 0.5000000000
124267  -12.142  -60.261  -19.407 0.6999999881
124387  -14.785  -64.857  -24.847 0.6000000238
124900  -36.671  -82.049  -23.029 0.3000000119
124919  -20.432  -69.579  -17.831 0.6999999881
125056  -13.579  -65.882  -26.302 0.6000000238
125081  -16.277  -67.368  -27.995 0.5000000000
125525  -19.004  -64.714  -24.060 0.6000000238
125759  -14.428  -58.404  -21.042 0.5000000000
126063  -21.610  -68.504  -22.796 0.6999999881
126327  -16.582  -63.562  -16.939 0.6000000238
126695  -30.402  -82.464  -25.596 0.3000000119
126936  -36.893  -83.488  -21.252 0.3000000119
127079  -22.060  -76.394  -24.373 0.5000000000
127177  -13.938  -66.778  -26.739 0.6000000238
128006  -14.717  -67.441  -23.593 0.6000000238
128372  -26.637  -72.084  -29.199 0.5000000000
128414  -14.018  -62.173  -20.641 0.6000000238
128441  -13.879  -61.928  -23.300 0.6000000238
128549  -19.490  -64.824  -20.609 0.6000000238
128718  -27.518  -76.086  -28.401 0.6000000238
129683  -18.540  -63.533  -26.375 0.6000000238
129729  -15.550  -64.693  -26.467 0.6000000238
129765  -16.271  -62.818  -14.975 0.6000000238
129811  -17.950  -61.932  -20.338 0.5000000000
129820  -21.191  -65.859  -23.526 0.6999999881
130133  -14.343  -60.156  -14.455 0.6000000238
130879  -18.360  -70.366  -15.641 0.6000000238
131056  -21.435  -63.826  -23.504 0.5000000000
131338  -11.692  -56.626  -19.125 0.5000000000
131502  -13.893  -62.569  -23.258 0.6000000238
131719  -35.113  -78.205  -32.111 0.3000000119
131791  -17.997  -68.282  -23.535 0.6000000238
132161  -35.646  -76.102  -33.517 0.5000000000
132232  -33.939  -75.843  -27.729 0.5000000000
132884  -16.519  -71.015  -27.190 0.6000000238
133238  -21.420  -69.407  -20.033 0.8000000119
133432  -17.038  -70.468  -25.665 0.6000000238
133678  -16.973  -62.962  -21.329 0.5000000000
133852  -21.946  -65.887  -23.499 0.8000000119
134234  -17.606  -71.566  -24.586 0.5000000000
134838  -15.950  -67.789  -23.802 0.6000000238
134899  -11.605  -57.974  -19.674 0.5000000000
135046  -34.681  -74.819  -29.495 0.4000000060
135118  -16.870  -67.339  -16.964 0.6000000238
135130  -29.051  -74.852  -30.529 0.6000000238
135144  -15.667  -66.490  -20.149 0.8000000119
135198  -24.787  -67.030  -22.547 0.6000000238
135998  -23.154  -73.086  -27.296 0.6999999881
137066  -21.899  -69.164  -19.336 0.8000000119
137122  -14.996  -59.699  -16.361 0.8000000119
137193  -22.986  -69.067  -28.160 0.5000000000
137271  -33.875  -81.390  -28.114 0.3000000119
137395  -29.410  -81.912  -26.445 0.4000000060
137491  -26.575  -73.621  -27.626 0.5000000000
137752  -21.405  -76.209  -28.181 0.6999999881
137783  -19.121  -59.269  -23.332 0.5000000000
137986  -12.679  -61.886  -22.785 0.6000000238
138096  -33.675  -72.804  -30.612 0.5000000000
138240  -34.683  -79.436  -25.308 0.3000000119
138905  -29.247  -70.534  -30.886 0.6000000238
139090  -23.202  -74.963  -25.837 0.6999999881
139165  -18.187  -61.561  -25.489 0.5000000000
139190  -29.193  -81.428  -27.411 0.4000000060
139194  -23.436  -74.023  -27.788 0.6999999881
139220  -26.250  -72.294  -30.239 0.5000000000
139529  -16.440  -63.744  -18.471 0.6999999881
140041  -35.521  -73.750  -32.168 0.5000000000
140061  -19.415  -62.659  -19.731 0.5000000000
140154  -14.551  -63.989  -22.565 0.6000000238
140279  -23.628  -65.429  -23.368 0.6000000238
140936  -23.377  -74.001  -28.532 0.6999999881
141011  -20.967  -73.071  -24.594 0.6000000238
141109  -24.911  -76.276  -31.611 0.6000000238
141178  -13.414  -53.159  -18.377 0.4000000060
141458  -27.287  -74.852  -27.130 0.6000000238
141675  -19.424  -68.544  -15.841 0.6000000238
141760  -15.729  -71.491  -30.607 0.6000000238
142654  -21.283  -80.411  -29.151 0.4000000060
142730  -22.203  -75.631  -24.455 0.5000000000
142760  -29.220  -78.061  -26.907 0.3000000119
142827  -16.164  -69.614  -21.986 0.6999999881
142867  -15.323  -52.157  -16.834 0.4000000060
142868  -15.038  -64.449  -19.378 0.6000000238
142888  -34.875  -77.581  -31.890 0.4000000060
142900  -21.871  -62.419  -23.148 0.5000000000
143157  -15.979  -65.355  -21.561 0.6000000238
143409  -12.888  -65.841  -26.046 0.6000000238
144396  -15.845  -66.398  -27.373 0.5000000000
144533  -19.071  -68.144  -23.465 0.6000000238
144590  -30.385  -77.524  -29.462 0.4000000060
144611  -37.382  -75.965  -33.053 0.4000000060
144707  -17.928  -51.663  -11.377 0.4000000060
144784  -18.630  -60.248  -24.994 0.5000000000
144974  -34.761  -75.678  -30.488 0.4000000060
144991  -15.735  -68.617  -23.021 0.6000000238
145214  -11.816  -55.327  -18.557 0.5000000000
145253  -22.316  -75.909  -29.679 0.6999999881
145339  -16.616  -67.804  -16.461 0.6000000238
