#!ascii label  , from subject sub-v1s12x0050116_ses-1 vox2ras=TkReg
648
10073  -42.490  -72.468  -19.677 0.0000000000
16839  -44.655  -64.041  -26.269 0.0000000000
15321  -42.795  -65.757  -18.649 0.0000000000
127194  -48.156  -68.453  -21.746 0.0000000000
19429  -43.046  -60.106  -22.062 0.0000000000
11544  -41.485  -70.338  -15.627 0.0000000000
16698  -43.658  -63.299  -15.325 0.0000000000
19364  -49.741  -61.077  -18.046 0.0000000000
18414  -40.432  -61.290  -18.446 0.0000000000
141092  -42.113  -63.222  -20.921 0.0000000000
21400  -42.186  -58.244  -19.510 0.0000000000
129152  -42.749  -66.752  -14.291 0.0000000000
15985  -46.031  -65.194  -14.740 0.0000000000
22322  -50.681  -57.433  -16.250 0.0000000000
21320  -47.509  -58.758  -14.324 0.0000000000
121963  -46.221  -74.452  -19.696 0.0000000000
132822  -47.395  -66.643  -23.945 0.0000000000
12395  -48.722  -69.893  -23.829 0.0000000000
124366  -47.579  -67.309  -26.788 0.0000000000
13104  -42.399  -68.994  -19.900 0.0000000000
10871  -45.414  -71.136  -21.334 0.0000000000
16089  -44.025  -64.882  -22.232 0.0000000000
124800  -44.396  -62.050  -24.399 0.0000000000
13080  -40.541  -68.536  -17.339 0.0000000000
16012  -41.576  -64.903  -16.157 0.0000000000
20310  -42.219  -59.874  -16.123 0.0000000000
16723  -49.241  -63.635  -16.883 0.0000000000
18394  -46.203  -61.409  -16.995 0.0000000000
20312  -44.534  -59.964  -15.406 0.0000000000
24183  -42.784  -55.882  -13.334 0.0000000000
10104  -48.432  -72.688  -21.138 0.0000000000
22412  -51.070  -57.121  -24.006 0.0000000000
19501  -47.878  -60.335  -26.802 0.0000000000
139047  -45.867  -62.045  -30.207 0.0000000000
21371  -41.351  -58.654  -17.472 0.0000000000
122972  -40.986  -59.170  -18.648 0.0000000000
10074  -44.668  -73.200  -19.819 0.0000000000
15414  -44.947  -65.576  -25.969 0.0000000000
122677  -47.850  -66.735  -25.484 0.0000000000
14710  -46.124  -66.446  -27.232 0.0000000000
14722  -46.194  -66.571  -28.110 0.0000000000
143798  -44.724  -64.493  -27.669 0.0000000000
13865  -43.098  -67.764  -19.110 0.0000000000
14617  -43.956  -66.539  -19.336 0.0000000000
18452  -42.023  -61.445  -21.566 0.0000000000
16786  -42.964  -63.656  -21.773 0.0000000000
16798  -43.079  -63.280  -22.516 0.0000000000
16100  -43.593  -64.096  -23.664 0.0000000000
18487  -43.643  -61.428  -23.441 0.0000000000
140955  -40.057  -69.916  -17.827 0.0000000000
12291  -40.575  -69.149  -16.103 0.0000000000
15284  -42.585  -65.338  -14.490 0.0000000000
14565  -41.524  -66.194  -15.305 0.0000000000
16697  -42.267  -63.471  -15.706 0.0000000000
17526  -41.568  -62.194  -17.078 0.0000000000
142873  -43.284  -61.547  -16.802 0.0000000000
17544  -49.407  -62.317  -17.787 0.0000000000
17532  -47.451  -62.476  -16.834 0.0000000000
19362  -47.975  -61.276  -17.190 0.0000000000
22279  -46.435  -57.688  -13.245 0.0000000000
20291  -46.284  -59.557  -14.626 0.0000000000
22278  -44.905  -57.764  -12.895 0.0000000000
21302  -43.721  -58.296  -13.503 0.0000000000
12372  -46.821  -69.470  -21.609 0.0000000000
135267  -47.414  -71.705  -21.066 0.0000000000
11611  -48.607  -70.378  -21.850 0.0000000000
123135  -48.069  -71.977  -23.378 0.0000000000
23399  -52.398  -56.090  -24.121 0.0000000000
20460  -49.776  -59.699  -24.940 0.0000000000
20517  -48.864  -59.656  -28.558 0.0000000000
16760  -40.831  -63.504  -19.187 0.0000000000
124730  -42.280  -64.292  -20.029 0.0000000000
17581  -40.526  -61.988  -19.694 0.0000000000
19408  -40.999  -60.625  -20.279 0.0000000000
135013  -42.168  -59.169  -20.619 0.0000000000
13051  -41.783  -69.022  -15.142 0.0000000000
14558  -44.597  -66.557  -14.289 0.0000000000
15984  -44.921  -64.366  -14.689 0.0000000000
20332  -50.157  -59.350  -17.028 0.0000000000
142549  -48.450  -60.314  -16.349 0.0000000000
21338  -49.373  -58.388  -15.496 0.0000000000
23282  -47.929  -56.976  -13.895 0.0000000000
24184  -46.894  -55.992  -13.023 0.0000000000
14649  -47.970  -66.680  -22.578 0.0000000000
13142  -49.001  -68.815  -22.439 0.0000000000
13923  -48.897  -67.359  -24.087 0.0000000000
13176  -48.271  -68.387  -25.447 0.0000000000
11663  -47.035  -70.216  -26.111 0.0000000000
13200  -46.953  -68.216  -27.630 0.0000000000
14741  -46.151  -67.154  -29.151 0.0000000000
15454  -44.640  -65.537  -30.250 0.0000000000
10854  -42.439  -71.183  -20.404 0.0000000000
10855  -44.042  -71.570  -20.786 0.0000000000
13118  -45.478  -68.871  -21.224 0.0000000000
13875  -46.586  -67.356  -21.142 0.0000000000
16070  -43.559  -64.740  -20.639 0.0000000000
15355  -45.304  -65.546  -20.820 0.0000000000
14647  -46.095  -66.097  -21.803 0.0000000000
15385  -44.969  -66.006  -23.328 0.0000000000
133130  -44.311  -64.953  -24.674 0.0000000000
17635  -44.667  -62.981  -25.226 0.0000000000
131379  -41.122  -70.815  -19.464 0.0000000000
12325  -41.107  -69.195  -18.850 0.0000000000
13843  -42.371  -66.914  -18.071 0.0000000000
13805  -41.055  -67.849  -15.571 0.0000000000
14572  -41.583  -66.414  -16.712 0.0000000000
15319  -41.796  -65.215  -17.538 0.0000000000
16738  -40.740  -63.140  -17.822 0.0000000000
19361  -40.959  -60.673  -17.486 0.0000000000
21354  -42.111  -58.357  -15.841 0.0000000000
16000  -47.607  -64.536  -15.515 0.0000000000
16700  -45.996  -63.499  -15.531 0.0000000000
17516  -45.092  -62.552  -16.102 0.0000000000
19326  -47.033  -60.464  -16.205 0.0000000000
137996  -45.364  -60.519  -16.488 0.0000000000
18392  -44.491  -61.163  -16.994 0.0000000000
20311  -43.638  -59.774  -15.204 0.0000000000
131534  -42.657  -58.086  -14.659 0.0000000000
10092  -45.586  -72.460  -20.386 0.0000000000
9405  -47.368  -73.984  -20.010 0.0000000000
10873  -48.836  -71.345  -22.042 0.0000000000
9448  -47.468  -73.673  -22.375 0.0000000000
20438  -45.005  -59.566  -23.169 0.0000000000
19454  -46.018  -60.114  -24.080 0.0000000000
18515  -46.043  -61.203  -25.276 0.0000000000
19473  -48.420  -60.194  -25.249 0.0000000000
18520  -45.942  -61.702  -27.010 0.0000000000
17667  -45.504  -62.342  -28.429 0.0000000000
124848  -44.890  -63.152  -29.429 0.0000000000
22320  -42.146  -57.781  -16.379 0.0000000000
22334  -42.177  -57.474  -17.290 0.0000000000
136790  -43.873  -73.271  -19.752 0.0000000000
10090  -43.455  -72.521  -20.051 0.0000000000
16141  -44.726  -64.892  -26.341 0.0000000000
140364  -45.463  -66.186  -25.979 0.0000000000
15429  -45.052  -65.418  -26.869 0.0000000000
15438  -45.458  -65.990  -27.530 0.0000000000
128313  -44.778  -63.864  -27.130 0.0000000000
14599  -43.246  -66.377  -18.792 0.0000000000
13866  -43.748  -67.324  -19.279 0.0000000000
18473  -42.517  -61.433  -22.120 0.0000000000
19443  -42.846  -60.801  -22.344 0.0000000000
17611  -43.286  -62.310  -23.114 0.0000000000
19444  -43.523  -60.563  -22.862 0.0000000000
10793  -41.500  -71.186  -15.520 0.0000000000
11543  -40.864  -70.709  -15.835 0.0000000000
12310  -40.262  -69.887  -16.557 0.0000000000
127520  -40.767  -70.030  -15.989 0.0000000000
16683  -43.615  -63.969  -14.728 0.0000000000
141528  -42.524  -64.604  -14.749 0.0000000000
141107  -42.961  -63.299  -15.473 0.0000000000
17514  -43.077  -62.519  -16.165 0.0000000000
19365  -50.532  -60.731  -18.467 0.0000000000
19377  -51.137  -61.345  -19.269 0.0000000000
19376  -50.456  -61.392  -18.671 0.0000000000
17556  -50.148  -62.088  -18.506 0.0000000000
18406  -49.460  -61.640  -17.955 0.0000000000
18405  -48.587  -61.713  -17.546 0.0000000000
19363  -48.882  -61.205  -17.461 0.0000000000
23252  -46.027  -56.270  -12.637 0.0000000000
141260  -45.711  -57.936  -13.125 0.0000000000
22267  -44.268  -57.172  -12.680 0.0000000000
24160  -44.319  -55.843  -12.360 0.0000000000
124964  -47.303  -68.745  -21.572 0.0000000000
12373  -47.744  -69.446  -21.613 0.0000000000
12374  -48.500  -69.471  -21.832 0.0000000000
21482  -50.807  -59.041  -25.818 0.0000000000
20502  -49.787  -59.428  -27.258 0.0000000000
21504  -49.940  -59.052  -27.611 0.0000000000
17568  -40.421  -62.394  -18.958 0.0000000000
17569  -40.666  -62.782  -19.567 0.0000000000
18425  -40.356  -61.579  -19.024 0.0000000000
21399  -41.447  -58.757  -19.256 0.0000000000
126910  -41.106  -59.916  -20.022 0.0000000000
20391  -41.478  -59.295  -20.066 0.0000000000
19409  -41.698  -60.018  -20.758 0.0000000000
141494  -41.892  -58.729  -20.027 0.0000000000
15286  -44.634  -65.135  -14.376 0.0000000000
135398  -45.379  -64.904  -14.602 0.0000000000
21372  -50.930  -58.799  -17.468 0.0000000000
21356  -50.493  -58.350  -16.607 0.0000000000
21355  -49.793  -58.778  -16.234 0.0000000000
22321  -50.082  -57.944  -15.835 0.0000000000
23268  -47.410  -56.551  -13.437 0.0000000000
141958  -46.800  -75.556  -19.754 0.0000000000
14667  -48.247  -66.672  -23.473 0.0000000000
14668  -48.908  -66.960  -23.389 0.0000000000
14682  -48.033  -66.680  -24.527 0.0000000000
142098  -47.863  -67.156  -26.375 0.0000000000
142237  -48.185  -67.649  -25.879 0.0000000000
13188  -47.891  -68.239  -26.244 0.0000000000
12423  -47.533  -68.795  -26.579 0.0000000000
12422  -47.019  -69.533  -26.765 0.0000000000
15443  -45.239  -65.974  -28.496 0.0000000000
14732  -46.462  -66.941  -28.578 0.0000000000
15452  -45.313  -66.303  -29.310 0.0000000000
14740  -45.577  -66.868  -29.684 0.0000000000
15451  -44.808  -65.656  -29.337 0.0000000000
12351  -42.016  -69.809  -20.308 0.0000000000
138815  -43.329  -70.246  -21.219 0.0000000000
140387  -45.985  -68.006  -20.946 0.0000000000
13874  -45.889  -67.237  -20.537 0.0000000000
16775  -42.018  -63.641  -20.468 0.0000000000
16057  -42.952  -64.897  -19.931 0.0000000000
16069  -42.765  -64.234  -20.608 0.0000000000
16080  -43.928  -64.715  -21.322 0.0000000000
15367  -44.770  -65.129  -21.313 0.0000000000
14638  -45.926  -66.036  -21.109 0.0000000000
140202  -44.791  -65.367  -21.979 0.0000000000
14648  -46.991  -66.507  -22.207 0.0000000000
144036  -43.807  -62.983  -24.080 0.0000000000
16109  -43.925  -64.511  -24.148 0.0000000000
16108  -43.867  -63.613  -24.259 0.0000000000
128565  -44.235  -64.163  -24.810 0.0000000000
17625  -44.250  -62.797  -24.518 0.0000000000
12318  -40.255  -69.303  -17.627 0.0000000000
12324  -40.447  -69.601  -18.373 0.0000000000
13087  -40.729  -68.792  -18.125 0.0000000000
13854  -41.932  -67.616  -18.164 0.0000000000
13081  -41.136  -68.019  -17.734 0.0000000000
13034  -42.103  -68.383  -14.697 0.0000000000
13033  -41.462  -68.313  -15.093 0.0000000000
13795  -41.586  -67.621  -14.866 0.0000000000
15303  -41.490  -65.827  -16.005 0.0000000000
145118  -41.328  -66.515  -15.881 0.0000000000
15311  -41.694  -65.452  -16.714 0.0000000000
15312  -41.968  -65.844  -17.263 0.0000000000
16027  -41.499  -64.604  -17.072 0.0000000000
16739  -41.103  -63.868  -17.474 0.0000000000
133615  -41.805  -61.488  -17.160 0.0000000000
127742  -41.131  -61.556  -17.429 0.0000000000
19339  -41.725  -60.367  -16.884 0.0000000000
20329  -41.595  -59.520  -16.595 0.0000000000
21336  -42.010  -59.079  -15.832 0.0000000000
145189  -48.645  -63.712  -16.496 0.0000000000
17543  -46.972  -61.774  -17.041 0.0000000000
16720  -46.795  -63.130  -16.119 0.0000000000
17531  -46.467  -62.233  -16.713 0.0000000000
17517  -45.891  -62.768  -16.149 0.0000000000
17530  -45.591  -61.989  -16.728 0.0000000000
20293  -47.962  -59.278  -14.975 0.0000000000
19327  -47.898  -60.444  -16.240 0.0000000000
20315  -47.550  -59.940  -15.534 0.0000000000
20290  -45.314  -59.667  -14.685 0.0000000000
20313  -45.965  -59.935  -15.323 0.0000000000
136095  -45.350  -60.149  -15.732 0.0000000000
19343  -44.968  -60.827  -16.856 0.0000000000
19324  -44.730  -60.433  -16.296 0.0000000000
19323  -43.918  -60.332  -16.058 0.0000000000
20289  -44.305  -59.503  -14.478 0.0000000000
22276  -43.427  -57.544  -13.372 0.0000000000
20265  -43.434  -58.692  -13.996 0.0000000000
22275  -42.937  -57.251  -13.798 0.0000000000
22292  -42.692  -57.406  -14.450 0.0000000000
10870  -44.619  -71.140  -21.223 0.0000000000
10856  -45.026  -71.764  -20.788 0.0000000000
10857  -45.996  -71.809  -20.825 0.0000000000
10859  -48.152  -71.813  -21.162 0.0000000000
10094  -47.554  -72.500  -20.648 0.0000000000
9421  -47.837  -73.353  -20.410 0.0000000000
8136  -47.666  -74.328  -20.426 0.0000000000
8776  -48.076  -73.931  -20.702 0.0000000000
121536  -49.072  -69.773  -22.973 0.0000000000
12389  -48.957  -69.678  -22.422 0.0000000000
10890  -48.826  -70.618  -23.249 0.0000000000
9447  -46.678  -73.445  -22.699 0.0000000000
145363  -47.907  -72.687  -23.058 0.0000000000
20425  -44.617  -59.310  -22.585 0.0000000000
21445  -45.699  -58.603  -22.121 0.0000000000
19455  -46.959  -59.986  -24.271 0.0000000000
19471  -46.447  -60.588  -24.757 0.0000000000
19490  -49.173  -60.088  -25.909 0.0000000000
20471  -49.289  -59.964  -25.258 0.0000000000
128257  -48.438  -60.265  -26.097 0.0000000000
19489  -47.627  -60.470  -25.807 0.0000000000
131736  -46.466  -61.008  -26.890 0.0000000000
17653  -45.515  -62.369  -27.555 0.0000000000
18526  -46.383  -61.050  -27.661 0.0000000000
18543  -46.184  -61.605  -29.747 0.0000000000
140337  -45.506  -62.378  -29.387 0.0000000000
16883  -45.134  -62.805  -30.246 0.0000000000
20344  -40.811  -59.930  -17.724 0.0000000000
20361  -40.620  -59.913  -18.536 0.0000000000
20362  -40.942  -59.245  -17.940 0.0000000000
21385  -41.292  -58.621  -18.278 0.0000000000
21386  -41.829  -58.088  -18.679 0.0000000000
22306  -49.569  -57.463  -15.210 0.0000000000
23285  -49.987  -55.855  -14.887 0.0000000000
9403  -45.576  -73.731  -19.720 0.0000000000
15415  -45.145  -66.132  -25.267 0.0000000000
14681  -46.940  -66.614  -24.866 0.0000000000
123709  -45.998  -66.469  -25.527 0.0000000000
14697  -46.121  -66.446  -26.399 0.0000000000
14711  -46.902  -66.695  -26.861 0.0000000000
13960  -47.211  -67.497  -27.405 0.0000000000
133765  -46.783  -66.776  -27.533 0.0000000000
15437  -44.943  -65.273  -27.683 0.0000000000
16158  -44.665  -64.857  -28.520 0.0000000000
126401  -43.029  -68.375  -19.669 0.0000000000
13096  -43.674  -67.952  -19.721 0.0000000000
13867  -44.357  -67.297  -19.659 0.0000000000
14630  -44.794  -66.439  -19.865 0.0000000000
134412  -42.131  -62.812  -21.284 0.0000000000
16785  -42.555  -63.537  -21.179 0.0000000000
16797  -42.626  -62.962  -21.837 0.0000000000
131501  -43.388  -64.221  -21.994 0.0000000000
16088  -43.423  -64.165  -22.882 0.0000000000
19452  -44.216  -60.726  -23.601 0.0000000000
12309  -39.988  -69.871  -17.183 0.0000000000
124466  -40.230  -69.175  -16.868 0.0000000000
143345  -42.377  -66.100  -14.449 0.0000000000
14556  -41.847  -66.689  -14.672 0.0000000000
15283  -41.902  -65.768  -14.792 0.0000000000
15995  -41.751  -64.754  -15.496 0.0000000000
16696  -41.677  -64.173  -15.886 0.0000000000
16718  -41.428  -64.050  -16.664 0.0000000000
16719  -41.977  -62.769  -16.451 0.0000000000
17527  -42.451  -61.751  -16.876 0.0000000000
19340  -42.602  -60.603  -16.644 0.0000000000
17545  -50.487  -62.811  -18.310 0.0000000000
16740  -49.056  -62.858  -17.239 0.0000000000
16722  -48.346  -63.123  -16.749 0.0000000000
17533  -48.377  -62.333  -17.302 0.0000000000
18404  -47.693  -61.777  -17.278 0.0000000000
18395  -47.102  -61.303  -17.080 0.0000000000
21306  -47.029  -58.237  -13.718 0.0000000000
20292  -47.135  -59.445  -14.773 0.0000000000
21305  -46.183  -58.473  -13.495 0.0000000000
20268  -45.790  -59.185  -13.860 0.0000000000
20267  -44.868  -59.180  -13.771 0.0000000000
21303  -44.479  -58.472  -13.314 0.0000000000
22266  -43.697  -57.168  -12.885 0.0000000000
24159  -43.146  -55.990  -12.866 0.0000000000
143715  -46.415  -70.190  -21.628 0.0000000000
135597  -46.556  -71.109  -21.408 0.0000000000
11609  -47.232  -70.299  -21.598 0.0000000000
10872  -47.674  -71.078  -21.459 0.0000000000
140505  -48.593  -71.341  -21.658 0.0000000000
10889  -48.366  -71.213  -23.614 0.0000000000
22424  -51.782  -57.476  -24.593 0.0000000000
22423  -50.879  -57.810  -24.315 0.0000000000
141520  -50.651  -58.579  -24.551 0.0000000000
128405  -50.903  -58.944  -25.152 0.0000000000
19491  -49.627  -59.811  -26.388 0.0000000000
19502  -48.988  -60.031  -26.767 0.0000000000
19509  -47.721  -60.280  -27.788 0.0000000000
19521  -47.642  -60.258  -28.695 0.0000000000
18545  -47.491  -60.323  -29.642 0.0000000000
16055  -41.347  -64.299  -18.854 0.0000000000
16056  -42.133  -64.644  -19.373 0.0000000000
16761  -41.553  -63.987  -19.684 0.0000000000
16774  -41.210  -63.246  -20.024 0.0000000000
17582  -41.023  -62.431  -20.288 0.0000000000
18437  -40.549  -61.126  -19.648 0.0000000000
18438  -40.952  -61.538  -20.392 0.0000000000
17593  -41.593  -62.048  -21.071 0.0000000000
19427  -41.505  -61.025  -21.045 0.0000000000
19428  -42.290  -60.614  -21.648 0.0000000000
20392  -42.563  -59.668  -21.329 0.0000000000
12293  -42.253  -69.895  -15.352 0.0000000000
13797  -43.383  -67.532  -14.293 0.0000000000
13798  -44.335  -67.404  -14.356 0.0000000000
14557  -43.681  -66.678  -14.179 0.0000000000
130590  -43.994  -65.803  -14.160 0.0000000000
15983  -44.088  -64.451  -14.480 0.0000000000
16684  -44.349  -63.786  -14.880 0.0000000000
20347  -50.757  -59.827  -17.942 0.0000000000
20331  -49.589  -59.968  -16.977 0.0000000000
19347  -49.250  -60.600  -17.270 0.0000000000
133770  -49.551  -59.481  -16.511 0.0000000000
20316  -49.170  -59.253  -15.914 0.0000000000
21321  -48.203  -58.565  -14.620 0.0000000000
22295  -49.069  -56.935  -14.666 0.0000000000
139400  -48.786  -57.929  -14.751 0.0000000000
22294  -47.914  -57.894  -14.105 0.0000000000
22280  -47.257  -57.392  -13.513 0.0000000000
23267  -46.644  -56.863  -13.036 0.0000000000
24162  -46.334  -55.378  -12.603 0.0000000000
13883  -48.393  -67.037  -22.311 0.0000000000
13121  -48.758  -68.744  -22.085 0.0000000000
13894  -48.863  -67.287  -22.718 0.0000000000
13157  -49.198  -68.359  -22.950 0.0000000000
12396  -49.042  -68.890  -23.526 0.0000000000
12406  -48.547  -69.158  -24.592 0.0000000000
11652  -47.579  -70.197  -25.501 0.0000000000
13214  -46.853  -67.591  -27.955 0.0000000000
13213  -46.538  -68.025  -28.380 0.0000000000
13212  -45.927  -68.665  -28.952 0.0000000000
13984  -45.442  -67.646  -29.961 0.0000000000
14747  -45.124  -67.067  -30.593 0.0000000000
10089  -42.721  -71.940  -20.078 0.0000000000
144570  -43.798  -72.091  -20.401 0.0000000000
11599  -43.222  -70.973  -20.930 0.0000000000
10869  -43.950  -70.694  -21.254 0.0000000000
11607  -44.760  -70.351  -21.475 0.0000000000
12370  -44.671  -69.428  -21.309 0.0000000000
130212  -45.284  -69.719  -21.509 0.0000000000
12371  -45.986  -69.543  -21.565 0.0000000000
13119  -46.488  -68.558  -21.382 0.0000000000
13120  -47.338  -67.876  -21.527 0.0000000000
15338  -43.446  -65.689  -19.391 0.0000000000
15339  -44.322  -65.744  -19.887 0.0000000000
16079  -43.191  -64.205  -21.267 0.0000000000
16071  -44.506  -65.188  -20.594 0.0000000000
14632  -46.200  -66.623  -20.855 0.0000000000
14639  -46.654  -66.604  -21.520 0.0000000000
14640  -47.630  -66.814  -21.964 0.0000000000
14666  -47.246  -66.556  -23.069 0.0000000000
124110  -45.495  -66.381  -23.803 0.0000000000
16101  -43.864  -64.783  -23.300 0.0000000000
15384  -44.320  -65.357  -23.896 0.0000000000
15398  -44.833  -66.022  -24.370 0.0000000000
15397  -44.621  -65.521  -25.065 0.0000000000
16127  -44.509  -64.708  -25.525 0.0000000000
16825  -44.857  -63.277  -25.831 0.0000000000
10843  -42.026  -71.764  -19.793 0.0000000000
10853  -41.656  -71.038  -19.933 0.0000000000
11587  -40.814  -70.107  -19.158 0.0000000000
12334  -41.572  -69.532  -19.590 0.0000000000
12335  -41.905  -68.754  -19.136 0.0000000000
13089  -42.320  -68.046  -18.744 0.0000000000
13855  -42.702  -67.347  -18.554 0.0000000000
14598  -42.651  -66.337  -18.280 0.0000000000
12292  -41.290  -69.535  -15.585 0.0000000000
13049  -40.712  -68.383  -15.976 0.0000000000
13823  -40.749  -67.899  -16.221 0.0000000000
136913  -41.332  -67.002  -15.353 0.0000000000
13824  -41.081  -67.191  -16.175 0.0000000000
13841  -40.852  -67.714  -16.897 0.0000000000
13842  -41.628  -67.144  -17.404 0.0000000000
14583  -42.134  -66.377  -17.601 0.0000000000
15320  -42.316  -65.777  -17.935 0.0000000000
16043  -41.360  -64.475  -17.949 0.0000000000
16753  -40.863  -63.764  -18.312 0.0000000000
17555  -40.542  -62.403  -18.177 0.0000000000
122433  -41.241  -63.156  -17.010 0.0000000000
17542  -40.900  -62.359  -17.536 0.0000000000
18403  -40.625  -61.540  -17.896 0.0000000000
20345  -41.210  -59.297  -17.233 0.0000000000
21353  -41.638  -58.677  -16.588 0.0000000000
16721  -47.623  -63.253  -16.334 0.0000000000
16701  -46.757  -63.973  -15.427 0.0000000000
15998  -45.878  -64.332  -14.961 0.0000000000
16685  -45.202  -63.701  -15.147 0.0000000000
16699  -44.650  -63.155  -15.469 0.0000000000
19346  -48.390  -60.730  -16.910 0.0000000000
19345  -47.439  -60.887  -16.843 0.0000000000
19344  -46.549  -60.867  -16.826 0.0000000000
20314  -46.692  -59.961  -15.439 0.0000000000
19325  -46.092  -60.379  -16.205 0.0000000000
18393  -45.261  -61.265  -17.007 0.0000000000
17529  -44.754  -61.819  -16.714 0.0000000000
17528  -43.932  -61.703  -16.699 0.0000000000
18391  -43.771  -61.076  -16.977 0.0000000000
19341  -43.466  -60.737  -16.673 0.0000000000
19322  -43.041  -60.200  -15.899 0.0000000000
20288  -43.489  -59.232  -14.453 0.0000000000
140378  -42.749  -59.392  -15.218 0.0000000000
21337  -42.442  -58.563  -15.187 0.0000000000
22305  -42.436  -57.699  -15.331 0.0000000000
10091  -44.502  -72.461  -20.283 0.0000000000
10075  -45.303  -72.996  -20.005 0.0000000000
9419  -46.142  -73.170  -20.097 0.0000000000
10858  -46.843  -71.931  -20.823 0.0000000000
9420  -47.095  -73.293  -20.239 0.0000000000
9404  -46.658  -73.929  -19.850 0.0000000000
8764  -47.427  -74.552  -20.115 0.0000000000
12375  -48.813  -69.576  -22.102 0.0000000000
11612  -48.797  -70.482  -22.071 0.0000000000
10105  -48.680  -72.034  -21.603 0.0000000000
10129  -48.450  -72.371  -22.582 0.0000000000
10118  -48.831  -72.007  -22.076 0.0000000000
10117  -48.515  -72.732  -21.760 0.0000000000
140837  -42.597  -57.061  -17.795 0.0000000000
21401  -43.018  -57.949  -19.765 0.0000000000
21413  -43.405  -58.310  -20.557 0.0000000000
21428  -43.772  -58.659  -21.270 0.0000000000
20410  -44.175  -59.006  -21.930 0.0000000000
20424  -43.814  -59.680  -22.395 0.0000000000
120152  -44.341  -59.980  -23.093 0.0000000000
19453  -45.049  -60.236  -23.742 0.0000000000
20427  -46.256  -59.235  -23.022 0.0000000000
20439  -45.716  -59.605  -23.405 0.0000000000
18500  -44.829  -61.526  -24.556 0.0000000000
17626  -44.804  -62.241  -24.929 0.0000000000
18501  -45.360  -61.668  -25.138 0.0000000000
17636  -45.267  -62.460  -25.764 0.0000000000
144314  -50.163  -58.707  -24.256 0.0000000000
20459  -48.926  -59.872  -24.560 0.0000000000
20458  -47.978  -60.000  -24.370 0.0000000000
19488  -46.773  -60.779  -25.537 0.0000000000
134105  -46.281  -61.351  -26.131 0.0000000000
17643  -45.472  -62.479  -26.716 0.0000000000
16855  -45.125  -63.109  -27.312 0.0000000000
142425  -44.764  -63.739  -28.033 0.0000000000
16870  -45.021  -63.049  -28.703 0.0000000000
16167  -44.523  -64.744  -29.541 0.0000000000
16882  -44.577  -63.797  -29.878 0.0000000000
8126  -47.123  -75.350  -19.948 0.0000000000
8763  -47.010  -74.780  -19.793 0.0000000000
8765  -47.850  -73.940  -20.288 0.0000000000
8806  -48.106  -73.556  -21.770 0.0000000000
9401  -43.453  -73.865  -19.481 0.0000000000
9422  -48.166  -73.340  -20.679 0.0000000000
9435  -48.309  -73.379  -21.134 0.0000000000
9459  -47.386  -73.082  -22.942 0.0000000000
10093  -46.553  -72.530  -20.463 0.0000000000
10095  -48.209  -72.648  -20.810 0.0000000000
10116  -48.087  -73.102  -22.485 0.0000000000
10128  -47.259  -72.402  -23.402 0.0000000000
10860  -48.474  -72.110  -21.230 0.0000000000
10881  -48.757  -71.478  -22.741 0.0000000000
11588  -41.482  -70.300  -19.855 0.0000000000
11597  -41.980  -70.499  -20.335 0.0000000000
11598  -42.605  -70.227  -20.828 0.0000000000
11608  -45.698  -70.375  -21.570 0.0000000000
11610  -48.115  -70.286  -21.649 0.0000000000
11619  -48.924  -70.549  -22.482 0.0000000000
12414  -47.507  -69.516  -26.113 0.0000000000
12439  -46.725  -69.161  -27.485 0.0000000000
13050  -41.068  -68.702  -15.530 0.0000000000
13071  -40.520  -68.452  -16.557 0.0000000000
13088  -41.489  -68.392  -18.469 0.0000000000
13095  -42.568  -68.384  -19.282 0.0000000000
13141  -48.637  -67.854  -22.210 0.0000000000
13167  -49.110  -68.008  -23.577 0.0000000000
13187  -47.502  -67.991  -26.909 0.0000000000
13796  -42.390  -67.573  -14.441 0.0000000000
13856  -43.363  -67.044  -18.852 0.0000000000
13882  -47.281  -67.113  -21.591 0.0000000000
13895  -48.970  -68.022  -22.618 0.0000000000
13913  -49.096  -67.593  -23.187 0.0000000000
13932  -48.186  -67.042  -25.755 0.0000000000
13945  -47.884  -67.494  -26.381 0.0000000000
13975  -46.552  -67.356  -28.508 0.0000000000
13985  -46.094  -67.815  -29.105 0.0000000000
14650  -48.604  -66.824  -22.836 0.0000000000
14665  -46.038  -66.372  -22.832 0.0000000000
14680  -45.702  -66.460  -24.616 0.0000000000
14683  -48.603  -66.874  -24.226 0.0000000000
14698  -47.006  -66.607  -25.989 0.0000000000
14712  -47.598  -66.847  -26.417 0.0000000000
14723  -46.854  -67.075  -27.933 0.0000000000
14724  -47.252  -67.004  -27.200 0.0000000000
14731  -45.935  -66.644  -28.939 0.0000000000
14739  -45.013  -66.337  -30.044 0.0000000000
15285  -43.337  -65.359  -14.264 0.0000000000
15294  -41.658  -65.409  -15.410 0.0000000000
15295  -42.009  -65.005  -14.945 0.0000000000
15337  -42.072  -65.080  -18.484 0.0000000000
15354  -43.792  -65.265  -20.105 0.0000000000
15368  -45.438  -65.592  -21.453 0.0000000000
15430  -45.456  -66.054  -26.678 0.0000000000
15982  -43.240  -64.627  -14.476 0.0000000000
15996  -42.132  -64.299  -15.224 0.0000000000
15997  -42.867  -63.882  -14.967 0.0000000000
16150  -44.794  -64.666  -27.000 0.0000000000
16702  -47.414  -63.715  -15.822 0.0000000000
16703  -48.158  -63.854  -16.068 0.0000000000
16752  -40.573  -63.056  -18.592 0.0000000000
16808  -43.487  -63.243  -23.516 0.0000000000
16824  -44.512  -63.765  -25.426 0.0000000000
16840  -45.053  -63.203  -26.488 0.0000000000
16869  -44.598  -63.890  -28.996 0.0000000000
17515  -44.187  -62.481  -16.059 0.0000000000
17583  -41.662  -62.905  -20.710 0.0000000000
17594  -42.283  -62.161  -21.732 0.0000000000
17610  -42.782  -62.272  -22.380 0.0000000000
17619  -43.853  -62.305  -23.896 0.0000000000
18389  -41.606  -60.995  -17.257 0.0000000000
18390  -42.262  -60.989  -17.105 0.0000000000
18415  -50.120  -61.649  -18.448 0.0000000000
18474  -43.072  -61.445  -22.751 0.0000000000
18488  -44.260  -61.467  -24.036 0.0000000000
18502  -45.489  -60.883  -24.545 0.0000000000
18514  -45.722  -61.718  -25.720 0.0000000000
18525  -45.883  -61.674  -28.028 0.0000000000
18544  -46.804  -60.964  -29.848 0.0000000000
19342  -44.241  -60.789  -16.780 0.0000000000
19360  -40.538  -60.681  -18.099 0.0000000000
19391  -40.419  -60.800  -18.853 0.0000000000
19392  -40.667  -60.284  -19.472 0.0000000000
19472  -47.375  -60.391  -24.955 0.0000000000
19500  -46.960  -60.703  -26.382 0.0000000000
19508  -46.991  -60.561  -27.284 0.0000000000
19520  -46.972  -60.589  -28.187 0.0000000000
19522  -48.200  -59.885  -29.057 0.0000000000
20266  -44.037  -59.022  -13.778 0.0000000000
20330  -49.021  -60.084  -16.474 0.0000000000
20346  -50.001  -60.287  -17.606 0.0000000000
20377  -40.955  -59.509  -19.364 0.0000000000
20393  -42.963  -58.931  -20.989 0.0000000000
20409  -43.378  -59.336  -21.673 0.0000000000
20426  -45.519  -59.096  -22.696 0.0000000000
20443  -49.338  -59.410  -24.191 0.0000000000
20461  -50.401  -59.380  -25.399 0.0000000000
20472  -49.905  -59.733  -25.773 0.0000000000
20473  -50.386  -59.389  -25.964 0.0000000000
20489  -50.461  -59.211  -26.295 0.0000000000
20518  -49.398  -59.364  -28.070 0.0000000000
21304  -45.330  -58.547  -13.339 0.0000000000
21318  -42.919  -58.703  -14.513 0.0000000000
21319  -46.676  -59.014  -14.039 0.0000000000
21412  -42.584  -58.540  -20.282 0.0000000000
21444  -44.974  -58.731  -22.107 0.0000000000
21446  -46.444  -58.723  -22.445 0.0000000000
22268  -44.884  -57.065  -12.598 0.0000000000
22277  -44.049  -57.776  -13.003 0.0000000000
22293  -43.052  -58.023  -13.988 0.0000000000
22319  -41.712  -58.106  -17.097 0.0000000000
22333  -41.647  -58.028  -17.813 0.0000000000
22346  -42.217  -57.512  -18.189 0.0000000000
23250  -44.464  -56.623  -12.506 0.0000000000
23265  -43.140  -56.708  -13.228 0.0000000000
23266  -45.688  -57.169  -12.790 0.0000000000
23297  -42.595  -56.810  -14.944 0.0000000000
23298  -49.767  -56.537  -15.046 0.0000000000
121406  -42.679  -65.246  -19.190 0.0000000000
121631  -46.408  -66.605  -23.841 0.0000000000
122042  -43.262  -71.721  -20.445 0.0000000000
123139  -50.195  -59.189  -24.629 0.0000000000
126528  -48.478  -60.076  -27.466 0.0000000000
129014  -44.733  -60.931  -24.143 0.0000000000
129584  -48.685  -58.886  -15.213 0.0000000000
130843  -43.084  -66.002  -14.212 0.0000000000
131230  -46.446  -61.229  -29.259 0.0000000000
131432  -41.203  -59.927  -17.169 0.0000000000
131586  -45.702  -60.832  -16.873 0.0000000000
131754  -48.447  -57.244  -14.324 0.0000000000
131758  -48.009  -67.406  -21.827 0.0000000000
132818  -40.430  -61.847  -18.478 0.0000000000
132903  -43.016  -61.068  -16.930 0.0000000000
133288  -49.163  -69.066  -22.768 0.0000000000
134478  -43.848  -65.058  -14.279 0.0000000000
134616  -42.897  -66.803  -18.508 0.0000000000
135007  -45.380  -63.140  -15.644 0.0000000000
135494  -48.429  -59.796  -15.761 0.0000000000
138418  -44.321  -63.463  -24.836 0.0000000000
140082  -45.167  -62.920  -27.993 0.0000000000
141183  -45.722  -61.944  -26.259 0.0000000000
141195  -43.481  -55.694  -12.564 0.0000000000
141630  -44.496  -65.470  -24.508 0.0000000000
142847  -48.848  -68.362  -22.344 0.0000000000
143058  -41.667  -63.545  -16.320 0.0000000000
143188  -40.547  -62.962  -19.092 0.0000000000
143986  -41.284  -67.105  -16.787 0.0000000000
144183  -44.139  -72.877  -19.969 0.0000000000
145100  -48.315  -71.018  -21.622 0.0000000000
