#!ascii label  , from subject sub-v1s12x0050121_ses-1 vox2ras=TkReg
1906
42381  -30.490  -52.952  -31.384 0.5000000000
43404  -31.110  -52.715  -30.780 0.4000000060
44437  -31.119  -51.921  -30.537 0.6000000238
44436  -30.321  -51.425  -30.924 0.6000000238
44435  -29.667  -50.919  -31.335 0.6000000238
43403  -30.453  -52.204  -31.195 0.5000000000
45530  -29.333  -50.358  -31.584 0.6000000238
43394  -31.698  -52.546  -30.101 0.6999999881
44421  -30.162  -50.645  -30.654 0.6999999881
46539  -28.979  -49.732  -31.191 0.6999999881
46557  -28.955  -49.089  -31.762 0.5000000000
46545  -28.719  -49.141  -31.380 0.6999999881
45537  -29.361  -50.490  -32.131 0.5000000000
40116  -27.154  -55.152  -27.549 0.5000000000
44422  -31.104  -50.999  -30.180 0.6999999881
45513  -30.015  -49.894  -30.392 0.6999999881
45524  -29.436  -50.231  -30.959 0.6999999881
127236  -29.933  -49.146  -30.016 0.6999999881
46538  -28.603  -49.058  -30.870 0.6999999881
46531  -29.225  -49.501  -30.625 0.6999999881
46530  -29.074  -48.600  -30.197 0.6999999881
47543  -28.805  -48.478  -31.830 0.6000000238
150996  -33.562  -51.395  -26.805 0.6999999881
46510  -33.091  -50.060  -27.557 0.6999999881
45515  -31.451  -50.156  -29.524 0.6999999881
41231  -26.653  -54.422  -27.648 0.6000000238
39109  -25.697  -57.017  -29.278 0.4000000060
45514  -30.706  -50.244  -30.136 0.6999999881
47526  -28.477  -48.568  -31.488 0.6999999881
48503  -27.282  -47.426  -30.826 0.6999999881
48519  -28.982  -47.409  -31.848 0.6000000238
45454  -33.672  -50.530  -25.427 0.6999999881
139258  -33.669  -51.217  -26.094 0.6999999881
45501  -33.023  -50.912  -27.907 0.6999999881
46511  -33.480  -49.871  -26.699 0.6999999881
45471  -33.660  -50.440  -26.210 0.6999999881
43354  -27.388  -52.827  -26.817 0.6000000238
46522  -32.582  -49.423  -28.055 0.6999999881
46533  -31.372  -49.261  -29.233 0.6999999881
45500  -32.575  -50.255  -28.325 0.6999999881
47492  -33.134  -49.120  -27.237 0.6999999881
40132  -25.700  -55.259  -28.523 0.5000000000
151880  -33.003  -48.489  -27.326 0.6999999881
39108  -25.092  -56.347  -29.400 0.4000000060
47506  -28.217  -48.307  -30.649 0.6999999881
47508  -30.692  -48.848  -29.474 0.6999999881
131239  -31.937  -48.798  -28.555 0.6999999881
147638  -32.624  -48.613  -27.801 0.6999999881
38049  -24.374  -57.167  -30.434 0.4000000060
47507  -30.033  -48.360  -29.590 0.6999999881
48489  -31.684  -47.314  -28.435 0.6999999881
47500  -32.203  -47.960  -28.184 0.6999999881
47515  -28.223  -48.540  -31.126 0.6999999881
48496  -28.527  -47.742  -30.049 0.6999999881
49438  -30.337  -46.290  -28.688 0.6999999881
49439  -31.090  -46.768  -28.558 0.6999999881
48517  -27.691  -47.644  -31.369 0.6999999881
127159  -29.834  -46.976  -29.151 0.6999999881
142108  -28.574  -46.838  -31.698 0.6000000238
49473  -27.091  -46.629  -31.153 0.6999999881
49455  -26.939  -46.818  -30.744 0.6999999881
52260  -28.629  -43.894  -30.556 0.5000000000
51368  -29.262  -44.486  -30.687 0.5000000000
129206  -31.047  -45.081  -30.363 0.4000000060
51369  -30.454  -44.701  -30.432 0.5000000000
137391  -33.709  -48.990  -25.409 0.6999999881
44376  -27.433  -51.977  -26.544 0.6000000238
148868  -31.273  -48.607  -29.046 0.6999999881
153858  -26.132  -53.852  -27.778 0.5000000000
47493  -33.304  -48.358  -26.812 0.6999999881
48497  -29.441  -47.734  -29.590 0.6999999881
48488  -30.282  -47.616  -29.204 0.6999999881
48495  -27.735  -47.592  -30.506 0.6999999881
49437  -29.380  -46.235  -29.056 0.6999999881
52259  -27.623  -43.721  -30.527 0.6999999881
49474  -27.831  -46.682  -31.548 0.6999999881
51367  -27.880  -44.473  -30.813 0.6999999881
51384  -27.278  -45.179  -30.882 0.6999999881
53166  -28.199  -43.080  -30.243 0.6999999881
139728  -29.827  -49.991  -24.476 0.6999999881
45436  -30.478  -50.308  -24.201 0.6999999881
46466  -30.981  -49.917  -23.810 0.8000000119
134662  -31.939  -49.129  -23.481 0.8000000119
45453  -29.208  -50.992  -25.182 0.6000000238
45434  -29.105  -50.020  -24.931 0.6000000238
46465  -30.289  -49.589  -24.089 0.6000000238
46449  -32.616  -49.373  -23.667 0.8000000119
45452  -28.454  -50.508  -25.472 0.6000000238
46477  -28.148  -49.560  -25.274 0.6000000238
139575  -33.508  -48.976  -24.574 0.6999999881
44359  -27.918  -50.937  -25.940 0.6000000238
43353  -26.774  -52.188  -26.954 0.6000000238
44375  -26.709  -51.227  -26.657 0.6000000238
48473  -33.377  -47.542  -26.635 0.6999999881
42358  -25.976  -53.270  -27.696 0.5000000000
42346  -25.438  -52.783  -27.861 0.6000000238
133621  -33.638  -48.123  -25.883 0.6999999881
132986  -32.868  -47.864  -27.426 0.6999999881
48486  -28.022  -46.972  -29.927 0.6999999881
48487  -28.939  -46.993  -29.505 0.6999999881
51365  -26.073  -44.623  -30.154 0.8000000119
51383  -26.560  -45.182  -30.462 0.6999999881
49436  -28.401  -46.252  -29.405 0.6999999881
141251  -26.806  -43.653  -30.374 0.8000000119
49444  -27.211  -46.779  -30.321 0.6999999881
50427  -27.635  -45.526  -29.256 0.6999999881
52261  -29.558  -43.811  -30.347 0.5000000000
52262  -30.483  -43.867  -30.075 0.5000000000
51370  -31.208  -44.429  -30.050 0.4000000060
46464  -29.493  -49.305  -24.454 0.6000000238
46447  -31.057  -49.174  -23.675 0.6999999881
47459  -30.750  -48.233  -23.616 0.8000000119
47460  -31.554  -48.608  -23.488 0.8999999762
46463  -28.612  -48.997  -24.786 0.6000000238
47461  -32.406  -48.499  -23.540 0.8000000119
48452  -33.042  -47.962  -23.777 0.8000000119
48461  -33.413  -47.414  -24.266 0.8000000119
45451  -27.614  -50.059  -25.719 0.6000000238
45450  -26.698  -49.468  -25.995 0.6000000238
154037  -33.615  -47.835  -24.693 0.8000000119
42357  -25.273  -53.568  -28.215 0.6000000238
44393  -25.988  -51.593  -27.195 0.6000000238
44374  -25.836  -50.706  -26.961 0.6000000238
142687  -33.647  -47.270  -25.956 0.6999999881
40131  -24.815  -54.921  -28.934 0.5000000000
49428  -33.192  -46.084  -27.053 0.6999999881
49420  -33.472  -46.704  -26.480 0.6999999881
40148  -24.381  -55.552  -29.517 0.5000000000
41245  -24.391  -53.978  -28.818 0.5000000000
49427  -32.552  -46.340  -27.634 0.6999999881
49426  -31.845  -46.525  -28.198 0.6999999881
152679  -25.826  -43.745  -29.902 0.8000000119
142491  -26.110  -45.171  -30.081 0.8000000119
49435  -27.548  -46.337  -29.735 0.6999999881
50428  -28.826  -45.478  -28.928 0.6999999881
50429  -29.793  -45.506  -28.622 0.6999999881
49434  -26.852  -45.943  -29.813 0.6999999881
128279  -29.065  -48.332  -24.345 0.6999999881
48460  -28.427  -47.225  -24.179 0.6999999881
47458  -29.626  -47.571  -23.842 0.6999999881
48449  -30.622  -47.228  -23.481 0.8000000119
47467  -28.037  -47.936  -24.616 0.6999999881
48448  -29.687  -46.596  -23.523 0.8000000119
48450  -31.572  -46.915  -23.336 0.8000000119
46462  -27.666  -48.529  -25.081 0.6000000238
49400  -33.303  -46.700  -23.922 0.6999999881
43368  -25.072  -51.824  -27.763 0.6000000238
44392  -25.124  -50.783  -27.437 0.6000000238
49413  -33.746  -46.585  -25.636 0.8000000119
49406  -33.665  -46.520  -24.615 0.6999999881
43383  -24.610  -52.523  -28.304 0.6000000238
50393  -33.831  -45.739  -25.292 0.8000000119
40147  -23.467  -55.024  -29.755 0.4000000060
49425  -31.179  -45.978  -28.308 0.6999999881
50418  -31.973  -45.742  -27.886 0.6999999881
50405  -33.154  -45.122  -26.849 0.6999999881
38047  -22.904  -57.436  -31.147 0.4000000060
50417  -31.227  -45.073  -27.971 0.6999999881
50419  -32.674  -45.647  -27.407 0.6999999881
51351  -25.862  -44.657  -29.732 0.8000000119
50426  -26.572  -45.134  -29.406 0.8000000119
50430  -30.563  -45.534  -28.374 0.6999999881
51344  -29.328  -44.677  -28.476 0.6999999881
53165  -27.234  -43.059  -30.248 0.8000000119
53151  -27.749  -42.381  -29.948 0.6999999881
53154  -31.067  -41.847  -29.395 0.5000000000
53168  -29.950  -43.134  -29.873 0.5000000000
53155  -32.086  -42.872  -29.490 0.4000000060
48459  -27.697  -46.341  -23.806 0.6000000238
48447  -28.746  -46.487  -23.700 0.6999999881
49397  -30.394  -46.016  -23.215 0.8000000119
47466  -26.970  -47.462  -24.807 0.6999999881
153014  -26.763  -48.009  -25.283 0.6999999881
129069  -32.371  -46.764  -23.424 0.8000000119
135212  -26.049  -48.037  -25.793 0.6000000238
49398  -31.710  -45.815  -23.120 0.8000000119
46496  -25.302  -48.872  -26.642 0.6000000238
49399  -32.843  -46.190  -23.490 0.8000000119
130117  -33.408  -46.089  -23.912 0.8000000119
44406  -23.865  -51.477  -28.399 0.6000000238
45486  -24.291  -49.938  -27.609 0.6000000238
50406  -33.622  -45.859  -26.253 0.8999999762
50379  -33.703  -45.577  -24.355 0.8000000119
51334  -32.252  -44.995  -27.498 0.8000000119
42356  -23.445  -53.179  -29.104 0.5000000000
52229  -30.530  -43.475  -27.591 0.8000000119
41258  -23.143  -53.987  -29.520 0.4000000060
52246  -25.587  -43.429  -29.477 0.8000000119
51341  -25.772  -44.342  -29.368 0.8000000119
143683  -26.116  -44.385  -28.972 0.8000000119
51343  -28.290  -44.747  -28.710 0.8000000119
143020  -29.943  -44.147  -28.104 0.6999999881
53164  -26.241  -43.265  -30.012 0.8000000119
51342  -27.191  -44.654  -28.835 0.8000000119
51330  -26.860  -43.851  -28.438 0.8000000119
53150  -26.757  -42.443  -29.872 0.8000000119
144087  -25.935  -43.549  -28.493 0.8000000119
53152  -28.748  -42.330  -29.854 0.6000000238
54165  -28.175  -41.626  -29.682 0.6000000238
53153  -30.233  -42.298  -29.570 0.5000000000
49396  -29.124  -45.828  -23.226 0.6999999881
50366  -29.516  -45.243  -22.665 0.6999999881
50367  -30.553  -45.115  -22.602 0.6999999881
47479  -25.856  -47.023  -25.075 0.6000000238
49405  -26.950  -46.331  -24.131 0.6000000238
49394  -27.239  -46.061  -23.290 0.6000000238
48456  -25.078  -47.009  -25.068 0.6000000238
50368  -32.420  -45.257  -23.102 0.8000000119
46509  -23.777  -48.982  -27.318 0.6000000238
47487  -24.916  -47.768  -26.185 0.6000000238
50348  -31.486  -44.658  -22.535 0.6999999881
145641  -23.219  -50.522  -28.382 0.5000000000
50369  -33.230  -45.243  -23.545 0.8000000119
44405  -22.654  -51.143  -28.623 0.3000000119
52207  -33.347  -43.377  -25.893 0.8000000119
138438  -33.845  -44.891  -24.881 0.8000000119
51322  -32.573  -44.238  -27.042 0.8000000119
52218  -32.771  -43.456  -26.565 0.8000000119
53128  -30.163  -42.745  -27.387 0.8000000119
51329  -25.581  -43.842  -28.947 0.8000000119
143447  -28.735  -44.146  -28.389 0.8000000119
150425  -30.228  -43.825  -27.842 0.8000000119
138282  -30.708  -44.198  -27.815 0.6999999881
52226  -27.605  -43.210  -28.074 0.8000000119
52225  -26.579  -43.073  -28.044 0.8000000119
146970  -29.684  -41.175  -29.408 0.6000000238
54169  -31.803  -41.477  -29.537 0.3000000119
50364  -27.882  -45.639  -22.675 0.6000000238
50345  -28.340  -45.318  -22.193 0.6999999881
50346  -28.967  -44.980  -22.142 0.6999999881
50347  -29.826  -44.736  -22.116 0.6999999881
43338  -23.425  -51.390  -25.945 0.5000000000
48457  -25.782  -46.796  -24.437 0.6000000238
49393  -26.560  -46.451  -23.646 0.6000000238
46494  -23.422  -48.272  -26.609 0.5000000000
47477  -24.377  -47.200  -25.651 0.5000000000
48445  -25.663  -46.843  -24.497 0.6000000238
45498  -21.979  -50.189  -28.130 0.3000000119
45485  -23.181  -49.630  -27.989 0.5000000000
50349  -32.531  -44.412  -22.783 0.8000000119
51304  -33.373  -44.145  -23.346 0.8000000119
53120  -32.168  -42.674  -26.557 0.8999999762
53107  -33.117  -42.637  -25.438 0.8999999762
52199  -33.530  -43.316  -24.942 0.8000000119
51307  -33.789  -44.044  -24.289 0.8000000119
43381  -22.807  -52.246  -29.008 0.4000000060
52216  -31.191  -42.863  -27.186 0.8999999762
52206  -32.930  -42.834  -26.154 0.8999999762
53148  -25.083  -42.402  -29.121 0.8000000119
52236  -25.379  -43.280  -28.919 0.8000000119
52227  -28.700  -43.408  -28.055 0.8000000119
51332  -29.309  -43.951  -28.209 0.8000000119
53149  -25.821  -42.551  -29.513 0.8000000119
142407  -26.879  -40.973  -29.449 0.6999999881
54166  -28.999  -41.426  -29.555 0.6000000238
55185  -30.225  -40.472  -29.390 0.6000000238
54168  -31.100  -40.939  -29.420 0.6000000238
49388  -27.765  -45.934  -22.271 0.6000000238
147621  -28.291  -45.325  -22.042 0.6000000238
50338  -28.694  -45.163  -21.880 0.6999999881
48438  -27.016  -46.344  -22.839 0.6000000238
51265  -29.429  -44.898  -21.697 0.6999999881
47447  -26.315  -46.992  -23.171 0.6000000238
51284  -30.361  -44.650  -21.578 0.8000000119
45431  -23.239  -48.627  -25.890 0.6000000238
46459  -23.829  -47.666  -25.561 0.5000000000
47456  -25.836  -47.046  -23.959 0.6000000238
143738  -30.604  -44.542  -22.142 0.6999999881
51286  -31.801  -43.873  -22.170 0.8000000119
45467  -22.155  -49.073  -27.221 0.4000000060
45499  -22.576  -50.074  -28.282 0.4000000060
53106  -32.621  -42.294  -25.862 0.8000000119
52193  -33.428  -43.233  -23.944 0.8000000119
129819  -29.678  -41.938  -27.096 0.8999999762
53119  -30.605  -42.039  -26.912 0.8000000119
151797  -25.526  -42.309  -27.726 0.8000000119
53117  -27.758  -41.754  -27.243 0.8000000119
53127  -29.213  -42.651  -27.561 0.6999999881
53147  -24.894  -42.104  -28.340 0.8000000119
53126  -28.223  -42.542  -27.653 0.8000000119
53125  -27.210  -42.447  -27.656 0.8000000119
55180  -26.003  -40.917  -29.135 0.8000000119
53114  -25.182  -41.939  -27.665 0.8000000119
55183  -28.526  -40.820  -29.458 0.6999999881
55184  -29.320  -40.622  -29.375 0.6999999881
57091  -29.781  -38.193  -29.895 0.6000000238
56132  -30.560  -38.847  -30.046 0.6000000238
57092  -31.168  -38.180  -30.567 0.6000000238
47448  -27.039  -47.342  -22.684 0.6000000238
49378  -29.980  -46.088  -21.030 0.8000000119
49377  -29.240  -45.392  -21.399 0.6999999881
142210  -25.242  -52.209  -25.316 0.5000000000
46445  -25.736  -48.142  -23.814 0.5000000000
51266  -31.141  -44.319  -21.270 0.8000000119
51285  -31.120  -44.230  -21.843 0.6999999881
139914  -24.830  -50.240  -24.864 0.5000000000
46460  -24.318  -47.656  -24.962 0.5000000000
50339  -30.610  -44.817  -21.045 0.8000000119
44357  -23.934  -50.960  -25.535 0.5000000000
52175  -31.706  -43.903  -21.614 0.8000000119
52186  -32.157  -43.514  -21.900 0.8000000119
52187  -32.638  -42.984  -21.963 0.8000000119
51287  -32.549  -43.540  -22.435 0.8000000119
137339  -33.119  -43.179  -22.983 0.8000000119
53098  -33.148  -42.507  -24.388 0.8000000119
54127  -30.932  -41.301  -26.139 0.8000000119
53115  -25.850  -41.806  -27.368 0.8000000119
54140  -29.191  -41.113  -26.539 0.8000000119
54139  -28.207  -41.160  -26.725 0.8999999762
55179  -25.332  -40.969  -28.603 0.8000000119
55165  -24.960  -40.831  -27.837 0.8000000119
138089  -28.070  -40.174  -29.406 0.6999999881
55181  -26.674  -40.137  -29.197 0.6999999881
57087  -29.733  -39.044  -29.644 0.6999999881
56126  -27.479  -39.466  -29.307 0.6999999881
145061  -28.429  -39.348  -29.398 0.6999999881
57086  -28.951  -38.545  -29.590 0.6999999881
47440  -29.496  -47.972  -21.698 0.8000000119
47439  -28.581  -47.407  -21.932 0.6000000238
48429  -29.116  -47.003  -21.582 0.6000000238
48430  -30.007  -47.206  -21.283 0.8000000119
143722  -28.263  -55.152  -23.839 0.6000000238
42306  -27.095  -53.438  -24.446 0.5000000000
46429  -27.497  -48.721  -22.805 0.6000000238
46430  -28.389  -48.929  -22.442 0.6000000238
50328  -30.174  -45.344  -20.982 0.8000000119
37966  -27.732  -57.177  -23.311 0.6000000238
40071  -28.106  -55.966  -23.915 0.6000000238
41192  -28.399  -54.366  -23.640 0.6000000238
44334  -27.423  -51.714  -23.797 0.5000000000
45421  -27.052  -50.120  -23.595 0.5000000000
149026  -25.870  -55.062  -21.484 0.5000000000
39007  -27.407  -56.448  -21.911 0.5000000000
39008  -28.070  -56.209  -22.053 0.6000000238
146751  -28.789  -55.109  -23.336 0.6000000238
43323  -25.823  -51.984  -24.907 0.5000000000
44333  -26.858  -50.821  -23.893 0.5000000000
51248  -31.466  -44.731  -20.870 0.8000000119
51267  -31.981  -44.115  -21.086 0.8000000119
130331  -27.343  -55.313  -21.259 0.5000000000
45420  -26.149  -49.670  -23.926 0.5000000000
129844  -24.978  -55.157  -21.697 0.4000000060
45433  -25.347  -49.876  -24.444 0.5000000000
52176  -32.319  -43.570  -21.546 0.6999999881
147079  -32.769  -41.865  -23.715 0.8000000119
128357  -32.983  -42.420  -22.432 0.8000000119
53105  -31.938  -41.767  -25.951 0.8000000119
53093  -32.872  -41.787  -22.931 0.8000000119
54120  -31.868  -40.928  -24.350 0.8000000119
56118  -24.997  -40.213  -27.987 0.8999999762
55152  -25.307  -40.702  -27.308 0.8999999762
54138  -27.294  -41.048  -26.705 0.8000000119
131621  -30.103  -41.397  -26.563 0.8000000119
54137  -26.285  -41.145  -26.867 1.0000000000
55156  -28.406  -40.557  -26.325 0.8000000119
56125  -26.576  -39.171  -29.017 0.6999999881
46417  -29.932  -49.210  -21.836 0.8000000119
48416  -30.988  -46.958  -20.850 0.8000000119
40052  -29.464  -55.112  -21.926 0.6000000238
46431  -29.128  -49.534  -22.318 0.6000000238
47450  -28.928  -48.512  -22.117 0.6000000238
49363  -30.691  -45.947  -20.765 0.8000000119
49364  -31.604  -46.335  -20.618 0.8000000119
40050  -27.816  -55.861  -21.578 0.5000000000
39020  -28.438  -56.108  -22.545 0.6000000238
42298  -28.650  -53.569  -23.396 0.6000000238
45406  -28.376  -50.772  -23.027 0.6000000238
50329  -31.046  -45.375  -20.745 0.8000000119
50330  -32.241  -45.643  -20.609 0.8000000119
51249  -32.319  -44.793  -20.776 0.6999999881
41173  -28.167  -55.266  -21.203 0.5000000000
43317  -28.913  -52.660  -23.166 0.6000000238
138938  -28.396  -49.766  -22.728 0.6000000238
41171  -25.177  -54.483  -21.467 0.4000000060
42252  -26.725  -53.681  -20.526 0.4000000060
41161  -27.260  -54.601  -20.835 0.4000000060
41162  -28.414  -54.613  -20.685 0.4000000060
51268  -32.823  -43.863  -21.104 0.6999999881
43269  -26.370  -52.869  -20.314 0.4000000060
43270  -27.220  -53.169  -20.046 0.4000000060
42269  -30.080  -53.859  -21.407 0.4000000060
52177  -33.024  -43.219  -21.462 0.6999999881
43243  -26.825  -52.428  -19.746 0.4000000060
148281  -28.374  -52.983  -19.435 0.5000000000
136591  -33.135  -42.021  -22.331 0.6999999881
44286  -25.999  -52.100  -20.069 0.3000000119
43245  -28.263  -52.331  -18.994 0.5000000000
42228  -29.622  -53.289  -19.833 0.5000000000
134180  -30.656  -40.499  -25.342 0.8000000119
54128  -31.492  -40.922  -25.091 0.8000000119
53092  -32.396  -41.174  -23.709 0.8000000119
54108  -33.256  -41.533  -22.593 0.8000000119
56113  -25.269  -39.989  -27.565 0.8000000119
55153  -25.914  -40.522  -26.727 1.0000000000
55155  -27.586  -40.328  -26.368 0.8000000119
55144  -28.419  -39.889  -26.035 0.8000000119
55157  -29.187  -40.307  -25.963 0.8000000119
55147  -30.988  -40.245  -24.656 0.8000000119
140348  -25.690  -39.545  -27.095 1.0000000000
145440  -29.906  -39.627  -25.352 0.8000000119
56124  -25.794  -39.926  -28.623 0.8000000119
56106  -27.534  -39.707  -26.305 0.8000000119
56095  -29.318  -39.695  -25.709 0.8000000119
130806  -26.095  -38.924  -28.553 0.8999999762
57084  -27.144  -38.438  -29.249 0.6999999881
138046  -28.017  -38.555  -29.405 0.6999999881
58152  -28.118  -37.098  -29.729 0.6999999881
58153  -29.028  -37.583  -29.829 0.6999999881
58160  -29.812  -37.345  -30.195 0.6999999881
59207  -29.969  -36.543  -30.412 0.6999999881
58159  -28.931  -36.582  -30.115 0.6999999881
58162  -31.396  -37.324  -30.632 0.6000000238
136533  -30.814  -36.556  -30.536 0.6000000238
47441  -30.484  -48.453  -21.386 0.8000000119
47426  -30.934  -47.889  -21.059 0.8000000119
41193  -29.131  -54.564  -23.099 0.5000000000
45408  -30.213  -50.937  -22.030 0.8000000119
45389  -31.097  -50.457  -21.241 0.8000000119
46418  -31.018  -49.607  -21.266 0.8000000119
139305  -32.082  -47.348  -20.413 0.8000000119
40051  -28.695  -55.665  -21.838 0.5000000000
42283  -29.489  -53.764  -22.711 0.6000000238
42285  -30.350  -53.124  -21.595 0.5000000000
45387  -29.852  -50.108  -22.150 0.8000000119
42253  -27.699  -53.921  -20.322 0.4000000060
41163  -29.393  -54.300  -20.813 0.5000000000
44321  -30.528  -51.787  -21.729 0.6999999881
44320  -29.888  -51.726  -22.313 0.6999999881
49347  -32.615  -46.748  -20.318 0.6999999881
50331  -33.264  -45.274  -20.504 0.6999999881
141027  -32.778  -44.467  -20.836 0.6999999881
52157  -33.752  -43.737  -20.994 0.6999999881
44254  -28.546  -51.606  -18.460 0.5000000000
53080  -34.292  -42.353  -21.580 0.6999999881
45342  -26.844  -50.430  -18.478 0.4000000060
45343  -27.800  -50.870  -18.245 0.4000000060
55136  -31.926  -40.532  -24.053 0.8000000119
54099  -33.699  -41.882  -22.081 0.6999999881
55135  -31.522  -40.499  -24.447 0.8000000119
56085  -31.509  -39.996  -24.322 0.8000000119
57042  -32.686  -39.241  -24.497 0.6999999881
151062  -28.136  -39.323  -26.269 0.8000000119
55146  -30.353  -39.936  -25.001 0.8000000119
57077  -25.734  -38.542  -27.995 0.8999999762
149618  -25.621  -39.156  -28.201 0.8999999762
57060  -26.034  -38.832  -27.355 0.8999999762
57061  -26.605  -38.837  -26.867 0.8000000119
57062  -27.445  -38.900  -26.562 0.8000000119
57063  -28.373  -38.681  -26.486 0.8000000119
58150  -26.202  -37.524  -28.680 0.8999999762
58145  -26.069  -37.572  -28.283 0.8000000119
142169  -26.827  -37.612  -29.302 0.8999999762
59197  -26.968  -36.774  -29.582 0.8000000119
57093  -31.856  -38.662  -30.810 0.4000000060
59206  -28.349  -35.659  -30.182 0.6999999881
135089  -31.588  -34.826  -30.500 0.5000000000
46410  -31.634  -49.661  -20.554 0.6999999881
47427  -31.369  -48.800  -20.863 0.8000000119
44270  -31.357  -51.060  -19.903 0.6999999881
48418  -32.453  -48.194  -19.889 0.6999999881
43244  -27.664  -52.738  -19.507 0.4000000060
44256  -30.438  -51.382  -18.487 0.6000000238
46400  -31.975  -49.823  -19.830 0.6999999881
49365  -33.282  -46.264  -20.135 0.6999999881
50332  -34.242  -45.072  -20.145 0.6999999881
51250  -33.583  -44.463  -20.689 0.6999999881
44255  -29.480  -51.529  -18.342 0.5000000000
148744  -34.681  -43.576  -20.765 0.6999999881
45330  -28.294  -50.208  -17.646 0.4000000060
52178  -33.985  -43.037  -21.311 0.6999999881
46375  -27.039  -49.191  -17.608 0.3000000119
45329  -27.388  -49.982  -17.883 0.3000000119
154052  -29.106  -50.336  -17.532 0.5000000000
56086  -32.283  -39.926  -24.102 0.6999999881
56077  -32.949  -40.092  -23.749 0.6999999881
54109  -34.111  -41.252  -22.365 0.6999999881
55128  -33.203  -40.485  -23.321 0.6999999881
56098  -31.878  -39.255  -24.684 0.6999999881
56107  -28.869  -39.233  -26.050 0.8000000119
57051  -29.733  -39.072  -25.695 0.8000000119
56096  -30.415  -39.329  -25.222 0.8000000119
57064  -29.243  -38.550  -26.372 0.8000000119
58123  -26.549  -37.584  -27.553 0.8000000119
59190  -26.168  -36.794  -28.766 0.8000000119
59177  -26.144  -36.865  -28.364 0.8000000119
58135  -25.981  -37.741  -28.043 0.8999999762
58151  -26.364  -37.113  -29.143 0.8999999762
60130  -26.950  -35.791  -29.683 0.8000000119
60138  -27.804  -35.005  -30.185 0.8000000119
135060  -30.768  -35.068  -30.578 0.6999999881
136597  -31.016  -35.876  -30.529 0.6000000238
60139  -28.644  -35.024  -30.471 0.6999999881
135910  -29.318  -35.740  -30.424 0.6999999881
61931  -28.511  -33.400  -30.574 0.6999999881
47428  -32.108  -49.005  -20.108 0.6999999881
45333  -31.177  -50.209  -17.848 0.6000000238
149397  -31.805  -49.681  -18.027 0.6000000238
46390  -32.375  -49.243  -18.672 0.6999999881
48402  -32.922  -48.102  -19.129 0.6999999881
48403  -33.324  -47.416  -19.012 0.6999999881
152504  -33.248  -46.976  -19.699 0.6999999881
44268  -30.101  -52.027  -18.934 0.5000000000
44257  -31.233  -51.019  -18.948 0.6000000238
49348  -33.687  -46.584  -19.094 0.6999999881
50320  -33.936  -45.814  -19.700 0.6999999881
45346  -30.818  -50.735  -18.117 0.6000000238
46388  -26.610  -49.642  -18.219 0.3000000119
45345  -29.840  -50.820  -17.775 0.5000000000
47394  -31.548  -48.980  -17.249 0.6000000238
51251  -34.461  -44.288  -20.461 0.6999999881
46368  -29.135  -48.973  -16.612 0.4000000060
47393  -30.621  -49.162  -16.818 0.6000000238
51252  -35.167  -43.927  -20.109 0.6999999881
54100  -34.624  -41.670  -21.825 0.6999999881
52158  -34.964  -42.893  -21.043 0.6999999881
49296  -27.909  -46.520  -15.877 0.3000000119
55129  -33.961  -40.300  -23.168 0.6999999881
57065  -30.106  -38.409  -26.280 0.8000000119
129987  -31.182  -38.834  -25.306 0.8000000119
153742  -32.077  -38.613  -25.369 0.6999999881
57053  -32.740  -38.717  -25.056 0.6999999881
56088  -34.037  -39.118  -24.201 0.6999999881
128035  -28.728  -37.939  -26.908 0.8000000119
57066  -30.949  -38.325  -26.205 0.8000000119
59170  -26.590  -36.665  -27.846 0.8000000119
58124  -27.224  -37.306  -27.390 0.8000000119
133596  -27.812  -38.023  -26.915 0.8000000119
58126  -29.657  -37.886  -26.928 0.8000000119
59191  -26.227  -36.064  -28.803 0.8000000119
60112  -28.193  -35.444  -28.198 0.8000000119
60113  -29.295  -35.670  -28.167 0.8000000119
138508  -30.061  -35.851  -28.162 0.8000000119
152624  -29.766  -34.469  -28.430 0.8000000119
135003  -31.085  -34.195  -30.580 0.6000000238
135004  -30.282  -34.382  -30.625 0.6999999881
141740  -27.819  -33.914  -30.428 0.8000000119
61932  -29.558  -33.890  -30.634 0.6000000238
63988  -28.463  -31.256  -30.455 0.6999999881
63989  -29.120  -31.581  -30.547 0.6000000238
139180  -30.047  -33.185  -30.621 0.6000000238
47395  -32.321  -48.848  -17.832 0.6000000238
46379  -31.042  -49.693  -17.370 0.6000000238
49329  -33.931  -46.271  -18.153 0.6999999881
49349  -34.113  -45.945  -18.839 0.6999999881
48385  -32.140  -48.100  -17.129 0.6000000238
49330  -34.345  -45.604  -18.194 0.6999999881
50321  -34.524  -45.294  -19.080 0.6999999881
51239  -34.870  -44.586  -19.668 0.6999999881
47382  -28.843  -48.281  -16.266 0.4000000060
46369  -29.932  -48.518  -16.356 0.4000000060
48377  -31.637  -47.430  -16.412 0.5000000000
49314  -33.915  -45.661  -17.449 0.6999999881
47383  -31.138  -48.344  -16.563 0.5000000000
52159  -35.563  -43.336  -19.764 0.6999999881
153904  -35.291  -43.298  -20.435 0.6999999881
48374  -28.409  -47.449  -15.976 0.3000000119
135484  -28.970  -46.720  -15.658 0.3000000119
48375  -29.451  -47.591  -15.875 0.4000000060
56087  -33.189  -39.505  -24.133 0.6999999881
54093  -35.843  -41.680  -20.898 0.6999999881
49283  -28.586  -45.887  -15.622 0.3000000119
50248  -29.026  -45.246  -15.542 0.3000000119
54110  -35.019  -41.012  -22.122 0.6999999881
55113  -35.738  -40.725  -21.761 0.6999999881
56072  -34.596  -39.795  -23.252 0.6999999881
55123  -36.053  -40.035  -22.057 0.6999999881
58127  -30.583  -37.849  -26.953 0.8000000119
57054  -33.574  -38.325  -25.364 0.6999999881
57043  -33.428  -38.864  -24.664 0.6999999881
56073  -35.460  -39.715  -22.753 0.6999999881
57044  -34.348  -38.403  -24.812 0.6999999881
57035  -35.611  -38.479  -23.791 0.6999999881
58136  -29.157  -37.208  -27.397 0.8000000119
58112  -32.834  -38.183  -25.970 0.6999999881
57045  -35.260  -38.074  -24.503 0.6999999881
59179  -27.427  -36.273  -27.798 0.8000000119
58125  -28.157  -37.192  -27.342 0.8000000119
58137  -30.108  -37.220  -27.464 0.8000000119
58138  -31.058  -37.194  -27.544 0.8000000119
58128  -31.506  -37.788  -26.941 0.8000000119
58131  -33.898  -37.131  -26.459 0.8000000119
58115  -35.157  -37.029  -25.479 0.6999999881
60111  -27.141  -35.411  -28.281 0.8000000119
59181  -29.627  -36.466  -27.803 0.8000000119
59183  -31.407  -36.344  -27.928 0.8000000119
59171  -33.525  -36.602  -27.020 0.8000000119
59178  -26.295  -36.277  -28.398 0.8000000119
131125  -27.246  -34.338  -29.009 0.8000000119
150411  -30.816  -35.597  -28.197 0.8000000119
131865  -33.326  -35.723  -27.414 0.8000000119
61015  -26.631  -34.864  -29.357 0.8000000119
139804  -28.651  -34.147  -28.585 0.8000000119
143791  -31.068  -34.514  -28.222 0.8000000119
60114  -31.713  -35.425  -28.103 0.8000000119
130264  -33.114  -34.850  -27.542 0.8000000119
61913  -27.279  -33.520  -29.714 0.8000000119
145771  -30.828  -33.480  -28.171 0.8000000119
61016  -27.142  -34.160  -29.704 0.8000000119
135012  -31.699  -33.676  -30.501 0.5000000000
144897  -30.389  -33.805  -30.622 0.6000000238
62957  -27.409  -32.650  -29.860 0.8000000119
62971  -27.583  -32.409  -30.124 0.8000000119
61933  -31.013  -33.267  -30.585 0.6000000238
63991  -31.059  -31.718  -30.490 0.6000000238
62974  -29.489  -32.390  -30.562 0.6000000238
141074  -30.517  -32.437  -30.545 0.6000000238
141730  -32.690  -48.204  -17.824 0.6999999881
48394  -33.071  -47.846  -18.331 0.6999999881
49313  -33.496  -46.357  -17.352 0.6999999881
50293  -34.423  -45.020  -17.582 0.6999999881
50308  -34.745  -45.067  -18.245 0.6999999881
49300  -32.121  -46.542  -16.255 0.5000000000
147760  -30.036  -46.783  -15.674 0.4000000060
49298  -30.563  -45.922  -15.616 0.4000000060
50274  -31.699  -45.700  -15.731 0.5000000000
51240  -35.332  -44.002  -19.267 0.6999999881
53072  -35.733  -42.507  -20.379 0.6999999881
51192  -29.329  -44.526  -15.539 0.3000000119
51212  -30.209  -44.423  -15.562 0.3000000119
146640  -31.660  -44.835  -15.604 0.5000000000
54076  -36.108  -41.967  -18.834 0.6999999881
53073  -36.179  -41.715  -20.315 0.6999999881
50247  -28.356  -45.246  -15.579 0.3000000119
52103  -30.578  -42.837  -15.599 0.3000000119
54094  -36.331  -41.124  -20.673 0.6999999881
140449  -29.752  -42.921  -15.593 0.3000000119
56066  -36.659  -39.553  -21.634 0.6999999881
58129  -32.398  -37.666  -26.778 0.8000000119
57055  -34.239  -37.897  -25.492 0.6999999881
57030  -35.952  -38.906  -23.111 0.6999999881
58113  -33.745  -37.747  -26.019 0.6999999881
58100  -34.887  -37.664  -25.197 0.6999999881
58101  -35.617  -37.186  -24.790 0.6999999881
59180  -28.638  -36.364  -27.742 0.8000000119
59182  -30.520  -36.475  -27.881 0.8000000119
58130  -33.223  -37.434  -26.615 0.6999999881
58114  -34.516  -37.239  -25.922 0.8000000119
60102  -34.799  -35.614  -26.321 0.8000000119
149823  -27.466  -34.851  -28.543 0.8000000119
60115  -32.568  -35.510  -27.797 0.8000000119
151221  -33.709  -35.118  -27.199 0.8000000119
61895  -28.014  -33.637  -28.936 0.8000000119
146739  -27.386  -33.779  -29.439 0.8000000119
61897  -29.479  -34.011  -28.488 0.8000000119
61898  -31.564  -33.729  -28.009 0.8000000119
137555  -32.991  -33.931  -27.443 0.8000000119
62940  -27.668  -32.859  -29.418 0.8000000119
141088  -29.916  -33.188  -28.358 0.8000000119
62918  -30.677  -32.575  -28.092 0.8000000119
61900  -32.967  -33.020  -27.310 0.8000000119
62991  -27.985  -31.789  -30.360 0.8000000119
48378  -32.510  -47.197  -16.807 0.6000000238
49312  -32.920  -46.417  -16.722 0.6000000238
49297  -29.503  -45.970  -15.577 0.3000000119
49299  -31.149  -46.698  -15.866 0.5000000000
50291  -33.371  -45.686  -16.767 0.6000000238
137122  -32.410  -44.918  -15.824 0.5000000000
50292  -33.842  -44.945  -16.906 0.6999999881
51224  -34.418  -44.146  -17.138 0.6999999881
52127  -35.403  -43.231  -18.078 0.6999999881
51215  -32.802  -44.098  -16.052 0.6000000238
52106  -34.674  -43.217  -17.150 0.6999999881
51226  -35.073  -43.721  -17.618 0.6999999881
53050  -35.690  -42.620  -18.480 0.6999999881
147077  -29.078  -43.246  -15.578 0.3000000119
145905  -31.313  -43.461  -15.593 0.3000000119
53018  -34.955  -42.428  -17.236 0.6999999881
52100  -28.417  -43.223  -15.684 0.3000000119
55061  -32.423  -40.791  -16.301 0.3000000119
130952  -36.515  -41.278  -19.173 0.6999999881
56021  -29.185  -39.590  -17.379 0.3000000119
56009  -30.082  -39.673  -17.136 0.3000000119
55059  -30.439  -40.446  -16.575 0.3000000119
56011  -31.965  -39.908  -16.536 0.3000000119
56976  -29.776  -38.860  -17.669 0.3000000119
56074  -36.326  -39.266  -22.383 0.6999999881
57036  -36.289  -38.162  -23.379 0.6999999881
144004  -35.371  -35.879  -25.771 0.8000000119
60101  -34.250  -34.905  -26.769 0.8000000119
60984  -34.265  -34.018  -26.626 0.8000000119
62917  -28.444  -32.696  -28.797 0.8000000119
61896  -28.943  -33.365  -28.568 0.8000000119
146313  -29.236  -32.658  -28.472 0.8000000119
140755  -29.877  -32.263  -28.299 0.8000000119
63947  -31.414  -31.933  -27.775 0.8000000119
62919  -31.481  -32.923  -27.877 0.8000000119
62920  -32.241  -32.498  -27.581 0.8000000119
133027  -27.694  -32.020  -29.670 0.8000000119
63946  -30.515  -31.745  -28.072 0.8000000119
149446  -27.567  -31.998  -29.925 0.8000000119
65940  -28.087  -30.425  -30.137 0.6999999881
64943  -28.363  -30.449  -30.341 0.6000000238
51216  -33.590  -44.125  -16.547 0.6000000238
53032  -34.343  -42.553  -16.791 0.6000000238
53033  -35.409  -42.555  -17.778 0.6999999881
138810  -32.196  -42.200  -15.887 0.4000000060
138954  -34.612  -41.939  -16.870 0.6000000238
136585  -35.387  -41.968  -17.553 0.6999999881
54075  -35.759  -41.940  -18.097 0.6999999881
55063  -34.520  -40.441  -16.782 0.4000000060
54058  -36.208  -41.263  -18.414 0.6999999881
55092  -36.644  -40.553  -18.776 0.6999999881
133256  -36.749  -40.508  -20.360 0.6999999881
56979  -32.983  -38.566  -16.981 0.3000000119
56027  -35.089  -39.934  -17.160 0.4000000060
143913  -36.613  -39.810  -18.420 0.6000000238
142841  -37.276  -39.252  -19.977 0.6999999881
56060  -36.993  -39.652  -20.789 0.6999999881
57031  -36.573  -38.499  -22.670 0.6999999881
58066  -37.461  -37.761  -21.118 0.6999999881
148063  -36.731  -37.850  -22.902 0.6999999881
59126  -37.004  -36.681  -23.107 0.6999999881
59172  -34.328  -36.487  -26.475 0.8000000119
144141  -34.027  -35.746  -26.924 0.8000000119
61899  -32.254  -33.418  -27.693 0.8000000119
61864  -34.831  -33.635  -26.078 0.8000000119
62921  -32.994  -32.140  -27.207 0.8000000119
63944  -28.559  -31.192  -28.904 0.8000000119
151566  -29.826  -31.577  -28.315 0.8000000119
139188  -31.004  -31.203  -27.882 0.8000000119
64918  -31.727  -31.019  -27.663 0.8000000119
139130  -30.285  -30.930  -28.181 0.8000000119
64944  -29.159  -30.714  -30.559 0.6000000238
64934  -27.976  -30.699  -29.842 0.8000000119
134707  -28.761  -29.705  -30.500 0.6000000238
65933  -28.075  -30.118  -30.028 0.6999999881
130087  -28.280  -28.455  -30.150 0.6999999881
52105  -33.226  -43.293  -16.289 0.6000000238
53017  -33.641  -42.562  -16.482 0.6000000238
54041  -35.055  -41.617  -17.190 0.6000000238
55078  -32.940  -40.102  -16.456 0.3000000119
54057  -35.666  -41.219  -17.683 0.6000000238
56025  -33.472  -39.371  -16.658 0.3000000119
56026  -34.398  -39.469  -16.838 0.3000000119
56981  -34.658  -38.630  -17.211 0.3000000119
131128  -35.137  -39.098  -17.281 0.5000000000
56052  -37.232  -38.966  -19.308 0.6999999881
58025  -32.054  -37.050  -17.925 0.3000000119
58016  -33.483  -37.917  -17.284 0.3000000119
58029  -37.101  -37.564  -18.678 0.4000000060
58052  -37.517  -37.747  -20.345 0.6999999881
59057  -31.781  -36.362  -18.531 0.3000000119
127271  -37.570  -37.029  -20.845 0.6000000238
60070  -37.178  -35.943  -23.066 0.6000000238
59127  -37.323  -36.511  -22.401 0.6000000238
60079  -36.232  -35.501  -24.762 0.8000000119
59136  -36.651  -36.340  -23.790 0.6999999881
60055  -37.472  -35.592  -22.190 0.6000000238
60089  -35.821  -35.676  -25.263 0.8000000119
132137  -36.525  -35.029  -24.373 0.6999999881
60069  -36.862  -35.438  -23.724 0.6999999881
60971  -34.868  -34.578  -26.239 0.8000000119
60088  -35.433  -35.126  -25.767 0.8000000119
61849  -35.957  -33.787  -25.011 0.6999999881
60963  -36.446  -34.189  -24.443 0.6999999881
60952  -36.917  -34.546  -23.753 0.6999999881
61880  -33.631  -33.514  -26.969 0.8000000119
60972  -35.431  -34.180  -25.629 0.8000000119
61865  -35.378  -33.169  -25.464 0.6999999881
148437  -36.319  -33.458  -24.467 0.6999999881
62898  -33.591  -32.644  -26.808 0.8000000119
61881  -34.216  -33.136  -26.459 0.8000000119
62871  -35.548  -32.474  -25.140 0.6999999881
135349  -35.924  -32.969  -24.807 0.6999999881
63945  -29.383  -31.063  -28.511 0.8000000119
63948  -32.352  -31.606  -27.463 0.8000000119
62899  -34.203  -32.259  -26.330 0.8000000119
64915  -29.710  -30.331  -28.489 0.8000000119
64917  -31.121  -30.393  -27.960 0.8000000119
63949  -33.066  -31.318  -27.068 0.8000000119
62941  -28.132  -31.966  -29.093 0.8000000119
64914  -28.939  -30.451  -28.844 0.8000000119
135334  -32.005  -30.215  -27.609 0.8000000119
64925  -28.342  -30.554  -29.401 0.8000000119
65924  -28.625  -29.784  -29.295 0.8000000119
66887  -28.525  -28.440  -29.552 0.6999999881
65942  -29.279  -28.955  -30.635 0.6000000238
66905  -29.869  -28.265  -30.724 0.6000000238
65923  -28.184  -29.880  -29.817 0.8000000119
66896  -28.193  -28.224  -29.939 0.6999999881
67906  -28.387  -27.432  -30.251 0.6999999881
56039  -36.354  -39.068  -18.002 0.5000000000
56040  -36.921  -39.037  -18.684 0.5000000000
56980  -33.935  -38.665  -16.964 0.3000000119
56983  -36.095  -38.188  -17.848 0.4000000060
56991  -36.725  -38.264  -18.380 0.5000000000
57004  -37.418  -38.434  -19.812 0.6000000238
59059  -34.618  -36.632  -17.566 0.3000000119
58040  -37.424  -37.644  -19.406 0.5000000000
138168  -34.253  -35.864  -17.771 0.3000000119
59060  -35.385  -36.761  -17.634 0.3000000119
134586  -37.541  -36.932  -19.870 0.6000000238
59994  -32.395  -35.539  -18.770 0.3000000119
152582  -33.917  -35.287  -18.222 0.3000000119
59061  -36.226  -36.389  -17.960 0.3000000119
59996  -33.267  -35.044  -18.676 0.3000000119
152838  -37.567  -35.599  -21.527 0.6000000238
60010  -31.792  -34.984  -19.546 0.3000000119
60953  -37.319  -35.040  -23.020 0.6999999881
61837  -36.793  -33.555  -23.813 0.6999999881
64904  -33.222  -30.564  -26.919 0.8000000119
139936  -34.836  -31.277  -25.677 0.6999999881
63915  -35.343  -31.737  -25.279 0.6999999881
63931  -34.245  -31.309  -26.215 0.6999999881
131631  -32.774  -30.042  -27.216 0.8000000119
145065  -33.384  -29.902  -26.829 0.6999999881
64916  -30.395  -30.165  -28.267 0.8000000119
65912  -30.801  -29.610  -28.212 0.6999999881
65913  -31.576  -29.577  -27.912 0.8000000119
65914  -32.383  -29.452  -27.552 0.6000000238
66906  -30.924  -28.365  -30.653 0.6000000238
128370  -29.013  -29.050  -29.036 0.6999999881
66888  -29.179  -28.224  -29.167 0.6999999881
67915  -28.532  -27.038  -30.658 0.6999999881
66914  -28.753  -27.113  -30.908 0.6999999881
149841  -28.286  -27.446  -29.977 0.6999999881
148806  -31.091  -23.445  -30.253 0.5000000000
71789  -30.079  -23.433  -30.689 0.5000000000
59087  -37.629  -36.169  -20.370 0.6000000238
60026  -37.652  -35.381  -20.866 0.6000000238
60937  -37.590  -34.615  -22.155 0.6000000238
130758  -37.385  -34.039  -22.984 0.6999999881
61827  -37.644  -33.394  -22.399 0.6999999881
61850  -36.398  -32.824  -24.215 0.6999999881
60924  -30.034  -33.937  -21.033 0.3000000119
62872  -35.975  -32.097  -24.597 0.6999999881
61838  -37.288  -33.080  -23.143 0.6999999881
62863  -36.567  -32.135  -23.912 0.6999999881
66878  -31.980  -28.818  -27.920 0.6999999881
64886  -34.673  -30.572  -25.841 0.6999999881
64887  -35.289  -30.832  -25.355 0.6000000238
64905  -33.956  -30.320  -26.426 0.6999999881
65911  -29.940  -29.525  -28.513 0.6999999881
66876  -29.884  -28.689  -28.673 0.6999999881
142303  -31.513  -28.205  -28.264 0.6999999881
67880  -32.455  -27.956  -27.870 0.6000000238
67878  -30.019  -27.930  -28.804 0.6999999881
67907  -29.436  -27.550  -30.910 0.6000000238
67908  -30.299  -27.536  -30.932 0.5000000000
68853  -28.400  -26.813  -30.202 0.6999999881
69810  -28.764  -26.277  -29.963 0.6999999881
69825  -28.895  -25.470  -30.341 0.6999999881
70826  -29.408  -24.013  -30.910 0.6000000238
60012  -37.636  -35.352  -19.829 0.5000000000
60908  -37.547  -34.569  -19.415 0.4000000060
60916  -37.715  -34.597  -20.241 0.5000000000
60925  -37.682  -34.600  -21.178 0.6000000238
147351  -37.770  -34.011  -20.666 0.5000000000
61815  -37.757  -33.845  -21.587 0.6000000238
61814  -30.366  -33.201  -21.080 0.3000000119
61800  -30.779  -33.777  -20.724 0.3000000119
143701  -36.803  -32.767  -23.666 0.6999999881
63900  -36.376  -31.395  -24.168 0.6000000238
63890  -36.877  -31.500  -23.557 0.6000000238
63899  -35.851  -31.136  -24.784 0.6000000238
66880  -33.468  -28.624  -27.067 0.6000000238
138513  -35.172  -30.116  -25.529 0.6000000238
148443  -30.679  -28.416  -28.478 0.6999999881
66879  -32.768  -28.716  -27.504 0.6000000238
65901  -33.880  -29.288  -26.611 0.6000000238
68828  -31.819  -27.384  -28.380 0.6999999881
68841  -29.436  -26.682  -29.476 0.6999999881
69833  -28.722  -25.377  -30.865 0.6999999881
67916  -29.474  -26.830  -31.206 0.6000000238
68865  -30.629  -25.536  -31.496 0.5000000000
69837  -28.830  -25.456  -31.152 0.6000000238
68864  -29.473  -25.869  -31.378 0.6000000238
70840  -30.567  -24.442  -31.645 0.5000000000
70793  -29.517  -24.954  -30.052 0.6000000238
70839  -29.605  -23.909  -31.194 0.5000000000
70811  -29.663  -24.240  -30.418 0.5000000000
71796  -29.971  -23.289  -31.123 0.5000000000
71805  -30.202  -23.104  -31.424 0.5000000000
72745  -30.273  -22.688  -30.992 0.5000000000
72746  -30.849  -22.590  -30.658 0.5000000000
136292  -37.398  -33.824  -19.068 0.4000000060
146922  -37.773  -33.734  -19.855 0.4000000060
61793  -37.564  -33.015  -19.369 0.4000000060
61791  -35.261  -33.014  -18.488 0.4000000060
131078  -37.928  -32.944  -21.640 0.6000000238
62835  -31.189  -32.937  -20.701 0.3000000119
62836  -31.774  -32.314  -20.539 0.3000000119
62821  -33.543  -32.792  -19.414 0.3000000119
62864  -37.119  -32.249  -23.312 0.6000000238
64825  -31.871  -30.432  -20.791 0.3000000119
147469  -36.698  -30.896  -23.812 0.6000000238
65887  -35.463  -29.415  -25.508 0.5000000000
64869  -36.343  -30.604  -24.340 0.6000000238
66868  -34.117  -28.413  -26.675 0.6000000238
65902  -34.519  -28.862  -26.327 0.6000000238
150007  -33.153  -28.130  -27.424 0.6000000238
66861  -35.114  -28.791  -25.945 0.6000000238
67882  -33.993  -27.160  -27.216 0.6000000238
67893  -31.155  -26.881  -28.821 0.6999999881
68829  -32.700  -27.030  -28.094 0.6000000238
69812  -30.593  -25.432  -29.539 0.6999999881
140885  -36.710  -33.872  -18.597 0.4000000060
61794  -37.969  -32.802  -20.019 0.4000000060
61803  -37.902  -33.309  -20.710 0.5000000000
62824  -37.101  -32.308  -19.001 0.4000000060
62838  -38.127  -32.493  -20.804 0.4000000060
63872  -38.146  -32.108  -21.672 0.4000000060
142931  -37.712  -32.425  -22.531 0.5000000000
127946  -31.989  -31.469  -20.568 0.3000000119
64826  -32.778  -30.654  -20.299 0.3000000119
63851  -33.601  -31.964  -19.573 0.4000000060
63891  -37.463  -31.583  -22.945 0.4000000060
64827  -33.146  -29.856  -20.245 0.3000000119
134734  -34.182  -30.712  -19.419 0.4000000060
64856  -36.835  -30.239  -23.842 0.5000000000
64857  -37.248  -30.764  -23.275 0.6000000238
65862  -36.478  -29.797  -24.426 0.5000000000
66862  -35.767  -28.631  -25.492 0.5000000000
67871  -34.381  -27.651  -26.722 0.6000000238
150266  -36.198  -28.520  -25.167 0.5000000000
68830  -33.516  -26.658  -27.720 0.6000000238
68831  -34.269  -26.351  -27.283 0.6000000238
69813  -32.256  -25.781  -28.895 0.6000000238
68844  -32.988  -26.115  -28.334 0.6000000238
149279  -31.628  -25.429  -29.299 0.5000000000
152109  -30.281  -24.637  -29.872 0.5000000000
71779  -31.962  -24.027  -29.749 0.5000000000
71790  -32.012  -23.123  -30.108 0.5000000000
72747  -32.034  -22.193  -30.268 0.5000000000
73674  -31.021  -21.517  -30.854 0.5000000000
61792  -36.952  -33.120  -18.780 0.4000000060
62825  -37.700  -32.190  -19.594 0.4000000060
148228  -38.326  -31.717  -20.943 0.4000000060
63855  -37.866  -31.411  -19.757 0.4000000060
63883  -38.262  -31.425  -21.613 0.4000000060
64847  -38.226  -30.737  -21.954 0.4000000060
65811  -32.478  -29.736  -20.621 0.3000000119
65847  -37.013  -29.481  -23.939 0.4000000060
64846  -37.814  -30.276  -22.708 0.5000000000
65821  -31.755  -29.549  -21.088 0.3000000119
66837  -36.628  -28.398  -24.723 0.4000000060
66870  -35.434  -28.012  -25.883 0.5000000000
67838  -36.777  -27.489  -24.777 0.4000000060
68819  -34.649  -26.864  -26.765 0.6000000238
67872  -35.060  -27.405  -26.318 0.5000000000
68786  -36.385  -26.933  -25.262 0.5000000000
69794  -33.842  -25.811  -27.830 0.6000000238
69777  -34.895  -26.118  -26.799 0.5000000000
68806  -35.342  -26.529  -26.329 0.5000000000
70795  -32.410  -24.954  -29.232 0.5000000000
69814  -32.924  -25.444  -28.716 0.6000000238
147529  -33.471  -25.425  -28.330 0.6000000238
69795  -34.632  -25.469  -27.299 0.6000000238
70796  -33.349  -24.843  -28.704 0.6000000238
135676  -32.768  -23.498  -29.595 0.5000000000
71791  -32.922  -22.739  -29.694 0.5000000000
74610  -31.168  -20.542  -31.069 0.5000000000
129243  -33.069  -24.159  -29.249 0.5000000000
68748  -31.103  -26.677  -22.261 0.3000000119
68737  -32.238  -26.811  -21.526 0.4000000060
68738  -32.756  -26.059  -21.445 0.4000000060
152858  -34.708  -24.845  -27.451 0.5000000000
135634  -31.012  -25.926  -22.484 0.4000000060
71780  -33.824  -24.081  -28.542 0.5000000000
70763  -36.220  -24.571  -25.880 0.5000000000
145765  -36.500  -24.805  -25.512 0.5000000000
130067  -34.312  -23.321  -28.318 0.5000000000
70762  -35.794  -24.211  -26.454 0.5000000000
127848  -33.579  -23.266  -29.042 0.6000000238
74611  -32.265  -20.117  -30.476 0.5000000000
72748  -33.021  -21.828  -29.743 0.6000000238
73661  -33.775  -21.433  -29.097 0.5000000000
73676  -33.116  -20.889  -29.737 0.6000000238
74612  -33.259  -19.925  -29.748 0.4000000060
69685  -32.272  -25.628  -21.803 0.4000000060
68714  -34.580  -26.120  -20.111 0.4000000060
145089  -34.401  -23.999  -28.011 0.5000000000
71772  -34.875  -23.425  -27.673 0.5000000000
153641  -34.176  -22.644  -28.602 0.5000000000
72724  -34.787  -22.441  -27.935 0.5000000000
132801  -35.501  -22.720  -27.145 0.5000000000
72734  -33.683  -22.310  -29.124 0.5000000000
75550  -33.893  -19.684  -29.179 0.4000000060
74599  -33.845  -20.545  -29.087 0.5000000000
70677  -33.903  -24.837  -20.923 0.4000000060
145697  -31.567  -24.344  -22.506 0.4000000060
71773  -35.376  -23.784  -27.072 0.5000000000
70745  -36.708  -24.202  -25.309 0.4000000060
136707  -34.322  -21.883  -28.533 0.4000000060
73662  -34.409  -21.011  -28.523 0.4000000060
74600  -34.420  -20.076  -28.581 0.5000000000
133987  -36.282  -22.909  -25.941 0.4000000060
73646  -34.919  -21.439  -27.995 0.4000000060
74583  -35.028  -20.569  -28.053 0.5000000000
75537  -35.028  -19.574  -28.135 0.4000000060
74573  -35.495  -20.190  -27.334 0.4000000060
73633  -35.662  -21.042  -26.933 0.4000000060
77431  -35.177  -16.930  -28.782 0.4000000060
74584  -35.327  -20.997  -27.536 0.4000000060
75538  -35.497  -19.079  -27.547 0.4000000060
73634  -36.124  -21.142  -26.284 0.4000000060
76462  -35.950  -18.552  -27.075 0.4000000060
76477  -35.548  -17.887  -27.855 0.4000000060
77419  -36.008  -17.391  -27.364 0.4000000060
77432  -35.700  -16.635  -28.283 0.4000000060
74574  -35.936  -20.376  -26.586 0.4000000060
75522  -35.934  -19.548  -26.764 0.3000000119
75523  -36.227  -18.914  -26.476 0.4000000060
74559  -36.414  -20.338  -25.949 0.4000000060
74560  -37.019  -20.470  -25.220 0.4000000060
76450  -36.595  -18.656  -25.884 0.3000000119
76463  -36.295  -18.045  -26.584 0.4000000060
77420  -36.449  -16.792  -26.817 0.4000000060
75509  -36.340  -19.524  -26.151 0.3000000119
137429  -36.576  -17.665  -26.114 0.5000000000
75510  -36.819  -19.603  -25.515 0.4000000060
76437  -37.234  -18.793  -25.087 0.4000000060
46532  -30.703  -49.582  -29.805 0.6999999881
46468  -33.203  -49.765  -24.151 0.6999999881
47468  -30.039  -48.733  -23.984 0.6999999881
136677  -33.753  -47.432  -25.138 0.8000000119
48451  -32.398  -47.565  -23.488 0.8000000119
134538  -27.333  -46.877  -24.354 0.6000000238
49395  -28.130  -45.799  -23.283 0.6000000238
138338  -33.728  -44.813  -24.033 0.8000000119
128695  -21.792  -50.907  -27.064 0.4000000060
53124  -25.192  -42.466  -28.040 0.8000000119
143244  -29.181  -46.206  -21.351 0.6000000238
43324  -26.512  -52.674  -24.661 0.5000000000
133958  -33.007  -42.472  -23.322 0.8000000119
41172  -26.637  -54.975  -21.248 0.4000000060
45407  -29.269  -50.650  -22.500 0.6000000238
43303  -30.598  -52.496  -21.379 0.6000000238
148617  -32.857  -47.536  -19.770 0.6999999881
130771  -33.111  -46.943  -17.239 0.6999999881
134397  -32.192  -34.464  -27.910 0.8000000119
51225  -34.985  -44.497  -17.863 0.6999999881
58088  -36.583  -37.297  -23.461 0.6999999881
58102  -36.222  -36.990  -24.182 0.6999999881
55080  -35.697  -40.311  -17.567 0.6000000238
57032  -37.057  -37.974  -22.275 0.6999999881
58078  -37.061  -37.276  -22.674 0.6000000238
60011  -37.408  -35.355  -18.994 0.4000000060
64868  -35.830  -30.153  -24.994 0.6000000238
73675  -32.096  -21.180  -30.338 0.5000000000
140301  -38.412  -30.974  -21.057 0.4000000060
73647  -35.358  -21.742  -27.372 0.4000000060
42380  -29.904  -52.498  -31.721 0.5000000000
44448  -29.443  -51.063  -31.968 0.5000000000
42369  -32.177  -53.138  -29.713 0.6999999881
47544  -29.332  -48.869  -32.100 0.5000000000
41233  -27.859  -55.169  -27.109 0.5000000000
48518  -28.158  -47.419  -31.681 0.6999999881
46497  -33.718  -49.772  -25.826 0.6999999881
133260  -33.544  -49.035  -26.315 0.6999999881
47499  -30.800  -48.154  -29.148 0.6999999881
149911  -31.476  -48.053  -28.697 0.6999999881
137626  -30.506  -47.028  -28.868 0.6999999881
51385  -28.164  -45.205  -31.139 0.6999999881
50447  -29.790  -45.009  -30.772 0.5000000000
143446  -28.624  -44.639  -30.853 0.6000000238
53167  -29.096  -43.154  -30.123 0.5000000000
45470  -27.134  -50.539  -26.202 0.6000000238
48479  -33.032  -46.941  -27.226 0.6999999881
51366  -26.871  -44.387  -30.550 0.6999999881
44360  -28.591  -51.365  -25.663 0.6000000238
47469  -33.418  -48.215  -24.341 0.8000000119
52248  -31.524  -43.658  -29.689 0.4000000060
133844  -31.588  -47.881  -23.422 0.8000000119
45469  -26.132  -49.958  -26.549 0.6000000238
45468  -25.035  -49.656  -27.094 0.6000000238
51350  -25.608  -44.033  -29.364 0.8000000119
133950  -32.944  -47.130  -23.674 0.6999999881
43382  -23.576  -52.267  -28.760 0.5000000000
132625  -33.729  -44.973  -25.896 0.8000000119
138822  -29.571  -41.887  -29.590 0.5000000000
46495  -24.350  -48.362  -26.731 0.6000000238
51333  -31.652  -44.280  -27.512 0.8000000119
54167  -30.327  -41.425  -29.411 0.6000000238
46444  -25.056  -47.272  -24.650 0.6000000238
53118  -28.728  -41.822  -27.207 0.8999999762
53116  -26.767  -41.733  -27.256 0.8000000119
55186  -31.810  -40.686  -29.836 0.4000000060
43352  -22.786  -51.826  -26.466 0.3000000119
135791  -23.450  -47.787  -26.112 0.5000000000
46493  -22.836  -48.505  -26.644 0.5000000000
45484  -22.246  -49.465  -27.825 0.5000000000
150371  -21.666  -50.157  -27.402 0.4000000060
134484  -31.405  -42.122  -26.613 0.8999999762
55173  -24.929  -40.961  -28.175 0.8000000119
48428  -28.417  -46.276  -21.745 0.6000000238
48439  -27.714  -46.792  -22.243 0.6000000238
148729  -29.923  -44.990  -21.303 0.8000000119
47457  -26.426  -47.801  -23.245 0.5000000000
45447  -22.510  -49.058  -26.625 0.4000000060
45449  -23.999  -49.984  -25.373 0.5000000000
45432  -24.230  -48.784  -24.990 0.5000000000
54129  -32.494  -41.678  -24.841 0.8000000119
151885  -29.127  -39.348  -29.463 0.6999999881
152121  -30.411  -37.958  -30.247 0.6000000238
47449  -27.995  -47.970  -22.321 0.6000000238
42318  -25.797  -52.943  -25.200 0.5000000000
44358  -24.905  -51.247  -25.171 0.5000000000
46446  -26.750  -49.111  -23.392 0.5000000000
44345  -25.637  -51.013  -24.627 0.5000000000
41198  -27.670  -54.303  -24.188 0.5000000000
43316  -28.025  -52.607  -23.619 0.6000000238
43325  -27.259  -52.576  -24.163 0.5000000000
42297  -27.825  -53.458  -23.906 0.6000000238
42305  -26.460  -53.438  -24.876 0.5000000000
39019  -27.749  -56.728  -22.565 0.6000000238
39031  -28.171  -56.489  -23.264 0.6000000238
44346  -26.566  -51.652  -24.352 0.5000000000
44335  -28.240  -51.716  -23.345 0.6000000238
143518  -26.166  -50.661  -24.257 0.5000000000
45405  -27.661  -49.913  -23.213 0.5000000000
148718  -25.953  -54.151  -21.072 0.4000000060
53079  -33.285  -42.501  -21.846 0.6999999881
54141  -30.038  -40.637  -25.970 0.8000000119
134513  -26.959  -40.050  -26.370 0.8999999762
41184  -29.846  -54.350  -22.043 0.5000000000
43301  -29.673  -52.660  -22.553 0.6000000238
44319  -29.084  -51.690  -22.867 0.6000000238
43302  -30.271  -52.573  -21.972 0.6000000238
42226  -28.062  -53.409  -19.820 0.4000000060
42254  -28.643  -53.958  -20.221 0.4000000060
42256  -30.488  -53.121  -21.031 0.5000000000
42255  -29.976  -53.595  -20.585 0.5000000000
44267  -27.326  -52.012  -19.178 0.4000000060
43235  -29.211  -52.230  -18.815 0.5000000000
43246  -29.857  -52.673  -19.382 0.5000000000
54115  -32.799  -41.110  -23.067 0.6999999881
56105  -26.709  -39.572  -26.515 0.8000000119
135936  -30.255  -35.770  -30.522 0.6999999881
48417  -31.707  -48.054  -20.572 0.6999999881
44288  -31.260  -50.984  -20.787 0.6999999881
141274  -31.592  -50.368  -20.262 0.6999999881
44306  -30.941  -51.782  -21.129 0.6000000238
45344  -28.830  -50.931  -17.930 0.5000000000
59205  -27.542  -35.487  -29.935 0.8000000119
45359  -31.675  -50.433  -19.447 0.6000000238
45347  -31.503  -50.363  -18.555 0.6000000238
47414  -32.546  -48.784  -19.298 0.6999999881
152424  -30.688  -52.330  -20.312 0.6000000238
43247  -30.531  -52.254  -19.746 0.5000000000
46376  -27.887  -49.439  -17.322 0.3000000119
55120  -33.561  -40.872  -22.825 0.6999999881
53081  -35.210  -42.123  -21.252 0.6999999881
47392  -28.338  -48.875  -16.765 0.3000000119
150958  -26.437  -35.502  -29.351 0.8999999762
60137  -27.215  -35.027  -29.889 0.8000000119
60136  -26.883  -34.713  -29.632 0.8000000119
61025  -28.696  -34.286  -30.565 0.6000000238
135121  -29.651  -34.889  -30.609 0.6000000238
140460  -29.287  -33.142  -30.613 0.6000000238
61930  -27.638  -33.200  -30.328 0.8000000119
45332  -30.493  -50.250  -17.531 0.6000000238
47405  -32.715  -48.530  -18.501 0.6999999881
48387  -33.470  -47.063  -18.079 0.6999999881
45331  -29.721  -50.055  -17.280 0.5000000000
48376  -30.589  -47.581  -16.074 0.4000000060
55121  -34.595  -40.478  -22.692 0.6999999881
57067  -31.830  -38.232  -26.095 0.8000000119
57034  -34.850  -38.763  -24.102 0.6999999881
61008  -26.955  -34.504  -29.370 0.8000000119
140238  -27.302  -33.744  -30.138 0.8000000119
51231  -35.037  -44.613  -18.734 0.6999999881
53064  -35.871  -42.648  -19.339 0.6999999881
52091  -28.804  -43.893  -15.539 0.3000000119
55114  -36.409  -40.402  -21.248 0.6999999881
56079  -35.196  -39.170  -23.478 0.6999999881
58087  -35.959  -37.720  -24.045 0.6999999881
58139  -32.053  -37.025  -27.530 0.8000000119
58140  -32.826  -37.079  -27.191 0.8000000119
151846  -32.135  -36.169  -27.881 0.8000000119
51232  -35.336  -43.952  -18.361 0.6999999881
50272  -29.935  -45.193  -15.567 0.3000000119
52140  -35.563  -43.327  -18.886 0.6999999881
53065  -36.236  -41.926  -19.662 0.6999999881
51214  -31.976  -44.140  -15.640 0.4000000060
54085  -36.565  -41.225  -19.951 0.6999999881
53012  -28.899  -42.483  -15.783 0.3000000119
57024  -36.965  -38.762  -21.863 0.6999999881
52119  -33.996  -43.325  -16.708 0.6000000238
54038  -32.747  -41.673  -16.210 0.3000000119
55102  -36.829  -40.573  -19.548 0.6999999881
56010  -30.997  -39.767  -16.804 0.3000000119
56024  -32.483  -39.251  -16.749 0.3000000119
65941  -28.243  -29.583  -30.175 0.6999999881
54056  -34.019  -41.767  -16.553 0.6000000238
55064  -35.103  -40.801  -17.161 0.6000000238
130424  -33.825  -40.239  -16.559 0.4000000060
55093  -37.035  -39.761  -19.208 0.6999999881
55109  -37.073  -39.975  -19.952 0.6999999881
56067  -37.328  -38.624  -20.883 0.6999999881
58079  -37.400  -37.281  -21.792 0.6000000238
62883  -34.753  -32.759  -25.949 0.8000000119
138485  -33.606  -31.790  -26.698 0.8000000119
64919  -32.530  -30.787  -27.329 0.8000000119
126757  -28.566  -28.720  -30.452 0.6000000238
66904  -28.992  -28.035  -30.666 0.6000000238
55062  -33.373  -41.086  -16.390 0.5000000000
56028  -35.725  -39.514  -17.571 0.5000000000
56992  -37.240  -38.323  -18.971 0.5000000000
59058  -32.690  -36.369  -18.140 0.3000000119
142836  -34.029  -37.268  -17.440 0.3000000119
59071  -37.367  -36.877  -19.002 0.5000000000
59107  -37.547  -36.232  -21.442 0.6000000238
60962  -36.034  -34.784  -25.092 0.8000000119
63914  -34.729  -31.954  -25.802 0.6999999881
68858  -28.482  -26.654  -30.644 0.6999999881
56990  -34.931  -37.476  -17.468 0.3000000119
139671  -33.343  -35.746  -18.228 0.3000000119
60893  -34.115  -34.605  -18.464 0.3000000119
60039  -37.602  -35.152  -21.583 0.6000000238
152174  -37.623  -33.983  -22.312 0.6000000238
68840  -28.633  -27.064  -29.754 0.6999999881
67891  -29.303  -27.478  -29.304 0.6999999881
65886  -34.675  -29.621  -26.020 0.6000000238
68842  -30.423  -26.364  -29.297 0.6999999881
68843  -32.071  -26.557  -28.600 0.6000000238
140352  -29.516  -24.727  -31.395 0.6000000238
72755  -30.264  -22.408  -31.417 0.4000000060
62822  -34.505  -32.322  -18.893 0.4000000060
62820  -32.883  -32.474  -19.956 0.3000000119
63871  -31.138  -31.036  -21.045 0.3000000119
133587  -37.392  -29.887  -23.349 0.5000000000
65888  -36.187  -29.160  -25.006 0.5000000000
137355  -31.390  -26.098  -29.103 0.5000000000
63882  -37.975  -31.551  -22.259 0.4000000060
63862  -33.539  -31.115  -19.746 0.4000000060
64818  -33.616  -30.304  -19.822 0.4000000060
129842  -36.695  -29.118  -24.444 0.5000000000
65863  -37.159  -28.715  -24.089 0.4000000060
67860  -35.715  -27.172  -25.796 0.5000000000
67793  -31.464  -27.123  -21.883 0.3000000119
68731  -33.742  -26.527  -20.638 0.4000000060
70780  -34.789  -24.283  -27.523 0.5000000000
69674  -33.886  -25.677  -20.744 0.4000000060
75495  -37.365  -19.729  -24.825 0.4000000060
147552  -33.665  -57.091  -27.456 0.5000000000
39111  -33.453  -56.583  -28.816 0.5000000000
36968  -32.306  -57.968  -25.778 0.4000000060
37983  -32.755  -57.287  -25.682 0.5000000000
37984  -33.269  -57.303  -26.070 0.5000000000
39080  -33.671  -56.490  -27.065 0.5000000000
40119  -33.616  -55.747  -27.527 0.6000000238
140403  -33.462  -54.984  -28.068 0.6000000238
39051  -32.498  -56.531  -25.334 0.5000000000
39050  -31.604  -56.337  -25.216 0.5000000000
40091  -33.415  -55.779  -25.729 0.5000000000
141285  -33.622  -55.203  -26.160 0.5000000000
40089  -31.552  -55.553  -24.929 0.5000000000
41234  -33.631  -53.969  -26.901 0.6000000238
42360  -33.414  -53.398  -27.733 0.6000000238
41248  -33.497  -54.273  -27.693 0.6000000238
42359  -32.992  -53.170  -28.610 0.6000000238
43385  -33.199  -52.478  -28.046 0.6000000238
148033  -32.569  -52.960  -29.156 0.6000000238
43395  -32.241  -52.423  -29.432 0.6000000238
44408  -32.364  -51.718  -29.060 0.6000000238
40078  -32.139  -55.104  -24.659 0.5000000000
138380  -33.479  -55.034  -25.623 0.5000000000
41219  -33.657  -54.439  -26.040 0.6000000238
147995  -31.062  -55.307  -25.091 0.5000000000
41210  -31.271  -54.810  -24.843 0.5000000000
42347  -33.607  -53.244  -26.837 0.6000000238
40100  -29.398  -55.198  -26.109 0.5000000000
41208  -29.823  -54.713  -25.677 0.5000000000
43370  -33.516  -52.570  -27.183 0.6000000238
44409  -32.895  -51.698  -28.329 0.6000000238
44423  -31.761  -51.764  -29.781 0.6000000238
41201  -32.822  -54.577  -24.756 0.5000000000
42322  -33.519  -53.862  -25.490 0.5000000000
41199  -31.159  -53.949  -24.707 0.5000000000
41200  -32.001  -54.285  -24.517 0.5000000000
42309  -33.224  -53.775  -24.927 0.5000000000
43356  -33.635  -52.737  -26.245 0.6000000238
41209  -30.449  -54.312  -25.168 0.5000000000
44378  -33.600  -51.941  -26.568 0.6000000238
41218  -28.998  -54.389  -26.208 0.5000000000
42332  -28.932  -53.594  -26.045 0.5000000000
44394  -33.361  -51.675  -27.437 0.6000000238
44407  -31.928  -50.999  -29.387 0.6000000238
145321  -31.074  -53.264  -24.654 0.5000000000
133985  -32.844  -52.133  -24.400 0.5000000000
129094  -33.332  -52.160  -24.838 0.6000000238
44362  -33.555  -51.338  -25.076 0.6000000238
42321  -30.412  -53.514  -25.023 0.5000000000
43343  -33.501  -53.029  -25.299 0.6000000238
128790  -33.595  -52.075  -25.634 0.6000000238
41217  -28.178  -54.438  -26.754 0.5000000000
41232  -27.409  -54.385  -27.216 0.5000000000
136932  -32.510  -51.002  -28.666 0.6000000238
152977  -32.125  -50.420  -28.950 0.6000000238
135662  -31.078  -51.939  -24.349 0.5000000000
43328  -31.507  -52.716  -24.421 0.5000000000
131579  -32.074  -52.081  -24.130 0.5000000000
44349  -33.151  -51.377  -24.482 0.6000000238
42319  -29.175  -53.034  -25.723 0.5000000000
42331  -28.551  -53.041  -26.179 0.5000000000
43340  -28.712  -52.266  -25.808 0.6000000238
44347  -30.731  -51.082  -24.312 0.6000000238
44336  -31.704  -51.309  -23.986 0.5000000000
44348  -32.568  -51.374  -24.096 0.5000000000
45438  -32.950  -50.643  -24.093 0.6000000238
43341  -29.539  -52.410  -25.313 0.6000000238
43326  -29.979  -51.661  -24.803 0.6000000238
45439  -33.410  -50.583  -24.629 0.6000000238
44377  -28.050  -51.727  -26.132 0.5000000000
44361  -29.202  -51.734  -25.375 0.6000000238
127045  -26.800  -53.478  -27.322 0.4000000060
45435  -29.866  -50.682  -24.651 0.6000000238
45437  -31.335  -50.541  -23.878 0.6000000238
45423  -32.246  -50.656  -23.795 0.5000000000
46467  -32.658  -50.077  -23.770 0.6000000238
46478  -33.645  -49.780  -24.926 0.6000000238
46448  -31.864  -49.865  -23.592 0.6999999881
146312  -30.261  -39.599  -29.612 0.5000000000
50276  -33.149  -44.925  -16.343 0.5000000000
59159  -35.548  -36.432  -25.341 0.6000000238
139127  -29.698  -29.885  -30.575 0.5000000000
68863  -28.750  -26.280  -31.133 0.5000000000
77408  -36.744  -16.834  -25.956 0.4000000060
78256  -37.055  -15.978  -25.742 0.3000000119
130250  -37.206  -15.230  -25.330 0.3000000119
79052  -37.432  -14.683  -24.766 0.3000000119
134750  -31.632  -58.668  -26.112 0.4000000060
36981  -33.142  -58.523  -26.448 0.5000000000
136744  -33.576  -57.211  -26.749 0.5000000000
40151  -33.170  -55.888  -29.282 0.5000000000
37982  -31.961  -57.179  -25.474 0.4000000060
41261  -33.185  -55.085  -28.968 0.6000000238
42371  -33.203  -54.134  -28.592 0.6000000238
42370  -32.667  -53.633  -29.268 0.5000000000
37995  -30.609  -57.514  -25.940 0.4000000060
39049  -30.376  -56.284  -25.660 0.5000000000
39048  -29.496  -56.094  -26.185 0.5000000000
40087  -30.052  -55.527  -25.684 0.5000000000
40099  -28.665  -55.348  -26.602 0.3000000119
40117  -27.602  -55.862  -27.474 0.4000000060
136772  -26.339  -55.839  -28.319 0.4000000060
56133  -31.460  -39.146  -30.477 0.4000000060
56129  -31.076  -39.915  -29.805 0.4000000060
53016  -32.936  -42.477  -16.177 0.4000000060
64945  -30.098  -30.659  -30.537 0.5000000000
64946  -30.889  -30.150  -30.472 0.5000000000
65943  -30.343  -29.149  -30.610 0.5000000000
139342  -37.509  -36.127  -19.401 0.4000000060
78238  -37.396  -16.376  -24.936 0.3000000119
142211  -30.749  -58.874  -26.412 0.4000000060
147993  -26.804  -52.780  -27.127 0.5000000000
42330  -27.711  -53.666  -26.850 0.5000000000
126817  -28.030  -53.149  -26.545 0.6000000238
146506  -30.770  -31.018  -30.490 0.5000000000
40118  -28.167  -55.847  -27.064 0.4000000060
39095  -33.628  -56.517  -27.934 0.6000000238
37997  -32.994  -57.999  -26.002 0.4000000060
39064  -33.492  -56.547  -26.260 0.5000000000
40101  -33.634  -55.790  -26.597 0.6000000238
40090  -32.926  -55.890  -25.215 0.5000000000
37981  -30.982  -56.937  -25.571 0.5000000000
42308  -32.648  -53.657  -24.567 0.5000000000
43329  -32.405  -52.839  -24.394 0.5000000000
42320  -29.618  -53.805  -25.587 0.5000000000
43342  -29.823  -53.082  -25.315 0.5000000000
77409  -37.186  -17.046  -25.271 0.4000000060
37994  -29.971  -57.671  -26.345 0.4000000060
41260  -32.729  -54.473  -29.476 0.4000000060
42383  -32.176  -53.921  -29.979 0.4000000060
37993  -29.352  -57.004  -26.555 0.4000000060
42316  -24.834  -54.061  -25.991 0.4000000060
142355  -24.939  -52.790  -25.603 0.3000000119
130496  -24.458  -51.914  -25.597 0.4000000060
45448  -22.926  -50.007  -26.025 0.4000000060
132709  -26.219  -54.705  -25.329 0.4000000060
41207  -26.061  -53.874  -25.290 0.4000000060
36954  -26.531  -58.517  -23.385 0.4000000060
133026  -27.129  -57.540  -24.598 0.4000000060
141159  -26.826  -56.193  -25.047 0.4000000060
40076  -26.879  -55.316  -24.950 0.4000000060
36939  -24.942  -58.122  -22.353 0.3000000119
36940  -25.802  -58.391  -22.656 0.3000000119
39016  -24.685  -57.167  -22.215 0.4000000060
39037  -27.878  -56.756  -23.972 0.4000000060
37954  -25.583  -57.697  -22.333 0.4000000060
36941  -26.559  -57.778  -22.633 0.5000000000
39017  -25.852  -56.930  -22.049 0.4000000060
39005  -25.788  -55.925  -21.713 0.4000000060
37955  -27.293  -57.356  -22.799 0.5000000000
53015  -31.416  -42.593  -15.661 0.3000000119
58028  -36.478  -37.428  -18.158 0.3000000119
58027  -35.758  -37.389  -17.711 0.3000000119
59062  -36.891  -36.870  -18.463 0.3000000119
59070  -37.117  -36.154  -18.624 0.3000000119
60895  -36.299  -34.584  -18.307 0.3000000119
149544  -36.211  -33.252  -18.489 0.3000000119
152543  -35.292  -25.997  -26.521 0.4000000060
70781  -35.218  -24.751  -27.003 0.4000000060
152833  -35.344  -32.349  -18.594 0.3000000119
63852  -34.370  -31.426  -19.188 0.3000000119
69756  -36.247  -25.378  -25.717 0.3000000119
69779  -35.749  -25.052  -26.349 0.4000000060
71758  -35.878  -23.317  -26.493 0.4000000060
62823  -36.149  -32.455  -18.583 0.3000000119
140852  -36.496  -31.601  -18.841 0.3000000119
63854  -37.282  -31.526  -19.254 0.3000000119
63853  -35.405  -31.665  -18.711 0.3000000119
64821  -37.494  -30.783  -19.442 0.3000000119
63863  -38.252  -31.231  -20.307 0.3000000119
141115  -35.969  -30.854  -18.838 0.3000000119
64820  -36.827  -30.854  -19.061 0.3000000119
65801  -37.135  -30.156  -19.219 0.3000000119
65813  -38.284  -29.979  -20.094 0.3000000119
64836  -38.485  -30.072  -21.037 0.3000000119
64819  -34.506  -29.979  -19.370 0.3000000119
140753  -34.967  -30.773  -18.936 0.3000000119
65798  -33.750  -29.514  -19.865 0.3000000119
66777  -33.900  -28.732  -19.912 0.3000000119
130349  -37.564  -29.074  -23.449 0.3000000119
65812  -33.120  -29.042  -20.403 0.3000000119
66790  -33.470  -28.285  -20.357 0.3000000119
66838  -37.277  -27.899  -24.240 0.3000000119
137189  -37.358  -27.069  -24.311 0.3000000119
68787  -37.344  -26.252  -24.413 0.3000000119
68736  -31.710  -26.273  -21.976 0.3000000119
151495  -32.246  -26.194  -21.674 0.3000000119
151322  -36.923  -26.750  -24.787 0.3000000119
69735  -36.729  -26.013  -25.103 0.3000000119
136946  -32.731  -25.014  -21.681 0.3000000119
70709  -31.291  -25.025  -22.519 0.3000000119
71759  -36.264  -23.739  -25.910 0.3000000119
72706  -35.796  -21.854  -26.660 0.3000000119
65802  -37.752  -30.055  -19.588 0.3000000119
139128  -36.435  -30.175  -19.006 0.3000000119
147420  -36.799  -29.617  -19.137 0.3000000119
147880  -38.448  -29.209  -20.431 0.3000000119
142784  -38.311  -29.814  -22.072 0.3000000119
65833  -37.952  -29.464  -22.802 0.3000000119
139129  -35.548  -30.085  -18.978 0.3000000119
65800  -36.140  -29.449  -19.047 0.3000000119
140384  -37.379  -29.433  -19.364 0.3000000119
136129  -38.622  -28.422  -20.796 0.3000000119
66797  -38.550  -28.467  -21.847 0.3000000119
66805  -38.170  -28.573  -22.813 0.3000000119
147936  -34.410  -29.195  -19.549 0.3000000119
133768  -35.829  -28.647  -19.151 0.3000000119
66778  -36.808  -28.826  -19.179 0.3000000119
66818  -37.694  -28.260  -23.582 0.3000000119
66789  -32.843  -28.233  -20.743 0.3000000119
67771  -34.081  -27.923  -19.990 0.3000000119
149984  -34.785  -28.457  -19.455 0.3000000119
67818  -37.782  -27.430  -23.663 0.3000000119
68769  -37.831  -26.572  -23.728 0.3000000119
69736  -37.323  -25.396  -24.550 0.3000000119
69686  -33.271  -25.391  -21.302 0.3000000119
70732  -36.795  -25.050  -25.138 0.3000000119
70697  -33.293  -24.494  -21.422 0.3000000119
70733  -37.311  -24.495  -24.661 0.3000000119
71745  -36.714  -23.260  -25.433 0.3000000119
151718  -36.647  -22.574  -25.546 0.3000000119
72707  -36.305  -22.038  -25.939 0.3000000119
134144  -38.038  -29.282  -19.790 0.3000000119
66779  -37.663  -28.639  -19.513 0.3000000119
66780  -38.334  -28.339  -19.970 0.3000000119
67787  -38.637  -27.601  -20.453 0.3000000119
67795  -38.696  -27.734  -21.362 0.3000000119
128818  -35.536  -27.948  -19.300 0.3000000119
67773  -37.279  -27.964  -19.366 0.3000000119
147928  -37.974  -27.901  -19.618 0.3000000119
142632  -34.938  -26.819  -19.702 0.3000000119
140122  -35.792  -27.169  -19.402 0.3000000119
133528  -38.331  -26.986  -22.917 0.3000000119
68770  -38.326  -26.010  -23.136 0.3000000119
69675  -34.559  -25.139  -20.314 0.3000000119
69724  -37.834  -25.703  -23.863 0.3000000119
70678  -34.462  -24.301  -20.454 0.3000000119
70723  -37.883  -24.839  -24.029 0.3000000119
133780  -33.860  -23.973  -20.993 0.3000000119
146149  -34.370  -23.608  -20.554 0.3000000119
71732  -37.930  -23.965  -24.188 0.3000000119
71746  -37.314  -23.498  -24.786 0.3000000119
137377  -37.089  -22.678  -25.102 0.3000000119
72690  -36.870  -21.998  -25.310 0.3000000119
68716  -36.416  -26.457  -19.408 0.3000000119
135905  -37.345  -26.473  -19.441 0.3000000119
152731  -38.580  -26.626  -19.939 0.3000000119
133000  -38.799  -27.114  -21.031 0.3000000119
138183  -38.680  -27.044  -21.884 0.3000000119
68715  -35.505  -26.276  -19.569 0.3000000119
142085  -38.748  -26.087  -19.982 0.3000000119
68732  -38.750  -26.721  -20.360 0.3000000119
68749  -38.663  -26.241  -22.257 0.3000000119
69653  -35.392  -25.410  -19.703 0.3000000119
69654  -36.056  -25.806  -19.457 0.3000000119
69655  -36.831  -25.758  -19.405 0.3000000119
71661  -34.988  -23.709  -20.041 0.3000000119
71677  -35.534  -23.031  -19.782 0.3000000119
70724  -38.464  -24.283  -23.489 0.3000000119
128310  -34.705  -23.035  -20.300 0.3000000119
71731  -37.924  -23.219  -24.263 0.3000000119
72677  -37.602  -22.653  -24.566 0.3000000119
148690  -37.312  -22.111  -24.841 0.3000000119
73616  -36.653  -21.231  -25.585 0.3000000119
68717  -38.240  -26.426  -19.669 0.3000000119
69656  -37.716  -25.680  -19.478 0.3000000119
68733  -38.971  -25.873  -20.636 0.3000000119
69687  -38.959  -25.602  -21.603 0.3000000119
150763  -35.757  -24.907  -19.608 0.3000000119
70659  -37.155  -24.878  -19.421 0.3000000119
70660  -38.049  -24.979  -19.518 0.3000000119
70658  -36.195  -24.528  -19.519 0.3000000119
71663  -36.932  -23.935  -19.451 0.3000000119
70711  -38.796  -24.627  -22.816 0.3000000119
73541  -34.578  -21.820  -20.439 0.3000000119
71662  -35.907  -23.797  -19.622 0.3000000119
71678  -36.591  -23.096  -19.513 0.3000000119
72623  -34.432  -22.471  -20.535 0.3000000119
72624  -35.081  -22.360  -20.028 0.3000000119
72625  -36.155  -22.214  -19.581 0.3000000119
71717  -38.449  -23.394  -23.673 0.3000000119
137747  -37.785  -21.899  -24.364 0.3000000119
73617  -37.281  -21.350  -24.870 0.3000000119
69677  -39.128  -25.056  -20.873 0.3000000119
71664  -38.034  -24.148  -19.495 0.3000000119
70679  -39.038  -24.665  -20.222 0.3000000119
70680  -39.236  -24.276  -20.812 0.3000000119
71680  -38.473  -23.393  -19.651 0.3000000119
142605  -38.925  -23.983  -19.954 0.3000000119
71697  -39.296  -23.716  -21.512 0.3000000119
71679  -37.652  -23.240  -19.472 0.3000000119
71703  -39.167  -22.724  -22.449 0.3000000119
73542  -35.362  -21.595  -19.853 0.3000000119
73543  -36.197  -21.399  -19.549 0.3000000119
72626  -37.331  -22.403  -19.464 0.3000000119
72664  -38.805  -22.644  -23.217 0.3000000119
72678  -38.207  -22.557  -23.977 0.3000000119
73584  -38.505  -21.563  -23.613 0.3000000119
148147  -37.867  -21.187  -24.279 0.3000000119
152091  -37.697  -19.137  -24.469 0.3000000119
74542  -37.584  -20.522  -24.539 0.3000000119
71681  -39.222  -23.616  -20.618 0.3000000119
130138  -34.733  -21.046  -20.324 0.3000000119
128774  -39.027  -23.125  -20.086 0.3000000119
72642  -39.298  -23.014  -20.992 0.3000000119
71704  -39.285  -23.086  -21.885 0.3000000119
73544  -37.039  -21.621  -19.453 0.3000000119
142472  -39.136  -22.258  -20.334 0.3000000119
72649  -39.114  -21.944  -22.642 0.3000000119
74523  -38.664  -20.654  -23.344 0.3000000119
73566  -39.040  -21.054  -22.734 0.3000000119
129410  -38.508  -19.887  -23.510 0.3000000119
74543  -38.198  -20.596  -23.939 0.3000000119
132446  -37.945  -19.782  -24.190 0.3000000119
127463  -35.652  -20.690  -19.695 0.3000000119
74479  -36.794  -20.862  -19.461 0.3000000119
150510  -37.618  -21.124  -19.494 0.3000000119
137075  -38.448  -20.995  -19.680 0.3000000119
73560  -39.307  -21.659  -20.928 0.3000000119
74481  -38.449  -20.099  -19.680 0.3000000119
74498  -39.320  -20.959  -20.944 0.3000000119
75462  -39.211  -19.690  -21.812 0.3000000119
74510  -39.257  -20.591  -21.884 0.3000000119
75461  -38.896  -19.306  -22.873 0.3000000119
74509  -38.981  -20.190  -22.748 0.3000000119
77396  -37.419  -17.906  -24.866 0.3000000119
130362  -37.709  -18.512  -24.488 0.3000000119
76451  -36.967  -17.844  -25.527 0.3000000119
75414  -35.399  -19.651  -19.853 0.3000000119
75416  -37.683  -19.630  -19.428 0.3000000119
74482  -39.075  -20.449  -20.166 0.3000000119
75444  -39.218  -19.672  -20.640 0.3000000119
147527  -39.286  -20.271  -21.064 0.3000000119
75480  -38.279  -18.797  -23.785 0.3000000119
76438  -37.908  -17.821  -24.263 0.3000000119
150767  -37.541  -17.234  -24.687 0.3000000119
75415  -36.595  -19.926  -19.452 0.3000000119
42382  -31.654  -53.317  -30.391 0.4000000060
36953  -25.844  -58.951  -23.114 0.3000000119
40077  -27.510  -56.083  -24.507 0.4000000060
41197  -26.840  -54.307  -24.784 0.4000000060
37965  -27.206  -57.810  -23.360 0.4000000060
40049  -26.795  -55.769  -21.518 0.4000000060
39018  -26.995  -57.058  -22.238 0.4000000060
52104  -32.331  -43.174  -15.787 0.3000000119
62826  -38.117  -31.988  -20.187 0.3000000119
68807  -36.019  -26.307  -25.746 0.4000000060
67784  -32.608  -27.537  -21.120 0.3000000119
68730  -33.028  -26.752  -21.090 0.3000000119
69702  -31.682  -25.542  -22.215 0.3000000119
69703  -32.069  -24.825  -22.163 0.3000000119
67786  -34.277  -27.077  -20.159 0.3000000119
70696  -32.660  -24.216  -21.850 0.3000000119
35961  -26.104  -59.149  -23.676 0.4000000060
36959  -26.468  -58.831  -24.418 0.4000000060
39047  -26.749  -57.048  -25.122 0.4000000060
39036  -27.371  -56.900  -24.573 0.4000000060
37953  -24.173  -57.795  -22.360 0.3000000119
67785  -33.422  -27.475  -20.594 0.3000000119
65799  -35.200  -29.296  -19.178 0.3000000119
67819  -38.154  -27.810  -23.108 0.3000000119
67772  -34.845  -27.549  -19.597 0.3000000119
133769  -36.382  -27.960  -19.218 0.3000000119
71696  -33.217  -23.510  -21.559 0.3000000119
145280  -32.572  -23.524  -22.031 0.3000000119
67775  -38.394  -27.276  -19.881 0.3000000119
135928  -36.864  -27.215  -19.361 0.3000000119
67774  -37.760  -27.225  -19.529 0.3000000119
69725  -38.367  -25.147  -23.334 0.3000000119
69704  -38.720  -25.378  -22.531 0.3000000119
70657  -35.262  -24.522  -19.836 0.3000000119
69657  -38.451  -25.524  -19.703 0.3000000119
68739  -38.865  -26.435  -21.294 0.3000000119
69676  -38.935  -25.319  -20.103 0.3000000119
140157  -39.058  -23.651  -22.682 0.3000000119
72641  -33.371  -22.506  -21.495 0.3000000119
70698  -39.131  -24.628  -21.874 0.3000000119
72650  -39.308  -22.298  -21.598 0.3000000119
72627  -38.413  -22.552  -19.633 0.3000000119
129832  -37.985  -21.739  -19.517 0.3000000119
73545  -38.667  -21.776  -19.776 0.3000000119
74480  -37.635  -20.425  -19.481 0.3000000119
73546  -39.078  -21.350  -20.206 0.3000000119
75418  -38.948  -19.716  -19.931 0.3000000119
76346  -39.107  -18.965  -20.032 0.3000000119
34957  -25.321  -60.125  -23.802 0.4000000060
40159  -23.698  -55.882  -30.092 0.3000000119
39107  -24.404  -56.444  -29.985 0.3000000119
40158  -23.152  -56.206  -30.468 0.3000000119
40149  -25.160  -55.680  -29.005 0.3000000119
143626  -23.978  -56.509  -22.127 0.3000000119
40062  -24.701  -56.082  -21.901 0.3000000119
40048  -24.121  -55.188  -21.779 0.3000000119
39045  -25.242  -56.459  -26.011 0.3000000119
36967  -26.220  -58.667  -25.198 0.3000000119
143263  -26.101  -56.327  -25.528 0.3000000119
37970  -27.055  -58.112  -24.167 0.3000000119
142570  -25.701  -54.992  -25.645 0.3000000119
40085  -25.490  -55.602  -25.789 0.3000000119
36966  -25.553  -58.926  -25.636 0.3000000119
39046  -26.040  -57.215  -25.620 0.3000000119
148962  -31.746  -42.203  -29.451 0.3000000119
35947  -25.121  -58.983  -22.693 0.3000000119
35960  -25.491  -59.556  -23.324 0.4000000060
36979  -30.703  -58.185  -26.186 0.4000000060
37030  -22.327  -58.080  -31.185 0.4000000060
37971  -27.527  -57.459  -24.019 0.4000000060
37980  -26.641  -57.988  -25.056 0.3000000119
37996  -31.384  -57.769  -25.780 0.4000000060
37998  -33.412  -57.949  -26.553 0.5000000000
39006  -26.599  -56.485  -21.831 0.4000000060
39038  -32.295  -55.822  -24.935 0.5000000000
39052  -33.115  -56.584  -25.661 0.5000000000
39063  -30.095  -56.937  -25.990 0.4000000060
39093  -25.837  -56.264  -28.783 0.4000000060
39115  -22.579  -56.698  -30.611 0.3000000119
39116  -23.238  -56.835  -30.785 0.3000000119
39117  -23.784  -56.625  -30.493 0.3000000119
40063  -29.084  -55.410  -22.628 0.6000000238
40072  -28.546  -55.755  -23.257 0.6000000238
40079  -32.716  -55.336  -24.888 0.5000000000
40080  -33.166  -55.210  -25.156 0.5000000000
40086  -26.205  -55.506  -25.409 0.3000000119
40088  -30.866  -55.783  -25.314 0.5000000000
40133  -26.467  -55.169  -28.013 0.6000000238
40135  -33.451  -55.793  -28.455 0.6000000238
41174  -29.073  -55.041  -21.304 0.5000000000
41175  -29.617  -54.597  -21.500 0.5000000000
41183  -29.480  -54.722  -22.449 0.5000000000
41206  -25.540  -54.341  -25.650 0.4000000060
41211  -33.372  -54.498  -25.264 0.5000000000
41246  -25.240  -54.445  -28.512 0.5000000000
41247  -25.934  -54.456  -28.120 0.5000000000
41259  -23.992  -54.555  -29.334 0.4000000060
42227  -28.850  -53.437  -19.736 0.4000000060
42284  -30.062  -53.441  -22.089 0.5000000000
42307  -31.822  -53.461  -24.461 0.5000000000
42317  -25.320  -53.570  -25.607 0.4000000060
42333  -33.658  -53.551  -26.099 0.6000000238
43271  -30.380  -52.868  -20.242 0.5000000000
43288  -30.765  -52.419  -20.802 0.6000000238
43327  -30.470  -52.664  -24.811 0.5000000000
43330  -33.092  -52.941  -24.665 0.6000000238
43355  -28.047  -52.496  -26.368 0.6000000238
43369  -26.156  -52.580  -27.417 0.6000000238
43384  -32.720  -52.412  -28.767 0.6000000238
43402  -29.691  -51.763  -31.707 0.5000000000
44253  -27.036  -51.239  -18.826 0.4000000060
44269  -30.852  -51.635  -19.382 0.6000000238
44287  -30.972  -51.780  -20.352 0.6000000238
44372  -21.546  -50.613  -27.756 0.4000000060
44373  -21.942  -49.823  -26.912 0.4000000060
44391  -24.155  -50.696  -27.974 0.6000000238
45371  -31.383  -50.238  -20.843 0.6999999881
45388  -30.542  -50.246  -21.695 0.8000000119
45422  -27.615  -50.865  -23.478 0.5000000000
45483  -21.731  -49.733  -27.596 0.4000000060
45487  -33.491  -50.787  -27.002 0.6999999881
46377  -28.877  -49.636  -17.108 0.5000000000
46378  -29.751  -49.394  -16.819 0.5000000000
46389  -32.048  -49.891  -18.993 0.6000000238
46401  -32.278  -49.381  -19.405 0.6999999881
46461  -25.051  -48.512  -24.390 0.5000000000
46475  -25.863  -48.823  -26.276 0.6000000238
46476  -27.193  -49.001  -25.531 0.6000000238
46521  -32.022  -49.704  -28.793 0.6000000238
46546  -29.126  -49.783  -31.775 0.5000000000
47381  -27.914  -48.120  -16.450 0.3000000119
47462  -33.122  -48.812  -23.927 0.8000000119
47465  -24.355  -47.265  -25.409 0.6000000238
47476  -23.911  -47.336  -25.799 0.5000000000
47478  -25.091  -47.199  -25.546 0.6000000238
47486  -23.933  -47.530  -26.166 0.6000000238
47525  -27.912  -48.087  -31.274 0.6999999881
47542  -28.245  -48.045  -31.607 0.6999999881
48386  -32.866  -47.574  -17.539 0.6999999881
48437  -26.574  -46.423  -23.472 0.6000000238
48446  -26.097  -46.633  -23.978 0.6000000238
48458  -26.338  -46.720  -24.403 0.6000000238
48478  -32.402  -47.144  -27.914 0.6999999881
48531  -28.682  -47.936  -31.846 0.6000000238
48532  -29.369  -48.136  -32.031 0.5000000000
49375  -27.974  -45.541  -22.272 0.6000000238
49376  -28.389  -45.511  -21.860 0.6000000238
49386  -26.921  -46.199  -23.209 0.6000000238
49387  -27.410  -45.891  -22.747 0.6000000238
49404  -26.181  -46.610  -24.064 0.6000000238
49443  -26.717  -46.160  -30.307 0.6999999881
49454  -26.747  -46.273  -30.693 0.6999999881
50273  -30.876  -45.069  -15.576 0.4000000060
50275  -32.652  -45.706  -16.242 0.5000000000
50365  -28.590  -45.398  -22.663 0.6999999881
50416  -30.267  -44.847  -28.247 0.6999999881
50436  -26.267  -45.384  -29.882 0.8000000119
50446  -26.493  -45.706  -30.359 0.8000000119
50448  -30.454  -45.432  -30.738 0.5000000000
50461  -26.850  -45.851  -30.872 0.6999999881
50462  -27.539  -45.924  -31.297 0.6999999881
50463  -28.609  -46.013  -31.470 0.6000000238
51191  -28.544  -44.624  -15.539 0.3000000119
51213  -31.085  -44.273  -15.571 0.5000000000
51315  -33.699  -44.126  -25.409 0.8000000119
51323  -33.315  -44.192  -26.335 0.8000000119
51331  -27.916  -44.006  -28.411 0.8000000119
51364  -25.720  -44.125  -29.829 0.8000000119
52101  -29.579  -43.777  -15.551 0.3000000119
52102  -30.421  -43.642  -15.561 0.3000000119
52120  -35.117  -43.048  -17.538 0.6999999881
52214  -25.959  -42.866  -27.883 0.8000000119
52215  -26.245  -42.392  -27.645 0.8000000119
52217  -31.962  -43.507  -27.125 0.8000000119
52224  -25.462  -43.066  -28.520 0.8000000119
52228  -29.732  -43.462  -27.828 0.8000000119
52230  -31.201  -43.675  -27.460 0.8000000119
52247  -31.005  -42.859  -29.561 0.5000000000
52258  -26.148  -43.970  -30.196 0.8000000119
53135  -24.874  -42.064  -27.993 0.8000000119
53136  -25.149  -42.539  -28.440 0.8000000119
54039  -33.347  -41.925  -16.359 0.5000000000
54040  -34.575  -41.261  -16.808 0.6000000238
54101  -35.424  -41.388  -21.516 0.6999999881
54102  -35.987  -41.086  -21.231 0.6999999881
54136  -25.530  -41.275  -27.241 0.8999999762
54146  -25.017  -41.454  -27.701 0.8000000119
54153  -24.836  -41.578  -28.071 0.8000000119
54161  -24.965  -41.693  -28.507 0.8000000119
54162  -25.441  -41.749  -29.112 0.8000000119
54163  -26.313  -41.730  -29.513 0.8000000119
54164  -27.278  -41.699  -29.686 0.6999999881
55079  -34.084  -40.962  -16.558 0.4000000060
55081  -36.234  -40.517  -18.093 0.6000000238
55122  -35.393  -40.394  -22.292 0.6999999881
55127  -32.491  -40.629  -23.657 0.6999999881
55143  -26.411  -40.103  -26.463 0.8000000119
55145  -29.797  -40.055  -25.463 0.8000000119
55154  -26.709  -40.497  -26.544 0.8999999762
55182  -27.376  -40.359  -29.394 0.6999999881
56078  -33.775  -39.790  -23.638 0.6999999881
56097  -30.996  -39.604  -24.748 0.6999999881
56103  -25.548  -40.115  -26.945 1.0000000000
56104  -25.991  -39.871  -26.605 1.0000000000
56114  -25.579  -39.142  -27.660 0.8999999762
56119  -25.322  -39.478  -27.933 0.8999999762
56127  -28.858  -40.019  -29.347 0.6999999881
56128  -29.606  -39.834  -29.415 0.6999999881
57025  -37.280  -38.087  -21.605 0.6999999881
57052  -30.447  -38.765  -25.636 0.8000000119
57072  -25.855  -38.471  -27.828 0.8999999762
57082  -26.038  -38.285  -28.349 0.8999999762
57083  -26.439  -38.124  -28.882 0.8999999762
57085  -27.577  -37.710  -29.464 0.6999999881
58122  -26.136  -38.026  -27.755 0.8000000119
58161  -30.609  -37.314  -30.458 0.6000000238
59147  -36.130  -36.283  -24.665 0.6000000238
59158  -35.017  -36.474  -25.945 0.8000000119
59169  -26.138  -37.131  -27.980 0.8999999762
59184  -32.767  -36.388  -27.540 0.8000000119
59198  -27.778  -36.192  -29.847 0.8000000119
60080  -36.503  -35.727  -24.281 0.8000000119
60100  -26.603  -35.784  -28.320 0.8000000119
60123  -26.308  -35.492  -28.769 0.8000000119
60129  -26.304  -35.360  -29.121 0.8999999762
60983  -33.686  -34.379  -27.124 0.8000000119
60996  -26.619  -35.006  -28.747 0.8000000119
61007  -26.403  -35.036  -28.939 0.8000000119
61023  -27.318  -34.407  -30.094 0.8000000119
61024  -28.029  -34.528  -30.405 0.8000000119
61922  -27.280  -33.235  -30.017 0.8000000119
62837  -32.348  -32.186  -20.335 0.3000000119
62884  -35.140  -32.412  -25.522 0.6999999881
62972  -28.077  -32.575  -30.479 0.8000000119
62973  -28.775  -32.725  -30.579 0.6999999881
63930  -33.619  -31.055  -26.646 0.8000000119
63963  -28.024  -31.311  -29.495 0.8000000119
63977  -27.738  -31.410  -29.874 0.8000000119
63987  -27.746  -31.577  -30.078 0.8000000119
63990  -30.032  -31.512  -30.525 0.5000000000
64822  -38.056  -30.676  -19.880 0.3000000119
64828  -38.340  -30.584  -20.404 0.3000000119
64942  -27.892  -30.880  -30.037 0.6999999881
64956  -28.024  -31.049  -30.237 0.8000000119
65823  -38.534  -29.183  -21.419 0.3000000119
65834  -38.351  -29.104  -22.229 0.3000000119
65910  -29.238  -29.823  -28.807 0.8000000119
65915  -33.135  -29.338  -27.145 0.6000000238
65934  -28.098  -29.187  -29.990 0.6999999881
66869  -34.772  -28.188  -26.318 0.5000000000
66877  -31.177  -28.948  -28.197 0.6999999881
66903  -28.552  -27.747  -30.486 0.6999999881
67804  -38.477  -27.768  -22.349 0.3000000119
67861  -36.149  -27.882  -25.332 0.5000000000
67879  -30.911  -27.665  -28.607 0.6999999881
67881  -33.731  -27.903  -27.099 0.6000000238
67890  -28.538  -27.797  -29.664 0.6999999881
67892  -30.217  -27.172  -29.022 0.6999999881
68747  -30.462  -26.663  -22.498 0.3000000119
68862  -28.533  -26.579  -30.894 0.5000000000
69755  -35.664  -25.806  -26.243 0.4000000060
69778  -35.251  -25.536  -26.708 0.4000000060
69811  -29.526  -25.814  -29.722 0.6999999881
69824  -28.538  -26.089  -30.534 0.6999999881
69832  -28.536  -26.053  -30.940 0.6999999881
70661  -38.621  -24.747  -19.761 0.3000000119
70794  -31.282  -24.761  -29.609 0.5000000000
70797  -34.154  -24.856  -27.986 0.5000000000
70812  -30.653  -24.057  -30.061 0.5000000000
70825  -29.049  -24.708  -30.672 0.6000000238
70838  -29.064  -24.670  -31.019 0.5000000000
73567  -39.292  -21.415  -21.813 0.3000000119
130215  -33.274  -27.475  -27.577 0.6000000238
130222  -33.635  -54.919  -26.987 0.6000000238
130741  -30.972  -47.489  -28.812 0.6999999881
130749  -24.638  -53.349  -25.876 0.3000000119
131327  -28.410  -53.707  -26.460 0.5000000000
132558  -24.280  -53.116  -28.659 0.6000000238
133028  -29.024  -31.898  -28.566 0.8000000119
133619  -33.721  -48.261  -24.983 0.8000000119
134015  -30.072  -35.000  -28.365 0.8000000119
134268  -27.520  -47.177  -31.398 0.6999999881
134733  -28.602  -32.046  -30.509 0.6000000238
134969  -28.372  -37.877  -29.582 0.6999999881
136234  -28.303  -29.050  -29.677 0.6999999881
136920  -26.047  -59.243  -24.958 0.4000000060
138029  -27.226  -47.298  -31.111 0.6999999881
138654  -29.142  -34.794  -28.423 0.8000000119
139059  -22.486  -50.767  -26.431 0.4000000060
140192  -30.839  -51.058  -21.456 0.6999999881
141030  -27.906  -34.343  -28.751 0.8000000119
141656  -27.003  -38.152  -27.062 0.8000000119
141794  -26.029  -44.759  -29.537 0.8000000119
142077  -30.307  -49.736  -17.123 0.5000000000
142406  -27.725  -40.963  -29.521 0.6999999881
142423  -33.660  -36.470  -17.693 0.3000000119
142468  -27.773  -51.632  -18.693 0.5000000000
142475  -29.336  -53.751  -20.222 0.5000000000
142739  -30.577  -55.071  -25.307 0.5000000000
142800  -27.587  -55.193  -24.403 0.6000000238
143132  -36.220  -25.203  -19.481 0.3000000119
143267  -29.030  -52.885  -19.285 0.5000000000
144961  -30.216  -34.097  -28.369 0.8000000119
145228  -35.954  -22.562  -26.420 0.3000000119
145412  -33.357  -26.087  -21.086 0.4000000060
145925  -29.497  -42.591  -29.790 0.5000000000
145965  -22.778  -48.901  -27.283 0.5000000000
146324  -34.508  -39.322  -23.739 0.6999999881
146566  -26.158  -39.338  -26.815 1.0000000000
147152  -36.190  -39.851  -17.886 0.6000000238
147639  -26.449  -38.292  -27.315 0.8000000119
148266  -27.484  -51.304  -26.311 0.6000000238
148438  -35.747  -38.818  -17.620 0.4000000060
148482  -26.348  -36.103  -29.231 0.8999999762
148487  -26.587  -35.151  -29.469 0.8000000119
148613  -25.956  -53.333  -20.690 0.4000000060
148723  -29.895  -44.375  -30.490 0.5000000000
148910  -27.677  -48.011  -30.942 0.6999999881
148953  -25.178  -40.370  -28.253 0.8000000119
150230  -28.294  -34.729  -28.499 0.8000000119
150235  -23.006  -55.446  -30.166 0.3000000119
150506  -28.753  -45.761  -21.548 0.6000000238
150515  -32.765  -25.522  -21.550 0.4000000060
150683  -36.150  -19.959  -26.368 0.3000000119
150929  -25.273  -39.814  -28.149 0.8999999762
151057  -30.188  -40.245  -25.382 0.8000000119
152262  -37.039  -39.162  -21.322 0.6999999881
152282  -33.501  -43.686  -23.662 0.8000000119
152329  -23.718  -53.921  -29.204 0.5000000000
152502  -30.943  -56.346  -25.423 0.5000000000
153101  -27.872  -40.737  -26.503 0.8000000119
153145  -27.485  -47.715  -31.103 0.6999999881
153443  -30.509  -29.038  -28.398 0.6999999881
153814  -37.741  -30.972  -22.649 0.4000000060
