#!ascii label  , from subject sub-v1s12x0050121_ses-1 vox2ras=TkReg
1223
45974  18.286  -47.088  43.896 0.0000000000
46855  31.552  -45.591  51.684 0.0000000000
65487  37.744  -24.958  30.463 0.0000000000
57273  30.424  -35.382  39.860 0.0000000000
53704  36.621  -39.202  44.108 0.0000000000
75811  48.558  -14.909  24.902 0.0000000000
66331  36.455  -23.535  34.490 0.0000000000
64509  31.604  -26.423  34.882 0.0000000000
41639  12.627  -50.414  41.999 0.0000000000
48941  24.414  -43.365  49.050 0.0000000000
47992  27.613  -43.029  45.580 0.0000000000
50943  20.378  -41.598  43.716 0.0000000000
72143  42.394  -19.051  28.932 0.0000000000
46905  21.191  -46.245  50.797 0.0000000000
40538  15.227  -50.216  47.128 0.0000000000
68391  41.828  -23.852  30.869 0.0000000000
39533  9.500  -51.572  46.239 0.0000000000
35589  5.314  -57.011  45.531 0.0000000000
62717  32.269  -29.278  39.542 0.0000000000
147865  33.568  -37.298  41.697 0.0000000000
51020  33.520  -41.854  37.832 0.0000000000
48053  31.012  -43.857  41.657 0.0000000000
67290  36.047  -23.968  37.734 0.0000000000
66346  34.167  -24.465  34.890 0.0000000000
65409  34.158  -26.165  37.944 0.0000000000
68325  38.571  -22.500  36.855 0.0000000000
46004  17.300  -47.611  41.281 0.0000000000
131467  14.639  -49.672  39.866 0.0000000000
43729  15.700  -49.335  42.303 0.0000000000
131083  20.566  -43.711  47.884 0.0000000000
49938  22.310  -41.956  46.612 0.0000000000
48996  18.611  -43.720  44.546 0.0000000000
133172  18.436  -44.969  40.877 0.0000000000
67369  37.349  -24.531  29.357 0.0000000000
65456  39.380  -25.690  32.304 0.0000000000
66384  39.314  -25.010  30.626 0.0000000000
69347  38.672  -22.861  29.288 0.0000000000
39503  14.464  -51.731  49.594 0.0000000000
40529  12.401  -50.106  47.372 0.0000000000
39506  11.574  -51.410  49.660 0.0000000000
35508  5.431  -56.780  50.638 0.0000000000
36546  6.082  -55.695  48.163 0.0000000000
33484  4.365  -58.100  47.719 0.0000000000
31298  3.102  -61.385  46.317 0.0000000000
29118  2.305  -62.375  47.669 0.0000000000
58070  34.636  -35.671  43.869 0.0000000000
56430  35.350  -37.647  42.679 0.0000000000
53735  33.703  -39.402  40.367 0.0000000000
50989  34.126  -40.711  41.371 0.0000000000
50952  26.310  -41.137  42.668 0.0000000000
48023  29.825  -43.522  43.399 0.0000000000
50004  28.097  -42.688  40.527 0.0000000000
50019  29.137  -43.536  38.902 0.0000000000
59839  30.326  -31.801  39.714 0.0000000000
61811  30.118  -30.487  37.745 0.0000000000
135293  29.028  -33.725  37.382 0.0000000000
76720  51.658  -14.069  23.308 0.0000000000
75821  49.351  -14.884  22.640 0.0000000000
65441  37.092  -24.814  32.704 0.0000000000
148533  34.767  -24.587  32.805 0.0000000000
66330  39.346  -23.968  34.609 0.0000000000
133478  28.424  -44.574  50.260 0.0000000000
45918  30.130  -45.475  49.119 0.0000000000
47966  26.426  -42.926  47.193 0.0000000000
49963  24.596  -41.380  44.448 0.0000000000
51893  22.591  -40.410  41.801 0.0000000000
72130  44.694  -20.081  30.846 0.0000000000
73094  44.559  -18.036  29.215 0.0000000000
74029  45.227  -16.857  26.934 0.0000000000
74915  46.311  -16.135  24.592 0.0000000000
46944  19.335  -46.513  47.566 0.0000000000
42627  16.934  -48.863  44.858 0.0000000000
43647  19.164  -48.608  48.572 0.0000000000
48928  22.682  -44.612  50.472 0.0000000000
70268  41.655  -21.405  30.081 0.0000000000
41608  13.338  -49.488  44.951 0.0000000000
39570  10.158  -51.366  43.933 0.0000000000
38612  8.304  -53.347  43.995 0.0000000000
38550  8.628  -52.920  49.584 0.0000000000
37584  6.795  -54.889  45.890 0.0000000000
27068  1.157  -64.374  48.693 0.0000000000
64475  34.554  -27.573  39.515 0.0000000000
58946  31.775  -33.236  41.644 0.0000000000
152037  33.050  -34.610  42.972 0.0000000000
56441  31.690  -36.320  40.821 0.0000000000
55514  32.625  -38.674  39.162 0.0000000000
133557  33.605  -40.185  37.200 0.0000000000
51039  32.347  -42.454  35.463 0.0000000000
45954  30.950  -45.145  46.471 0.0000000000
47989  32.720  -43.799  44.514 0.0000000000
49015  33.824  -42.053  42.681 0.0000000000
49041  32.295  -42.883  40.257 0.0000000000
129284  30.969  -43.362  37.482 0.0000000000
63636  31.666  -27.807  37.265 0.0000000000
62770  29.624  -28.791  34.936 0.0000000000
66306  36.343  -24.483  38.663 0.0000000000
65407  35.155  -25.304  37.943 0.0000000000
135930  35.231  -25.914  38.487 0.0000000000
149760  37.346  -23.361  38.548 0.0000000000
45989  18.026  -47.259  42.895 0.0000000000
43742  16.564  -48.629  42.190 0.0000000000
44851  17.704  -47.913  43.144 0.0000000000
47982  18.927  -45.154  46.539 0.0000000000
48975  19.545  -43.539  46.177 0.0000000000
48008  18.425  -44.922  44.561 0.0000000000
48024  18.272  -45.473  42.861 0.0000000000
66393  37.466  -24.709  29.976 0.0000000000
65473  38.443  -25.303  31.162 0.0000000000
66376  39.762  -25.454  31.120 0.0000000000
66385  38.333  -24.870  30.472 0.0000000000
66392  38.328  -24.647  30.217 0.0000000000
33469  4.570  -58.317  50.494 0.0000000000
136364  4.671  -57.363  49.112 0.0000000000
33485  3.953  -58.726  48.237 0.0000000000
32418  3.592  -59.664  47.055 0.0000000000
31288  3.182  -60.354  47.594 0.0000000000
31289  2.875  -61.173  47.226 0.0000000000
133381  36.121  -37.198  43.972 0.0000000000
55484  35.761  -38.019  43.187 0.0000000000
54657  34.860  -39.291  41.483 0.0000000000
52806  35.344  -40.102  42.287 0.0000000000
46870  32.306  -45.197  50.574 0.0000000000
51891  25.559  -40.660  41.684 0.0000000000
49990  27.260  -41.683  42.090 0.0000000000
50980  27.105  -41.505  40.530 0.0000000000
134886  27.644  -42.189  39.115 0.0000000000
59840  30.353  -32.945  39.824 0.0000000000
59852  29.796  -32.266  38.785 0.0000000000
75807  47.792  -15.525  26.212 0.0000000000
75801  49.087  -15.130  26.426 0.0000000000
75805  49.348  -14.795  25.650 0.0000000000
75815  49.585  -14.590  23.675 0.0000000000
134018  48.938  -14.751  24.146 0.0000000000
66343  36.969  -24.091  33.841 0.0000000000
65442  36.244  -24.582  32.861 0.0000000000
66359  35.699  -24.151  33.510 0.0000000000
65430  32.998  -25.363  34.719 0.0000000000
65445  33.237  -25.055  33.744 0.0000000000
65463  32.346  -25.762  33.296 0.0000000000
151510  37.930  -22.606  36.206 0.0000000000
144526  38.152  -23.686  34.621 0.0000000000
66356  38.299  -24.752  33.395 0.0000000000
42655  13.319  -50.314  41.242 0.0000000000
136718  10.515  -51.626  41.840 0.0000000000
47930  26.548  -43.400  49.353 0.0000000000
46928  27.715  -43.553  48.361 0.0000000000
47967  25.493  -42.796  47.666 0.0000000000
49952  22.131  -41.305  44.924 0.0000000000
49951  24.070  -41.543  45.444 0.0000000000
50941  22.811  -41.052  44.058 0.0000000000
126637  23.537  -40.791  43.421 0.0000000000
51879  21.896  -40.623  42.585 0.0000000000
50970  19.916  -41.258  41.972 0.0000000000
54683  32.323  -38.770  37.292 0.0000000000
129753  43.346  -19.953  30.225 0.0000000000
72136  44.498  -19.453  30.364 0.0000000000
73095  43.728  -18.175  29.003 0.0000000000
74024  43.967  -17.453  27.295 0.0000000000
74036  44.168  -17.098  25.603 0.0000000000
74908  45.653  -16.545  26.301 0.0000000000
46916  19.915  -46.234  49.445 0.0000000000
44798  19.349  -47.820  47.543 0.0000000000
44789  19.497  -47.715  49.088 0.0000000000
47932  21.905  -45.217  50.476 0.0000000000
47945  20.676  -45.122  49.321 0.0000000000
70260  42.801  -21.782  30.798 0.0000000000
70261  42.171  -22.015  30.491 0.0000000000
70281  39.015  -20.998  28.850 0.0000000000
42614  15.957  -49.254  45.994 0.0000000000
41617  15.373  -49.080  44.648 0.0000000000
41592  14.528  -49.574  45.854 0.0000000000
39532  10.505  -50.924  46.893 0.0000000000
40543  11.148  -50.689  45.510 0.0000000000
39543  9.435  -51.739  45.177 0.0000000000
39555  9.454  -51.915  44.211 0.0000000000
142980  8.197  -53.132  44.787 0.0000000000
38544  7.910  -53.934  50.433 0.0000000000
35576  5.697  -56.261  46.713 0.0000000000
138847  6.444  -55.134  46.830 0.0000000000
129153  5.772  -56.601  45.041 0.0000000000
36608  6.509  -55.366  44.478 0.0000000000
141965  32.033  -31.713  41.949 0.0000000000
57246  34.805  -36.150  43.281 0.0000000000
57234  34.253  -35.188  43.470 0.0000000000
57255  32.906  -35.585  42.346 0.0000000000
130937  32.251  -35.500  41.921 0.0000000000
57264  32.672  -36.211  41.676 0.0000000000
56447  32.054  -37.291  40.355 0.0000000000
55507  32.855  -38.278  40.283 0.0000000000
51941  33.477  -40.817  38.867 0.0000000000
52848  33.479  -39.897  38.758 0.0000000000
51957  33.744  -41.246  37.816 0.0000000000
51038  33.062  -42.080  36.081 0.0000000000
51021  33.254  -42.265  37.135 0.0000000000
46941  29.437  -43.943  47.006 0.0000000000
45943  30.536  -45.306  47.465 0.0000000000
46956  29.791  -44.199  45.998 0.0000000000
48038  30.312  -43.641  42.383 0.0000000000
46998  31.175  -44.489  43.855 0.0000000000
48019  32.007  -43.999  42.981 0.0000000000
48017  33.353  -42.863  43.019 0.0000000000
48034  32.576  -43.109  42.331 0.0000000000
50002  32.910  -42.126  41.232 0.0000000000
49031  31.400  -43.635  40.997 0.0000000000
50053  29.042  -42.736  37.006 0.0000000000
50033  30.247  -43.515  37.952 0.0000000000
63618  33.659  -28.120  39.517 0.0000000000
63627  33.647  -27.532  38.782 0.0000000000
63623  32.534  -28.361  38.598 0.0000000000
136131  28.790  -31.121  36.044 0.0000000000
61840  29.569  -29.836  36.275 0.0000000000
76734  51.883  -14.431  21.691 0.0000000000
67305  36.025  -23.256  36.431 0.0000000000
66332  35.466  -23.524  34.910 0.0000000000
66319  35.203  -23.723  36.167 0.0000000000
66334  33.795  -24.895  36.017 0.0000000000
65415  33.081  -25.603  36.468 0.0000000000
68313  38.491  -22.707  38.501 0.0000000000
68326  37.388  -22.680  37.067 0.0000000000
43751  15.777  -48.734  40.883 0.0000000000
42663  14.653  -49.469  40.975 0.0000000000
42646  13.508  -50.078  42.360 0.0000000000
48952  21.807  -43.297  48.206 0.0000000000
48962  23.995  -42.264  47.137 0.0000000000
49931  21.402  -42.785  47.350 0.0000000000
49940  20.246  -42.549  45.837 0.0000000000
49966  19.762  -42.285  44.164 0.0000000000
129710  18.979  -42.404  42.284 0.0000000000
49009  18.397  -43.835  42.739 0.0000000000
47016  18.051  -46.316  41.283 0.0000000000
72149  41.079  -18.793  27.730 0.0000000000
44768  21.022  -47.606  51.388 0.0000000000
65455  40.966  -25.663  32.437 0.0000000000
66375  40.778  -25.470  31.473 0.0000000000
67358  40.938  -24.613  30.694 0.0000000000
69345  40.670  -22.886  30.209 0.0000000000
68398  38.986  -23.573  29.810 0.0000000000
68399  38.123  -23.426  29.197 0.0000000000
40508  14.807  -50.871  48.253 0.0000000000
40527  14.304  -50.363  47.518 0.0000000000
40510  13.300  -50.754  48.413 0.0000000000
40511  11.599  -50.400  47.860 0.0000000000
149888  9.820  -51.446  47.900 0.0000000000
37542  6.771  -55.152  49.578 0.0000000000
35543  5.526  -56.290  49.176 0.0000000000
35562  5.294  -56.841  47.879 0.0000000000
34541  4.786  -57.481  46.122 0.0000000000
33515  3.908  -59.013  45.427 0.0000000000
56424  35.248  -36.773  43.444 0.0000000000
55493  34.852  -37.767  41.902 0.0000000000
55506  33.442  -38.437  40.928 0.0000000000
150121  34.205  -38.758  41.181 0.0000000000
52827  33.977  -40.180  40.499 0.0000000000
51004  33.342  -41.079  39.545 0.0000000000
48994  27.267  -42.451  44.662 0.0000000000
48007  28.756  -43.228  44.754 0.0000000000
49006  28.449  -42.444  43.288 0.0000000000
49020  28.599  -42.555  42.074 0.0000000000
49034  29.042  -43.320  40.774 0.0000000000
143376  29.607  -43.758  39.625 0.0000000000
50020  28.495  -43.166  39.168 0.0000000000
50036  28.019  -42.562  38.461 0.0000000000
60863  31.292  -30.223  39.642 0.0000000000
61809  31.362  -29.415  38.389 0.0000000000
60870  30.323  -30.632  38.367 0.0000000000
60872  29.406  -31.707  37.391 0.0000000000
76713  51.300  -14.037  24.162 0.0000000000
75814  50.296  -14.468  23.130 0.0000000000
65458  37.510  -25.289  32.033 0.0000000000
65489  36.507  -25.249  30.317 0.0000000000
65459  36.670  -25.067  32.167 0.0000000000
66360  34.671  -24.218  33.908 0.0000000000
152968  33.914  -24.721  33.092 0.0000000000
68324  39.767  -22.435  37.160 0.0000000000
151047  40.246  -22.905  35.777 0.0000000000
67314  40.914  -24.022  35.151 0.0000000000
66341  39.696  -24.596  34.230 0.0000000000
126368  38.814  -25.260  32.853 0.0000000000
45884  30.329  -46.256  51.245 0.0000000000
45894  31.029  -46.098  50.069 0.0000000000
45908  29.724  -45.283  49.630 0.0000000000
46927  28.725  -43.720  48.236 0.0000000000
47980  27.423  -43.144  46.171 0.0000000000
48972  24.918  -42.401  46.651 0.0000000000
48985  25.454  -42.389  45.948 0.0000000000
139486  26.623  -42.587  45.360 0.0000000000
49962  25.360  -41.338  43.736 0.0000000000
144853  24.723  -40.741  42.494 0.0000000000
51911  24.209  -40.429  41.169 0.0000000000
73092  46.036  -17.723  29.480 0.0000000000
73100  43.424  -17.814  27.996 0.0000000000
74015  45.057  -17.497  28.523 0.0000000000
74021  46.316  -16.819  27.976 0.0000000000
74900  46.849  -16.389  27.287 0.0000000000
74906  47.148  -15.917  26.516 0.0000000000
74910  47.095  -15.669  24.985 0.0000000000
75817  47.632  -15.531  23.596 0.0000000000
45962  18.745  -47.098  45.581 0.0000000000
44836  18.240  -48.026  44.238 0.0000000000
43677  18.816  -48.085  45.682 0.0000000000
42598  18.183  -48.834  46.965 0.0000000000
41576  17.323  -49.880  47.914 0.0000000000
141887  19.581  -48.409  49.936 0.0000000000
40506  16.235  -50.753  48.635 0.0000000000
39501  15.400  -51.390  49.373 0.0000000000
46842  30.696  -45.692  52.828 0.0000000000
45875  29.524  -46.158  52.224 0.0000000000
46888  28.182  -44.605  51.060 0.0000000000
131651  26.068  -43.686  50.281 0.0000000000
47914  24.400  -44.151  51.044 0.0000000000
130815  23.564  -43.730  49.532 0.0000000000
128225  21.653  -44.178  49.037 0.0000000000
150112  19.903  -44.656  48.198 0.0000000000
71239  44.524  -20.823  31.176 0.0000000000
141311  43.452  -20.642  30.613 0.0000000000
70267  41.908  -20.512  29.770 0.0000000000
135216  40.349  -22.055  29.849 0.0000000000
71255  40.002  -20.452  28.967 0.0000000000
72145  40.146  -19.741  28.454 0.0000000000
42642  16.441  -48.932  43.541 0.0000000000
42631  14.540  -49.417  43.578 0.0000000000
41629  12.903  -50.342  43.065 0.0000000000
41594  12.818  -49.702  45.708 0.0000000000
41609  12.581  -50.213  44.658 0.0000000000
40570  11.443  -50.777  43.191 0.0000000000
40572  9.911  -51.783  42.357 0.0000000000
38643  8.873  -53.015  42.672 0.0000000000
39508  9.321  -52.142  48.999 0.0000000000
38567  8.220  -52.915  47.293 0.0000000000
38568  7.610  -53.620  47.747 0.0000000000
38579  8.022  -53.072  46.325 0.0000000000
37602  7.638  -53.875  44.545 0.0000000000
136368  1.657  -63.524  48.526 0.0000000000
65391  35.821  -26.461  39.522 0.0000000000
61766  32.701  -29.626  40.974 0.0000000000
60854  30.997  -30.893  40.925 0.0000000000
59827  31.300  -32.108  41.498 0.0000000000
58954  30.849  -33.711  40.770 0.0000000000
58945  32.203  -33.659  42.171 0.0000000000
58108  31.829  -34.863  41.718 0.0000000000
57272  30.970  -35.825  40.371 0.0000000000
56448  31.328  -36.918  39.975 0.0000000000
55515  32.194  -38.444  38.853 0.0000000000
54675  32.724  -39.017  38.309 0.0000000000
54666  33.091  -38.781  39.971 0.0000000000
54681  32.989  -39.340  38.121 0.0000000000
53763  33.306  -39.736  36.860 0.0000000000
51971  33.184  -41.298  35.760 0.0000000000
51972  32.889  -41.984  35.263 0.0000000000
139018  36.426  -40.600  44.375 0.0000000000
45903  31.834  -45.679  49.117 0.0000000000
46924  32.362  -45.219  48.013 0.0000000000
46922  33.375  -44.388  47.093 0.0000000000
134762  30.479  -44.445  44.811 0.0000000000
46952  31.798  -44.677  45.622 0.0000000000
47976  33.810  -43.745  45.984 0.0000000000
47987  34.193  -42.917  44.540 0.0000000000
48989  34.918  -41.982  43.772 0.0000000000
50963  35.250  -41.022  43.005 0.0000000000
50001  33.883  -41.301  41.811 0.0000000000
50016  33.017  -41.752  40.547 0.0000000000
126271  32.627  -42.656  39.250 0.0000000000
49061  30.690  -43.788  39.040 0.0000000000
132824  31.669  -43.298  38.303 0.0000000000
51022  32.666  -42.701  37.439 0.0000000000
51040  31.612  -42.746  35.883 0.0000000000
64487  34.545  -26.761  38.655 0.0000000000
64494  32.628  -26.525  37.258 0.0000000000
64502  31.645  -26.572  35.857 0.0000000000
62749  30.775  -28.940  37.183 0.0000000000
63647  30.750  -27.815  35.976 0.0000000000
63656  30.594  -27.551  35.021 0.0000000000
75823  47.770  -15.811  22.834 0.0000000000
66290  36.692  -24.841  39.478 0.0000000000
66291  36.063  -25.541  39.144 0.0000000000
44850  18.088  -47.779  43.683 0.0000000000
46973  18.624  -46.238  45.447 0.0000000000
130438  18.537  -45.425  45.242 0.0000000000
46986  18.487  -46.101  44.461 0.0000000000
46987  18.353  -46.318  43.336 0.0000000000
65496  36.833  -24.901  29.648 0.0000000000
65486  38.837  -25.200  30.863 0.0000000000
33477  4.048  -58.805  49.861 0.0000000000
150623  3.986  -58.557  49.008 0.0000000000
32401  3.648  -59.374  49.027 0.0000000000
32411  3.590  -59.532  47.956 0.0000000000
31278  3.159  -60.239  48.526 0.0000000000
141120  36.719  -38.366  44.330 0.0000000000
54637  36.344  -37.850  43.890 0.0000000000
54644  36.004  -38.639  43.331 0.0000000000
53711  35.765  -39.342  42.769 0.0000000000
150174  35.895  -39.825  42.881 0.0000000000
46854  32.253  -45.218  51.382 0.0000000000
51910  25.554  -40.598  40.578 0.0000000000
51909  26.428  -41.017  41.222 0.0000000000
51927  26.358  -41.019  39.984 0.0000000000
58955  30.240  -33.856  40.125 0.0000000000
58966  29.732  -33.557  39.187 0.0000000000
141141  47.798  -15.338  25.390 0.0000000000
75806  48.498  -15.185  25.906 0.0000000000
66344  36.077  -23.818  33.951 0.0000000000
65421  32.255  -25.927  35.235 0.0000000000
65446  32.273  -25.743  34.286 0.0000000000
64515  31.441  -26.486  33.806 0.0000000000
67317  36.934  -23.051  35.100 0.0000000000
145502  37.958  -22.878  35.416 0.0000000000
67325  37.270  -23.757  34.340 0.0000000000
41653  12.436  -50.715  40.862 0.0000000000
41640  11.767  -50.824  41.627 0.0000000000
41641  11.050  -51.457  41.304 0.0000000000
47931  25.387  -43.417  49.423 0.0000000000
149577  26.102  -43.171  48.767 0.0000000000
47955  25.347  -43.054  48.529 0.0000000000
50942  21.432  -41.259  44.139 0.0000000000
50955  22.354  -40.821  43.416 0.0000000000
50956  21.115  -40.929  43.269 0.0000000000
50969  20.756  -40.749  42.351 0.0000000000
50957  20.181  -41.404  42.864 0.0000000000
54682  32.710  -39.039  37.260 0.0000000000
72137  43.266  -19.031  29.575 0.0000000000
74039  44.680  -16.837  24.898 0.0000000000
45920  20.456  -46.718  50.196 0.0000000000
45921  19.838  -47.226  49.658 0.0000000000
143918  20.255  -47.412  50.263 0.0000000000
46915  20.824  -45.705  50.107 0.0000000000
68390  42.644  -23.229  31.178 0.0000000000
69338  42.729  -22.435  30.983 0.0000000000
69339  41.802  -22.930  30.579 0.0000000000
137275  15.509  -49.744  46.551 0.0000000000
41591  15.038  -49.768  46.206 0.0000000000
40539  14.849  -50.012  46.661 0.0000000000
39542  10.313  -51.013  45.824 0.0000000000
38578  8.606  -52.505  45.574 0.0000000000
37531  7.461  -54.341  51.054 0.0000000000
35588  5.732  -56.411  45.850 0.0000000000
57254  34.105  -36.004  42.640 0.0000000000
56432  33.426  -36.537  42.006 0.0000000000
56439  33.016  -37.004  41.339 0.0000000000
56445  33.201  -37.808  41.148 0.0000000000
136044  33.448  -41.379  38.497 0.0000000000
51958  33.689  -41.710  36.898 0.0000000000
47979  28.211  -43.404  46.015 0.0000000000
46957  29.621  -43.930  46.275 0.0000000000
47978  29.099  -43.615  45.835 0.0000000000
48037  30.769  -43.971  42.358 0.0000000000
48021  31.045  -44.365  42.976 0.0000000000
145729  31.216  -44.089  42.242 0.0000000000
48035  32.229  -43.581  42.395 0.0000000000
48052  31.577  -43.744  41.775 0.0000000000
49030  32.030  -43.311  41.184 0.0000000000
62716  33.174  -28.602  39.846 0.0000000000
62727  32.852  -28.477  39.180 0.0000000000
62728  32.109  -28.979  38.744 0.0000000000
66315  35.372  -24.341  37.370 0.0000000000
127459  34.322  -25.453  37.445 0.0000000000
66320  34.713  -24.803  37.154 0.0000000000
65414  33.779  -25.474  37.093 0.0000000000
68290  39.580  -22.759  39.468 0.0000000000
149163  36.852  -23.384  38.058 0.0000000000
67289  36.567  -23.077  37.113 0.0000000000
147649  16.207  -49.061  42.485 0.0000000000
43743  16.050  -48.989  41.796 0.0000000000
42653  14.951  -49.523  42.018 0.0000000000
42654  14.105  -49.807  41.633 0.0000000000
42645  14.365  -49.715  42.687 0.0000000000
48986  19.239  -43.388  45.458 0.0000000000
49967  19.276  -42.903  44.653 0.0000000000
49954  19.986  -42.430  44.942 0.0000000000
127165  18.944  -42.832  43.926 0.0000000000
134785  18.532  -43.518  43.599 0.0000000000
47002  18.186  -46.335  42.294 0.0000000000
46022  17.650  -46.937  40.818 0.0000000000
65439  39.804  -25.478  33.199 0.0000000000
130047  40.157  -25.779  32.577 0.0000000000
66383  40.328  -25.192  30.840 0.0000000000
66382  41.104  -25.091  31.051 0.0000000000
67359  40.048  -24.811  30.559 0.0000000000
67366  40.256  -24.316  30.440 0.0000000000
67367  39.327  -24.408  30.297 0.0000000000
67368  38.261  -24.156  29.769 0.0000000000
67376  37.597  -23.969  29.089 0.0000000000
39517  14.593  -51.331  48.996 0.0000000000
40509  14.167  -50.883  48.341 0.0000000000
39518  14.034  -51.420  49.069 0.0000000000
141893  12.548  -50.791  48.735 0.0000000000
39520  11.611  -50.794  48.862 0.0000000000
39521  10.560  -50.962  48.036 0.0000000000
135164  10.788  -50.999  49.017 0.0000000000
142921  5.968  -56.141  50.591 0.0000000000
135072  6.260  -55.658  50.105 0.0000000000
34527  4.826  -57.470  48.177 0.0000000000
34535  4.913  -57.387  47.165 0.0000000000
33493  4.372  -58.150  46.796 0.0000000000
33503  4.327  -58.205  45.808 0.0000000000
33504  3.970  -58.937  46.451 0.0000000000
31297  3.311  -60.535  46.691 0.0000000000
31308  3.487  -60.729  45.727 0.0000000000
30186  2.561  -61.720  47.788 0.0000000000
142321  2.323  -62.742  47.005 0.0000000000
55478  35.922  -37.248  43.815 0.0000000000
56412  35.728  -36.995  43.804 0.0000000000
56423  35.575  -37.257  43.431 0.0000000000
56431  35.085  -37.166  42.806 0.0000000000
146575  35.222  -38.080  41.842 0.0000000000
52816  34.539  -39.964  41.200 0.0000000000
53734  34.280  -39.678  40.896 0.0000000000
51926  33.880  -40.524  40.694 0.0000000000
51940  33.573  -40.582  39.931 0.0000000000
142028  33.679  -40.796  40.547 0.0000000000
49961  26.768  -41.871  44.155 0.0000000000
49007  27.565  -42.102  43.773 0.0000000000
49977  26.965  -41.591  43.185 0.0000000000
50005  27.659  -41.994  41.051 0.0000000000
49989  28.074  -42.333  41.487 0.0000000000
49035  28.566  -42.898  40.973 0.0000000000
49019  29.174  -43.020  41.671 0.0000000000
50003  28.486  -43.107  40.139 0.0000000000
60855  30.640  -31.040  40.081 0.0000000000
60864  30.521  -30.781  39.152 0.0000000000
60865  30.055  -31.303  38.762 0.0000000000
58982  29.461  -33.069  38.122 0.0000000000
59863  29.450  -32.232  37.780 0.0000000000
140638  29.187  -32.857  37.415 0.0000000000
75820  50.299  -14.680  22.241 0.0000000000
65475  37.052  -25.281  31.309 0.0000000000
65460  35.743  -24.803  32.468 0.0000000000
134508  35.092  -25.137  32.067 0.0000000000
65477  34.393  -25.636  31.556 0.0000000000
66345  35.038  -23.888  34.378 0.0000000000
65462  33.255  -25.304  32.830 0.0000000000
65478  33.483  -25.810  31.898 0.0000000000
68312  39.482  -22.493  38.420 0.0000000000
68311  40.624  -22.414  37.847 0.0000000000
67316  39.009  -23.303  35.129 0.0000000000
68358  39.713  -23.044  35.505 0.0000000000
67315  40.012  -23.633  35.036 0.0000000000
68357  40.524  -23.404  35.454 0.0000000000
66329  40.349  -24.267  34.682 0.0000000000
66357  37.447  -24.568  33.285 0.0000000000
65440  37.919  -25.033  32.690 0.0000000000
65457  38.429  -25.498  31.965 0.0000000000
45897  29.443  -45.892  50.831 0.0000000000
45907  29.886  -45.936  50.242 0.0000000000
147954  29.067  -44.852  49.992 0.0000000000
47953  27.098  -43.178  47.760 0.0000000000
46943  27.896  -43.485  47.529 0.0000000000
47965  27.255  -43.161  46.926 0.0000000000
49929  23.443  -42.049  46.741 0.0000000000
49950  25.101  -41.885  45.323 0.0000000000
48984  25.991  -42.290  45.184 0.0000000000
148173  25.506  -41.724  44.612 0.0000000000
49949  26.104  -41.799  44.382 0.0000000000
51878  23.144  -40.552  42.754 0.0000000000
50954  24.226  -40.703  42.876 0.0000000000
50968  23.906  -40.500  42.053 0.0000000000
51892  24.808  -40.609  41.919 0.0000000000
49992  18.549  -43.238  42.029 0.0000000000
49991  18.806  -42.709  41.321 0.0000000000
49036  18.570  -44.230  40.510 0.0000000000
71238  45.123  -20.408  31.244 0.0000000000
73089  44.910  -18.670  29.935 0.0000000000
73088  45.618  -18.479  30.070 0.0000000000
73087  46.265  -18.214  30.093 0.0000000000
73093  45.329  -17.888  29.373 0.0000000000
73101  42.565  -18.002  27.559 0.0000000000
74030  44.470  -17.130  26.636 0.0000000000
74023  44.773  -17.274  27.610 0.0000000000
74022  45.552  -17.060  27.818 0.0000000000
74014  45.836  -17.335  28.669 0.0000000000
74901  46.006  -16.612  27.150 0.0000000000
74912  45.991  -16.331  25.581 0.0000000000
74907  46.397  -16.274  26.462 0.0000000000
74911  46.661  -15.937  25.684 0.0000000000
46945  19.115  -46.624  46.913 0.0000000000
45956  18.968  -47.185  46.372 0.0000000000
45946  19.241  -47.254  47.142 0.0000000000
44790  19.421  -48.080  48.389 0.0000000000
43662  19.026  -48.169  46.876 0.0000000000
42582  18.830  -48.646  47.519 0.0000000000
42584  17.683  -49.264  47.498 0.0000000000
42583  18.263  -49.056  47.786 0.0000000000
43626  19.957  -48.368  50.614 0.0000000000
41541  18.776  -49.653  49.652 0.0000000000
41559  17.681  -50.166  48.656 0.0000000000
40505  17.173  -50.678  48.963 0.0000000000
40493  15.906  -51.128  49.202 0.0000000000
45867  29.833  -46.068  52.667 0.0000000000
47913  27.066  -44.038  50.937 0.0000000000
47915  23.199  -44.630  50.823 0.0000000000
48918  23.932  -44.164  50.561 0.0000000000
48926  24.267  -43.809  49.802 0.0000000000
48927  23.306  -44.103  50.207 0.0000000000
128575  22.540  -43.537  48.785 0.0000000000
47956  19.868  -45.368  48.742 0.0000000000
146492  19.443  -45.524  47.960 0.0000000000
138806  19.184  -45.590  47.107 0.0000000000
138815  42.444  -21.272  30.396 0.0000000000
71241  43.144  -21.234  30.757 0.0000000000
71247  42.831  -20.578  30.283 0.0000000000
69346  39.563  -22.704  29.714 0.0000000000
146452  39.511  -21.781  29.394 0.0000000000
71257  38.569  -20.770  28.112 0.0000000000
71256  39.283  -20.195  28.342 0.0000000000
43710  18.045  -48.172  44.451 0.0000000000
43711  17.390  -48.441  44.137 0.0000000000
42628  16.618  -48.827  44.141 0.0000000000
41607  14.387  -48.866  45.015 0.0000000000
41618  14.729  -48.964  44.387 0.0000000000
41619  13.776  -49.096  44.165 0.0000000000
41628  13.760  -49.921  43.374 0.0000000000
41620  13.175  -50.184  44.062 0.0000000000
148231  12.838  -49.832  46.704 0.0000000000
40541  13.646  -49.816  46.707 0.0000000000
40550  10.990  -50.877  44.539 0.0000000000
40549  11.926  -50.433  45.151 0.0000000000
40556  11.715  -50.704  44.152 0.0000000000
40557  10.833  -50.998  43.618 0.0000000000
40571  10.662  -51.213  42.735 0.0000000000
148689  10.161  -51.412  43.149 0.0000000000
38611  8.837  -52.726  43.600 0.0000000000
38628  8.418  -53.535  43.082 0.0000000000
37632  8.060  -54.176  42.586 0.0000000000
38559  8.440  -52.947  48.342 0.0000000000
37553  6.543  -55.059  48.694 0.0000000000
37583  6.908  -54.267  47.060 0.0000000000
38580  7.545  -53.514  46.901 0.0000000000
38594  7.370  -53.877  46.145 0.0000000000
38593  7.802  -53.424  45.422 0.0000000000
147044  7.323  -54.159  45.361 0.0000000000
29110  2.047  -62.733  48.429 0.0000000000
29105  1.942  -63.059  49.377 0.0000000000
27067  1.324  -64.157  48.455 0.0000000000
63606  34.609  -28.223  40.349 0.0000000000
135051  31.969  -30.062  40.554 0.0000000000
151069  32.144  -30.343  41.166 0.0000000000
59826  31.920  -32.477  41.853 0.0000000000
133880  31.168  -32.935  41.163 0.0000000000
58080  33.734  -34.838  43.124 0.0000000000
58932  32.569  -33.990  42.681 0.0000000000
57265  32.027  -35.812  41.441 0.0000000000
58122  31.386  -35.028  41.102 0.0000000000
55508  32.350  -38.101  39.838 0.0000000000
55521  32.443  -38.806  38.104 0.0000000000
54665  33.659  -38.903  40.716 0.0000000000
54673  33.279  -39.222  39.736 0.0000000000
52841  33.647  -40.434  38.135 0.0000000000
53743  33.246  -39.486  38.830 0.0000000000
53751  33.380  -39.761  37.923 0.0000000000
52856  33.285  -40.345  36.032 0.0000000000
51970  33.715  -40.893  36.962 0.0000000000
51059  32.407  -42.428  34.964 0.0000000000
45906  30.617  -46.133  49.759 0.0000000000
45893  31.433  -45.875  50.035 0.0000000000
45905  31.039  -46.015  49.263 0.0000000000
45942  30.839  -45.382  47.111 0.0000000000
45930  31.629  -45.542  47.849 0.0000000000
45929  31.978  -45.255  47.132 0.0000000000
46923  32.855  -44.871  47.519 0.0000000000
46937  32.270  -45.016  46.757 0.0000000000
48006  29.725  -43.759  44.377 0.0000000000
46985  29.853  -43.883  45.083 0.0000000000
46984  30.306  -44.226  44.529 0.0000000000
46981  31.842  -44.259  44.150 0.0000000000
46968  31.566  -44.526  44.899 0.0000000000
46967  32.114  -44.237  44.733 0.0000000000
146443  32.833  -44.319  45.752 0.0000000000
47988  33.055  -43.915  45.156 0.0000000000
47975  34.325  -43.132  45.420 0.0000000000
129792  33.472  -43.268  44.305 0.0000000000
49004  33.527  -42.433  42.689 0.0000000000
48990  34.409  -42.139  43.369 0.0000000000
49975  34.333  -41.900  43.065 0.0000000000
128143  35.122  -41.535  43.484 0.0000000000
129526  34.578  -41.476  42.825 0.0000000000
50000  34.436  -41.156  42.317 0.0000000000
49988  33.668  -41.767  42.156 0.0000000000
50017  32.642  -42.284  40.327 0.0000000000
50030  32.845  -41.979  39.449 0.0000000000
49044  30.294  -43.874  39.875 0.0000000000
49062  29.865  -43.840  38.852 0.0000000000
50032  31.011  -43.527  38.404 0.0000000000
50031  32.397  -42.920  38.266 0.0000000000
50049  31.832  -43.065  37.139 0.0000000000
50050  30.932  -43.025  36.361 0.0000000000
64474  35.018  -27.428  39.683 0.0000000000
64480  35.255  -26.884  39.335 0.0000000000
64481  34.790  -27.140  39.183 0.0000000000
63628  32.892  -27.814  38.436 0.0000000000
64489  33.188  -27.159  38.131 0.0000000000
63635  32.381  -27.436  37.715 0.0000000000
64495  31.880  -26.932  36.844 0.0000000000
136487  30.685  -29.922  38.091 0.0000000000
62741  31.101  -29.237  37.819 0.0000000000
61810  30.477  -29.711  37.469 0.0000000000
62761  29.868  -29.042  35.900 0.0000000000
63648  30.186  -28.267  35.482 0.0000000000
63657  29.969  -28.057  34.501 0.0000000000
76725  52.625  -14.197  22.138 0.0000000000
76733  52.653  -14.373  21.345 0.0000000000
76732  53.432  -14.209  21.771 0.0000000000
74924  47.393  -16.483  22.361 0.0000000000
66307  35.645  -25.164  38.369 0.0000000000
65408  34.759  -25.911  38.141 0.0000000000
128097  37.034  -23.939  38.964 0.0000000000
46003  17.779  -47.070  41.790 0.0000000000
44872  16.941  -48.158  41.785 0.0000000000
44871  17.493  -47.762  42.272 0.0000000000
44852  17.088  -48.154  42.664 0.0000000000
43728  16.640  -48.663  43.005 0.0000000000
130073  19.442  -44.247  46.775 0.0000000000
48963  20.320  -43.470  47.082 0.0000000000
48976  18.913  -44.311  46.172 0.0000000000
47993  18.618  -44.493  45.419 0.0000000000
48997  18.333  -44.497  43.553 0.0000000000
48009  18.367  -45.467  43.777 0.0000000000
65471  40.025  -25.762  31.850 0.0000000000
65472  39.161  -25.562  31.495 0.0000000000
39504  13.922  -51.843  49.738 0.0000000000
39519  13.351  -51.421  49.254 0.0000000000
128825  13.228  -51.910  49.979 0.0000000000
145855  4.291  -58.011  48.573 0.0000000000
33494  4.003  -58.866  47.389 0.0000000000
31279  2.848  -61.042  48.120 0.0000000000
56411  36.368  -37.379  44.129 0.0000000000
55477  36.061  -37.394  43.831 0.0000000000
55492  35.487  -38.027  42.584 0.0000000000
54652  35.259  -38.623  41.903 0.0000000000
55491  35.605  -38.617  42.609 0.0000000000
53725  35.157  -39.819  41.896 0.0000000000
51908  34.593  -40.508  41.757 0.0000000000
50965  26.677  -41.277  41.939 0.0000000000
130984  27.115  -41.489  41.399 0.0000000000
50992  27.663  -42.138  40.007 0.0000000000
50993  27.018  -41.563  39.229 0.0000000000
74905  47.750  -15.745  26.794 0.0000000000
74899  48.071  -15.812  27.316 0.0000000000
75802  48.345  -15.472  26.653 0.0000000000
148029  50.646  -14.227  24.703 0.0000000000
75810  49.714  -14.517  24.683 0.0000000000
75816  48.745  -14.953  23.399 0.0000000000
66358  36.633  -24.351  33.307 0.0000000000
65443  35.273  -24.369  33.148 0.0000000000
65419  33.430  -25.103  35.283 0.0000000000
65429  33.757  -24.684  34.325 0.0000000000
136029  38.734  -24.411  34.084 0.0000000000
66342  37.789  -24.323  33.960 0.0000000000
42664  13.957  -50.106  40.392 0.0000000000
40586  10.520  -52.059  41.091 0.0000000000
40587  9.944  -52.416  41.443 0.0000000000
46904  27.946  -44.124  49.716 0.0000000000
129487  27.452  -43.646  49.150 0.0000000000
47943  26.913  -43.220  48.571 0.0000000000
47954  26.255  -42.975  48.064 0.0000000000
129616  21.490  -41.699  45.857 0.0000000000
130825  23.486  -41.738  46.171 0.0000000000
131153  22.843  -41.512  45.636 0.0000000000
49964  23.424  -41.275  44.723 0.0000000000
134638  23.817  -41.070  43.970 0.0000000000
50940  24.480  -41.024  43.495 0.0000000000
51894  21.400  -40.478  41.582 0.0000000000
51895  20.422  -40.788  41.336 0.0000000000
55522  32.027  -38.584  37.864 0.0000000000
71246  44.049  -20.238  30.645 0.0000000000
132229  43.864  -19.473  30.172 0.0000000000
73090  44.136  -18.768  29.773 0.0000000000
73108  43.126  -17.622  26.922 0.0000000000
74031  43.675  -17.359  26.264 0.0000000000
74035  44.930  -16.804  26.014 0.0000000000
150624  45.357  -16.592  25.519 0.0000000000
74916  45.484  -16.541  24.708 0.0000000000
46929  19.514  -46.390  48.430 0.0000000000
45945  19.477  -47.209  47.940 0.0000000000
45934  19.549  -47.127  48.827 0.0000000000
43646  19.408  -48.224  49.252 0.0000000000
47944  21.547  -44.842  49.727 0.0000000000
70259  43.494  -21.952  31.198 0.0000000000
70270  38.732  -22.006  29.067 0.0000000000
142822  16.515  -49.018  45.546 0.0000000000
42615  16.052  -49.008  44.946 0.0000000000
41605  15.391  -49.304  45.639 0.0000000000
41606  14.891  -49.207  45.313 0.0000000000
143310  13.947  -49.007  45.165 0.0000000000
40530  11.317  -50.423  46.570 0.0000000000
40542  12.002  -49.976  46.164 0.0000000000
39554  10.220  -51.219  44.857 0.0000000000
38592  8.767  -52.531  44.534 0.0000000000
131232  8.489  -53.284  50.486 0.0000000000
38551  7.957  -53.899  49.663 0.0000000000
143480  5.681  -56.233  47.603 0.0000000000
36563  6.083  -55.705  47.217 0.0000000000
36579  6.165  -55.730  46.298 0.0000000000
36593  6.209  -55.750  45.328 0.0000000000
151761  6.626  -55.145  45.186 0.0000000000
132439  6.106  -56.116  44.585 0.0000000000
60847  32.326  -30.606  41.631 0.0000000000
60834  32.345  -31.441  42.204 0.0000000000
152789  32.302  -32.645  42.209 0.0000000000
129894  34.722  -35.903  43.501 0.0000000000
57247  34.306  -35.471  43.123 0.0000000000
58092  33.526  -35.166  42.829 0.0000000000
58093  32.655  -34.654  42.616 0.0000000000
56440  32.360  -36.732  41.090 0.0000000000
56446  32.619  -37.569  40.697 0.0000000000
52840  33.568  -40.201  39.397 0.0000000000
53742  33.469  -39.656  39.529 0.0000000000
136416  32.473  -42.574  36.464 0.0000000000
46925  29.848  -44.321  47.597 0.0000000000
130258  30.444  -45.436  48.228 0.0000000000
45944  30.232  -44.884  47.474 0.0000000000
46939  30.295  -44.832  46.612 0.0000000000
46955  30.494  -44.859  46.073 0.0000000000
135355  30.175  -43.725  42.962 0.0000000000
48005  30.338  -44.175  43.766 0.0000000000
48022  30.567  -44.141  43.066 0.0000000000
46997  31.647  -44.295  43.656 0.0000000000
48003  32.203  -43.914  43.439 0.0000000000
48001  33.041  -43.312  43.686 0.0000000000
48018  32.760  -43.419  43.200 0.0000000000
48033  33.011  -42.892  42.588 0.0000000000
49028  33.248  -42.060  41.840 0.0000000000
130441  32.836  -42.573  41.931 0.0000000000
49029  32.490  -42.685  41.157 0.0000000000
49042  31.782  -43.374  40.194 0.0000000000
50035  28.692  -43.059  38.130 0.0000000000
50034  29.405  -43.388  37.987 0.0000000000
50052  29.693  -43.216  37.150 0.0000000000
50051  30.251  -43.250  36.764 0.0000000000
50067  30.321  -43.002  35.713 0.0000000000
63617  34.339  -27.956  39.798 0.0000000000
63621  33.993  -27.713  39.292 0.0000000000
63622  33.301  -27.978  38.975 0.0000000000
63629  32.120  -28.162  38.015 0.0000000000
61829  29.308  -30.692  36.588 0.0000000000
61828  29.911  -30.203  37.061 0.0000000000
61841  28.969  -30.353  35.694 0.0000000000
76727  51.042  -14.361  22.763 0.0000000000
76726  51.828  -14.232  22.484 0.0000000000
67318  35.947  -23.243  35.340 0.0000000000
66333  34.528  -24.184  35.736 0.0000000000
146337  34.181  -24.916  36.712 0.0000000000
65420  32.798  -25.580  35.544 0.0000000000
129324  38.799  -22.486  37.786 0.0000000000
67262  37.831  -23.346  39.015 0.0000000000
67276  37.796  -22.708  38.027 0.0000000000
67304  37.067  -22.753  36.164 0.0000000000
43752  15.183  -49.106  40.417 0.0000000000
44873  16.392  -48.490  41.326 0.0000000000
48942  23.449  -43.399  48.892 0.0000000000
48950  24.457  -42.951  48.266 0.0000000000
48951  23.378  -42.916  48.016 0.0000000000
49930  22.727  -42.535  47.356 0.0000000000
48974  20.048  -43.228  46.503 0.0000000000
49939  20.914  -42.454  46.606 0.0000000000
49953  20.901  -41.677  45.066 0.0000000000
49965  20.467  -41.793  44.424 0.0000000000
49979  19.467  -42.146  43.223 0.0000000000
49008  18.719  -42.928  42.996 0.0000000000
49021  18.384  -44.276  41.641 0.0000000000
135785  18.291  -44.687  42.517 0.0000000000
48041  18.290  -45.406  41.729 0.0000000000
151285  41.677  -19.029  28.471 0.0000000000
73096  42.041  -18.521  28.078 0.0000000000
45909  20.819  -47.139  50.810 0.0000000000
45887  21.846  -47.212  51.858 0.0000000000
65437  41.613  -25.532  33.264 0.0000000000
65454  41.889  -25.423  32.758 0.0000000000
66374  41.545  -25.080  31.532 0.0000000000
68392  40.938  -23.758  30.462 0.0000000000
68397  39.963  -23.644  30.200 0.0000000000
68407  37.534  -23.401  28.460 0.0000000000
136675  15.158  -50.625  47.854 0.0000000000
40526  14.832  -50.364  47.358 0.0000000000
40528  13.503  -50.303  47.543 0.0000000000
149440  12.502  -50.451  48.138 0.0000000000
131981  9.671  -51.464  47.227 0.0000000000
37532  6.901  -55.181  50.439 0.0000000000
143112  5.980  -55.673  49.183 0.0000000000
35544  5.158  -56.803  48.725 0.0000000000
35561  5.612  -56.247  48.468 0.0000000000
147168  5.352  -56.706  47.130 0.0000000000
35577  5.280  -56.870  46.387 0.0000000000
34548  4.808  -57.566  45.218 0.0000000000
32426  3.658  -59.813  46.087 0.0000000000
57221  35.508  -36.656  43.893 0.0000000000
57233  35.056  -36.230  43.730 0.0000000000
57253  34.787  -36.577  42.912 0.0000000000
56438  34.249  -37.075  42.277 0.0000000000
55499  33.885  -37.934  41.686 0.0000000000
55505  34.261  -38.417  41.366 0.0000000000
54658  34.766  -38.589  41.396 0.0000000000
54664  34.202  -39.104  41.042 0.0000000000
52839  33.765  -39.830  40.145 0.0000000000
51005  33.184  -41.678  38.825 0.0000000000
48982  27.820  -42.875  45.069 0.0000000000
47991  28.443  -43.320  45.412 0.0000000000
48993  28.152  -42.628  44.325 0.0000000000
48992  29.115  -42.984  43.896 0.0000000000
49976  27.869  -41.973  42.676 0.0000000000
49005  29.264  -42.862  42.787 0.0000000000
48039  29.842  -43.278  42.459 0.0000000000
49018  29.742  -43.384  41.555 0.0000000000
48054  30.401  -43.625  41.606 0.0000000000
49032  30.680  -43.762  40.858 0.0000000000
49033  29.792  -43.663  40.613 0.0000000000
49045  29.059  -43.459  39.861 0.0000000000
50021  28.025  -42.756  39.578 0.0000000000
51007  28.300  -42.420  37.367 0.0000000000
137186  31.599  -29.581  38.947 0.0000000000
61791  30.956  -30.083  38.705 0.0000000000
60871  29.761  -31.342  38.019 0.0000000000
60888  29.577  -31.011  37.314 0.0000000000
60889  29.058  -31.617  36.731 0.0000000000
75809  50.419  -14.284  23.977 0.0000000000
144448  50.953  -14.218  23.464 0.0000000000
65474  37.793  -25.277  31.224 0.0000000000
65488  36.956  -24.935  30.004 0.0000000000
152497  37.282  -25.120  30.620 0.0000000000
65476  36.033  -25.314  31.475 0.0000000000
65444  34.262  -24.485  33.509 0.0000000000
65461  34.144  -25.050  32.415 0.0000000000
68344  39.597  -22.612  36.175 0.0000000000
131677  40.487  -22.658  36.284 0.0000000000
66340  40.581  -24.844  34.309 0.0000000000
65428  39.970  -25.080  33.884 0.0000000000
66355  39.207  -24.911  33.596 0.0000000000
46872  31.142  -45.989  51.266 0.0000000000
45882  31.315  -45.969  50.573 0.0000000000
45895  30.507  -46.228  50.489 0.0000000000
128580  30.268  -46.179  50.181 0.0000000000
45919  29.829  -44.792  48.922 0.0000000000
46914  28.265  -43.949  49.048 0.0000000000
46902  29.190  -44.342  49.175 0.0000000000
137053  29.595  -44.215  48.341 0.0000000000
46942  28.718  -43.648  47.268 0.0000000000
47964  28.033  -43.444  46.714 0.0000000000
48961  24.697  -42.573  47.414 0.0000000000
48960  25.728  -42.668  46.660 0.0000000000
48973  24.446  -41.995  46.232 0.0000000000
48971  26.261  -42.648  45.815 0.0000000000
48970  26.941  -42.822  45.690 0.0000000000
48983  27.114  -42.693  45.229 0.0000000000
48995  26.639  -42.342  44.873 0.0000000000
49978  26.144  -41.399  43.548 0.0000000000
50953  24.969  -41.007  42.973 0.0000000000
137659  25.592  -41.087  43.071 0.0000000000
50967  25.403  -40.823  42.471 0.0000000000
135313  24.968  -40.450  41.253 0.0000000000
52817  24.675  -40.236  40.473 0.0000000000
50958  19.542  -41.804  42.418 0.0000000000
50971  19.327  -41.946  41.611 0.0000000000
146351  46.598  -17.621  29.563 0.0000000000
72142  42.899  -18.369  28.582 0.0000000000
73099  44.257  -17.663  28.305 0.0000000000
74010  46.660  -17.134  28.798 0.0000000000
74020  46.977  -16.594  28.071 0.0000000000
145591  47.261  -15.633  25.773 0.0000000000
75812  47.681  -15.334  24.465 0.0000000000
74914  46.994  -15.761  24.012 0.0000000000
45963  18.479  -47.052  44.775 0.0000000000
148814  18.357  -47.700  44.229 0.0000000000
44820  18.554  -47.829  44.834 0.0000000000
147328  18.655  -48.014  45.078 0.0000000000
43693  18.356  -48.325  45.255 0.0000000000
43678  18.625  -48.477  46.329 0.0000000000
42612  17.961  -48.726  45.960 0.0000000000
42599  17.398  -48.983  46.648 0.0000000000
41589  16.927  -49.474  47.179 0.0000000000
128904  16.552  -50.082  47.567 0.0000000000
44782  19.795  -47.890  49.953 0.0000000000
43636  19.317  -48.747  49.526 0.0000000000
42550  19.212  -49.274  49.919 0.0000000000
42565  18.944  -49.152  49.227 0.0000000000
42566  18.572  -49.167  48.507 0.0000000000
41575  17.990  -49.571  48.231 0.0000000000
40523  16.877  -50.377  48.287 0.0000000000
40524  16.206  -50.475  47.921 0.0000000000
40507  15.414  -50.973  48.612 0.0000000000
39516  15.009  -51.261  48.977 0.0000000000
39502  14.923  -51.617  49.496 0.0000000000
129971  15.338  -51.746  49.942 0.0000000000
39486  14.811  -51.949  49.960 0.0000000000
47891  32.278  -45.152  52.315 0.0000000000
46856  30.878  -45.830  52.018 0.0000000000
45873  30.586  -46.140  51.626 0.0000000000
45885  29.870  -46.274  51.577 0.0000000000
138596  29.054  -45.814  51.263 0.0000000000
130205  28.703  -45.316  51.385 0.0000000000
47929  27.188  -43.773  49.968 0.0000000000
133204  24.883  -43.811  50.316 0.0000000000
48953  20.726  -44.336  48.595 0.0000000000
47968  19.675  -44.513  47.515 0.0000000000
46972  18.856  -46.219  46.321 0.0000000000
128152  36.392  -25.172  29.398 0.0000000000
70257  45.011  -21.284  31.592 0.0000000000
71240  43.843  -21.116  31.016 0.0000000000
72138  42.610  -19.792  29.698 0.0000000000
137817  41.782  -19.623  29.095 0.0000000000
69344  41.297  -22.144  30.216 0.0000000000
136760  40.879  -21.544  29.872 0.0000000000
70269  40.097  -21.262  29.437 0.0000000000
71248  40.925  -20.856  29.572 0.0000000000
71254  40.939  -20.038  29.098 0.0000000000
72144  40.951  -19.314  28.516 0.0000000000
149112  40.353  -19.238  27.968 0.0000000000
44837  17.853  -48.053  43.802 0.0000000000
43712  16.880  -48.551  43.619 0.0000000000
42643  16.008  -49.297  43.119 0.0000000000
42629  16.020  -49.232  43.977 0.0000000000
42630  15.351  -49.339  43.757 0.0000000000
42644  15.218  -49.506  42.915 0.0000000000
40540  14.403  -49.914  46.690 0.0000000000
41593  13.796  -49.559  45.827 0.0000000000
41621  12.312  -50.547  43.663 0.0000000000
41630  12.008  -50.577  42.671 0.0000000000
41631  11.222  -51.028  42.261 0.0000000000
39571  9.475  -52.068  43.151 0.0000000000
39587  9.371  -52.598  42.157 0.0000000000
39507  10.337  -51.436  49.792 0.0000000000
134125  9.954  -51.363  48.596 0.0000000000
39522  9.187  -52.130  47.827 0.0000000000
39534  8.814  -52.242  46.726 0.0000000000
37541  7.407  -54.541  50.017 0.0000000000
37552  7.281  -54.519  49.132 0.0000000000
38560  7.825  -53.756  48.758 0.0000000000
37568  6.468  -55.024  47.702 0.0000000000
37567  7.030  -54.347  48.194 0.0000000000
37603  7.041  -54.675  44.917 0.0000000000
37618  7.190  -54.629  43.972 0.0000000000
37617  7.832  -54.018  43.499 0.0000000000
143338  2.318  -62.095  48.286 0.0000000000
29119  1.940  -63.301  47.606 0.0000000000
28068  1.533  -64.156  47.749 0.0000000000
28063  1.551  -63.696  49.219 0.0000000000
62715  34.007  -28.366  40.094 0.0000000000
61776  32.720  -29.219  40.270 0.0000000000
60848  31.663  -31.110  41.548 0.0000000000
59838  30.693  -31.872  40.795 0.0000000000
141697  30.641  -32.639  40.512 0.0000000000
58123  30.642  -34.722  40.434 0.0000000000
152970  32.415  -33.406  42.375 0.0000000000
58107  32.193  -34.741  42.170 0.0000000000
141057  31.884  -34.082  41.857 0.0000000000
58953  31.534  -33.972  41.446 0.0000000000
56456  31.119  -37.413  38.991 0.0000000000
56455  31.786  -37.814  39.487 0.0000000000
55516  31.579  -38.151  38.534 0.0000000000
53764  32.931  -39.343  36.475 0.0000000000
54674  32.957  -39.094  38.994 0.0000000000
53752  33.097  -39.444  37.368 0.0000000000
53772  33.063  -39.709  35.919 0.0000000000
149275  32.994  -40.798  35.177 0.0000000000
51983  32.970  -41.422  34.944 0.0000000000
51058  32.996  -42.097  34.895 0.0000000000
53703  36.794  -39.792  44.414 0.0000000000
46886  31.708  -45.606  50.297 0.0000000000
46885  32.067  -45.338  50.001 0.0000000000
46901  32.167  -45.332  49.452 0.0000000000
45917  31.463  -45.799  48.728 0.0000000000
46913  32.260  -45.313  48.745 0.0000000000
46900  32.718  -44.902  49.086 0.0000000000
47952  33.944  -43.883  47.482 0.0000000000
47990  29.361  -43.609  45.180 0.0000000000
46970  29.886  -44.006  45.109 0.0000000000
46954  31.226  -44.923  45.848 0.0000000000
128082  30.909  -44.592  44.346 0.0000000000
46969  31.299  -44.685  44.995 0.0000000000
46953  31.249  -44.979  46.161 0.0000000000
136759  32.416  -44.677  46.138 0.0000000000
46935  33.337  -44.251  46.432 0.0000000000
47962  34.393  -43.237  46.348 0.0000000000
48991  34.091  -42.741  43.913 0.0000000000
132597  34.686  -42.365  44.087 0.0000000000
49960  35.351  -41.704  44.118 0.0000000000
50939  35.502  -41.427  43.916 0.0000000000
51876  35.896  -40.826  43.649 0.0000000000
152379  35.854  -40.418  43.108 0.0000000000
142453  35.664  -40.507  42.971 0.0000000000
50978  34.633  -40.754  42.136 0.0000000000
50979  34.085  -41.113  41.818 0.0000000000
130099  33.358  -41.673  41.451 0.0000000000
50015  33.419  -41.350  40.919 0.0000000000
50990  33.779  -40.992  41.187 0.0000000000
50991  33.161  -41.437  39.921 0.0000000000
51006  33.068  -42.393  38.270 0.0000000000
49043  31.115  -43.777  40.058 0.0000000000
49060  31.463  -43.559  39.219 0.0000000000
50018  32.144  -43.161  39.269 0.0000000000
50066  30.953  -42.889  35.520 0.0000000000
50087  31.595  -42.787  35.103 0.0000000000
65403  35.487  -26.173  38.961 0.0000000000
65404  35.037  -26.570  38.807 0.0000000000
64482  34.278  -27.309  39.026 0.0000000000
64488  33.925  -26.936  38.443 0.0000000000
64493  33.451  -26.298  37.624 0.0000000000
64501  32.289  -26.101  36.217 0.0000000000
62740  31.774  -28.771  38.207 0.0000000000
62748  31.428  -28.552  37.569 0.0000000000
62750  30.221  -29.407  36.740 0.0000000000
62760  30.498  -28.611  36.375 0.0000000000
63637  31.084  -28.218  36.803 0.0000000000
63646  31.301  -27.392  36.394 0.0000000000
64503  31.119  -27.085  35.474 0.0000000000
64510  31.052  -26.959  34.629 0.0000000000
142170  48.226  -15.060  23.958 0.0000000000
149299  48.133  -15.342  23.291 0.0000000000
75822  48.425  -15.400  22.682 0.0000000000
74923  48.041  -16.078  22.103 0.0000000000
33476  4.374  -58.071  49.524 0.0000000000
35524  5.717  -56.169  49.908 0.0000000000
40525  15.632  -50.584  47.901 0.0000000000
41577  15.826  -50.182  47.316 0.0000000000
41590  16.161  -49.636  46.858 0.0000000000
42535  19.804  -48.882  50.817 0.0000000000
42549  19.559  -48.844  50.256 0.0000000000
42600  16.643  -49.174  46.333 0.0000000000
42613  17.193  -48.908  45.700 0.0000000000
43694  17.682  -48.558  44.996 0.0000000000
43727  17.338  -48.195  43.371 0.0000000000
43744  15.381  -49.165  41.426 0.0000000000
44775  20.398  -47.797  50.701 0.0000000000
44797  19.480  -47.646  48.337 0.0000000000
44807  19.073  -47.768  46.519 0.0000000000
44819  18.860  -47.791  45.624 0.0000000000
45874  30.079  -46.255  51.994 0.0000000000
45883  30.843  -46.213  50.877 0.0000000000
45886  29.445  -46.140  51.456 0.0000000000
45892  31.742  -45.658  49.741 0.0000000000
45896  29.975  -46.212  50.862 0.0000000000
45904  31.422  -45.895  49.499 0.0000000000
45916  31.949  -45.536  48.411 0.0000000000
45931  30.828  -45.650  47.854 0.0000000000
45932  30.715  -45.664  48.257 0.0000000000
45933  30.102  -44.839  48.277 0.0000000000
45941  31.325  -45.278  46.949 0.0000000000
45955  30.600  -45.127  46.725 0.0000000000
46857  30.313  -46.026  52.381 0.0000000000
46871  31.673  -45.621  50.925 0.0000000000
46887  28.913  -45.247  50.744 0.0000000000
46889  27.791  -44.214  50.379 0.0000000000
46903  28.585  -44.357  49.653 0.0000000000
46912  32.774  -44.875  48.297 0.0000000000
46926  29.334  -43.843  47.698 0.0000000000
46936  32.823  -44.771  46.766 0.0000000000
46938  31.788  -44.987  46.473 0.0000000000
46940  29.872  -44.352  46.834 0.0000000000
46951  32.942  -44.466  46.192 0.0000000000
46958  28.868  -43.651  46.502 0.0000000000
46959  18.696  -45.320  45.934 0.0000000000
46966  32.485  -44.288  45.329 0.0000000000
46971  29.797  -43.913  45.591 0.0000000000
46982  31.307  -44.483  44.304 0.0000000000
46983  30.604  -44.443  44.166 0.0000000000
47963  33.902  -43.878  46.735 0.0000000000
47977  33.253  -44.064  45.811 0.0000000000
47981  26.670  -42.893  46.351 0.0000000000
48000  33.723  -42.724  43.444 0.0000000000
48002  32.411  -43.816  43.934 0.0000000000
48004  30.703  -44.435  43.666 0.0000000000
48020  31.490  -44.291  43.188 0.0000000000
48036  31.687  -44.012  42.488 0.0000000000
48051  32.026  -43.596  41.937 0.0000000000
48943  22.534  -44.097  49.711 0.0000000000
48981  34.870  -42.531  44.813 0.0000000000
49003  33.905  -42.266  42.984 0.0000000000
49016  33.389  -42.272  42.319 0.0000000000
49017  32.357  -43.121  41.850 0.0000000000
49959  35.704  -41.367  44.485 0.0000000000
49974  34.740  -41.722  43.291 0.0000000000
49987  35.046  -41.262  43.066 0.0000000000
50007  18.553  -43.526  41.138 0.0000000000
50938  35.898  -41.109  44.300 0.0000000000
50950  35.739  -41.099  43.844 0.0000000000
50951  35.375  -41.182  43.378 0.0000000000
50964  34.868  -41.029  42.653 0.0000000000
50966  26.121  -40.832  42.085 0.0000000000
50977  35.014  -40.805  42.584 0.0000000000
51866  36.141  -40.738  43.864 0.0000000000
51867  36.094  -40.890  44.171 0.0000000000
51877  35.589  -40.916  43.348 0.0000000000
51889  35.726  -40.752  43.306 0.0000000000
51890  35.459  -40.820  43.042 0.0000000000
51907  35.090  -40.593  42.431 0.0000000000
51925  34.219  -40.425  41.143 0.0000000000
52788  36.518  -40.299  44.095 0.0000000000
52789  36.413  -39.818  43.719 0.0000000000
52798  36.061  -40.588  43.524 0.0000000000
52805  35.868  -39.979  42.866 0.0000000000
52815  35.040  -40.057  41.890 0.0000000000
53710  36.194  -39.430  43.412 0.0000000000
53718  35.547  -39.839  42.396 0.0000000000
53726  34.823  -39.783  41.499 0.0000000000
54636  36.420  -38.680  43.829 0.0000000000
54651  35.357  -39.308  42.104 0.0000000000
55485  35.618  -37.620  43.232 0.0000000000
56413  35.200  -36.508  43.650 0.0000000000
59864  29.121  -32.323  37.102 0.0000000000
68343  40.855  -23.071  35.789 0.0000000000
127663  34.076  -41.636  42.489 0.0000000000
129304  32.409  -45.144  47.320 0.0000000000
130025  31.287  -45.717  48.158 0.0000000000
131121  33.666  -43.533  45.193 0.0000000000
133081  30.325  -44.544  45.542 0.0000000000
133968  19.260  -48.288  47.744 0.0000000000
134681  18.471  -48.061  44.801 0.0000000000
135483  36.940  -40.113  44.789 0.0000000000
136750  32.487  -43.500  42.809 0.0000000000
144341  30.295  -45.944  49.650 0.0000000000
144542  25.291  -43.953  50.862 0.0000000000
145504  31.312  -44.757  45.558 0.0000000000
145562  30.656  -45.906  48.965 0.0000000000
147548  36.066  -39.985  43.126 0.0000000000
147607  34.157  -41.909  42.903 0.0000000000
147770  31.023  -45.880  48.553 0.0000000000
148302  31.214  -45.584  47.571 0.0000000000
148648  18.031  -50.129  49.051 0.0000000000
148827  32.219  -45.319  47.762 0.0000000000
148980  33.481  -41.093  40.422 0.0000000000
149019  30.594  -44.650  45.284 0.0000000000
149370  29.411  -45.477  50.298 0.0000000000
150022  34.926  -38.166  41.485 0.0000000000
150395  36.308  -37.196  44.178 0.0000000000
152192  30.820  -44.527  43.960 0.0000000000
152727  30.312  -44.701  46.008 0.0000000000
