#!ascii label  , from subject sub-v1s12x0050121_ses-1 vox2ras=TkReg
849
27040  36.556  -66.255  -39.683 0.3000000119
34400  31.243  -59.532  -33.537 0.6000000238
37407  32.658  -56.505  -30.870 0.6999999881
38416  33.021  -55.811  -30.230 0.6999999881
27034  36.129  -66.464  -38.893 0.4000000060
29052  30.712  -64.849  -36.743 0.4000000060
28036  36.135  -65.425  -39.873 0.5000000000
137731  36.876  -65.315  -40.174 0.5000000000
33389  30.889  -60.018  -34.207 0.6999999881
35390  31.940  -58.808  -32.492 0.6999999881
35400  31.285  -58.706  -33.369 0.5000000000
37418  31.602  -56.230  -32.612 0.6000000238
37408  32.143  -56.333  -31.704 0.6000000238
38428  31.799  -55.547  -32.051 0.6999999881
140700  32.620  -54.939  -30.689 0.6999999881
28028  34.766  -65.519  -39.199 0.5000000000
28018  30.910  -64.741  -37.517 0.4000000060
141607  35.140  -65.194  -39.686 0.6000000238
30074  30.226  -63.040  -35.688 0.4000000060
31185  29.780  -62.193  -36.192 0.5000000000
29072  34.736  -64.518  -39.601 0.6000000238
31184  30.589  -62.419  -34.985 0.6000000238
33398  30.319  -60.574  -35.115 0.6000000238
133503  35.598  -64.862  -39.753 0.6000000238
36416  30.957  -57.742  -33.664 0.6000000238
140979  31.341  -56.985  -33.139 0.6000000238
151871  31.015  -54.668  -33.301 0.6999999881
139858  31.537  -54.773  -32.486 0.6999999881
140930  32.025  -54.872  -31.561 0.6999999881
39343  32.920  -54.190  -30.248 0.6999999881
39358  31.764  -54.099  -32.044 0.6999999881
40346  32.094  -53.388  -31.627 0.6999999881
40345  32.679  -53.444  -30.704 0.6999999881
40360  31.473  -53.301  -32.563 0.6999999881
27036  34.533  -65.768  -38.520 0.5000000000
127987  32.274  -65.090  -38.479 0.5000000000
28017  32.147  -65.399  -37.114 0.5000000000
29053  30.134  -64.104  -36.551 0.4000000060
28037  33.491  -64.825  -39.429 0.5000000000
32316  30.049  -61.403  -35.613 0.6000000238
30115  34.760  -63.837  -39.249 0.6000000238
30116  34.007  -64.057  -39.474 0.5000000000
30101  33.112  -63.557  -38.671 0.5000000000
33390  30.302  -59.720  -35.144 0.6999999881
35401  30.617  -58.298  -34.265 0.6000000238
139588  30.572  -59.097  -34.465 0.6999999881
37428  30.845  -56.097  -33.563 0.6000000238
142236  30.461  -56.879  -34.057 0.6000000238
38451  30.438  -55.143  -33.959 0.6000000238
39381  30.597  -54.166  -33.824 0.6000000238
39371  31.263  -54.037  -33.012 0.6999999881
40369  30.976  -53.342  -33.529 0.6000000238
41421  32.483  -52.657  -31.159 0.6999999881
30104  30.369  -63.640  -37.331 0.4000000060
28030  32.827  -64.947  -38.991 0.5000000000
28023  31.299  -64.569  -38.109 0.4000000060
131384  30.002  -62.251  -36.986 0.5000000000
32325  29.844  -61.273  -36.207 0.6000000238
30113  32.212  -63.956  -38.754 0.4000000060
33399  30.146  -59.961  -35.895 0.6000000238
30112  33.252  -63.949  -39.235 0.4000000060
30102  32.130  -63.466  -38.094 0.4000000060
30091  32.442  -63.123  -37.048 0.4000000060
34411  30.358  -59.110  -35.526 0.6999999881
35411  30.283  -58.304  -35.115 0.6000000238
142203  30.163  -56.799  -34.970 0.6000000238
38452  30.325  -55.494  -34.894 0.6000000238
37429  30.284  -56.067  -34.521 0.6000000238
39382  30.491  -54.668  -34.540 0.6000000238
141793  32.806  -51.921  -30.626 0.6999999881
142384  32.250  -51.848  -31.591 0.6999999881
41435  31.308  -52.468  -33.078 0.6000000238
141902  31.638  -51.734  -32.486 0.6000000238
30103  31.205  -63.753  -37.902 0.4000000060
31204  30.562  -62.538  -37.042 0.4000000060
33408  30.133  -60.635  -36.269 0.6999999881
30092  31.345  -63.166  -37.409 0.4000000060
34419  30.523  -59.208  -35.873 0.8000000119
142470  33.200  -63.274  -37.554 0.5000000000
35418  30.540  -58.332  -35.577 0.6999999881
36427  30.353  -57.488  -35.371 0.6000000238
38462  30.369  -55.799  -35.437 0.5000000000
37448  30.381  -56.170  -35.489 0.6000000238
140458  33.184  -51.955  -29.568 0.6999999881
41446  31.673  -52.402  -34.262 0.6000000238
40370  30.753  -53.688  -34.256 0.6000000238
42447  32.525  -51.149  -31.047 0.8000000119
42434  32.962  -51.165  -30.033 0.8000000119
41441  31.095  -52.812  -33.888 0.6000000238
139529  31.449  -52.037  -33.659 0.6000000238
32329  30.380  -61.690  -36.812 0.5000000000
147814  30.434  -60.995  -36.620 0.6000000238
32328  31.243  -61.958  -36.630 0.5000000000
32314  33.365  -61.588  -35.045 0.6999999881
31195  32.298  -62.226  -36.221 0.4000000060
35417  30.713  -58.491  -35.760 0.6999999881
36434  30.532  -57.486  -35.544 0.6999999881
38465  30.994  -55.685  -35.695 0.6000000238
37447  30.559  -56.224  -35.628 0.6000000238
40375  31.490  -54.397  -35.248 0.6000000238
43512  32.980  -50.336  -29.602 0.6000000238
40374  31.045  -53.660  -34.695 0.6000000238
42448  31.969  -51.017  -31.976 0.6999999881
43538  32.229  -50.363  -31.347 0.6999999881
42470  31.736  -51.611  -33.963 0.6999999881
42466  31.596  -51.267  -33.489 0.6999999881
32323  32.162  -61.500  -35.950 0.5000000000
32324  30.941  -60.974  -36.768 0.6000000238
33407  30.723  -60.158  -36.421 0.6000000238
33397  33.575  -60.886  -34.527 0.6999999881
34418  30.764  -59.296  -36.100 0.6999999881
33388  34.426  -60.720  -33.944 0.6999999881
31183  34.098  -62.370  -35.005 0.6999999881
35416  31.169  -58.609  -35.916 0.6999999881
36433  30.941  -57.794  -35.735 0.6999999881
38464  31.919  -55.741  -35.570 0.5000000000
37446  31.231  -56.392  -35.753 0.6000000238
43503  33.012  -50.257  -28.239 0.5000000000
39386  32.412  -54.393  -35.082 0.6000000238
39390  31.674  -55.031  -35.434 0.6000000238
138415  32.768  -49.513  -29.675 0.6000000238
44650  32.893  -49.060  -28.927 0.5000000000
136414  32.243  -52.971  -34.650 0.6000000238
40373  31.749  -53.713  -34.940 0.6000000238
44664  32.248  -49.121  -30.470 0.5000000000
126642  31.519  -47.969  -31.162 0.5000000000
41445  32.622  -52.188  -34.507 0.6999999881
42469  32.192  -51.521  -34.252 0.6999999881
43555  31.882  -50.913  -33.879 0.6999999881
151646  31.537  -50.072  -32.855 0.6999999881
44685  31.555  -49.402  -32.448 0.5000000000
43559  32.716  -50.709  -34.129 0.6999999881
44692  31.679  -49.528  -33.095 0.6000000238
34417  31.455  -59.422  -36.126 0.6000000238
33405  32.651  -60.795  -35.343 0.6999999881
149239  32.236  -60.011  -35.720 0.6000000238
34399  34.240  -59.897  -33.782 0.6999999881
35415  32.046  -58.623  -35.839 0.6999999881
36432  31.515  -57.137  -35.774 0.6999999881
140317  31.736  -57.901  -35.761 0.6999999881
37445  32.208  -56.437  -35.571 0.6000000238
45763  32.709  -48.531  -28.271 0.4000000060
39385  33.177  -54.846  -34.820 0.5000000000
147431  31.871  -47.612  -30.356 0.4000000060
141450  33.487  -52.132  -34.422 0.6000000238
41444  33.110  -52.834  -34.582 0.6000000238
45805  31.345  -48.529  -31.968 0.5000000000
45794  31.733  -48.679  -31.125 0.5000000000
148991  31.454  -47.952  -32.459 0.4000000060
140353  33.598  -50.945  -34.302 0.6000000238
44696  32.859  -49.830  -33.862 0.6999999881
43554  31.999  -50.103  -33.686 0.6000000238
45817  32.425  -48.584  -33.281 0.5000000000
34410  33.410  -59.540  -34.544 0.6000000238
34416  32.528  -59.364  -35.483 0.6999999881
136366  34.769  -59.482  -33.322 0.6999999881
35399  33.962  -58.898  -33.872 0.6999999881
135476  32.593  -58.033  -35.459 0.6000000238
36431  32.614  -57.231  -35.430 0.6000000238
39384  33.543  -54.152  -34.289 0.6000000238
38461  33.450  -55.609  -34.602 0.5000000000
138316  33.129  -54.103  -34.683 0.6000000238
41443  33.798  -52.717  -34.189 0.6000000238
40371  33.398  -53.479  -34.430 0.6000000238
46757  31.120  -47.428  -31.858 0.5000000000
142684  31.420  -47.169  -30.901 0.4000000060
42467  33.893  -51.474  -34.288 0.6000000238
46764  31.209  -47.122  -32.188 0.4000000060
43558  33.781  -50.183  -34.232 0.6000000238
44690  33.071  -49.128  -33.656 0.5000000000
35410  33.010  -58.696  -35.022 0.6000000238
35388  34.912  -58.732  -32.939 0.6999999881
36426  33.439  -57.845  -34.585 0.6000000238
35387  35.532  -58.106  -32.590 0.6999999881
37439  33.695  -56.335  -34.294 0.5000000000
39380  33.969  -54.167  -33.648 0.6000000238
139867  33.752  -54.867  -34.148 0.6000000238
40368  33.825  -53.469  -33.956 0.6000000238
140861  34.154  -52.906  -33.733 0.5000000000
142554  34.042  -51.997  -34.171 0.6000000238
139912  34.278  -50.771  -34.229 0.6000000238
45822  33.897  -49.033  -33.985 0.5000000000
36404  35.235  -57.363  -32.507 0.6999999881
36414  34.524  -57.266  -33.026 0.6999999881
38460  33.987  -55.630  -33.834 0.6000000238
38450  34.239  -54.923  -33.331 0.5000000000
40359  34.273  -53.476  -33.320 0.6000000238
39370  34.489  -54.202  -32.828 0.6000000238
41439  34.758  -52.025  -32.998 0.6000000238
43553  34.894  -50.556  -33.969 0.6000000238
44694  34.365  -49.457  -34.218 0.5000000000
30099  36.189  -62.844  -37.427 0.5000000000
30082  34.911  -63.143  -36.093 0.5000000000
31200  36.744  -62.170  -36.936 0.5000000000
31201  35.901  -62.746  -36.479 0.5000000000
31182  35.112  -62.413  -34.732 0.6999999881
143968  36.559  -61.415  -34.952 0.6999999881
144489  35.982  -62.239  -34.919 0.5000000000
31191  36.497  -62.015  -35.904 0.5000000000
32313  34.449  -61.619  -34.349 0.6999999881
32312  35.651  -61.754  -34.320 0.6999999881
27039  37.460  -66.434  -40.215 0.3000000119
38427  32.368  -55.669  -31.169 0.6999999881
36405  31.771  -57.944  -32.592 0.6000000238
39357  32.322  -54.168  -31.139 0.6999999881
41401  33.238  -52.770  -29.205 0.6999999881
31202  32.878  -62.741  -36.291 0.6000000238
39388  30.722  -54.388  -34.909 0.6000000238
42461  31.491  -50.885  -32.846 0.6999999881
137304  32.507  -49.881  -30.551 0.6000000238
43539  31.701  -50.178  -32.228 0.6999999881
44678  31.824  -49.437  -31.513 0.6000000238
43547  31.660  -50.453  -33.315 0.6999999881
144998  32.566  -48.873  -29.687 0.5000000000
45777  32.606  -48.339  -29.181 0.5000000000
45818  31.767  -48.673  -33.014 0.5000000000
37440  33.067  -56.372  -35.039 0.5000000000
36415  34.266  -57.987  -33.463 0.6999999881
41440  34.356  -52.161  -33.773 0.6000000238
36425  33.933  -57.130  -33.926 0.6000000238
141497  34.492  -55.743  -32.907 0.5000000000
34407  37.445  -59.574  -34.633 0.6000000238
35406  41.271  -58.974  -34.256 0.6000000238
35394  41.787  -58.175  -34.132 0.4000000060
34406  38.325  -59.085  -35.241 0.5000000000
33396  36.861  -60.435  -34.573 0.6000000238
147600  31.481  -61.641  -33.677 0.5000000000
36411  41.640  -58.176  -33.710 0.4000000060
32305  31.198  -60.899  -33.918 0.5000000000
33378  31.663  -60.331  -33.092 0.5000000000
34405  39.734  -59.365  -35.196 0.5000000000
36398  41.766  -57.537  -33.461 0.4000000060
34389  32.355  -59.345  -31.993 0.5000000000
35407  40.384  -58.809  -34.987 0.6000000238
34390  31.808  -59.477  -32.756 0.5000000000
35409  37.781  -58.783  -34.474 0.5000000000
33386  36.301  -60.285  -33.776 0.6000000238
38434  41.974  -56.179  -32.744 0.4000000060
38422  40.756  -56.000  -32.038 0.4000000060
140636  41.254  -58.304  -34.673 0.4000000060
127601  33.312  -59.765  -29.842 0.5000000000
131257  38.796  -58.536  -35.220 0.5000000000
34381  32.794  -59.190  -31.224 0.5000000000
35376  33.224  -58.284  -30.092 0.5000000000
34396  37.122  -59.216  -33.783 0.6000000238
34408  36.821  -59.859  -33.955 0.6000000238
32304  35.213  -61.125  -33.923 0.6000000238
36392  32.398  -57.733  -31.605 0.5000000000
36378  33.287  -57.506  -29.673 0.5000000000
35370  33.341  -58.262  -29.127 0.4000000060
35396  38.208  -58.058  -34.400 0.5000000000
35408  39.222  -57.908  -35.092 0.5000000000
35397  37.491  -58.461  -33.672 0.6000000238
35398  36.675  -58.737  -33.124 0.6000000238
34397  36.229  -59.556  -33.355 0.6000000238
34388  35.844  -58.846  -32.785 0.6000000238
34398  35.428  -59.392  -33.124 0.6000000238
36410  42.228  -57.574  -33.915 0.4000000060
37400  33.148  -56.728  -30.067 0.5000000000
36377  33.337  -57.466  -28.727 0.5000000000
132615  32.821  -58.072  -27.600 0.4000000060
36385  32.882  -57.451  -30.682 0.6000000238
35360  33.167  -58.166  -28.207 0.4000000060
36424  39.627  -57.296  -34.945 0.6000000238
36413  37.886  -57.736  -33.555 0.6000000238
35385  37.104  -58.028  -32.964 0.6000000238
38421  41.540  -55.365  -31.975 0.4000000060
38402  33.435  -56.253  -28.983 0.5000000000
37388  32.916  -56.351  -27.673 0.4000000060
141414  31.345  -56.950  -26.688 0.4000000060
37435  41.861  -56.776  -34.665 0.6000000238
36421  42.252  -57.341  -34.172 0.4000000060
37437  40.026  -56.761  -34.841 0.6000000238
141918  40.327  -58.017  -35.125 0.6000000238
36412  38.693  -57.297  -34.261 0.5000000000
37426  38.193  -57.045  -33.273 0.6000000238
37425  38.877  -56.622  -33.819 0.5000000000
35386  36.278  -58.130  -32.606 0.6000000238
39351  41.075  -54.612  -31.308 0.4000000060
37412  42.896  -56.174  -33.525 0.4000000060
38409  33.365  -55.663  -29.278 0.6000000238
38394  32.977  -55.367  -27.703 0.5000000000
37370  31.840  -56.285  -26.724 0.5000000000
37380  30.406  -56.950  -26.985 0.5000000000
37434  42.551  -56.598  -34.251 0.4000000060
37423  42.973  -56.328  -33.974 0.4000000060
38457  42.090  -55.979  -34.659 0.5000000000
38449  40.224  -55.631  -34.198 0.5000000000
138089  39.465  -55.722  -33.672 0.5000000000
36401  37.488  -57.426  -32.862 0.6000000238
38438  37.410  -56.669  -32.484 0.6000000238
36403  35.940  -57.428  -32.319 0.6000000238
142261  43.187  -54.759  -32.223 0.4000000060
39366  42.877  -55.464  -32.617 0.4000000060
39350  42.212  -54.733  -31.757 0.4000000060
40341  41.688  -54.066  -31.189 0.4000000060
40334  33.149  -53.466  -29.767 0.6000000238
39365  43.830  -55.061  -32.837 0.4000000060
39318  32.923  -54.389  -27.706 0.6000000238
38385  31.609  -55.385  -26.662 0.5000000000
38396  30.656  -55.280  -26.747 0.4000000060
38456  42.864  -55.927  -34.178 0.4000000060
38459  40.342  -56.269  -34.671 0.5000000000
38436  38.859  -55.524  -32.922 0.5000000000
38437  37.820  -55.714  -32.350 0.6000000238
37415  36.346  -56.669  -32.142 0.6000000238
135812  35.583  -56.657  -32.200 0.6000000238
40339  43.562  -53.477  -31.809 0.4000000060
40326  33.257  -53.500  -28.850 0.6000000238
39327  33.209  -54.111  -28.506 0.6000000238
39319  32.308  -54.144  -26.923 0.5000000000
139555  29.211  -55.011  -27.849 0.5000000000
38432  43.696  -55.105  -33.265 0.4000000060
38447  42.329  -55.272  -34.287 0.4000000060
38448  41.243  -55.259  -34.375 0.5000000000
39379  40.409  -54.983  -33.760 0.5000000000
38425  36.792  -55.854  -31.968 0.5000000000
40330  42.670  -53.174  -31.178 0.4000000060
139850  33.103  -52.900  -28.289 0.6000000238
40303  32.181  -53.388  -26.892 0.5000000000
40304  30.541  -53.347  -26.747 0.5000000000
38435  39.670  -55.148  -33.383 0.4000000060
39354  38.160  -54.897  -32.170 0.4000000060
37406  35.930  -55.896  -31.881 0.4000000060
38440  34.850  -55.016  -32.467 0.4000000060
41414  43.161  -52.666  -31.298 0.4000000060
39349  43.841  -54.311  -32.399 0.4000000060
39364  44.291  -54.493  -33.001 0.4000000060
139740  33.179  -51.067  -28.768 0.5000000000
41376  32.781  -52.359  -27.656 0.5000000000
41369  31.448  -52.960  -26.632 0.5000000000
40305  29.733  -53.662  -27.334 0.4000000060
41377  32.227  -52.606  -26.977 0.4000000060
39378  40.928  -54.535  -33.637 0.5000000000
39367  40.027  -54.390  -33.021 0.5000000000
39368  39.071  -54.646  -32.614 0.6000000238
38424  37.200  -55.034  -31.821 0.4000000060
38426  36.323  -55.075  -31.741 0.4000000060
39369  35.223  -54.256  -32.117 0.4000000060
39353  38.359  -54.087  -31.955 0.5000000000
42411  32.849  -51.563  -27.750 0.5000000000
139852  32.851  -50.820  -27.769 0.4000000060
39356  35.962  -54.283  -31.659 0.5000000000
139613  38.561  -53.253  -31.736 0.5000000000
40357  39.257  -53.834  -32.326 0.5000000000
40343  37.454  -53.528  -31.504 0.5000000000
39355  36.760  -54.292  -31.571 0.5000000000
40338  44.436  -53.624  -32.720 0.4000000060
42464  34.796  -51.374  -33.547 0.5000000000
40358  34.850  -53.443  -32.516 0.4000000060
40344  35.610  -53.444  -31.822 0.5000000000
43487  32.448  -50.116  -27.409 0.4000000060
42460  35.322  -51.447  -32.640 0.4000000060
42459  35.895  -51.052  -32.087 0.4000000060
41434  34.550  -52.746  -33.104 0.5000000000
41433  35.259  -52.508  -32.284 0.5000000000
41420  36.049  -52.646  -31.602 0.5000000000
139903  36.435  -53.476  -31.523 0.5000000000
41419  36.883  -52.645  -31.366 0.5000000000
136193  36.456  -51.977  -31.418 0.4000000060
138236  32.419  -57.012  -31.407 0.5000000000
134359  33.318  -56.254  -29.570 0.6000000238
35389  32.365  -58.564  -31.805 0.6000000238
138407  33.210  -54.937  -29.763 0.6000000238
31175  31.412  -62.293  -33.964 0.5000000000
152254  33.150  -50.366  -28.833 0.5000000000
37417  34.846  -56.584  -32.592 0.6000000238
37416  35.208  -55.855  -32.227 0.4000000060
34374  33.156  -59.080  -30.410 0.5000000000
35379  32.822  -58.382  -30.971 0.5000000000
37387  33.307  -56.681  -28.447 0.4000000060
135012  32.464  -57.691  -27.138 0.4000000060
37436  41.001  -56.836  -34.986 0.6000000238
38403  33.304  -55.865  -28.419 0.6000000238
37369  32.424  -56.475  -27.077 0.4000000060
38433  43.417  -55.519  -33.274 0.4000000060
39335  33.264  -54.180  -29.307 0.6000000238
132723  33.304  -54.916  -28.649 0.6000000238
38395  32.412  -54.940  -27.045 0.5000000000
133949  30.158  -55.988  -27.111 0.5000000000
36363  30.285  -57.770  -27.011 0.5000000000
38397  29.887  -55.143  -27.242 0.5000000000
40302  32.645  -53.714  -27.381 0.5000000000
40293  31.395  -53.914  -26.595 0.5000000000
39321  29.623  -54.442  -27.453 0.5000000000
135887  41.687  -54.746  -33.971 0.5000000000
139273  33.165  -52.104  -28.538 0.6000000238
38439  35.586  -55.084  -31.934 0.3000000119
42446  35.856  -51.797  -31.802 0.4000000060
16257  35.624  -77.393  -37.954 0.3000000119
16256  36.083  -76.682  -38.361 0.3000000119
17313  35.888  -76.435  -37.258 0.3000000119
17311  37.139  -75.417  -38.134 0.3000000119
17312  36.504  -75.954  -37.740 0.3000000119
18355  36.992  -75.234  -37.231 0.3000000119
18367  37.648  -74.849  -38.405 0.3000000119
18354  37.684  -74.806  -37.626 0.3000000119
20548  36.618  -72.835  -35.007 0.3000000119
19427  36.899  -74.035  -36.059 0.3000000119
19425  38.566  -73.506  -36.744 0.3000000119
19439  38.732  -73.719  -37.481 0.3000000119
19414  37.209  -73.311  -35.738 0.3000000119
22835  37.888  -70.971  -35.022 0.3000000119
21663  37.697  -71.758  -35.285 0.3000000119
20546  38.343  -72.316  -35.816 0.4000000060
20561  38.884  -72.797  -36.406 0.4000000060
20577  39.594  -72.537  -37.415 0.4000000060
20588  39.538  -72.504  -38.246 0.3000000119
23970  39.584  -69.470  -35.444 0.3000000119
22833  39.503  -70.414  -35.581 0.4000000060
22846  40.119  -70.974  -36.061 0.4000000060
20560  39.489  -72.396  -36.721 0.4000000060
23957  39.023  -68.873  -34.637 0.3000000119
21689  40.367  -71.440  -37.392 0.4000000060
26018  39.883  -67.742  -34.145 0.4000000060
25018  39.585  -68.254  -34.565 0.4000000060
21696  40.470  -71.191  -38.205 0.4000000060
22880  41.003  -70.444  -38.254 0.3000000119
25027  39.839  -68.617  -35.261 0.4000000060
23981  40.289  -70.138  -35.926 0.4000000060
25017  40.183  -67.956  -34.903 0.4000000060
23979  41.501  -69.544  -36.855 0.5000000000
22845  40.703  -70.568  -36.523 0.4000000060
29071  36.487  -64.826  -39.831 0.5000000000
26999  41.057  -66.915  -34.086 0.4000000060
22863  40.836  -70.776  -37.379 0.4000000060
147815  38.168  -66.224  -40.673 0.3000000119
28034  38.340  -64.966  -40.343 0.4000000060
26072  40.895  -68.057  -39.774 0.3000000119
142585  31.369  -63.022  -34.181 0.4000000060
31174  31.972  -62.952  -33.432 0.4000000060
30089  34.130  -63.257  -36.813 0.4000000060
129132  35.152  -63.189  -37.174 0.4000000060
147549  34.776  -63.484  -38.679 0.4000000060
26034  40.795  -67.629  -35.169 0.4000000060
23969  40.424  -69.214  -35.892 0.3000000119
23980  40.988  -69.839  -36.391 0.5000000000
135712  35.423  -63.305  -38.031 0.4000000060
29067  35.839  -64.247  -39.241 0.4000000060
26023  41.192  -67.090  -34.899 0.4000000060
29070  37.542  -64.697  -40.067 0.4000000060
23989  41.623  -69.558  -37.499 0.4000000060
29065  38.320  -63.814  -39.673 0.5000000000
22879  41.427  -69.669  -38.356 0.5000000000
28033  39.190  -65.271  -40.261 0.4000000060
28039  38.555  -65.779  -40.738 0.4000000060
25066  41.032  -68.619  -39.315 0.3000000119
28038  39.133  -66.065  -40.876 0.4000000060
32296  31.888  -61.302  -33.063 0.4000000060
30083  33.905  -62.937  -35.864 0.4000000060
27014  42.002  -66.789  -35.364 0.4000000060
26033  41.596  -67.599  -35.804 0.4000000060
128622  36.445  -63.052  -38.095 0.4000000060
30109  36.723  -63.481  -38.643 0.5000000000
26032  42.604  -67.228  -36.299 0.4000000060
25025  41.619  -68.405  -36.355 0.4000000060
30108  37.727  -63.148  -38.970 0.5000000000
27013  43.103  -66.543  -35.710 0.4000000060
27012  44.177  -66.258  -36.031 0.4000000060
26046  42.202  -67.989  -36.755 0.4000000060
25037  42.295  -68.132  -37.465 0.5000000000
26060  42.393  -67.306  -37.550 0.5000000000
30098  37.294  -62.678  -38.344 0.4000000060
30107  38.777  -63.041  -39.146 0.5000000000
28005  44.827  -65.737  -35.731 0.4000000060
126170  41.528  -67.595  -38.226 0.5000000000
29069  39.050  -64.288  -40.134 0.4000000060
125840  41.166  -68.097  -38.994 0.4000000060
126224  39.415  -66.342  -37.100 0.4000000060
28032  40.017  -65.597  -38.871 0.4000000060
29068  40.195  -64.350  -40.013 0.4000000060
31208  37.010  -62.319  -37.747 0.4000000060
32327  37.219  -61.597  -36.619 0.3000000119
27022  43.913  -66.188  -36.505 0.4000000060
26044  43.164  -66.716  -36.987 0.4000000060
30097  38.119  -62.612  -38.500 0.4000000060
36354  30.935  -57.670  -26.691 0.4000000060
29037  45.156  -64.520  -35.252 0.4000000060
27011  44.717  -65.678  -36.169 0.4000000060
27032  42.931  -66.055  -37.329 0.5000000000
27033  42.136  -66.475  -37.815 0.5000000000
30096  38.987  -62.740  -38.426 0.5000000000
30106  39.848  -62.884  -39.200 0.4000000060
29048  44.897  -64.477  -36.041 0.4000000060
126260  39.862  -67.379  -35.802 0.4000000060
29064  39.628  -63.447  -39.854 0.4000000060
29063  41.240  -64.684  -38.959 0.4000000060
133954  40.583  -63.662  -39.372 0.4000000060
141479  37.251  -61.148  -36.034 0.4000000060
31207  37.769  -62.197  -37.902 0.3000000119
28014  44.222  -65.553  -36.647 0.4000000060
28019  43.431  -65.505  -37.081 0.4000000060
31206  38.405  -62.388  -37.960 0.3000000119
127968  44.172  -64.535  -36.392 0.4000000060
29055  43.142  -64.722  -36.785 0.4000000060
28024  42.579  -65.585  -37.471 0.4000000060
150613  41.867  -65.694  -37.965 0.5000000000
128470  44.108  -64.290  -35.921 0.4000000060
29049  43.038  -64.583  -36.332 0.4000000060
126275  41.832  -64.423  -38.132 0.4000000060
149166  40.524  -63.228  -38.725 0.4000000060
33404  37.212  -60.683  -35.445 0.4000000060
127749  42.397  -64.572  -37.449 0.4000000060
20625  35.214  -72.163  -42.275 0.3000000119
21652  36.655  -71.751  -34.116 0.3000000119
22821  38.093  -70.238  -34.655 0.3000000119
25010  39.224  -68.239  -33.825 0.4000000060
131929  43.046  -66.280  -33.803 0.4000000060
27005  42.483  -66.378  -34.684 0.4000000060
26997  44.155  -65.762  -33.920 0.4000000060
27997  45.373  -64.964  -34.841 0.4000000060
31199  37.569  -61.849  -37.237 0.3000000119
29038  44.791  -64.151  -35.396 0.4000000060
149216  38.050  -61.188  -36.659 0.4000000060
31198  38.367  -61.968  -37.272 0.4000000060
31197  39.043  -62.579  -37.634 0.4000000060
29039  43.516  -64.260  -35.036 0.4000000060
29056  42.311  -64.398  -37.008 0.4000000060
29060  41.837  -64.037  -37.839 0.4000000060
30095  39.844  -62.838  -38.246 0.3000000119
132016  42.633  -64.463  -35.533 0.4000000060
29066  37.131  -64.097  -39.283 0.4000000060
16272  35.998  -76.477  -39.082 0.3000000119
17296  36.179  -75.578  -36.751 0.3000000119
17330  37.024  -75.343  -38.848 0.3000000119
20632  35.030  -72.197  -43.269 0.3000000119
19504  35.339  -72.671  -41.147 0.3000000119
18339  37.397  -74.504  -36.799 0.3000000119
20535  36.989  -72.079  -34.838 0.3000000119
20562  38.093  -73.088  -36.064 0.4000000060
20578  39.213  -73.130  -37.047 0.4000000060
21662  38.530  -71.504  -35.570 0.3000000119
22834  38.685  -70.684  -35.301 0.3000000119
21674  39.141  -72.047  -36.087 0.4000000060
21672  40.377  -71.283  -36.740 0.4000000060
23958  38.253  -69.490  -34.146 0.3000000119
26016  41.298  -67.274  -33.365 0.4000000060
25038  41.905  -68.863  -37.066 0.4000000060
133852  41.445  -69.009  -38.675 0.5000000000
125841  41.015  -67.412  -38.982 0.3000000119
141603  41.926  -68.863  -37.994 0.5000000000
27998  45.001  -65.467  -35.049 0.4000000060
28026  39.922  -65.826  -37.002 0.4000000060
30105  41.211  -63.971  -38.583 0.4000000060
33394  40.151  -60.241  -34.767 0.4000000060
33402  39.361  -60.299  -35.481 0.4000000060
33384  40.668  -60.067  -34.101 0.4000000060
34394  40.949  -59.558  -33.943 0.3000000119
34404  40.687  -59.599  -34.438 0.5000000000
34414  39.120  -59.670  -35.563 0.4000000060
34415  38.072  -59.576  -35.445 0.4000000060
33342  43.757  -58.998  -29.434 0.3000000119
33343  42.513  -59.423  -29.574 0.3000000119
35375  39.369  -58.656  -30.210 0.3000000119
36391  39.536  -57.352  -31.468 0.3000000119
37405  40.086  -56.658  -31.786 0.3000000119
37404  41.134  -56.898  -32.713 0.3000000119
34363  41.969  -58.735  -29.311 0.3000000119
35368  40.221  -58.520  -29.432 0.3000000119
147936  39.680  -58.012  -29.409 0.3000000119
132647  44.085  -58.251  -29.101 0.3000000119
35366  42.903  -57.481  -29.057 0.3000000119
38423  39.789  -55.929  -31.288 0.3000000119
35367  41.474  -57.972  -29.075 0.3000000119
37393  38.659  -56.566  -29.472 0.3000000119
36383  39.033  -57.279  -30.599 0.3000000119
36368  40.710  -56.370  -28.114 0.3000000119
35359  40.797  -57.304  -28.721 0.3000000119
131517  38.158  -54.952  -29.037 0.3000000119
37386  38.878  -56.204  -28.566 0.3000000119
38408  38.414  -55.783  -29.020 0.3000000119
35358  42.437  -56.832  -28.488 0.3000000119
38414  38.942  -55.850  -30.517 0.3000000119
40333  39.542  -54.097  -30.256 0.3000000119
40332  40.699  -53.803  -30.651 0.3000000119
37385  40.216  -55.818  -27.611 0.3000000119
38415  38.481  -55.373  -29.775 0.3000000119
40323  39.955  -53.282  -29.991 0.3000000119
128111  38.330  -55.128  -28.225 0.3000000119
152121  38.120  -54.217  -29.078 0.3000000119
39334  38.618  -54.413  -29.693 0.3000000119
41400  38.316  -52.877  -28.924 0.3000000119
40331  41.789  -53.283  -30.789 0.3000000119
41407  40.939  -52.823  -30.162 0.3000000119
41406  42.238  -52.483  -30.660 0.3000000119
41413  44.061  -52.850  -32.069 0.3000000119
42431  42.923  -51.869  -30.858 0.3000000119
42442  43.620  -52.168  -31.533 0.3000000119
42441  44.367  -52.131  -32.297 0.3000000119
35395  41.320  -58.921  -33.847 0.3000000119
36390  40.261  -57.315  -32.224 0.3000000119
39341  40.062  -54.657  -30.810 0.3000000119
134503  40.228  -60.897  -34.463 0.5000000000
37399  38.735  -56.621  -30.239 0.3000000119
136548  39.259  -58.167  -31.133 0.3000000119
36400  39.921  -58.024  -32.170 0.3000000119
36399  40.907  -57.773  -32.938 0.3000000119
36375  39.528  -57.347  -28.994 0.3000000119
148523  39.640  -55.330  -30.860 0.3000000119
36369  39.249  -56.704  -28.677 0.3000000119
39325  37.946  -54.374  -28.387 0.3000000119
41386  38.071  -52.310  -28.499 0.3000000119
40324  39.141  -53.637  -29.756 0.3000000119
39316  38.287  -54.628  -27.494 0.3000000119
41399  39.252  -52.833  -29.419 0.3000000119
30088  39.799  -62.889  -37.209 0.3000000119
30081  39.792  -62.809  -36.215 0.4000000060
30064  40.777  -63.492  -33.666 0.4000000060
30072  40.308  -63.217  -34.562 0.4000000060
135548  39.127  -62.348  -36.796 0.3000000119
30065  40.332  -62.884  -33.895 0.4000000060
31172  40.470  -62.859  -33.128 0.3000000119
151673  39.335  -62.234  -36.021 0.4000000060
31181  40.107  -62.379  -34.597 0.4000000060
31164  40.252  -62.260  -32.658 0.3000000119
131870  39.579  -61.682  -35.478 0.3000000119
140860  39.893  -62.627  -35.372 0.4000000060
31173  40.220  -62.174  -33.655 0.4000000060
32320  39.818  -60.893  -35.139 0.3000000119
32303  40.261  -61.305  -33.854 0.4000000060
31190  38.798  -61.609  -36.407 0.3000000119
32321  38.879  -60.774  -35.948 0.3000000119
32322  37.924  -60.536  -35.992 0.3000000119
32311  40.115  -61.544  -34.561 0.4000000060
131967  39.517  -68.323  -32.997 0.3000000119
29057  41.396  -63.907  -36.879 0.3000000119
22781  39.892  -70.297  -31.164 0.3000000119
23924  39.242  -69.662  -31.671 0.3000000119
25001  40.298  -68.370  -32.664 0.3000000119
25009  39.939  -67.869  -33.362 0.3000000119
30080  40.346  -63.396  -35.465 0.3000000119
29050  41.893  -64.391  -36.093 0.3000000119
23922  41.541  -69.913  -31.866 0.3000000119
25000  41.340  -68.553  -32.514 0.3000000119
23937  40.857  -69.140  -32.212 0.3000000119
26015  42.105  -67.316  -33.021 0.3000000119
26989  43.828  -66.591  -32.869 0.3000000119
29051  41.054  -63.947  -35.745 0.3000000119
23910  43.056  -69.955  -31.170 0.3000000119
23935  42.907  -69.602  -32.040 0.3000000119
23909  43.360  -69.444  -31.724 0.3000000119
26006  41.788  -67.920  -32.749 0.3000000119
137595  42.480  -68.842  -32.394 0.3000000119
26990  42.837  -67.024  -33.038 0.3000000119
24979  43.706  -69.046  -31.557 0.3000000119
24991  43.933  -68.838  -31.946 0.3000000119
150475  43.599  -67.589  -32.532 0.3000000119
24998  43.922  -68.396  -32.204 0.3000000119
26996  44.677  -65.717  -33.115 0.3000000119
27989  45.362  -65.030  -33.675 0.3000000119
128839  45.042  -64.231  -34.533 0.3000000119
24980  43.378  -68.775  -30.849 0.3000000119
26988  44.852  -66.704  -32.418 0.3000000119
26987  45.495  -66.656  -32.127 0.3000000119
27988  45.806  -64.941  -33.090 0.3000000119
149510  41.614  -64.312  -35.270 0.3000000119
25978  44.161  -67.380  -30.791 0.3000000119
25979  43.479  -67.968  -30.697 0.3000000119
25993  44.773  -67.627  -31.641 0.3000000119
26003  44.993  -67.431  -32.029 0.3000000119
147113  46.029  -65.398  -32.585 0.3000000119
29026  45.267  -64.251  -33.608 0.3000000119
29027  44.366  -64.064  -34.460 0.3000000119
29029  41.581  -64.034  -33.822 0.3000000119
128343  41.358  -63.666  -33.167 0.3000000119
30094  40.700  -63.459  -37.725 0.3000000119
132710  45.437  -66.413  -30.928 0.3000000119
130728  46.081  -65.968  -32.147 0.3000000119
29019  45.766  -64.413  -33.116 0.3000000119
30061  44.984  -63.874  -33.574 0.3000000119
26007  40.791  -67.802  -32.978 0.3000000119
23923  40.366  -69.686  -31.722 0.3000000119
23938  39.646  -68.922  -32.292 0.3000000119
15230  35.241  -78.086  -38.079 0.3000000119
16273  35.581  -77.285  -38.986 0.3000000119
16291  35.221  -76.486  -39.355 0.3000000119
18353  38.254  -74.342  -37.944 0.3000000119
19426  37.751  -73.782  -36.425 0.4000000060
19440  38.160  -74.180  -37.153 0.3000000119
19503  36.250  -72.704  -40.605 0.3000000119
20547  37.475  -72.555  -35.488 0.3000000119
20576  39.966  -71.897  -37.796 0.3000000119
21661  39.360  -71.258  -35.805 0.4000000060
21673  39.800  -71.690  -36.391 0.4000000060
21690  40.017  -71.944  -37.034 0.4000000060
22844  41.258  -70.132  -37.013 0.5000000000
22862  41.298  -70.138  -37.691 0.4000000060
23921  42.886  -70.060  -31.551 0.3000000119
23936  41.997  -69.428  -32.206 0.3000000119
23971  38.802  -69.821  -35.004 0.3000000119
24990  44.412  -68.180  -31.979 0.3000000119
24999  43.443  -69.035  -32.174 0.3000000119
25011  38.613  -68.801  -33.834 0.3000000119
25026  40.793  -68.338  -35.702 0.4000000060
25039  41.285  -69.073  -36.359 0.5000000000
25058  42.078  -68.115  -38.077 0.5000000000
25059  41.580  -68.424  -38.555 0.3000000119
25994  44.115  -68.385  -31.497 0.3000000119
26004  44.390  -67.659  -32.246 0.3000000119
26005  42.931  -68.061  -32.552 0.3000000119
26017  40.497  -67.404  -33.727 0.4000000060
26024  40.548  -67.415  -34.466 0.4000000060
26045  42.799  -67.428  -37.013 0.5000000000
26059  42.858  -66.534  -37.311 0.4000000060
26073  40.743  -67.363  -39.985 0.3000000119
26077  40.564  -68.419  -40.055 0.3000000119
26958  45.011  -67.075  -31.062 0.3000000119
26998  41.941  -66.686  -33.745 0.4000000060
27004  43.785  -65.980  -34.969 0.4000000060
27006  41.645  -66.692  -34.541 0.4000000060
27023  43.316  -66.714  -36.516 0.4000000060
27029  43.521  -66.130  -37.020 0.4000000060
27030  40.538  -66.208  -36.863 0.4000000060
27037  40.266  -66.455  -38.893 0.4000000060
27038  39.793  -65.874  -40.494 0.4000000060
27041  35.665  -65.808  -39.404 0.6000000238
27979  45.510  -65.731  -32.635 0.3000000119
27990  44.966  -65.251  -34.140 0.4000000060
27996  45.199  -64.600  -34.006 0.3000000119
28004  45.180  -65.108  -35.758 0.4000000060
28013  44.829  -64.968  -36.340 0.4000000060
28021  33.010  -65.343  -38.408 0.5000000000
28022  31.601  -65.104  -37.959 0.5000000000
28025  41.257  -65.353  -37.805 0.4000000060
28027  39.752  -66.572  -36.418 0.4000000060
28029  33.762  -65.384  -39.036 0.5000000000
28031  31.986  -64.594  -38.663 0.4000000060
28035  37.615  -65.606  -40.466 0.4000000060
29018  46.307  -64.142  -32.660 0.3000000119
29040  42.051  -64.361  -34.652 0.4000000060
29041  40.980  -63.995  -34.658 0.3000000119
29058  30.298  -64.218  -37.197 0.4000000060
29059  42.954  -65.010  -37.138 0.4000000060
29061  30.841  -64.201  -37.781 0.4000000060
29062  42.311  -64.979  -37.808 0.5000000000
29073  33.986  -64.542  -39.603 0.5000000000
30084  30.430  -63.844  -35.765 0.4000000060
30085  29.892  -63.220  -36.423 0.4000000060
30087  40.484  -63.397  -36.519 0.3000000119
30090  33.339  -63.122  -36.614 0.5000000000
30093  29.950  -63.455  -36.935 0.4000000060
30100  34.222  -63.312  -38.133 0.4000000060
30110  35.654  -63.631  -38.584 0.4000000060
30111  33.976  -63.613  -39.063 0.5000000000
30114  31.451  -64.197  -38.334 0.4000000060
30117  32.852  -64.401  -39.184 0.4000000060
31192  35.565  -62.695  -35.478 0.5000000000
31193  34.722  -62.832  -35.326 0.6999999881
31194  33.142  -62.245  -35.631 0.6999999881
31196  29.880  -62.627  -36.784 0.5000000000
31203  31.803  -62.624  -36.789 0.4000000060
31205  30.038  -62.927  -37.091 0.5000000000
31209  30.581  -63.240  -37.311 0.4000000060
32315  30.831  -61.536  -34.513 0.5000000000
32330  30.017  -61.673  -36.593 0.6000000238
33385  40.460  -60.610  -34.010 0.5000000000
33387  35.347  -60.252  -33.514 0.6000000238
33395  37.622  -60.088  -35.369 0.4000000060
33403  38.472  -60.053  -35.762 0.4000000060
33406  31.547  -60.389  -36.216 0.6000000238
34362  43.324  -58.247  -29.298 0.3000000119
34409  33.724  -60.252  -34.284 0.6999999881
35369  39.050  -57.691  -30.088 0.3000000119
35383  40.674  -58.619  -33.052 0.3000000119
36352  32.135  -57.005  -26.820 0.4000000060
36370  33.020  -57.341  -27.837 0.4000000060
36376  38.891  -57.135  -29.521 0.3000000119
36384  38.749  -57.086  -30.025 0.3000000119
36393  31.989  -57.038  -32.185 0.6000000238
36402  36.718  -57.411  -32.500 0.6000000238
36409  42.664  -56.892  -33.938 0.4000000060
36417  30.329  -57.582  -34.648 0.6000000238
36422  41.654  -57.598  -34.610 0.6000000238
36423  40.734  -57.510  -35.047 0.6000000238
37371  30.977  -56.138  -26.678 0.4000000060
37394  33.387  -56.817  -29.246 0.5000000000
37398  39.262  -56.625  -30.985 0.3000000119
37413  42.261  -56.946  -33.498 0.4000000060
37414  38.449  -56.320  -32.986 0.5000000000
37424  39.565  -56.239  -34.209 0.5000000000
37427  34.237  -56.441  -33.424 0.6000000238
37438  39.303  -56.806  -34.452 0.6000000238
37441  30.266  -56.077  -35.310 0.6000000238
38384  32.441  -55.791  -27.068 0.5000000000
38401  38.958  -55.648  -27.920 0.3000000119
38441  31.277  -55.399  -33.029 0.6999999881
38446  43.221  -55.750  -33.697 0.4000000060
38458  41.120  -56.062  -34.817 0.5000000000
38463  32.775  -55.701  -35.181 0.6000000238
38466  30.462  -55.733  -35.494 0.5000000000
39305  31.782  -54.608  -26.671 0.5000000000
39306  31.147  -54.698  -26.577 0.5000000000
39320  30.386  -54.348  -26.860 0.5000000000
39326  37.741  -53.713  -28.175 0.3000000119
39342  39.122  -54.941  -30.366 0.3000000119
39352  40.449  -55.291  -31.376 0.3000000119
39387  31.049  -54.161  -35.117 0.6000000238
39389  32.470  -55.148  -35.253 0.6000000238
39391  30.824  -54.918  -35.415 0.6000000238
39392  30.511  -55.238  -35.226 0.5000000000
40312  37.962  -53.639  -28.745 0.3000000119
40313  37.708  -52.980  -28.332 0.3000000119
40314  33.029  -53.610  -28.025 0.6000000238
40325  38.497  -53.601  -29.313 0.3000000119
40340  42.764  -54.000  -31.543 0.4000000060
40372  32.732  -53.582  -34.755 0.6000000238
41408  33.021  -52.709  -30.201 0.6999999881
41422  31.828  -52.569  -32.085 0.6000000238
41429  44.809  -52.868  -32.841 0.3000000119
41442  31.131  -53.134  -34.296 0.6000000238
42399  32.325  -51.922  -27.153 0.6000000238
42465  34.388  -51.387  -34.034 0.6000000238
42468  33.092  -51.492  -34.399 0.6000000238
43524  32.661  -50.577  -30.526 0.6000000238
44638  32.855  -49.387  -28.027 0.4000000060
44691  32.110  -49.298  -33.475 0.6000000238
44695  33.621  -49.526  -34.040 0.5000000000
45793  32.174  -48.308  -30.233 0.5000000000
125839  40.337  -66.709  -36.972 0.5000000000
125842  40.053  -66.930  -37.310 0.4000000060
131258  35.241  -50.767  -33.384 0.5000000000
131414  36.061  -61.002  -33.993 0.6000000238
131586  31.513  -53.170  -34.555 0.6000000238
133234  30.436  -59.843  -36.153 0.8000000119
133254  36.855  -65.819  -40.210 0.3000000119
133368  39.034  -56.071  -33.562 0.5000000000
134074  43.366  -69.399  -31.237 0.3000000119
134431  31.587  -48.787  -32.620 0.5000000000
137538  32.605  -56.971  -27.307 0.4000000060
138817  33.027  -60.148  -34.955 0.6999999881
139278  29.905  -60.727  -35.989 0.6000000238
139491  33.397  -56.981  -34.695 0.5000000000
139902  32.703  -53.088  -27.494 0.5000000000
140580  31.417  -51.668  -33.130 0.6999999881
140944  30.775  -57.005  -35.714 0.6000000238
142056  30.439  -56.680  -35.522 0.6000000238
142120  34.255  -65.045  -39.582 0.5000000000
142345  30.376  -56.719  -35.477 0.6000000238
145069  33.071  -49.810  -28.848 0.5000000000
145462  32.360  -65.343  -37.961 0.5000000000
145717  38.525  -56.082  -29.829 0.3000000119
146202  44.049  -64.869  -36.712 0.4000000060
146374  37.552  -54.364  -31.720 0.5000000000
148856  42.409  -69.967  -31.849 0.3000000119
149222  34.883  -57.938  -32.779 0.6999999881
149648  44.626  -64.661  -36.338 0.4000000060
150153  33.516  -64.336  -39.447 0.5000000000
150427  38.313  -64.394  -40.111 0.4000000060
152415  31.216  -65.217  -37.195 0.4000000060
