#!ascii label  , from subject sub-v1s12x0050121_ses-1 vox2ras=TkReg
246
84987  25.508  -5.418  -31.418 0.0000000000
77226  23.225  -14.155  -27.310 0.0000000000
89871  23.644  0.705  -32.695 0.0000000000
97960  20.871  10.145  -30.386 0.0000000000
76278  21.734  -16.047  -27.179 0.0000000000
92405  25.235  3.865  -32.646 0.0000000000
139271  23.953  6.294  -33.371 0.0000000000
137949  24.190  -8.161  -31.926 0.0000000000
80816  24.753  -10.195  -29.900 0.0000000000
137801  25.993  -7.959  -29.238 0.0000000000
86636  26.522  -2.976  -30.017 0.0000000000
84966  26.801  -5.440  -28.890 0.0000000000
88222  25.482  -2.241  -33.883 0.0000000000
89856  26.093  0.829  -31.077 0.0000000000
95620  20.251  7.204  -30.118 0.0000000000
96427  23.276  8.845  -32.649 0.0000000000
151375  24.416  -12.412  -27.775 0.0000000000
94081  23.252  5.836  -35.159 0.0000000000
94843  22.782  6.497  -32.906 0.0000000000
148392  24.733  -6.866  -31.998 0.0000000000
83349  25.246  -7.835  -30.784 0.0000000000
140019  25.437  -7.010  -30.754 0.0000000000
76291  22.185  -15.299  -27.454 0.0000000000
89041  24.379  -1.172  -33.284 0.0000000000
89034  25.658  -0.843  -32.193 0.0000000000
90783  24.982  1.231  -31.958 0.0000000000
151977  25.634  5.001  -31.792 0.0000000000
92391  25.868  3.525  -30.887 0.0000000000
97161  19.460  9.518  -29.089 0.0000000000
95603  19.430  7.669  -29.833 0.0000000000
96410  21.124  8.687  -30.629 0.0000000000
99364  22.464  12.418  -34.684 0.0000000000
99357  22.969  12.101  -34.001 0.0000000000
97980  22.695  9.981  -32.999 0.0000000000
97979  23.668  10.330  -32.665 0.0000000000
140603  24.374  10.055  -32.248 0.0000000000
147427  25.389  -10.493  -28.576 0.0000000000
80010  24.519  -11.584  -28.774 0.0000000000
74529  20.687  -17.146  -27.078 0.0000000000
91633  24.295  2.465  -32.882 0.0000000000
92418  24.077  4.284  -34.034 0.0000000000
94073  24.370  5.608  -33.750 0.0000000000
94842  24.892  7.024  -32.068 0.0000000000
80827  23.621  -10.468  -30.736 0.0000000000
81673  24.252  -8.845  -31.419 0.0000000000
81651  25.255  -9.514  -29.718 0.0000000000
81641  25.751  -9.396  -28.987 0.0000000000
86646  25.957  -3.877  -31.428 0.0000000000
84977  25.800  -5.498  -30.408 0.0000000000
85798  26.616  -4.584  -29.301 0.0000000000
85823  24.679  -4.521  -33.009 0.0000000000
86663  24.963  -3.105  -34.022 0.0000000000
137395  25.765  -3.696  -32.573 0.0000000000
87404  26.137  -2.368  -31.615 0.0000000000
89022  26.388  -0.691  -30.847 0.0000000000
89833  26.531  0.253  -30.541 0.0000000000
142286  25.286  2.006  -31.765 0.0000000000
130864  26.485  1.812  -30.339 0.0000000000
94829  21.615  6.549  -30.697 0.0000000000
97981  21.467  10.034  -31.969 0.0000000000
97193  22.068  9.334  -32.046 0.0000000000
95631  22.493  7.926  -31.610 0.0000000000
152270  22.822  6.892  -32.036 0.0000000000
95639  23.266  7.671  -32.700 0.0000000000
95630  24.402  7.773  -32.265 0.0000000000
78188  23.259  -13.321  -28.579 0.0000000000
80022  23.637  -11.684  -29.870 0.0000000000
83336  26.210  -7.097  -29.259 0.0000000000
134260  26.666  -8.023  -28.565 0.0000000000
141474  22.561  5.970  -33.750 0.0000000000
151325  22.541  5.853  -32.537 0.0000000000
84177  25.106  -6.140  -31.835 0.0000000000
150657  25.184  -6.741  -31.410 0.0000000000
84168  25.505  -6.210  -30.952 0.0000000000
73680  19.586  -18.299  -26.466 0.0000000000
150180  20.608  -17.529  -26.603 0.0000000000
77217  22.878  -14.844  -26.937 0.0000000000
139371  24.144  -0.273  -32.690 0.0000000000
89870  24.455  0.478  -32.340 0.0000000000
94063  25.614  5.579  -31.614 0.0000000000
94052  25.901  5.149  -30.937 0.0000000000
97160  20.195  9.858  -29.729 0.0000000000
96394  19.111  8.793  -29.367 0.0000000000
96412  19.674  8.379  -29.818 0.0000000000
97174  20.630  9.314  -30.288 0.0000000000
98673  23.505  11.666  -33.452 0.0000000000
98663  24.066  11.249  -32.878 0.0000000000
79999  25.117  -11.090  -28.247 0.0000000000
77228  21.766  -15.010  -28.208 0.0000000000
137858  23.583  3.391  -33.695 0.0000000000
92419  23.313  4.271  -34.348 0.0000000000
94074  23.340  6.205  -34.492 0.0000000000
94080  23.793  5.608  -34.758 0.0000000000
94850  24.695  6.212  -32.726 0.0000000000
98647  20.452  11.509  -30.526 0.0000000000
81674  23.467  -9.157  -31.568 0.0000000000
82518  25.462  -8.275  -30.059 0.0000000000
82519  24.986  -8.640  -30.818 0.0000000000
82506  25.626  -8.794  -29.465 0.0000000000
75435  21.108  -16.597  -27.395 0.0000000000
75427  21.462  -16.758  -26.696 0.0000000000
140382  26.180  -3.091  -30.945 0.0000000000
85809  26.257  -3.955  -30.241 0.0000000000
85001  24.297  -5.217  -32.885 0.0000000000
88223  25.019  -2.361  -34.004 0.0000000000
87418  25.371  -2.619  -34.063 0.0000000000
86656  25.518  -3.214  -33.612 0.0000000000
87411  25.728  -2.613  -33.698 0.0000000000
86651  26.044  -3.135  -32.081 0.0000000000
87405  25.903  -2.525  -32.731 0.0000000000
139841  25.433  -0.150  -31.975 0.0000000000
133466  26.082  -0.954  -31.586 0.0000000000
89033  26.001  -0.123  -31.411 0.0000000000
91632  24.835  3.157  -32.775 0.0000000000
136862  24.850  2.207  -32.306 0.0000000000
91631  25.356  2.872  -32.009 0.0000000000
91613  26.116  2.545  -30.620 0.0000000000
94831  19.007  6.776  -29.927 0.0000000000
131067  19.969  6.295  -30.212 0.0000000000
94830  20.835  6.611  -30.365 0.0000000000
98686  21.925  11.717  -34.269 0.0000000000
135992  21.447  12.229  -34.828 0.0000000000
97989  21.477  10.449  -32.957 0.0000000000
97200  21.991  9.792  -32.848 0.0000000000
97191  23.089  9.455  -32.772 0.0000000000
128716  22.647  8.977  -32.451 0.0000000000
96428  22.869  8.318  -32.438 0.0000000000
94844  22.389  7.174  -31.113 0.0000000000
95640  22.906  7.597  -32.238 0.0000000000
138385  23.356  8.250  -32.654 0.0000000000
97182  24.624  9.341  -31.955 0.0000000000
96426  23.934  8.571  -32.421 0.0000000000
96419  24.667  8.493  -31.939 0.0000000000
95629  25.156  7.919  -31.521 0.0000000000
78189  22.543  -13.677  -28.973 0.0000000000
80826  24.228  -10.186  -30.515 0.0000000000
80034  23.309  -11.225  -30.435 0.0000000000
80021  24.118  -10.912  -30.093 0.0000000000
128858  24.784  -11.824  -27.950 0.0000000000
79109  24.211  -12.243  -28.480 0.0000000000
79100  23.884  -12.840  -28.109 0.0000000000
84976  26.240  -5.492  -29.562 0.0000000000
84158  25.870  -6.411  -29.951 0.0000000000
84157  26.454  -6.250  -29.055 0.0000000000
92429  22.849  4.705  -34.606 0.0000000000
127373  22.588  5.556  -34.445 0.0000000000
94075  22.825  6.149  -34.804 0.0000000000
133551  22.979  6.475  -33.884 0.0000000000
83361  24.450  -7.590  -32.032 0.0000000000
83350  24.709  -8.124  -31.482 0.0000000000
83360  24.999  -7.402  -31.468 0.0000000000
83337  25.719  -7.430  -29.998 0.0000000000
75426  22.183  -16.303  -26.243 0.0000000000
76277  22.527  -15.573  -26.601 0.0000000000
76268  22.890  -15.863  -25.769 0.0000000000
87390  26.706  -2.126  -29.784 0.0000000000
86635  26.987  -2.814  -29.344 0.0000000000
146551  24.600  -1.892  -33.787 0.0000000000
88214  25.038  -1.802  -33.626 0.0000000000
88213  25.398  -1.627  -33.096 0.0000000000
89040  24.920  -0.681  -32.654 0.0000000000
89869  25.039  0.306  -32.071 0.0000000000
89857  25.536  0.593  -31.631 0.0000000000
93232  25.454  4.514  -32.290 0.0000000000
92397  25.565  3.676  -31.769 0.0000000000
93227  25.732  4.353  -31.360 0.0000000000
93226  26.034  4.310  -30.426 0.0000000000
148149  20.163  7.942  -30.020 0.0000000000
132276  20.892  7.939  -30.348 0.0000000000
98674  22.534  11.382  -33.658 0.0000000000
97988  22.148  10.452  -33.362 0.0000000000
97190  23.814  9.444  -32.467 0.0000000000
97978  24.666  10.767  -32.411 0.0000000000
80807  24.803  -10.849  -29.203 0.0000000000
75436  20.483  -16.581  -27.684 0.0000000000
148670  21.553  -15.600  -27.853 0.0000000000
77227  22.504  -14.592  -27.788 0.0000000000
90799  22.959  1.486  -33.067 0.0000000000
90785  23.657  1.911  -32.963 0.0000000000
149187  23.780  2.717  -33.278 0.0000000000
91649  24.253  3.356  -33.366 0.0000000000
92406  24.726  4.126  -33.413 0.0000000000
93256  23.755  5.175  -34.862 0.0000000000
93244  24.436  4.978  -34.209 0.0000000000
93243  25.020  4.760  -33.254 0.0000000000
94072  25.242  5.413  -32.546 0.0000000000
94841  25.350  6.232  -31.854 0.0000000000
97954  20.392  10.542  -29.754 0.0000000000
135994  20.641  10.860  -30.233 0.0000000000
97969  20.930  10.683  -31.101 0.0000000000
132293  23.932  -9.724  -31.074 0.0000000000
81652  24.670  -9.467  -30.543 0.0000000000
80815  25.373  -10.112  -29.193 0.0000000000
80806  25.810  -9.906  -28.431 0.0000000000
85810  25.841  -4.696  -30.874 0.0000000000
85799  26.094  -4.834  -30.023 0.0000000000
129582  26.763  -3.609  -29.389 0.0000000000
85797  27.210  -4.006  -28.783 0.0000000000
84965  27.417  -5.459  -28.577 0.0000000000
84184  24.508  -6.133  -32.477 0.0000000000
84994  25.035  -5.220  -32.428 0.0000000000
85832  24.860  -3.775  -33.539 0.0000000000
85822  25.253  -4.164  -32.896 0.0000000000
85816  25.611  -4.560  -31.989 0.0000000000
88206  25.850  -1.704  -32.250 0.0000000000
88205  26.269  -1.532  -31.202 0.0000000000
87398  26.405  -2.238  -30.616 0.0000000000
88198  26.543  -1.392  -30.302 0.0000000000
89009  26.716  -0.549  -30.023 0.0000000000
90784  24.298  1.505  -32.522 0.0000000000
90771  25.641  1.430  -31.439 0.0000000000
91614  25.722  2.964  -31.333 0.0000000000
91623  25.699  2.244  -31.328 0.0000000000
90770  26.101  1.657  -30.877 0.0000000000
90762  26.537  1.136  -30.498 0.0000000000
94053  20.936  5.774  -30.553 0.0000000000
97982  20.974  10.816  -32.245 0.0000000000
97990  20.928  10.986  -33.094 0.0000000000
97959  21.322  9.996  -31.058 0.0000000000
97173  21.257  9.447  -30.792 0.0000000000
97183  21.728  8.919  -31.196 0.0000000000
97192  22.494  9.476  -32.671 0.0000000000
96429  22.309  8.605  -31.764 0.0000000000
96420  21.902  8.036  -30.859 0.0000000000
94064  22.256  6.040  -31.487 0.0000000000
94853  23.257  6.998  -32.849 0.0000000000
94852  23.376  6.826  -33.170 0.0000000000
95638  23.637  7.680  -32.644 0.0000000000
94851  24.140  6.954  -32.713 0.0000000000
78179  22.846  -13.907  -28.150 0.0000000000
151719  24.209  -11.426  -29.463 0.0000000000
80011  23.925  -12.026  -29.225 0.0000000000
79119  23.276  -12.417  -29.633 0.0000000000
78178  23.548  -13.461  -27.681 0.0000000000
135948  26.832  -7.059  -28.612 0.0000000000
149622  26.417  -7.527  -28.885 0.0000000000
82497  26.135  -8.689  -28.795 0.0000000000
82507  25.221  -8.963  -30.134 0.0000000000
90751  26.871  1.451  -29.932 0.0000000000
93257  23.206  5.237  -35.008 0.0000000000
94082  22.808  5.554  -34.951 0.0000000000
95619  21.329  7.244  -30.521 0.0000000000
96411  20.392  8.555  -30.189 0.0000000000
131546  25.899  -3.061  -33.095 0.0000000000
138683  25.675  -2.163  -33.294 0.0000000000
151980  21.582  9.530  -31.395 0.0000000000
