#!ascii label  , from subject sub-v1s12x0050123_ses-1 vox2ras=TkReg
511
12647  -39.209  -73.897  -55.760 0.0000000000
20572  -42.945  -66.625  -55.348 0.0000000000
17011  -36.042  -69.153  -51.905 0.0000000000
17079  -36.933  -69.738  -58.150 0.0000000000
21685  -35.466  -65.363  -53.516 0.0000000000
14696  -42.207  -71.400  -50.988 0.0000000000
18107  -39.336  -67.963  -47.079 0.0000000000
22701  -41.910  -64.761  -41.861 0.0000000000
19318  -34.494  -67.358  -49.936 0.0000000000
18195  -34.616  -68.079  -53.224 0.0000000000
22783  -33.492  -64.888  -50.577 0.0000000000
16975  -40.816  -69.149  -49.336 0.0000000000
129409  -42.823  -68.433  -46.655 0.0000000000
26086  -38.732  -61.274  -40.690 0.0000000000
22683  -37.847  -64.319  -41.696 0.0000000000
10776  -37.502  -75.498  -59.130 0.0000000000
18218  -39.469  -68.384  -57.507 0.0000000000
15927  -39.568  -70.667  -59.845 0.0000000000
17084  -43.162  -69.491  -58.501 0.0000000000
14741  -37.968  -71.646  -53.812 0.0000000000
13738  -36.453  -72.923  -57.381 0.0000000000
19377  -36.510  -67.482  -56.512 0.0000000000
21701  -38.328  -65.940  -54.861 0.0000000000
129496  -39.304  -70.589  -51.859 0.0000000000
18163  -38.449  -68.548  -49.433 0.0000000000
20484  -35.957  -66.826  -47.025 0.0000000000
134047  -43.806  -66.815  -44.396 0.0000000000
20441  -40.612  -66.590  -44.276 0.0000000000
21614  -37.270  -65.654  -44.107 0.0000000000
23878  -35.556  -63.911  -45.854 0.0000000000
130399  -36.729  -72.372  -59.871 0.0000000000
28610  -40.218  -59.509  -53.270 0.0000000000
23989  -43.607  -63.271  -55.135 0.0000000000
133099  -41.509  -62.580  -58.009 0.0000000000
148671  -33.959  -65.755  -48.624 0.0000000000
20508  -33.641  -66.426  -50.547 0.0000000000
11684  -38.010  -75.021  -57.261 0.0000000000
19381  -40.972  -67.512  -56.052 0.0000000000
18238  -41.191  -69.115  -57.906 0.0000000000
18204  -42.945  -68.151  -56.770 0.0000000000
19396  -43.338  -67.751  -57.307 0.0000000000
19370  -44.685  -66.595  -55.828 0.0000000000
15848  -37.063  -70.454  -53.061 0.0000000000
17040  -35.957  -69.870  -54.142 0.0000000000
20543  -34.563  -66.512  -53.293 0.0000000000
19359  -35.314  -67.712  -54.619 0.0000000000
20559  -36.187  -66.197  -54.722 0.0000000000
136884  -37.518  -66.317  -55.290 0.0000000000
21694  -36.619  -65.449  -54.386 0.0000000000
14729  -39.686  -72.130  -52.681 0.0000000000
15836  -40.676  -70.336  -51.422 0.0000000000
135129  -40.275  -68.706  -48.105 0.0000000000
16991  -39.913  -68.979  -49.483 0.0000000000
18145  -38.689  -68.426  -48.597 0.0000000000
19308  -37.214  -67.818  -48.203 0.0000000000
19279  -37.877  -67.316  -46.718 0.0000000000
21594  -42.507  -65.862  -43.134 0.0000000000
20442  -42.395  -66.619  -44.242 0.0000000000
148311  -41.035  -65.734  -42.901 0.0000000000
23853  -37.295  -63.887  -42.911 0.0000000000
21589  -37.605  -65.379  -43.287 0.0000000000
23852  -36.940  -64.117  -43.647 0.0000000000
22737  -36.255  -64.523  -44.709 0.0000000000
14787  -36.316  -71.520  -57.494 0.0000000000
12684  -36.266  -73.228  -58.641 0.0000000000
15924  -37.091  -71.001  -59.036 0.0000000000
14827  -38.740  -71.481  -61.864 0.0000000000
29761  -39.515  -58.364  -53.781 0.0000000000
26267  -41.780  -61.376  -54.164 0.0000000000
26304  -41.499  -61.137  -57.575 0.0000000000
18175  -35.633  -68.429  -50.691 0.0000000000
18196  -34.990  -68.744  -53.049 0.0000000000
19336  -34.270  -67.718  -51.525 0.0000000000
20529  -34.065  -66.776  -52.560 0.0000000000
21676  -34.364  -65.255  -52.414 0.0000000000
17004  -41.813  -69.796  -50.638 0.0000000000
18149  -42.069  -69.018  -48.357 0.0000000000
18109  -41.066  -68.292  -46.744 0.0000000000
23815  -40.162  -63.082  -40.706 0.0000000000
21562  -40.056  -64.932  -41.882 0.0000000000
23813  -38.412  -63.279  -40.823 0.0000000000
24956  -37.777  -62.660  -41.624 0.0000000000
24989  -38.202  -62.133  -43.082 0.0000000000
138436  -37.994  -68.874  -58.138 0.0000000000
17092  -38.209  -70.090  -58.897 0.0000000000
17081  -39.492  -69.421  -58.627 0.0000000000
17095  -41.078  -70.154  -59.112 0.0000000000
15954  -42.544  -70.658  -60.992 0.0000000000
17107  -44.407  -69.622  -60.432 0.0000000000
19422  -43.944  -67.766  -60.164 0.0000000000
20600  -42.140  -66.362  -59.500 0.0000000000
13711  -38.480  -73.164  -55.209 0.0000000000
12660  -37.762  -73.836  -56.376 0.0000000000
14780  -36.391  -71.753  -56.303 0.0000000000
17070  -36.085  -69.781  -57.068 0.0000000000
18198  -35.350  -68.554  -54.421 0.0000000000
18202  -35.788  -68.924  -56.085 0.0000000000
133228  -36.689  -68.673  -57.484 0.0000000000
19393  -37.905  -67.742  -57.203 0.0000000000
19380  -39.481  -67.324  -56.366 0.0000000000
21703  -40.531  -66.141  -54.980 0.0000000000
13689  -39.182  -72.944  -54.231 0.0000000000
14728  -38.441  -71.558  -53.029 0.0000000000
124746  -38.119  -69.726  -51.554 0.0000000000
17003  -40.593  -69.753  -50.927 0.0000000000
128782  -38.987  -69.076  -50.572 0.0000000000
18187  -36.932  -68.854  -51.014 0.0000000000
18161  -36.596  -68.202  -49.635 0.0000000000
19306  -35.367  -67.407  -48.616 0.0000000000
21644  -34.879  -65.744  -46.737 0.0000000000
19263  -43.479  -67.682  -45.441 0.0000000000
19261  -41.730  -67.322  -45.108 0.0000000000
19259  -40.020  -67.320  -45.664 0.0000000000
21591  -39.460  -65.886  -43.092 0.0000000000
20439  -38.847  -66.439  -44.575 0.0000000000
20473  -38.222  -67.006  -46.032 0.0000000000
20456  -36.611  -66.143  -45.606 0.0000000000
21626  -35.467  -65.053  -45.676 0.0000000000
12674  -36.649  -73.947  -57.657 0.0000000000
11699  -36.174  -73.955  -59.315 0.0000000000
14808  -37.998  -71.256  -60.203 0.0000000000
14825  -37.443  -72.124  -61.242 0.0000000000
137687  -37.785  -63.844  -54.405 0.0000000000
22805  -39.553  -64.352  -54.649 0.0000000000
22806  -41.099  -64.445  -54.661 0.0000000000
23963  -41.960  -63.381  -54.434 0.0000000000
21705  -43.749  -65.397  -55.136 0.0000000000
22832  -44.823  -64.952  -55.775 0.0000000000
21715  -42.182  -65.738  -57.446 0.0000000000
136769  -34.235  -64.817  -47.658 0.0000000000
20491  -33.684  -65.496  -49.170 0.0000000000
11685  -39.144  -75.305  -57.374 0.0000000000
11676  -38.399  -74.593  -56.704 0.0000000000
19367  -42.602  -67.456  -55.798 0.0000000000
143107  -42.308  -67.801  -56.318 0.0000000000
19382  -43.515  -67.832  -56.189 0.0000000000
18205  -43.426  -67.860  -56.629 0.0000000000
19368  -43.942  -67.357  -55.712 0.0000000000
17022  -36.488  -69.783  -52.462 0.0000000000
15860  -36.539  -70.350  -53.817 0.0000000000
17031  -36.139  -69.889  -53.314 0.0000000000
20544  -35.067  -66.114  -53.893 0.0000000000
20558  -35.505  -66.491  -54.493 0.0000000000
21693  -35.731  -65.733  -54.234 0.0000000000
20560  -36.868  -66.048  -54.873 0.0000000000
21686  -36.066  -65.095  -53.849 0.0000000000
14697  -43.000  -71.843  -50.773 0.0000000000
14714  -41.483  -72.173  -51.495 0.0000000000
145797  -40.875  -72.117  -51.973 0.0000000000
15837  -41.334  -70.863  -51.185 0.0000000000
18127  -39.832  -68.404  -47.615 0.0000000000
18146  -39.596  -68.625  -48.482 0.0000000000
18126  -39.004  -68.242  -47.816 0.0000000000
19301  -38.461  -67.775  -47.270 0.0000000000
22687  -41.519  -64.104  -41.330 0.0000000000
22688  -42.501  -64.083  -41.403 0.0000000000
21576  -43.056  -65.394  -42.515 0.0000000000
21575  -42.237  -65.383  -42.451 0.0000000000
21593  -41.703  -65.845  -43.032 0.0000000000
144953  -41.420  -65.327  -42.406 0.0000000000
125220  -37.798  -62.789  -43.318 0.0000000000
23867  -36.626  -63.945  -44.303 0.0000000000
25001  -37.664  -62.873  -44.166 0.0000000000
15908  -36.665  -70.628  -58.251 0.0000000000
14792  -36.620  -71.476  -58.729 0.0000000000
27450  -41.912  -60.693  -55.129 0.0000000000
26290  -41.720  -61.373  -56.536 0.0000000000
28652  -41.189  -59.920  -56.736 0.0000000000
19329  -35.018  -67.975  -50.260 0.0000000000
18174  -34.823  -68.206  -51.057 0.0000000000
19328  -34.369  -67.574  -50.732 0.0000000000
21661  -33.468  -65.662  -50.575 0.0000000000
20519  -33.501  -66.180  -51.302 0.0000000000
21667  -33.536  -65.381  -51.286 0.0000000000
125430  -34.242  -66.056  -52.692 0.0000000000
21668  -33.803  -65.109  -51.805 0.0000000000
18129  -41.537  -68.692  -47.485 0.0000000000
126471  -41.967  -68.442  -46.681 0.0000000000
146055  -39.594  -62.602  -40.571 0.0000000000
23814  -39.099  -63.073  -40.602 0.0000000000
129645  -38.289  -61.878  -40.721 0.0000000000
24973  -37.809  -62.520  -42.404 0.0000000000
127358  -37.343  -75.477  -60.647 0.0000000000
18236  -38.954  -68.799  -58.180 0.0000000000
18237  -39.996  -68.939  -58.038 0.0000000000
140156  -42.315  -69.200  -57.927 0.0000000000
17083  -41.716  -69.665  -58.453 0.0000000000
17096  -42.256  -70.171  -59.184 0.0000000000
15930  -43.611  -70.195  -59.552 0.0000000000
15931  -44.101  -70.193  -60.299 0.0000000000
20591  -43.275  -67.459  -57.734 0.0000000000
138622  -43.944  -68.173  -58.835 0.0000000000
20601  -43.221  -67.330  -59.141 0.0000000000
20590  -42.504  -66.610  -58.275 0.0000000000
14757  -38.297  -72.328  -54.286 0.0000000000
13710  -37.630  -72.736  -55.442 0.0000000000
14779  -36.220  -71.182  -56.850 0.0000000000
15876  -35.912  -69.906  -55.834 0.0000000000
128926  -35.473  -69.196  -53.705 0.0000000000
146006  -35.045  -68.477  -53.677 0.0000000000
18200  -35.580  -68.297  -55.293 0.0000000000
19376  -35.881  -67.917  -56.032 0.0000000000
18203  -36.170  -68.428  -56.820 0.0000000000
19392  -36.954  -67.920  -57.141 0.0000000000
20569  -38.631  -66.372  -55.451 0.0000000000
20581  -38.849  -66.796  -56.078 0.0000000000
20570  -39.850  -66.742  -55.549 0.0000000000
21702  -39.348  -66.040  -55.004 0.0000000000
15835  -39.815  -71.331  -52.136 0.0000000000
125173  -39.179  -71.590  -52.556 0.0000000000
147488  -39.235  -71.168  -52.145 0.0000000000
15834  -38.402  -70.348  -51.925 0.0000000000
17013  -38.916  -69.799  -51.493 0.0000000000
16992  -41.390  -69.405  -50.054 0.0000000000
134433  -41.157  -69.673  -50.604 0.0000000000
139915  -40.614  -69.352  -50.181 0.0000000000
18164  -39.125  -68.827  -49.944 0.0000000000
18178  -38.367  -68.733  -50.272 0.0000000000
17001  -38.397  -69.197  -51.020 0.0000000000
18177  -37.577  -68.761  -50.671 0.0000000000
18176  -36.627  -68.517  -50.403 0.0000000000
18162  -37.501  -68.404  -49.764 0.0000000000
19299  -36.573  -67.396  -47.590 0.0000000000
19307  -36.281  -67.622  -48.380 0.0000000000
19298  -35.631  -67.137  -47.788 0.0000000000
20493  -34.857  -66.801  -48.111 0.0000000000
20483  -35.031  -66.441  -47.244 0.0000000000
19244  -43.198  -67.198  -44.880 0.0000000000
132080  -41.308  -66.575  -44.185 0.0000000000
19241  -41.117  -66.971  -44.730 0.0000000000
19260  -40.892  -67.393  -45.425 0.0000000000
20460  -40.320  -66.972  -44.951 0.0000000000
22684  -38.575  -64.472  -41.367 0.0000000000
21573  -39.764  -65.464  -42.454 0.0000000000
21572  -38.839  -65.493  -42.480 0.0000000000
21615  -38.158  -65.990  -43.913 0.0000000000
20438  -37.863  -66.221  -44.696 0.0000000000
20458  -38.549  -66.692  -45.332 0.0000000000
20457  -37.572  -66.480  -45.464 0.0000000000
21628  -36.921  -65.886  -44.849 0.0000000000
22752  -35.704  -64.486  -45.410 0.0000000000
21627  -36.082  -65.303  -45.133 0.0000000000
22761  -35.171  -64.557  -46.190 0.0000000000
12659  -36.947  -73.401  -56.854 0.0000000000
12675  -37.482  -74.230  -57.077 0.0000000000
12695  -36.344  -73.043  -59.443 0.0000000000
141847  -36.529  -73.014  -60.266 0.0000000000
11706  -36.349  -73.829  -60.332 0.0000000000
12708  -36.713  -73.248  -61.020 0.0000000000
148036  -38.657  -70.442  -59.466 0.0000000000
15925  -37.884  -70.719  -59.432 0.0000000000
15926  -38.686  -70.906  -60.062 0.0000000000
148874  -38.509  -71.545  -62.609 0.0000000000
14826  -37.926  -71.776  -61.908 0.0000000000
138883  -37.096  -64.013  -54.178 0.0000000000
23959  -37.150  -63.118  -54.218 0.0000000000
144584  -39.540  -63.364  -54.617 0.0000000000
21697  -40.028  -65.359  -54.742 0.0000000000
23962  -40.566  -63.495  -54.588 0.0000000000
147868  -42.945  -62.132  -54.416 0.0000000000
25110  -42.611  -62.426  -54.276 0.0000000000
23964  -43.144  -63.156  -54.619 0.0000000000
22807  -42.598  -63.948  -54.612 0.0000000000
22818  -43.770  -64.096  -54.949 0.0000000000
139003  -44.494  -64.765  -55.446 0.0000000000
22819  -44.188  -64.224  -55.417 0.0000000000
126379  -41.627  -62.929  -57.337 0.0000000000
140327  -42.458  -64.125  -56.628 0.0000000000
24021  -41.611  -63.753  -57.352 0.0000000000
19305  -34.513  -67.007  -49.021 0.0000000000
20500  -33.980  -66.694  -49.806 0.0000000000
132155  -33.942  -66.233  -49.124 0.0000000000
20499  -33.596  -65.956  -49.840 0.0000000000
21657  -33.466  -65.191  -49.866 0.0000000000
126421  -38.101  -61.302  -41.126 0.0000000000
27275  -38.323  -59.872  -42.134 0.0000000000
10769  -38.152  -75.633  -58.190 0.0000000000
134310  -40.104  -67.979  -56.796 0.0000000000
18219  -40.678  -68.542  -57.370 0.0000000000
19395  -41.492  -68.117  -56.754 0.0000000000
18220  -42.204  -68.675  -57.346 0.0000000000
138002  -43.100  -68.907  -57.785 0.0000000000
137927  -43.733  -68.637  -58.335 0.0000000000
18221  -43.233  -68.294  -57.364 0.0000000000
20586  -44.016  -66.843  -56.534 0.0000000000
14727  -37.752  -71.076  -53.312 0.0000000000
15861  -37.227  -70.962  -54.002 0.0000000000
15870  -36.400  -70.515  -54.496 0.0000000000
15869  -35.886  -69.908  -54.932 0.0000000000
19353  -34.511  -67.301  -53.324 0.0000000000
19358  -34.904  -67.856  -53.915 0.0000000000
20557  -34.937  -66.999  -54.102 0.0000000000
20567  -35.892  -66.808  -55.095 0.0000000000
19366  -36.156  -67.070  -55.830 0.0000000000
20579  -36.940  -66.771  -56.072 0.0000000000
20568  -36.558  -66.521  -55.334 0.0000000000
21695  -37.487  -65.719  -54.655 0.0000000000
127215  -40.668  -71.260  -51.773 0.0000000000
143564  -40.120  -70.619  -51.760 0.0000000000
18148  -41.037  -68.917  -48.365 0.0000000000
136205  -39.159  -68.671  -49.186 0.0000000000
18144  -37.813  -68.250  -48.814 0.0000000000
19309  -38.107  -68.085  -47.990 0.0000000000
19300  -37.533  -67.590  -47.435 0.0000000000
19278  -36.909  -67.121  -46.853 0.0000000000
21595  -43.328  -65.844  -43.200 0.0000000000
20427  -43.598  -66.321  -43.814 0.0000000000
20443  -43.023  -66.688  -44.332 0.0000000000
20426  -42.787  -66.267  -43.772 0.0000000000
20425  -41.936  -66.321  -43.785 0.0000000000
20424  -41.015  -66.184  -43.567 0.0000000000
133232  -37.510  -63.970  -42.144 0.0000000000
21571  -38.088  -65.385  -42.594 0.0000000000
22719  -37.165  -64.649  -43.342 0.0000000000
21588  -36.970  -65.126  -43.778 0.0000000000
21613  -36.615  -65.199  -44.384 0.0000000000
22718  -36.723  -64.607  -44.016 0.0000000000
23879  -36.165  -63.725  -45.204 0.0000000000
14788  -36.349  -72.032  -57.103 0.0000000000
12673  -36.304  -73.309  -58.025 0.0000000000
13751  -36.292  -72.370  -57.996 0.0000000000
13766  -36.504  -72.180  -59.114 0.0000000000
14796  -36.905  -71.691  -59.439 0.0000000000
15952  -39.466  -71.116  -60.689 0.0000000000
29775  -39.704  -58.250  -54.657 0.0000000000
28625  -40.730  -59.565  -53.849 0.0000000000
129792  -41.199  -60.733  -53.835 0.0000000000
27434  -41.219  -60.231  -54.059 0.0000000000
26268  -42.305  -61.316  -54.625 0.0000000000
25124  -42.885  -61.898  -54.759 0.0000000000
23988  -43.195  -62.913  -55.656 0.0000000000
133657  -42.283  -62.585  -56.365 0.0000000000
25141  -41.626  -62.056  -57.262 0.0000000000
17021  -35.651  -69.320  -52.776 0.0000000000
18185  -35.410  -68.629  -51.485 0.0000000000
18192  -34.610  -68.272  -52.531 0.0000000000
19345  -34.312  -67.609  -52.637 0.0000000000
19327  -33.769  -67.016  -51.240 0.0000000000
19344  -33.939  -67.310  -52.021 0.0000000000
21684  -34.810  -65.740  -53.101 0.0000000000
21677  -35.168  -65.050  -52.867 0.0000000000
15818  -42.065  -70.358  -50.918 0.0000000000
16976  -41.673  -69.226  -49.242 0.0000000000
18128  -40.646  -68.542  -47.506 0.0000000000
18108  -40.182  -68.138  -46.890 0.0000000000
23828  -41.209  -63.385  -40.917 0.0000000000
23827  -40.476  -64.023  -41.117 0.0000000000
22686  -40.914  -64.719  -41.784 0.0000000000
132325  -40.231  -64.499  -41.490 0.0000000000
22676  -38.827  -63.837  -40.875 0.0000000000
23826  -38.118  -63.778  -41.160 0.0000000000
24957  -37.890  -62.190  -41.049 0.0000000000
23825  -37.909  -63.023  -41.168 0.0000000000
144884  -37.737  -63.601  -41.632 0.0000000000
23840  -37.629  -63.297  -42.172 0.0000000000
149048  -37.603  -63.232  -42.911 0.0000000000
25002  -38.345  -62.386  -43.827 0.0000000000
17080  -37.671  -69.575  -58.420 0.0000000000
15909  -37.375  -70.295  -58.685 0.0000000000
141313  -38.553  -69.428  -58.581 0.0000000000
17093  -39.070  -69.987  -59.100 0.0000000000
17094  -40.030  -70.077  -59.162 0.0000000000
15928  -40.717  -70.658  -59.864 0.0000000000
15975  -41.999  -70.608  -61.839 0.0000000000
18239  -44.388  -68.798  -59.170 0.0000000000
19423  -44.415  -68.519  -59.704 0.0000000000
19433  -43.856  -67.678  -60.940 0.0000000000
135797  -42.879  -66.871  -60.390 0.0000000000
12661  -38.619  -74.129  -56.163 0.0000000000
12646  -38.101  -73.529  -55.731 0.0000000000
13723  -37.268  -73.035  -56.120 0.0000000000
13722  -36.625  -72.562  -56.582 0.0000000000
13709  -36.842  -72.289  -55.800 0.0000000000
15891  -36.281  -70.664  -57.425 0.0000000000
17071  -36.408  -69.859  -57.668 0.0000000000
17039  -35.631  -69.322  -54.489 0.0000000000
17049  -35.657  -69.145  -55.195 0.0000000000
17057  -35.950  -69.607  -56.484 0.0000000000
18215  -36.240  -69.181  -57.288 0.0000000000
18234  -36.633  -69.269  -57.742 0.0000000000
18216  -37.473  -68.402  -57.632 0.0000000000
18217  -38.427  -68.308  -57.637 0.0000000000
19394  -38.945  -67.783  -57.065 0.0000000000
19378  -37.396  -67.221  -56.692 0.0000000000
19379  -38.396  -67.210  -56.640 0.0000000000
20571  -41.395  -66.833  -55.357 0.0000000000
12634  -39.322  -73.404  -55.072 0.0000000000
14742  -38.577  -72.154  -53.741 0.0000000000
147502  -39.608  -72.602  -53.085 0.0000000000
14743  -39.146  -72.279  -53.279 0.0000000000
15849  -37.946  -70.809  -52.561 0.0000000000
15833  -37.419  -70.073  -52.043 0.0000000000
15817  -41.292  -70.088  -51.032 0.0000000000
17014  -39.854  -69.889  -51.398 0.0000000000
17002  -39.775  -69.291  -50.536 0.0000000000
129805  -39.207  -69.424  -51.027 0.0000000000
17012  -37.423  -69.301  -51.361 0.0000000000
126909  -36.680  -69.125  -51.429 0.0000000000
18186  -36.236  -68.756  -51.169 0.0000000000
18160  -35.827  -68.174  -49.898 0.0000000000
19319  -35.179  -67.676  -49.453 0.0000000000
18143  -36.919  -68.017  -48.997 0.0000000000
19320  -36.026  -67.864  -49.151 0.0000000000
20482  -34.558  -66.195  -47.785 0.0000000000
19243  -42.444  -67.049  -44.747 0.0000000000
19262  -42.546  -67.654  -45.440 0.0000000000
18110  -42.385  -68.175  -46.096 0.0000000000
19283  -41.576  -67.929  -45.910 0.0000000000
19282  -40.568  -67.787  -46.168 0.0000000000
19281  -39.687  -67.642  -46.380 0.0000000000
21574  -40.612  -65.358  -42.419 0.0000000000
21592  -40.343  -65.862  -43.011 0.0000000000
20423  -40.075  -66.242  -43.697 0.0000000000
21590  -38.501  -65.777  -43.162 0.0000000000
20422  -39.153  -66.173  -43.819 0.0000000000
20440  -39.765  -66.562  -44.426 0.0000000000
20459  -39.464  -66.860  -45.160 0.0000000000
19258  -39.144  -67.172  -45.871 0.0000000000
19280  -38.803  -67.489  -46.562 0.0000000000
20472  -37.267  -66.756  -46.182 0.0000000000
20471  -36.320  -66.459  -46.333 0.0000000000
21638  -35.796  -65.737  -45.873 0.0000000000
20470  -35.462  -66.124  -46.520 0.0000000000
21637  -35.151  -65.356  -46.222 0.0000000000
21636  -34.672  -65.043  -46.773 0.0000000000
11683  -37.333  -74.768  -57.655 0.0000000000
11693  -36.847  -74.860  -58.297 0.0000000000
12685  -36.270  -74.038  -58.470 0.0000000000
11692  -36.502  -74.755  -59.132 0.0000000000
11700  -36.522  -74.639  -60.020 0.0000000000
149274  -37.430  -71.296  -59.661 0.0000000000
14807  -37.354  -71.852  -60.277 0.0000000000
15951  -38.775  -71.329  -60.899 0.0000000000
14809  -38.047  -71.686  -61.014 0.0000000000
13776  -36.946  -72.538  -60.694 0.0000000000
22774  -33.861  -64.087  -49.323 0.0000000000
22789  -34.226  -64.454  -51.889 0.0000000000
22790  -34.859  -64.345  -52.551 0.0000000000
22792  -35.761  -64.336  -53.292 0.0000000000
22802  -36.592  -64.573  -53.973 0.0000000000
22803  -37.448  -64.813  -54.358 0.0000000000
133251  -38.117  -65.357  -54.565 0.0000000000
22804  -38.403  -64.575  -54.520 0.0000000000
21696  -38.938  -65.344  -54.695 0.0000000000
21698  -41.100  -65.402  -54.783 0.0000000000
21704  -41.953  -65.944  -54.951 0.0000000000
25109  -41.703  -62.028  -54.069 0.0000000000
136558  -41.428  -62.782  -54.342 0.0000000000
22817  -42.366  -64.882  -54.800 0.0000000000
20573  -44.214  -66.396  -55.452 0.0000000000
21707  -45.083  -65.894  -55.904 0.0000000000
21716  -43.506  -66.089  -56.674 0.0000000000
21712  -43.576  -64.982  -56.416 0.0000000000
20585  -43.011  -66.695  -57.196 0.0000000000
13752  -36.405  -71.984  -58.528 0.0000000000
13765  -36.361  -72.563  -58.725 0.0000000000
14791  -36.386  -71.427  -58.076 0.0000000000
15850  -38.722  -71.066  -52.258 0.0000000000
15883  -36.082  -70.309  -56.643 0.0000000000
15955  -43.343  -70.467  -60.630 0.0000000000
15977  -43.834  -70.049  -61.061 0.0000000000
17010  -35.198  -68.757  -52.269 0.0000000000
17097  -44.457  -69.804  -59.745 0.0000000000
18147  -40.320  -68.883  -48.734 0.0000000000
18184  -34.690  -68.311  -51.825 0.0000000000
18214  -35.984  -69.172  -56.774 0.0000000000
18235  -37.160  -69.029  -58.007 0.0000000000
18248  -44.654  -69.060  -59.791 0.0000000000
19242  -41.822  -66.812  -44.474 0.0000000000
19369  -44.560  -66.773  -55.785 0.0000000000
19383  -44.221  -67.231  -56.097 0.0000000000
19434  -44.380  -68.370  -60.394 0.0000000000
20492  -34.317  -66.300  -48.431 0.0000000000
20509  -33.994  -67.030  -50.452 0.0000000000
20528  -33.675  -66.654  -51.865 0.0000000000
20574  -44.901  -66.202  -55.755 0.0000000000
20580  -37.930  -66.738  -56.081 0.0000000000
20582  -44.851  -66.323  -56.074 0.0000000000
20583  -44.918  -66.365  -55.866 0.0000000000
21561  -39.169  -65.094  -41.803 0.0000000000
21643  -34.535  -65.653  -47.310 0.0000000000
21649  -34.201  -65.631  -48.021 0.0000000000
21675  -33.682  -65.912  -52.067 0.0000000000
21706  -44.879  -65.540  -55.624 0.0000000000
21713  -44.736  -65.879  -56.165 0.0000000000
22677  -39.600  -63.712  -40.855 0.0000000000
22685  -39.543  -64.400  -41.268 0.0000000000
22699  -37.582  -64.724  -42.501 0.0000000000
22700  -38.271  -65.043  -41.952 0.0000000000
22766  -33.860  -65.118  -48.482 0.0000000000
22842  -41.735  -64.673  -57.274 0.0000000000
23918  -33.586  -64.473  -49.902 0.0000000000
23965  -43.166  -62.469  -54.663 0.0000000000
24940  -38.344  -62.590  -40.715 0.0000000000
26146  -38.843  -61.931  -43.753 0.0000000000
27260  -38.323  -60.495  -41.506 0.0000000000
27435  -41.724  -60.804  -54.374 0.0000000000
27449  -41.539  -60.278  -54.753 0.0000000000
27467  -41.489  -60.644  -56.415 0.0000000000
29776  -40.367  -58.885  -54.753 0.0000000000
123958  -36.781  -69.545  -51.802 0.0000000000
124235  -35.460  -67.111  -54.716 0.0000000000
129998  -42.530  -61.860  -54.305 0.0000000000
134060  -43.982  -67.301  -44.936 0.0000000000
137683  -37.058  -75.296  -59.791 0.0000000000
138282  -39.062  -62.126  -40.508 0.0000000000
139361  -34.308  -67.864  -52.126 0.0000000000
140509  -43.203  -62.466  -55.172 0.0000000000
141666  -38.643  -72.868  -54.717 0.0000000000
145754  -37.737  -63.144  -41.640 0.0000000000
147523  -41.587  -70.536  -59.740 0.0000000000
