#!ascii label  , from subject sub-v1s12x0050128_ses-1 vox2ras=TkReg
2128
11287  -39.313  -69.947  -25.608 0.1000000015
11271  -38.845  -69.945  -24.706 0.1000000015
9688  -37.905  -71.295  -22.804 0.1000000015
11253  -37.619  -69.721  -23.248 0.1000000015
11236  -36.992  -69.690  -22.587 0.1000000015
12091  -37.135  -68.096  -23.358 0.1000000015
12075  -36.409  -68.973  -22.467 0.1000000015
12832  -35.927  -67.737  -23.057 0.1000000015
131014  -36.088  -67.281  -23.546 0.1000000015
12831  -35.240  -67.976  -22.804 0.1000000015
12846  -34.627  -67.919  -23.196 0.1000000015
12847  -35.417  -67.516  -23.553 0.1000000015
12863  -34.661  -67.631  -24.019 0.1000000015
120715  -33.970  -68.304  -22.861 0.1000000015
12138  -34.504  -68.489  -26.529 0.1000000015
12089  -34.029  -68.099  -23.695 0.1000000015
12121  -33.721  -68.525  -25.114 0.1000000015
12105  -34.098  -68.069  -24.612 0.1000000015
12140  -39.746  -68.181  -27.341 0.1000000015
116441  -38.846  -69.079  -25.067 0.1000000015
115182  -39.343  -68.921  -26.221 0.1000000015
118120  -38.403  -69.191  -24.309 0.1000000015
12123  -38.771  -68.035  -25.291 0.1000000015
12107  -38.264  -68.220  -24.321 0.1000000015
131987  -38.363  -67.343  -24.607 0.1000000015
13635  -37.337  -66.684  -24.196 0.1000000015
13634  -36.632  -66.937  -23.830 0.1000000015
12864  -35.353  -67.203  -24.401 0.1000000015
126089  -35.527  -66.243  -29.735 0.1000000015
12921  -35.997  -67.173  -29.713 0.1000000015
12917  -35.902  -67.602  -29.540 0.1000000015
12152  -35.386  -68.303  -28.021 0.1000000015
124327  -35.613  -67.797  -27.578 0.1000000015
12896  -35.493  -67.516  -26.663 0.1000000015
12882  -35.366  -67.268  -25.502 0.1000000015
12895  -34.897  -67.896  -26.059 0.1000000015
12881  -34.727  -67.650  -25.009 0.1000000015
12155  -41.124  -68.197  -27.292 0.1000000015
13687  -40.951  -65.877  -27.204 0.2000000030
13699  -41.028  -66.619  -27.761 0.2000000030
12153  -40.342  -68.020  -27.701 0.1000000015
13686  -40.310  -65.997  -26.957 0.1000000015
12907  -40.226  -67.371  -27.829 0.1000000015
121351  -40.332  -64.872  -26.286 0.1000000015
12884  -39.455  -66.389  -26.180 0.1000000015
17719  -32.157  -61.697  -23.122 0.1000000015
16175  -32.643  -62.971  -23.754 0.1000000015
13671  -39.553  -65.363  -26.073 0.1000000015
13670  -38.749  -65.973  -25.424 0.1000000015
13654  -38.124  -66.516  -24.667 0.1000000015
16940  -32.089  -62.284  -23.740 0.1000000015
119179  -32.797  -63.538  -24.296 0.1000000015
16214  -33.312  -63.946  -24.972 0.1000000015
122959  -34.326  -63.827  -25.568 0.1000000015
16225  -35.160  -63.435  -26.193 0.1000000015
15385  -35.181  -64.390  -27.614 0.1000000015
14471  -38.162  -65.785  -25.121 0.1000000015
14470  -37.463  -65.945  -24.788 0.1000000015
13652  -36.000  -66.887  -24.022 0.1000000015
15359  -33.641  -64.435  -25.742 0.1000000015
14505  -34.335  -65.152  -27.189 0.1000000015
15373  -34.548  -64.234  -26.504 0.1000000015
15395  -35.868  -64.559  -28.646 0.1000000015
14530  -36.636  -64.960  -29.331 0.1000000015
15396  -37.144  -64.569  -29.009 0.1000000015
14531  -37.137  -65.209  -29.225 0.1000000015
128979  -36.912  -65.882  -24.934 0.1000000015
13668  -35.941  -66.642  -24.852 0.1000000015
112863  -35.722  -65.399  -29.258 0.1000000015
14540  -36.362  -65.673  -29.643 0.1000000015
129102  -37.005  -65.065  -29.411 0.1000000015
13696  -36.857  -66.225  -28.165 0.1000000015
12897  -36.149  -67.081  -27.566 0.1000000015
13717  -36.389  -66.328  -29.656 0.1000000015
12922  -36.452  -66.609  -29.551 0.1000000015
13711  -36.979  -66.080  -29.269 0.1000000015
13684  -35.948  -66.775  -26.093 0.1000000015
14491  -41.171  -65.609  -26.695 0.1000000015
13673  -41.261  -66.388  -26.569 0.2000000030
12885  -41.332  -67.533  -26.099 0.1000000015
12866  -41.430  -67.677  -24.996 0.2000000030
129357  -42.033  -68.094  -24.546 0.2000000030
14490  -40.919  -64.732  -26.144 0.1000000015
14508  -40.931  -65.002  -26.455 0.1000000015
18511  -32.730  -59.998  -22.214 0.1000000015
18523  -31.871  -60.846  -22.992 0.1000000015
14488  -38.648  -65.179  -25.653 0.1000000015
15360  -38.378  -64.485  -26.150 0.1000000015
16196  -33.234  -63.322  -23.770 0.1000000015
124418  -34.144  -63.589  -24.901 0.1000000015
111974  -34.957  -63.409  -25.308 0.1000000015
14487  -37.832  -65.231  -25.430 0.1000000015
15374  -35.492  -63.577  -27.096 0.1000000015
16246  -36.749  -64.068  -28.682 0.1000000015
16247  -37.467  -63.663  -28.320 0.1000000015
14521  -37.604  -64.570  -27.693 0.1000000015
14506  -36.863  -65.446  -26.058 0.1000000015
14486  -37.128  -65.555  -25.434 0.1000000015
13685  -36.535  -66.142  -26.705 0.1000000015
14441  -40.005  -65.722  -22.635 0.1000000015
13622  -40.577  -66.360  -22.660 0.1000000015
126721  -40.474  -65.217  -24.155 0.1000000015
13636  -40.395  -65.942  -23.425 0.1000000015
13655  -40.695  -65.975  -24.471 0.1000000015
13637  -40.856  -66.828  -23.577 0.2000000030
12850  -41.454  -67.549  -24.094 0.2000000030
13672  -41.141  -65.709  -25.838 0.2000000030
12851  -42.474  -67.734  -23.885 0.2000000030
15328  -40.320  -64.356  -24.361 0.1000000015
15361  -40.417  -63.908  -25.689 0.1000000015
16230  -40.053  -63.122  -26.419 0.1000000015
17704  -32.378  -61.239  -22.483 0.1000000015
17705  -32.989  -61.653  -22.048 0.1000000015
16927  -33.371  -62.480  -22.386 0.1000000015
16158  -33.881  -63.111  -22.672 0.1000000015
15378  -40.245  -64.023  -25.966 0.1000000015
15377  -39.807  -63.558  -26.346 0.1000000015
19304  -32.990  -59.373  -22.886 0.1000000015
20110  -33.919  -59.043  -22.812 0.1000000015
16926  -32.727  -62.076  -22.704 0.1000000015
16176  -33.192  -62.865  -23.139 0.1000000015
16197  -34.548  -63.485  -24.434 0.1000000015
16198  -35.564  -63.351  -24.786 0.1000000015
16227  -36.589  -62.743  -26.841 0.1000000015
16962  -37.808  -62.436  -26.562 0.1000000015
16238  -38.430  -62.905  -27.607 0.1000000015
16228  -39.135  -63.036  -27.147 0.1000000015
20118  -33.463  -58.749  -23.627 0.1000000015
110649  -36.338  -63.152  -27.427 0.1000000015
133320  -37.614  -63.015  -27.998 0.1000000015
15398  -37.853  -63.395  -28.004 0.1000000015
15388  -38.440  -63.222  -27.597 0.1000000015
14507  -37.480  -64.817  -26.280 0.1000000015
20129  -35.233  -57.999  -24.013 0.1000000015
20974  -35.910  -57.660  -24.667 0.1000000015
20973  -34.748  -57.755  -25.311 0.1000000015
134157  -36.525  -57.382  -25.131 0.1000000015
15292  -39.072  -64.826  -22.063 0.1000000015
14454  -40.012  -65.109  -23.487 0.1000000015
112606  -38.691  -64.716  -21.298 0.1000000015
15326  -39.051  -64.294  -23.046 0.1000000015
14421  -40.379  -65.986  -21.792 0.1000000015
13623  -41.295  -66.824  -22.697 0.2000000030
15327  -39.726  -64.250  -23.728 0.1000000015
12833  -41.607  -67.326  -23.329 0.2000000030
16163  -38.320  -63.811  -23.190 0.1000000015
16182  -39.330  -63.520  -24.061 0.1000000015
117377  -35.937  -58.474  -22.563 0.1000000015
126654  -34.811  -59.120  -22.390 0.1000000015
19305  -33.774  -59.560  -22.057 0.1000000015
19294  -34.217  -59.943  -21.401 0.1000000015
17692  -32.759  -60.777  -21.940 0.1000000015
16912  -33.674  -62.205  -21.727 0.1000000015
15309  -37.677  -64.109  -22.226 0.1000000015
16181  -38.541  -63.318  -24.098 0.1000000015
15344  -40.076  -63.589  -24.597 0.1000000015
16217  -40.263  -63.147  -26.105 0.1000000015
111631  -34.631  -63.469  -22.842 0.1000000015
16178  -35.535  -63.622  -23.018 0.1000000015
16955  -38.778  -62.541  -25.559 0.1000000015
16956  -39.533  -62.627  -25.547 0.1000000015
16966  -39.970  -62.819  -26.439 0.1000000015
20954  -36.380  -57.871  -22.877 0.1000000015
16177  -33.985  -63.375  -23.532 0.1000000015
111635  -35.026  -63.509  -23.767 0.1000000015
112288  -36.051  -63.425  -23.991 0.1000000015
16954  -37.811  -62.550  -25.741 0.1000000015
16972  -38.886  -62.615  -26.916 0.1000000015
16973  -39.531  -62.710  -26.616 0.1000000015
20111  -35.467  -58.739  -22.641 0.1000000015
20119  -34.700  -58.582  -23.245 0.1000000015
20112  -36.285  -58.182  -23.131 0.1000000015
20130  -36.165  -57.937  -23.725 0.1000000015
121978  -36.610  -57.459  -24.320 0.1000000015
20984  -36.625  -57.021  -26.136 0.1000000015
15310  -38.447  -64.407  -22.236 0.1000000015
129582  -39.724  -65.019  -20.513 0.1000000015
13609  -40.996  -66.393  -22.071 0.1000000015
15291  -37.934  -64.465  -21.398 0.1000000015
15267  -37.439  -64.432  -20.655 0.1000000015
132947  -40.656  -65.688  -21.241 0.1000000015
13610  -41.855  -66.382  -22.061 0.1000000015
16143  -36.427  -64.064  -21.514 0.1000000015
15290  -37.180  -64.223  -21.437 0.1000000015
115551  -35.480  -59.033  -22.069 0.1000000015
18497  -33.419  -60.311  -21.597 0.1000000015
17693  -33.527  -61.249  -21.400 0.1000000015
16161  -36.176  -63.854  -22.338 0.1000000015
16180  -37.822  -63.433  -23.778 0.1000000015
14423  -42.333  -65.713  -21.493 0.1000000015
14406  -42.802  -64.991  -21.140 0.2000000030
19306  -34.857  -59.463  -21.695 0.1000000015
128724  -33.878  -62.863  -22.046 0.1000000015
16141  -34.727  -63.436  -21.485 0.1000000015
126946  -36.382  -63.614  -23.240 0.1000000015
16200  -38.001  -62.977  -24.710 0.1000000015
22541  -36.143  -56.253  -23.071 0.1000000015
20962  -36.481  -57.634  -23.568 0.1000000015
21784  -37.034  -57.084  -24.211 0.1000000015
123528  -37.090  -55.201  -24.859 0.1000000015
21794  -37.384  -56.598  -25.056 0.1000000015
22557  -37.473  -55.870  -25.165 0.1000000015
20975  -37.257  -56.548  -25.824 0.1000000015
15222  -37.174  -64.179  -18.913 0.1000000015
15244  -37.666  -64.435  -19.696 0.1000000015
15245  -38.815  -64.519  -19.517 0.1000000015
16112  -36.326  -63.943  -19.206 0.1000000015
15268  -38.272  -64.614  -20.486 0.1000000015
14403  -40.124  -65.438  -21.044 0.1000000015
121411  -36.954  -64.353  -20.157 0.1000000015
15246  -39.674  -64.688  -19.845 0.1000000015
14404  -40.934  -65.391  -20.746 0.1000000015
16142  -35.262  -63.709  -21.202 0.1000000015
15266  -36.180  -64.162  -20.082 0.1000000015
119556  -40.968  -64.472  -19.679 0.1000000015
20953  -35.866  -57.882  -22.191 0.1000000015
20104  -35.536  -58.619  -21.716 0.1000000015
19284  -35.319  -58.979  -21.007 0.1000000015
19295  -34.776  -59.822  -21.040 0.1000000015
17694  -34.173  -61.342  -20.830 0.1000000015
16913  -34.273  -62.907  -21.382 0.1000000015
16128  -34.750  -63.365  -20.800 0.1000000015
118851  -35.912  -64.039  -20.923 0.1000000015
15271  -41.294  -64.789  -20.206 0.1000000015
14405  -41.881  -65.163  -20.749 0.1000000015
21777  -36.065  -57.082  -22.567 0.1000000015
110832  -34.162  -62.045  -21.050 0.1000000015
16159  -34.385  -63.305  -22.068 0.1000000015
22548  -35.603  -55.273  -22.942 0.1000000015
22549  -36.312  -55.497  -23.631 0.1000000015
23300  -36.557  -54.883  -24.253 0.1000000015
24049  -35.933  -53.200  -24.590 0.1000000015
23307  -36.868  -54.472  -25.046 0.1000000015
24863  -36.410  -52.812  -25.651 0.1000000015
16088  -36.593  -63.700  -18.378 0.1000000015
16089  -37.529  -63.855  -18.099 0.1000000015
15223  -38.142  -64.268  -18.727 0.1000000015
16069  -35.979  -63.191  -17.875 0.1000000015
15224  -39.118  -64.130  -18.590 0.1000000015
16087  -35.725  -63.458  -18.719 0.1000000015
133967  -39.613  -64.352  -19.166 0.1000000015
15247  -40.313  -64.389  -19.412 0.1000000015
16110  -34.833  -63.294  -19.970 0.1000000015
16111  -35.524  -63.666  -19.575 0.1000000015
15225  -40.035  -63.846  -18.679 0.1000000015
21771  -35.385  -56.997  -21.824 0.1000000015
18498  -34.215  -60.610  -20.988 0.1000000015
16899  -34.472  -62.732  -20.485 0.1000000015
16113  -40.999  -63.815  -19.216 0.1000000015
114663  -41.909  -64.510  -20.235 0.1000000015
22540  -35.374  -56.031  -22.248 0.1000000015
20946  -35.274  -57.771  -21.456 0.1000000015
20933  -35.079  -58.361  -20.974 0.1000000015
19283  -34.911  -59.491  -20.581 0.1000000015
18483  -34.606  -60.305  -20.389 0.1000000015
16114  -41.897  -63.438  -19.656 0.1000000015
116729  -34.998  -55.077  -22.339 0.1000000015
24036  -35.063  -53.421  -23.055 0.1000000015
23292  -35.155  -54.315  -22.781 0.1000000015
24856  -35.282  -52.725  -23.771 0.1000000015
24042  -35.603  -53.623  -23.746 0.1000000015
24862  -35.703  -52.371  -24.873 0.1000000015
25766  -35.099  -51.851  -24.157 0.1000000015
17643  -34.672  -61.321  -17.905 0.1000000015
16853  -35.503  -62.457  -17.530 0.1000000015
16071  -37.851  -63.374  -17.368 0.1000000015
16072  -38.793  -63.064  -17.330 0.1000000015
111198  -34.674  -59.992  -19.723 0.1000000015
112437  -34.531  -60.908  -19.664 0.1000000015
17669  -34.521  -61.773  -19.231 0.1000000015
16872  -35.227  -62.851  -18.306 0.1000000015
16091  -39.379  -63.524  -18.021 0.1000000015
22539  -34.556  -55.380  -21.691 0.1000000015
22534  -34.706  -56.245  -21.464 0.1000000015
20091  -34.836  -58.772  -20.345 0.1000000015
122546  -34.393  -60.995  -20.412 0.1000000015
17678  -34.413  -61.783  -20.187 0.1000000015
16092  -40.629  -63.198  -18.582 0.1000000015
23291  -34.470  -54.411  -21.953 0.1000000015
15248  -41.591  -64.201  -19.762 0.1000000015
15249  -42.166  -64.038  -20.003 0.1000000015
24035  -34.682  -53.733  -22.430 0.1000000015
120073  -34.407  -52.245  -22.463 0.1000000015
24848  -34.772  -52.690  -23.008 0.1000000015
24855  -34.715  -52.046  -23.275 0.1000000015
128734  -34.627  -51.398  -23.589 0.1000000015
121310  -34.090  -50.078  -23.308 0.1000000015
27732  -33.993  -49.460  -23.508 0.1000000015
25774  -34.828  -50.981  -24.487 0.1000000015
16854  -36.328  -62.727  -17.146 0.1000000015
16855  -37.231  -62.864  -16.944 0.1000000015
122637  -38.018  -62.823  -16.907 0.1000000015
16856  -38.452  -62.136  -16.903 0.1000000015
22526  -34.085  -55.744  -20.986 0.1000000015
20932  -34.520  -57.932  -20.232 0.1000000015
126911  -34.652  -59.216  -19.698 0.1000000015
18468  -34.553  -60.360  -18.950 0.1000000015
24031  -34.246  -53.539  -21.841 0.1000000015
117020  -33.945  -54.050  -21.382 0.1000000015
23287  -33.875  -54.832  -21.107 0.1000000015
112237  -34.281  -56.417  -20.855 0.1000000015
21759  -34.236  -57.007  -20.339 0.1000000015
130981  -40.015  -63.260  -18.180 0.1000000015
25751  -33.967  -51.758  -21.785 0.1000000015
120523  -33.743  -50.832  -21.789 0.1000000015
25757  -34.279  -51.343  -22.698 0.1000000015
26725  -33.632  -49.956  -22.059 0.1000000015
27719  -33.799  -49.716  -22.817 0.1000000015
113808  -33.567  -49.188  -22.322 0.1000000015
127788  -33.740  -49.110  -23.009 0.1000000015
29596  -33.674  -47.818  -23.381 0.1000000015
18435  -34.954  -60.836  -17.239 0.1000000015
16836  -35.848  -61.907  -16.770 0.1000000015
129823  -36.398  -61.540  -16.479 0.1000000015
16837  -36.712  -62.187  -16.619 0.1000000015
118744  -36.526  -60.934  -16.335 0.1000000015
18453  -34.547  -60.241  -17.909 0.1000000015
19272  -34.511  -59.542  -18.835 0.1000000015
25750  -33.634  -51.390  -21.124 0.1000000015
121736  -33.642  -52.101  -20.981 0.1000000015
27713  -33.432  -49.344  -21.391 0.1000000015
29574  -33.373  -47.688  -22.468 0.1000000015
30454  -33.333  -46.271  -22.401 0.1000000015
18416  -35.943  -60.333  -16.362 0.1000000015
20063  -34.415  -58.666  -18.495 0.1000000015
24030  -33.759  -53.413  -21.151 0.1000000015
23286  -33.618  -54.069  -20.731 0.1000000015
21758  -33.845  -56.172  -20.310 0.1000000015
21744  -33.804  -56.569  -19.566 0.1000000015
121621  -34.291  -57.925  -18.727 0.1000000015
26715  -33.527  -50.731  -20.818 0.1000000015
115962  -33.555  -50.157  -21.334 0.1000000015
28683  -33.343  -48.480  -21.897 0.1000000015
112515  -33.206  -46.895  -22.087 0.1000000015
115326  -33.306  -45.735  -22.234 0.1000000015
19251  -34.660  -59.419  -17.335 0.1000000015
128721  -33.869  -56.801  -18.871 0.1000000015
120553  -34.382  -57.912  -17.925 0.1000000015
20050  -34.541  -58.677  -17.514 0.1000000015
25743  -33.475  -51.518  -20.223 0.1000000015
24027  -33.496  -53.361  -20.252 0.1000000015
22525  -33.672  -55.408  -20.359 0.1000000015
21743  -33.594  -55.799  -19.628 0.1000000015
127392  -32.896  -46.850  -21.337 0.1000000015
30436  -33.041  -46.116  -21.665 0.1000000015
31346  -32.798  -45.456  -21.041 0.1000000015
31347  -33.158  -45.276  -21.766 0.1000000015
21730  -33.694  -56.135  -18.867 0.1000000015
111393  -33.460  -54.088  -20.042 0.1000000015
23265  -33.448  -54.559  -19.500 0.1000000015
22500  -33.528  -55.263  -18.912 0.1000000015
27695  -33.223  -49.598  -19.858 0.1000000015
29554  -33.134  -48.483  -20.927 0.1000000015
131441  -32.897  -47.866  -20.837 0.1000000015
30435  -32.673  -46.278  -20.734 0.1000000015
32257  -32.675  -44.796  -20.373 0.1000000015
26706  -33.363  -50.567  -19.834 0.1000000015
126921  -33.287  -49.221  -20.567 0.1000000015
28675  -32.795  -48.020  -20.281 0.1000000015
29553  -32.730  -47.264  -20.635 0.1000000015
31334  -32.603  -45.567  -20.369 0.1000000015
32242  -32.617  -44.546  -19.606 0.1000000015
31317  -32.535  -45.301  -19.617 0.1000000015
28676  -33.033  -48.770  -20.026 0.1000000015
29545  -32.616  -47.441  -19.734 0.1000000015
125074  -32.520  -45.985  -20.011 0.1000000015
122012  -32.508  -46.092  -19.328 0.1000000015
10434  -38.128  -70.620  -23.473 0.1000000015
10419  -37.484  -70.457  -22.767 0.1000000015
12092  -37.778  -68.836  -23.673 0.1000000015
119077  -37.103  -68.897  -22.988 0.1000000015
12106  -37.637  -67.920  -23.779 0.1000000015
12090  -36.498  -68.237  -22.929 0.1000000015
12074  -35.821  -68.355  -22.530 0.1000000015
12848  -36.561  -67.577  -23.399 0.1000000015
12124  -39.279  -67.577  -26.309 0.1000000015
12883  -38.774  -66.940  -25.311 0.1000000015
12865  -37.823  -67.285  -24.135 0.1000000015
13653  -36.694  -66.365  -24.489 0.1000000015
12168  -35.432  -68.376  -29.733 0.1000000015
12906  -35.881  -67.724  -28.523 0.1000000015
12162  -35.539  -68.321  -29.046 0.1000000015
12909  -41.063  -67.297  -27.684 0.1000000015
13698  -40.612  -66.655  -27.717 0.1000000015
119138  -41.298  -66.835  -27.047 0.2000000030
117120  -33.630  -63.509  -24.294 0.1000000015
15386  -36.076  -63.731  -28.002 0.1000000015
15394  -34.954  -65.292  -28.210 0.1000000015
14541  -36.850  -65.549  -29.525 0.1000000015
16236  -36.954  -63.299  -28.107 0.1000000015
14532  -37.436  -64.603  -28.625 0.1000000015
13697  -37.294  -65.380  -28.563 0.1000000015
13669  -36.519  -66.023  -25.386 0.1000000015
14520  -37.124  -65.371  -27.191 0.1000000015
13656  -40.975  -66.914  -24.711 0.2000000030
14472  -40.728  -64.709  -25.192 0.1000000015
14489  -39.371  -64.356  -26.210 0.1000000015
16215  -35.969  -63.059  -25.884 0.1000000015
16980  -37.177  -62.789  -27.635 0.1000000015
16237  -38.015  -62.962  -27.958 0.1000000015
15345  -40.453  -63.843  -25.015 0.1000000015
15376  -39.057  -63.519  -26.820 0.1000000015
16199  -36.787  -63.105  -25.082 0.1000000015
16970  -37.441  -62.509  -27.105 0.1000000015
16963  -38.533  -62.411  -26.405 0.1000000015
15375  -38.209  -64.005  -27.071 0.1000000015
20128  -34.081  -58.197  -24.358 0.1000000015
15269  -39.099  -64.782  -20.445 0.1000000015
14420  -39.643  -65.463  -21.873 0.1000000015
14440  -39.491  -64.984  -22.804 0.1000000015
14442  -42.892  -66.249  -22.181 0.2000000030
16202  -39.826  -63.001  -25.090 0.1000000015
16162  -37.187  -63.754  -22.969 0.1000000015
16201  -39.075  -62.943  -24.833 0.1000000015
16965  -40.045  -62.650  -25.968 0.1000000015
16160  -35.172  -63.671  -22.059 0.1000000015
16179  -37.041  -63.382  -23.972 0.1000000015
15272  -42.562  -64.346  -20.542 0.1000000015
24043  -36.232  -54.029  -24.365 0.1000000015
23308  -37.388  -55.010  -25.652 0.1000000015
16129  -35.376  -63.737  -20.419 0.1000000015
23299  -35.813  -54.496  -23.558 0.1000000015
24050  -36.629  -53.640  -25.311 0.1000000015
16887  -34.590  -62.578  -19.614 0.1000000015
17654  -34.611  -61.764  -18.497 0.1000000015
27731  -33.866  -48.665  -23.623 0.1000000015
20920  -34.121  -57.420  -19.370 0.1000000015
18360  -44.143  -60.261  -11.572 0.5000000000
114107  -50.506  -61.173  -17.132 0.5000000000
18426  -50.576  -60.755  -16.297 0.5000000000
18359  -43.305  -59.740  -11.345 0.5000000000
19176  -45.239  -59.492  -12.262 0.5000000000
129715  -45.631  -59.255  -12.585 0.5000000000
18425  -50.212  -60.559  -16.930 0.5000000000
19169  -41.531  -59.449  -10.504 0.5000000000
19170  -42.367  -59.549  -10.877 0.5000000000
19174  -44.110  -59.053  -11.665 0.5000000000
115429  -49.333  -59.697  -16.276 0.5000000000
19983  -42.188  -58.518  -10.878 0.5000000000
124990  -43.737  -58.392  -11.744 0.5000000000
19987  -42.931  -58.245  -11.387 0.4000000060
19989  -43.854  -58.197  -12.109 0.4000000060
131806  -48.624  -60.714  -18.921 0.5000000000
18474  -48.598  -61.072  -19.728 0.5000000000
126732  -47.878  -60.868  -19.434 0.5000000000
18489  -47.457  -61.131  -20.358 0.5000000000
18487  -45.746  -60.567  -21.250 0.5000000000
120356  -46.277  -60.981  -20.400 0.5000000000
18471  -44.744  -59.936  -20.185 0.4000000060
19276  -44.198  -59.034  -20.147 0.4000000060
16812  -52.059  -61.677  -14.249 0.1000000015
17637  -50.584  -61.497  -16.530 0.5000000000
18353  -42.619  -60.678  -10.700 0.5000000000
18354  -43.514  -61.087  -10.969 0.5000000000
116884  -44.980  -60.393  -11.807 0.5000000000
19183  -47.086  -59.666  -13.004 0.4000000060
19244  -50.054  -60.012  -16.375 0.5000000000
122097  -40.464  -59.780  -9.456 0.5000000000
131888  -41.732  -60.509  -10.243 0.5000000000
127946  -39.609  -58.601  -9.344 0.5000000000
20790  -38.339  -57.463  -7.578 0.5000000000
20807  -38.406  -57.520  -8.245 0.5000000000
123141  -40.135  -58.905  -9.766 0.5000000000
21609  -37.887  -56.629  -7.536 0.4000000060
19971  -39.335  -57.889  -9.341 0.3000000119
19981  -40.737  -58.108  -10.340 0.5000000000
20827  -42.198  -57.679  -11.150 0.4000000060
19988  -43.329  -57.810  -11.907 0.4000000060
19972  -40.029  -57.939  -9.875 0.3000000119
19192  -45.211  -58.917  -13.422 0.6999999881
20813  -38.436  -57.027  -8.741 0.3000000119
20814  -39.042  -57.060  -9.340 0.3000000119
20826  -41.481  -57.284  -10.805 0.3000000119
20833  -42.645  -57.553  -11.737 0.4000000060
20011  -44.072  -58.414  -12.571 0.5000000000
19207  -44.578  -59.390  -14.040 0.6000000238
129368  -46.363  -59.721  -15.138 0.6000000238
19222  -47.912  -59.549  -15.396 0.6000000238
19243  -49.482  -60.080  -17.024 0.5000000000
18475  -49.520  -61.073  -19.132 0.3000000119
20815  -39.867  -57.036  -9.849 0.3000000119
19996  -42.413  -57.831  -12.546 0.4000000060
19206  -43.640  -59.459  -13.875 0.5000000000
18404  -45.850  -60.231  -15.733 0.6000000238
18422  -46.209  -60.403  -16.460 0.6000000238
18441  -47.690  -60.388  -17.674 0.5000000000
18460  -47.589  -60.652  -18.634 0.5000000000
21646  -41.156  -56.662  -10.952 0.4000000060
20839  -42.249  -57.322  -11.966 0.4000000060
18385  -43.793  -60.159  -14.691 0.5000000000
18439  -45.704  -60.658  -17.227 0.5000000000
117260  -46.915  -60.620  -18.041 0.5000000000
21658  -40.664  -56.295  -11.116 0.4000000060
19995  -41.299  -57.760  -12.548 0.4000000060
19189  -41.780  -59.143  -13.743 0.5000000000
18401  -43.074  -60.417  -15.588 0.5000000000
18438  -44.654  -60.626  -17.352 0.4000000060
114637  -46.092  -60.818  -17.961 0.5000000000
116907  -45.880  -60.922  -19.501 0.5000000000
20009  -41.445  -58.516  -13.264 0.4000000060
19205  -41.933  -59.713  -14.539 0.5000000000
18419  -43.603  -60.500  -16.217 0.5000000000
18437  -43.724  -60.427  -17.012 0.4000000060
113765  -45.026  -60.557  -19.413 0.4000000060
19238  -41.642  -59.234  -16.175 0.5000000000
19254  -42.617  -59.442  -17.216 0.4000000060
119555  -43.892  -59.776  -18.685 0.4000000060
20042  -42.094  -58.876  -16.931 0.3000000119
20055  -42.995  -59.116  -17.952 0.4000000060
19266  -43.456  -58.789  -18.819 0.3000000119
131183  -43.232  -57.801  -18.913 0.3000000119
20079  -43.512  -57.812  -19.686 0.3000000119
16018  -51.933  -62.708  -12.808 0.1000000015
16796  -51.713  -62.309  -13.704 0.1000000015
16784  -52.635  -62.244  -12.699 0.1000000015
16797  -52.460  -61.794  -13.492 0.1000000015
129195  -52.592  -61.079  -13.390 0.4000000060
17613  -52.098  -61.262  -14.303 0.4000000060
18405  -51.537  -61.015  -14.900 0.4000000060
112096  -50.879  -60.580  -15.409 0.5000000000
18388  -51.202  -60.422  -14.668 0.5000000000
19225  -50.439  -60.071  -15.790 0.5000000000
17565  -42.871  -61.259  -10.310 0.5000000000
17566  -44.250  -61.486  -10.571 0.5000000000
17578  -44.536  -61.167  -11.240 0.5000000000
18366  -46.811  -60.291  -12.484 0.4000000060
19197  -50.544  -59.863  -14.361 0.5000000000
19212  -50.517  -59.866  -15.110 0.5000000000
19155  -39.739  -59.308  -8.998 0.5000000000
18347  -41.200  -60.515  -9.410 0.5000000000
131844  -42.271  -61.129  -10.121 0.5000000000
20791  -38.817  -57.997  -7.018 0.5000000000
19942  -38.671  -58.118  -7.882 0.5000000000
19210  -48.866  -59.456  -14.476 0.6000000238
22366  -37.891  -55.465  -6.397 0.4000000060
22373  -37.626  -55.736  -7.209 0.2000000030
23130  -37.577  -54.208  -6.842 0.2000000030
21608  -37.639  -55.781  -8.072 0.3000000119
21636  -38.751  -56.097  -9.264 0.3000000119
21638  -40.311  -56.336  -10.189 0.4000000060
22372  -37.506  -55.052  -7.724 0.3000000119
124236  -38.123  -55.629  -8.747 0.3000000119
23862  -37.532  -53.825  -7.518 0.3000000119
22404  -38.654  -54.904  -9.367 0.4000000060
22406  -40.150  -55.837  -10.285 0.4000000060
22405  -39.566  -55.433  -9.873 0.3000000119
22423  -40.246  -55.803  -10.782 0.4000000060
20850  -40.134  -57.924  -12.947 0.4000000060
20008  -40.558  -58.449  -13.495 0.4000000060
22409  -39.777  -55.370  -10.452 0.3000000119
21657  -39.322  -55.948  -11.559 0.3000000119
20007  -39.815  -58.219  -13.855 0.3000000119
20027  -40.675  -58.887  -14.897 0.4000000060
20867  -39.363  -57.556  -14.277 0.3000000119
116656  -40.540  -58.257  -15.464 0.3000000119
20053  -42.132  -58.121  -17.302 0.4000000060
20066  -42.901  -58.214  -18.312 0.3000000119
21676  -39.020  -56.711  -14.618 0.2000000030
21694  -40.034  -56.643  -15.659 0.2000000030
20893  -41.432  -57.169  -16.791 0.3000000119
20902  -42.504  -57.678  -17.892 0.3000000119
22452  -39.481  -55.348  -15.671 0.1000000015
21712  -41.213  -56.359  -16.803 0.2000000030
20901  -42.020  -57.351  -17.375 0.4000000060
123487  -38.389  -52.835  -15.135 0.1000000015
113545  -53.024  -61.486  -12.204 0.1000000015
17593  -52.710  -61.234  -12.869 0.1000000015
17592  -52.504  -60.921  -12.939 0.2000000030
18370  -51.532  -60.500  -13.304 0.5000000000
18374  -52.254  -60.774  -13.663 0.4000000060
18373  -51.451  -60.298  -14.013 0.4000000060
17553  -43.564  -61.533  -9.912 0.5000000000
111129  -46.017  -61.640  -11.036 0.4000000060
18362  -46.527  -61.275  -11.728 0.4000000060
18367  -48.175  -60.778  -12.497 0.4000000060
126291  -49.344  -59.916  -13.477 0.5000000000
18372  -50.421  -60.055  -13.589 0.5000000000
18331  -40.714  -60.283  -8.699 0.5000000000
133784  -41.212  -60.572  -8.739 0.5000000000
17552  -42.661  -61.331  -9.656 0.4000000060
19196  -49.599  -59.614  -14.039 0.4000000060
21587  -38.563  -55.834  -5.726 0.4000000060
21597  -38.931  -56.654  -6.030 0.4000000060
19136  -39.701  -59.379  -8.029 0.5000000000
112121  -38.577  -55.187  -5.253 0.4000000060
20778  -38.482  -57.159  -6.775 0.5000000000
129834  -38.198  -55.150  -5.803 0.4000000060
115235  -38.337  -53.129  -4.632 0.3000000119
23128  -38.212  -54.534  -5.543 0.3000000119
23855  -37.829  -53.788  -6.064 0.3000000119
119050  -38.109  -52.898  -5.549 0.2000000030
127424  -37.655  -53.404  -6.906 0.2000000030
25541  -38.428  -51.479  -5.104 0.1000000015
24640  -38.133  -52.244  -6.238 0.3000000119
115902  -38.445  -51.469  -5.952 0.1000000015
24646  -37.905  -52.498  -7.132 0.3000000119
23153  -38.101  -53.926  -8.871 0.3000000119
25545  -38.356  -51.611  -6.860 0.2000000030
120920  -37.981  -53.034  -8.718 0.2000000030
23182  -39.273  -54.844  -10.701 0.2000000030
22432  -38.363  -55.820  -12.218 0.2000000030
23894  -38.393  -53.096  -9.423 0.2000000030
23191  -38.489  -54.358  -11.248 0.2000000030
21666  -38.441  -56.507  -13.060 0.2000000030
23902  -38.704  -53.218  -10.153 0.2000000030
23190  -37.696  -54.404  -12.036 0.1000000015
21675  -38.352  -56.109  -14.048 0.2000000030
21693  -39.475  -56.300  -15.362 0.2000000030
114915  -38.072  -52.980  -11.406 0.1000000015
22434  -37.528  -54.852  -13.318 0.1000000015
22451  -38.795  -55.107  -15.170 0.1000000015
23937  -37.105  -53.325  -12.987 0.1000000015
23942  -37.339  -53.497  -13.844 0.1000000015
23216  -38.402  -54.471  -14.920 0.1000000015
123183  -37.236  -52.703  -13.567 0.1000000015
24737  -37.743  -51.822  -14.327 0.1000000015
26607  -37.771  -50.607  -13.531 0.1000000015
17584  -52.477  -61.156  -11.923 0.3000000119
17591  -51.435  -60.804  -12.415 0.3000000119
17546  -49.658  -61.275  -8.878 0.3000000119
111916  -49.802  -61.621  -9.960 0.3000000119
17582  -50.540  -61.330  -11.620 0.3000000119
18369  -50.635  -60.455  -12.930 0.3000000119
17557  -47.934  -61.319  -9.228 0.3000000119
17570  -48.978  -61.656  -10.623 0.3000000119
17590  -50.056  -60.902  -12.342 0.5000000000
18368  -49.663  -60.345  -12.957 0.5000000000
17541  -44.145  -61.314  -8.997 0.4000000060
17555  -45.696  -61.503  -9.623 0.5000000000
17568  -46.860  -61.797  -10.815 0.4000000060
17580  -47.540  -61.603  -11.456 0.4000000060
17589  -48.971  -60.894  -12.437 0.5000000000
20769  -39.804  -56.876  -5.697 0.4000000060
19944  -40.050  -59.061  -7.181 0.4000000060
18307  -41.277  -60.402  -8.164 0.5000000000
17540  -42.384  -61.239  -9.074 0.5000000000
23112  -38.266  -54.344  -3.477 0.4000000060
119614  -38.474  -54.711  -4.194 0.4000000060
21588  -39.334  -56.282  -5.336 0.4000000060
20779  -39.302  -57.433  -6.355 0.5000000000
23840  -38.283  -53.367  -3.794 0.4000000060
112356  -38.398  -53.984  -4.364 0.4000000060
132191  -37.808  -52.940  -2.608 0.4000000060
24608  -37.992  -52.258  -2.675 0.3000000119
24631  -38.335  -52.484  -4.037 0.3000000119
25523  -38.313  -51.864  -3.399 0.3000000119
26453  -38.839  -51.022  -2.965 0.3000000119
115236  -38.544  -51.156  -3.704 0.2000000030
128698  -39.505  -50.044  -4.095 0.1000000015
26479  -39.044  -50.255  -4.760 0.1000000015
26498  -39.205  -50.213  -5.726 0.1000000015
26507  -38.765  -50.814  -6.487 0.1000000015
113402  -38.117  -51.666  -7.788 0.2000000030
27474  -39.899  -49.718  -6.049 0.1000000015
26508  -39.364  -50.270  -6.712 0.1000000015
117851  -38.126  -51.715  -8.499 0.2000000030
116107  -38.927  -50.470  -7.252 0.2000000030
25552  -38.363  -50.833  -8.463 0.2000000030
24698  -38.509  -52.235  -9.889 0.1000000015
25584  -38.332  -51.420  -9.230 0.1000000015
24705  -38.407  -52.656  -10.755 0.1000000015
25597  -38.597  -51.353  -10.151 0.1000000015
115517  -37.543  -52.855  -12.147 0.1000000015
126003  -37.273  -52.145  -12.975 0.1000000015
25603  -37.777  -51.934  -12.199 0.1000000015
25616  -37.696  -51.120  -12.831 0.1000000015
26586  -38.261  -50.571  -12.523 0.1000000015
27579  -38.665  -49.795  -12.501 0.1000000015
27580  -39.619  -50.072  -12.288 0.1000000015
28555  -40.280  -49.363  -12.246 0.1000000015
28556  -41.229  -49.798  -12.418 0.1000000015
131618  -51.339  -61.413  -8.619 0.3000000119
110650  -52.248  -61.446  -8.597 0.2000000030
17544  -47.879  -60.812  -8.423 0.3000000119
115542  -46.309  -61.004  -8.857 0.4000000060
18334  -46.074  -60.527  -8.231 0.3000000119
21589  -39.925  -56.694  -5.018 0.3000000119
20780  -40.359  -57.522  -6.100 0.3000000119
19930  -40.647  -58.363  -6.584 0.4000000060
19139  -42.592  -59.764  -7.432 0.4000000060
18310  -45.040  -60.118  -7.711 0.3000000119
125157  -38.297  -55.092  -2.883 0.3000000119
21575  -39.268  -56.203  -4.559 0.3000000119
19946  -42.111  -59.045  -6.978 0.4000000060
131729  -43.237  -59.600  -7.305 0.4000000060
19141  -44.666  -59.804  -7.265 0.3000000119
26415  -37.760  -50.931  -1.297 0.3000000119
23829  -37.979  -53.561  -2.959 0.3000000119
25508  -37.958  -51.886  -2.143 0.3000000119
27400  -37.859  -50.036  -1.001 0.3000000119
25497  -38.203  -51.269  -1.917 0.3000000119
27401  -38.474  -49.503  -1.346 0.3000000119
25509  -38.368  -51.536  -2.642 0.3000000119
26434  -39.026  -50.506  -2.360 0.3000000119
26454  -39.358  -50.608  -2.888 0.2000000030
27437  -39.912  -50.345  -3.104 0.1000000015
111967  -41.177  -49.945  -2.878 0.1000000015
28389  -41.742  -49.747  -2.911 0.1000000015
27458  -40.190  -49.832  -3.747 0.1000000015
27460  -42.031  -50.434  -3.206 0.1000000015
27475  -40.513  -49.384  -4.844 0.1000000015
27476  -41.543  -49.621  -4.815 0.1000000015
27490  -40.418  -49.672  -6.740 0.1000000015
26516  -39.208  -49.939  -7.522 0.2000000030
27503  -40.109  -49.352  -7.312 0.2000000030
27502  -39.509  -49.154  -7.892 0.2000000030
27516  -38.625  -49.810  -8.713 0.1000000015
28477  -39.666  -48.408  -8.614 0.1000000015
27533  -38.924  -49.453  -9.372 0.1000000015
26560  -38.847  -50.979  -10.649 0.1000000015
27534  -39.556  -49.291  -9.906 0.1000000015
26547  -39.089  -50.270  -10.318 0.1000000015
26561  -39.264  -50.866  -11.459 0.1000000015
27547  -39.843  -50.434  -10.986 0.1000000015
26572  -38.770  -51.175  -11.840 0.1000000015
26573  -39.564  -51.033  -11.990 0.1000000015
26587  -39.176  -50.802  -12.093 0.1000000015
27581  -40.690  -50.683  -12.364 0.1000000015
26589  -41.068  -51.043  -12.184 0.1000000015
26590  -41.984  -50.851  -12.452 0.1000000015
27582  -41.635  -50.816  -12.489 0.1000000015
28557  -42.281  -49.807  -12.564 0.1000000015
121150  -43.124  -48.676  -12.582 0.1000000015
17525  -52.035  -61.254  -7.391 0.2000000030
126958  -53.140  -61.562  -8.632 0.2000000030
124624  -49.726  -60.727  -6.637 0.2000000030
18337  -48.629  -60.653  -7.848 0.3000000119
18293  -47.920  -60.406  -5.867 0.2000000030
111015  -48.492  -60.461  -7.137 0.3000000119
18336  -47.847  -60.466  -7.652 0.3000000119
20781  -41.201  -57.866  -6.081 0.3000000119
19931  -41.601  -58.472  -6.503 0.3000000119
18311  -45.808  -60.166  -7.616 0.3000000119
22330  -38.740  -55.886  -2.814 0.3000000119
22343  -38.835  -55.884  -3.829 0.3000000119
21576  -39.750  -57.028  -4.091 0.3000000119
19932  -42.406  -58.711  -6.345 0.3000000119
19122  -43.066  -59.175  -6.868 0.3000000119
25480  -37.454  -51.576  -0.774 0.3000000119
23820  -37.562  -53.249  -1.244 0.3000000119
19918  -41.866  -58.297  -5.838 0.3000000119
19933  -43.201  -59.055  -5.885 0.3000000119
19123  -43.913  -59.377  -6.270 0.2000000030
128409  -44.687  -59.582  -6.542 0.2000000030
27368  -37.903  -48.983  0.204 0.2000000030
26396  -37.454  -50.689  -0.474 0.2000000030
28337  -38.471  -48.516  -0.270 0.3000000119
28353  -38.679  -48.702  -1.037 0.3000000119
28354  -39.342  -48.448  -1.381 0.3000000119
28368  -39.666  -49.128  -1.975 0.3000000119
28369  -40.364  -48.515  -2.134 0.2000000030
27418  -40.392  -49.660  -2.582 0.1000000015
29286  -41.558  -47.737  -2.235 0.2000000030
28371  -41.762  -48.326  -2.819 0.1000000015
28390  -42.314  -48.553  -3.198 0.1000000015
118910  -43.696  -49.183  -4.179 0.1000000015
29328  -45.708  -47.657  -4.460 0.1000000015
29347  -46.906  -47.820  -5.379 0.1000000015
27441  -43.062  -50.289  -3.587 0.1000000015
27478  -44.454  -49.462  -4.599 0.1000000015
27479  -45.173  -49.498  -5.137 0.1000000015
27493  -46.733  -49.230  -6.287 0.1000000015
122748  -48.588  -48.121  -6.596 0.1000000015
29359  -50.247  -47.793  -6.639 0.1000000015
27477  -42.530  -50.572  -3.999 0.1000000015
112693  -43.279  -50.945  -3.764 0.1000000015
27462  -44.710  -50.789  -4.514 0.1000000015
27480  -45.941  -49.630  -5.656 0.1000000015
27495  -47.982  -49.281  -7.010 0.1000000015
27508  -48.569  -49.559  -7.371 0.1000000015
117299  -40.733  -49.551  -5.949 0.1000000015
26509  -43.097  -50.529  -5.120 0.1000000015
27491  -41.248  -49.685  -6.456 0.1000000015
27504  -40.818  -49.323  -7.256 0.2000000030
28457  -40.177  -48.574  -7.832 0.1000000015
28458  -40.964  -48.236  -7.719 0.1000000015
28498  -40.116  -48.261  -9.391 0.1000000015
28499  -41.053  -48.089  -9.761 0.1000000015
28514  -40.506  -49.385  -10.470 0.1000000015
27561  -40.635  -50.854  -11.684 0.1000000015
26574  -40.737  -51.138  -12.051 0.1000000015
27562  -41.362  -51.034  -12.048 0.1000000015
26575  -42.883  -51.104  -12.704 0.1000000015
27583  -42.707  -51.030  -12.802 0.1000000015
18267  -44.645  -60.254  -4.327 0.2000000030
19127  -47.167  -59.968  -5.948 0.2000000030
19144  -46.943  -60.076  -6.738 0.3000000119
18312  -46.564  -60.240  -7.567 0.3000000119
18256  -43.979  -59.988  -3.832 0.2000000030
19102  -45.979  -59.919  -4.729 0.2000000030
117490  -46.242  -59.739  -5.110 0.2000000030
19126  -46.438  -59.756  -6.002 0.3000000119
19143  -46.263  -59.974  -6.979 0.3000000119
22329  -38.388  -55.373  -2.027 0.3000000119
21542  -39.872  -57.210  -2.914 0.3000000119
20748  -40.513  -57.686  -3.670 0.3000000119
20759  -41.392  -58.263  -4.022 0.3000000119
127688  -37.626  -53.747  -0.641 0.3000000119
22319  -38.713  -55.535  -1.111 0.3000000119
19919  -42.533  -58.801  -5.352 0.3000000119
27352  -37.987  -49.060  1.851 0.2000000030
25468  -37.205  -51.424  0.039 0.3000000119
19124  -44.703  -59.547  -5.557 0.2000000030
114734  -37.960  -48.836  1.078 0.2000000030
28320  -39.370  -48.036  0.579 0.2000000030
115037  -39.903  -48.152  1.024 0.2000000030
126955  -39.540  -47.733  -0.036 0.3000000119
29239  -40.120  -47.734  0.326 0.3000000119
29254  -40.297  -47.545  -0.657 0.3000000119
29270  -41.116  -47.572  -1.473 0.2000000030
29255  -41.437  -47.501  -0.694 0.3000000119
29256  -42.920  -47.541  -0.885 0.2000000030
29272  -43.153  -47.391  -1.712 0.2000000030
29288  -43.519  -47.445  -2.473 0.2000000030
127936  -45.435  -47.431  -3.083 0.1000000015
25546  -44.257  -51.500  -5.466 0.1000000015
26501  -45.290  -51.483  -4.842 0.1000000015
129164  -46.281  -51.583  -5.600 0.1000000015
119112  -46.872  -51.461  -6.115 0.1000000015
26517  -42.741  -50.293  -6.656 0.1000000015
26510  -43.583  -50.861  -6.009 0.1000000015
24641  -45.971  -52.761  -6.401 0.1000000015
26518  -43.312  -50.430  -7.209 0.1000000015
26519  -44.578  -51.321  -7.435 0.1000000015
25554  -45.141  -51.865  -7.532 0.1000000015
111278  -41.769  -49.866  -7.059 0.1000000015
28459  -42.162  -49.135  -7.260 0.1000000015
27506  -44.019  -49.471  -7.566 0.1000000015
28479  -43.695  -48.223  -7.777 0.1000000015
29368  -41.816  -48.079  -7.589 0.1000000015
29385  -41.306  -47.650  -8.326 0.1000000015
29386  -42.271  -47.563  -8.241 0.1000000015
29397  -43.620  -47.442  -9.214 0.1000000015
29396  -42.658  -47.432  -9.154 0.1000000015
28515  -41.531  -49.143  -10.573 0.1000000015
27548  -41.187  -50.313  -11.344 0.1000000015
27563  -42.300  -50.916  -12.173 0.1000000015
17472  -41.741  -61.072  -3.503 0.3000000119
19079  -41.157  -59.402  -2.697 0.3000000119
19094  -42.677  -59.564  -3.428 0.3000000119
19100  -43.692  -59.718  -3.943 0.2000000030
129569  -44.054  -59.653  -4.402 0.2000000030
19093  -41.999  -59.306  -2.965 0.3000000119
116930  -42.395  -59.178  -3.345 0.3000000119
19895  -42.943  -59.393  -3.752 0.3000000119
19125  -45.526  -59.621  -5.793 0.2000000030
23087  -37.789  -54.431  -0.446 0.3000000119
21530  -39.050  -56.264  -0.924 0.3000000119
19875  -40.702  -58.364  -2.317 0.3000000119
133876  -42.557  -59.092  -3.645 0.3000000119
19110  -43.961  -59.459  -5.245 0.2000000030
111357  -37.314  -50.151  2.238 0.2000000030
114268  -37.522  -53.782  0.011 0.3000000119
23078  -37.435  -54.659  0.160 0.3000000119
27335  -38.487  -49.096  2.297 0.2000000030
27353  -40.818  -49.050  1.977 0.2000000030
28309  -41.204  -48.570  1.383 0.2000000030
28322  -41.545  -48.081  0.720 0.2000000030
28324  -43.164  -48.511  0.348 0.3000000119
28340  -43.486  -48.069  -0.335 0.2000000030
29257  -43.767  -47.665  -1.081 0.2000000030
29389  -44.967  -47.947  -8.581 0.1000000015
29412  -43.949  -47.629  -10.029 0.1000000015
28516  -42.477  -48.994  -10.658 0.1000000015
16698  -40.960  -61.746  -3.282 0.1000000015
17461  -39.242  -61.268  -2.462 0.2000000030
17462  -40.123  -61.321  -2.978 0.3000000119
18244  -40.619  -60.275  -2.907 0.3000000119
19077  -39.381  -59.672  -2.327 0.3000000119
19057  -38.906  -59.036  -1.872 0.3000000119
20699  -39.004  -56.910  -0.879 0.3000000119
20716  -38.862  -57.624  -1.185 0.3000000119
24561  -36.432  -52.194  1.628 0.3000000119
23068  -36.255  -53.503  1.285 0.3000000119
22301  -36.932  -55.326  0.364 0.3000000119
21515  -37.657  -56.306  -0.282 0.3000000119
26340  -37.788  -50.197  3.283 0.2000000030
27337  -40.373  -49.496  2.567 0.2000000030
118476  -41.631  -49.248  1.784 0.1000000015
27369  -42.816  -48.961  1.000 0.2000000030
131223  -44.111  -50.570  1.274 0.1000000015
27370  -43.569  -49.247  0.746 0.2000000030
28325  -43.959  -48.749  0.157 0.2000000030
27371  -44.320  -49.513  0.524 0.2000000030
27388  -45.571  -49.221  -0.267 0.3000000119
19056  -38.167  -59.699  -1.709 0.3000000119
19862  -38.028  -58.958  -1.526 0.3000000119
114835  -37.239  -57.731  -0.620 0.3000000119
113117  -37.683  -56.975  -0.518 0.3000000119
24541  -36.510  -52.124  3.330 0.3000000119
23077  -36.419  -54.790  0.766 0.3000000119
21503  -36.772  -56.125  0.217 0.3000000119
25431  -36.963  -51.362  3.557 0.2000000030
26342  -39.420  -50.381  3.687 0.2000000030
25447  -41.966  -51.173  2.984 0.1000000015
26358  -43.139  -50.940  2.084 0.1000000015
26373  -44.629  -50.983  1.222 0.1000000015
26384  -45.389  -50.776  0.671 0.1000000015
26397  -45.952  -50.072  0.067 0.1000000015
19841  -36.431  -58.420  0.523 0.3000000119
131824  -36.035  -57.746  1.516 0.2000000030
117891  -36.485  -57.702  0.002 0.3000000119
20697  -36.911  -56.965  -0.227 0.3000000119
21493  -35.657  -56.383  1.408 0.3000000119
24527  -36.843  -52.056  4.117 0.2000000030
23771  -36.315  -52.864  3.876 0.3000000119
22294  -35.781  -55.530  1.222 0.3000000119
25419  -39.175  -51.561  4.478 0.2000000030
24528  -37.567  -52.194  4.648 0.2000000030
24544  -43.054  -52.518  3.254 0.1000000015
25436  -42.338  -51.959  3.281 0.1000000015
23783  -44.462  -53.221  2.951 0.1000000015
24554  -43.659  -52.256  2.671 0.1000000015
25450  -44.146  -51.903  2.069 0.1000000015
25459  -44.540  -51.570  1.583 0.1000000015
24562  -44.846  -52.131  1.723 0.1000000015
24575  -45.556  -52.281  1.296 0.1000000015
25460  -45.152  -51.584  1.211 0.1000000015
25470  -46.753  -51.914  0.380 0.1000000015
21481  -35.511  -56.148  2.850 0.2000000030
22272  -35.505  -55.284  3.464 0.2000000030
124368  -35.470  -55.843  1.992 0.2000000030
24529  -38.589  -52.200  4.781 0.2000000030
23047  -35.520  -54.494  3.091 0.2000000030
24531  -40.489  -52.623  4.433 0.1000000015
25420  -40.115  -51.815  4.292 0.2000000030
23782  -43.824  -52.895  3.138 0.1000000015
24555  -44.479  -52.609  2.431 0.1000000015
24563  -45.277  -52.715  1.890 0.1000000015
24564  -45.846  -52.853  1.430 0.1000000015
24576  -46.350  -52.626  0.878 0.1000000015
24577  -47.191  -52.725  0.384 0.1000000015
23069  -46.196  -53.914  1.879 0.1000000015
23070  -46.823  -53.979  1.234 0.1000000015
23079  -47.399  -54.079  0.648 0.1000000015
23804  -47.617  -53.479  0.296 0.1000000015
23071  -47.228  -54.690  1.090 0.1000000015
22304  -48.029  -55.458  0.261 0.1000000015
23080  -47.720  -54.779  0.448 0.1000000015
119398  -45.977  -59.184  -13.619 0.4000000060
19181  -45.058  -58.886  -12.488 0.5000000000
133935  -44.179  -58.516  -11.950 0.5000000000
19193  -46.497  -59.378  -13.310 0.4000000060
20012  -44.809  -58.697  -12.780 0.5000000000
120090  -45.657  -58.968  -12.972 0.6000000238
19194  -47.408  -59.526  -13.578 0.5000000000
126739  -47.659  -60.215  -12.755 0.4000000060
111786  -50.045  -60.774  -17.669 0.5000000000
131539  -47.839  -59.782  -13.214 0.4000000060
128287  -46.178  -59.425  -14.402 0.5000000000
19224  -49.740  -59.599  -15.598 0.5000000000
121239  -46.793  -59.344  -13.932 0.6000000238
19242  -48.641  -59.749  -16.554 0.5000000000
130223  -49.441  -60.672  -18.376 0.3000000119
17672  -49.403  -61.445  -19.942 0.5000000000
118559  -48.469  -59.455  -15.008 0.5000000000
114017  -50.563  -62.003  -17.798 0.5000000000
19223  -48.740  -59.520  -15.719 0.5000000000
19997  -43.344  -57.979  -12.382 0.4000000060
113912  -48.544  -60.423  -18.123 0.4000000060
18473  -46.943  -60.897  -19.524 0.5000000000
18472  -45.416  -60.569  -20.298 0.4000000060
19267  -44.381  -59.880  -19.349 0.4000000060
19275  -43.776  -58.601  -19.643 0.3000000119
130124  -43.922  -59.233  -19.318 0.4000000060
17614  -52.440  -61.342  -13.910 0.2000000030
17579  -45.482  -61.213  -11.464 0.5000000000
20840  -42.910  -57.545  -12.040 0.3000000119
19191  -44.399  -58.744  -13.275 0.4000000060
19208  -45.414  -59.377  -14.214 0.6000000238
20825  -40.705  -56.935  -10.388 0.4000000060
20832  -41.764  -57.222  -11.423 0.4000000060
19190  -43.555  -58.588  -13.154 0.5000000000
18386  -44.717  -60.058  -14.837 0.6000000238
117192  -46.652  -59.978  -15.816 0.6000000238
19241  -47.404  -59.790  -15.946 0.6000000238
132877  -46.846  -59.449  -14.611 0.6000000238
19209  -47.744  -59.443  -14.453 0.6000000238
128389  -48.070  -59.667  -16.081 0.5000000000
18424  -48.568  -60.096  -17.330 0.5000000000
131784  -42.077  -58.494  -13.171 0.4000000060
20010  -42.679  -58.494  -13.124 0.4000000060
18384  -42.818  -60.080  -14.588 0.5000000000
18403  -44.968  -60.419  -15.629 0.5000000000
127982  -46.967  -60.164  -16.411 0.5000000000
18423  -47.744  -60.060  -16.729 0.5000000000
20838  -41.458  -57.080  -11.793 0.4000000060
21645  -40.564  -56.250  -10.654 0.4000000060
122260  -42.685  -59.383  -13.788 0.5000000000
18420  -44.358  -60.584  -16.363 0.5000000000
18421  -45.290  -60.580  -16.454 0.5000000000
18459  -46.471  -60.826  -18.723 0.5000000000
21663  -40.731  -56.790  -11.670 0.4000000060
21662  -39.917  -56.485  -11.649 0.3000000119
19188  -40.888  -59.014  -14.000 0.5000000000
131392  -42.552  -60.181  -16.067 0.5000000000
18457  -44.607  -60.486  -18.482 0.4000000060
18458  -45.532  -60.807  -18.660 0.5000000000
19219  -41.375  -59.379  -15.288 0.5000000000
19240  -42.948  -60.217  -16.607 0.4000000060
19255  -43.221  -59.908  -17.506 0.4000000060
20028  -41.064  -58.688  -15.804 0.4000000060
19239  -42.271  -59.702  -16.466 0.4000000060
114607  -43.465  -59.612  -18.173 0.4000000060
17567  -45.216  -61.597  -10.634 0.5000000000
17587  -47.470  -61.025  -12.215 0.4000000060
19211  -49.772  -59.509  -14.749 0.5000000000
19929  -39.629  -58.266  -6.729 0.5000000000
19195  -48.488  -59.610  -13.703 0.5000000000
23131  -37.811  -54.693  -6.259 0.3000000119
23857  -37.832  -52.967  -6.354 0.2000000030
23152  -37.569  -54.280  -8.073 0.3000000119
23863  -37.633  -53.121  -7.592 0.3000000119
23173  -38.753  -53.959  -9.735 0.3000000119
22422  -39.758  -55.428  -10.997 0.3000000119
20849  -39.394  -57.610  -13.355 0.3000000119
20837  -39.725  -57.245  -12.419 0.3000000119
20021  -40.317  -58.627  -14.232 0.3000000119
21661  -39.005  -56.642  -12.262 0.3000000119
22421  -38.886  -55.252  -11.363 0.2000000030
20836  -38.935  -57.148  -12.949 0.3000000119
20868  -39.980  -58.131  -14.820 0.3000000119
20883  -39.633  -57.175  -15.089 0.3000000119
20866  -38.803  -57.040  -13.733 0.2000000030
20885  -40.953  -57.792  -16.144 0.3000000119
20041  -41.593  -58.188  -16.658 0.4000000060
21711  -40.562  -56.471  -16.207 0.2000000030
20892  -40.883  -57.022  -16.350 0.3000000119
22441  -38.821  -55.848  -14.978 0.2000000030
22453  -40.106  -55.919  -15.983 0.2000000030
23969  -39.503  -53.694  -16.103 0.1000000015
123486  -37.630  -52.637  -14.331 0.1000000015
17554  -44.659  -61.589  -9.775 0.4000000060
128385  -43.143  -61.373  -9.016 0.4000000060
17588  -48.262  -61.323  -11.977 0.4000000060
19184  -48.588  -60.174  -13.010 0.5000000000
19137  -40.562  -59.845  -7.782 0.5000000000
24636  -38.354  -52.272  -4.866 0.3000000119
133700  -38.298  -52.070  -5.556 0.2000000030
26497  -38.681  -50.779  -5.417 0.1000000015
26478  -38.572  -50.869  -4.511 0.1000000015
24658  -37.806  -52.503  -8.137 0.2000000030
24686  -38.159  -52.301  -8.975 0.2000000030
23181  -38.890  -54.076  -10.418 0.2000000030
22420  -38.101  -55.053  -11.839 0.2000000030
23911  -38.454  -53.457  -10.907 0.1000000015
22435  -37.906  -55.689  -13.191 0.2000000030
23910  -37.874  -53.635  -11.672 0.1000000015
22431  -37.696  -55.075  -12.537 0.2000000030
22439  -37.888  -55.302  -13.848 0.2000000030
23928  -37.410  -53.710  -12.327 0.1000000015
111944  -38.435  -51.924  -10.818 0.1000000015
23208  -37.277  -54.105  -13.399 0.1000000015
22440  -38.298  -55.241  -14.523 0.1000000015
23211  -37.698  -54.482  -14.092 0.1000000015
23229  -39.862  -54.497  -16.253 0.1000000015
23943  -37.962  -53.626  -14.629 0.1000000015
23952  -38.721  -53.695  -15.402 0.1000000015
25629  -37.506  -51.380  -13.446 0.1000000015
26585  -37.925  -50.134  -13.091 0.1000000015
17573  -52.552  -61.405  -11.204 0.3000000119
17583  -51.701  -61.212  -11.612 0.3000000119
17559  -50.646  -61.526  -9.253 0.3000000119
17558  -48.815  -61.468  -9.566 0.3000000119
17572  -51.117  -61.567  -10.577 0.3000000119
17571  -49.893  -61.650  -10.933 0.3000000119
17581  -49.257  -61.450  -11.667 0.3000000119
17569  -47.931  -61.707  -10.361 0.3000000119
17556  -47.099  -61.578  -9.816 0.3000000119
17543  -47.137  -61.114  -8.956 0.3000000119
128609  -46.504  -61.406  -9.483 0.3000000119
112729  -48.368  -61.647  -11.254 0.3000000119
18308  -42.694  -60.809  -8.366 0.4000000060
18333  -44.638  -60.614  -8.316 0.4000000060
17542  -45.288  -61.011  -8.830 0.4000000060
22354  -38.713  -55.373  -4.522 0.4000000060
19945  -41.087  -59.099  -7.043 0.4000000060
123891  -42.070  -60.424  -7.930 0.4000000060
22342  -38.497  -55.249  -3.644 0.4000000060
24621  -38.104  -52.742  -3.256 0.3000000119
26433  -38.641  -50.978  -2.294 0.3000000119
118042  -39.018  -50.539  -3.744 0.2000000030
27438  -40.819  -50.136  -2.966 0.1000000015
117034  -39.678  -49.666  -4.905 0.1000000015
26515  -38.670  -50.213  -7.954 0.2000000030
27489  -39.800  -49.843  -7.088 0.2000000030
27501  -38.944  -49.568  -8.151 0.1000000015
26546  -38.615  -50.491  -9.517 0.1000000015
126703  -38.232  -51.833  -11.571 0.1000000015
25617  -38.227  -51.420  -12.120 0.1000000015
26588  -40.218  -51.059  -12.126 0.1000000015
130592  -51.715  -61.246  -7.880 0.2000000030
18338  -49.636  -60.836  -7.935 0.2000000030
17561  -53.619  -61.798  -9.314 0.2000000030
18335  -47.016  -60.569  -8.195 0.3000000119
125423  -40.902  -57.500  -5.633 0.3000000119
23101  -37.949  -54.452  -2.345 0.3000000119
24599  -37.676  -52.588  -1.927 0.3000000119
27417  -39.628  -50.090  -2.439 0.1000000015
27439  -41.570  -50.327  -3.026 0.1000000015
27440  -42.383  -49.996  -3.223 0.1000000015
26455  -42.032  -50.432  -3.139 0.1000000015
27459  -41.198  -50.038  -3.397 0.1000000015
26456  -42.623  -50.508  -3.497 0.1000000015
27517  -39.034  -49.023  -8.683 0.1000000015
28478  -40.435  -47.915  -8.520 0.1000000015
17524  -51.113  -61.017  -7.469 0.2000000030
18281  -49.622  -60.926  -6.210 0.2000000030
18294  -48.823  -60.565  -6.390 0.2000000030
18314  -49.291  -60.550  -7.151 0.3000000119
18313  -47.815  -60.297  -6.674 0.2000000030
23095  -37.772  -54.186  -1.287 0.3000000119
21561  -39.257  -56.523  -3.436 0.3000000119
20758  -40.843  -57.588  -4.811 0.3000000119
24574  -37.324  -52.269  -0.231 0.3000000119
27367  -37.511  -49.583  0.805 0.3000000119
28370  -41.094  -48.771  -2.590 0.1000000015
29271  -42.134  -47.456  -1.467 0.2000000030
29287  -42.480  -47.572  -2.481 0.1000000015
29304  -42.988  -47.739  -3.103 0.1000000015
28391  -43.058  -48.657  -3.648 0.1000000015
28414  -43.971  -47.979  -4.090 0.1000000015
129316  -44.412  -48.413  -4.470 0.1000000015
29346  -46.064  -47.957  -5.161 0.1000000015
115611  -45.729  -48.663  -5.416 0.1000000015
28431  -47.307  -48.234  -6.145 0.1000000015
28430  -46.428  -48.459  -5.752 0.1000000015
27461  -43.877  -50.711  -3.928 0.1000000015
114037  -45.387  -50.512  -5.089 0.1000000015
27494  -47.420  -48.977  -6.643 0.1000000015
28460  -48.720  -48.658  -7.184 0.1000000015
28445  -49.249  -47.991  -6.727 0.1000000015
112595  -49.642  -48.361  -7.382 0.1000000015
26499  -43.407  -50.782  -3.792 0.1000000015
26481  -44.259  -51.198  -4.227 0.1000000015
26480  -43.841  -51.098  -3.963 0.1000000015
26502  -45.868  -51.041  -5.352 0.1000000015
26482  -44.752  -51.555  -4.629 0.1000000015
26512  -46.488  -50.519  -5.956 0.1000000015
26513  -47.302  -50.117  -6.584 0.1000000015
27509  -49.345  -49.390  -7.723 0.1000000015
27492  -42.206  -49.898  -5.739 0.1000000015
133717  -41.435  -48.924  -7.333 0.1000000015
29384  -40.838  -47.677  -9.099 0.1000000015
18266  -43.928  -60.598  -4.157 0.2000000030
19101  -44.405  -59.913  -4.182 0.2000000030
127491  -46.537  -59.970  -4.949 0.2000000030
132164  -42.949  -60.077  -3.542 0.3000000119
19112  -45.480  -59.687  -4.906 0.2000000030
22320  -39.065  -56.074  -1.599 0.3000000119
23802  -37.178  -52.980  0.255 0.3000000119
133599  -38.542  -55.584  -0.781 0.3000000119
20731  -40.455  -57.812  -2.433 0.3000000119
118038  -39.443  -56.706  -1.462 0.3000000119
20732  -41.084  -58.328  -2.885 0.3000000119
19908  -42.595  -58.977  -4.282 0.3000000119
26369  -36.847  -50.871  1.227 0.3000000119
127356  -39.725  -48.503  1.584 0.2000000030
24573  -36.905  -52.120  0.449 0.3000000119
29241  -41.885  -47.680  0.006 0.3000000119
29289  -44.501  -47.441  -2.625 0.2000000030
29305  -43.780  -47.540  -3.258 0.1000000015
25542  -44.815  -51.975  -5.044 0.1000000015
24638  -45.716  -52.241  -5.578 0.1000000015
114498  -47.654  -51.380  -6.588 0.1000000015
26511  -44.130  -51.330  -6.764 0.1000000015
24637  -45.354  -52.252  -5.676 0.1000000015
25553  -44.830  -51.959  -7.008 0.1000000015
27505  -42.535  -49.978  -7.140 0.1000000015
111798  -43.076  -49.182  -7.394 0.1000000015
29369  -42.744  -48.097  -7.590 0.1000000015
29387  -43.252  -47.603  -8.318 0.1000000015
29410  -42.031  -47.901  -9.990 0.1000000015
18253  -41.506  -60.133  -3.091 0.3000000119
17473  -42.677  -60.867  -3.784 0.3000000119
19078  -40.298  -59.532  -2.514 0.3000000119
19894  -41.839  -58.778  -3.069 0.3000000119
19876  -41.295  -58.798  -2.672 0.3000000119
124282  -38.034  -55.178  -0.426 0.3000000119
20717  -39.489  -57.189  -1.337 0.3000000119
22309  -38.340  -55.855  -0.513 0.3000000119
19864  -40.129  -57.872  -1.817 0.3000000119
25457  -36.632  -51.481  1.438 0.3000000119
25446  -37.153  -50.668  2.936 0.3000000119
27320  -38.475  -49.649  3.003 0.2000000030
119905  -36.524  -52.782  0.987 0.3000000119
28310  -42.033  -48.707  1.232 0.2000000030
28341  -44.298  -48.271  -0.532 0.2000000030
114118  -45.129  -48.447  -0.733 0.2000000030
28357  -45.453  -47.937  -1.561 0.2000000030
116902  -41.175  -62.646  -3.035 0.1000000015
18241  -38.338  -60.436  -1.802 0.2000000030
18243  -39.708  -60.425  -2.666 0.3000000119
19874  -40.074  -58.714  -2.032 0.3000000119
128446  -38.634  -58.375  -1.473 0.3000000119
115872  -36.689  -51.453  2.755 0.3000000119
23793  -36.091  -53.034  1.926 0.3000000119
27322  -39.924  -49.927  3.177 0.2000000030
27338  -41.239  -49.701  2.394 0.2000000030
27355  -43.187  -49.712  1.320 0.1000000015
26371  -42.783  -50.219  1.834 0.1000000015
27356  -43.901  -49.955  1.072 0.2000000030
19055  -37.529  -59.604  -1.115 0.3000000119
115993  -37.496  -58.868  -1.129 0.3000000119
23780  -35.743  -53.762  2.578 0.3000000119
26322  -38.811  -50.798  4.173 0.2000000030
25433  -39.752  -51.038  4.076 0.2000000030
26355  -40.796  -50.157  2.976 0.2000000030
26357  -42.394  -50.701  2.407 0.1000000015
25448  -42.726  -51.407  2.646 0.1000000015
25435  -41.466  -51.615  3.526 0.1000000015
20673  -36.060  -57.617  0.868 0.3000000119
22285  -35.531  -55.168  1.889 0.3000000119
114845  -36.792  -52.849  4.569 0.2000000030
24542  -40.964  -52.083  3.994 0.1000000015
24543  -41.686  -52.274  3.738 0.1000000015
23794  -45.743  -53.284  1.923 0.1000000015
23037  -36.135  -54.642  4.629 0.2000000030
23756  -36.231  -53.731  4.398 0.2000000030
24532  -41.346  -52.783  4.164 0.1000000015
23803  -46.971  -53.373  0.783 0.1000000015
114438  -49.968  -62.094  -20.063 0.3000000119
16116  -49.536  -64.116  -19.803 0.3000000119
16133  -49.786  -63.484  -20.279 0.3000000119
12044  -43.792  -68.176  -20.740 0.2000000030
114854  -41.969  -68.632  -20.901 0.2000000030
15251  -48.136  -64.701  -20.134 0.4000000060
130480  -46.892  -65.824  -20.702 0.3000000119
16918  -49.612  -62.530  -20.593 0.4000000060
15274  -47.461  -65.279  -20.512 0.3000000119
14407  -46.131  -66.020  -20.418 0.3000000119
126017  -49.179  -61.786  -20.667 0.4000000060
121741  -48.818  -64.629  -21.020 0.4000000060
13598  -45.658  -66.813  -20.670 0.3000000119
12818  -44.658  -67.956  -20.906 0.2000000030
126143  -48.871  -62.206  -21.188 0.4000000060
16147  -48.918  -63.876  -21.341 0.4000000060
13613  -47.240  -66.384  -21.718 0.4000000060
17683  -48.416  -61.348  -20.575 0.4000000060
14425  -47.758  -65.724  -21.646 0.4000000060
13611  -46.173  -67.234  -21.478 0.3000000119
12061  -44.419  -68.553  -21.428 0.3000000119
16917  -48.431  -62.861  -21.596 0.4000000060
15294  -48.231  -65.031  -21.659 0.4000000060
12062  -45.202  -68.250  -21.615 0.4000000060
18502  -47.345  -61.302  -21.442 0.4000000060
15314  -47.906  -64.357  -22.507 0.4000000060
12820  -46.436  -67.427  -22.218 0.3000000119
16930  -47.517  -62.583  -22.498 0.4000000060
16166  -48.121  -63.568  -22.079 0.4000000060
14445  -47.594  -65.317  -22.698 0.4000000060
12835  -46.343  -67.304  -23.162 0.3000000119
18488  -46.573  -60.996  -21.365 0.4000000060
16165  -47.384  -63.462  -23.073 0.4000000060
13642  -47.073  -66.004  -23.130 0.4000000060
17709  -46.997  -61.668  -22.598 0.4000000060
16186  -46.866  -62.702  -23.283 0.4000000060
15332  -47.096  -64.349  -23.714 0.4000000060
13641  -46.568  -66.512  -23.600 0.3000000119
18516  -46.742  -61.166  -22.453 0.4000000060
123764  -46.569  -63.317  -23.757 0.4000000060
15331  -46.465  -64.751  -24.345 0.4000000060
119511  -46.640  -65.840  -23.989 0.3000000119
12853  -45.682  -67.816  -23.812 0.2000000030
116655  -46.031  -60.543  -22.089 0.3000000119
17723  -46.462  -61.510  -23.366 0.4000000060
18515  -46.197  -60.570  -23.184 0.4000000060
17722  -46.026  -61.049  -23.799 0.4000000060
114013  -46.041  -63.072  -23.888 0.4000000060
16185  -46.281  -64.107  -24.211 0.4000000060
12854  -46.026  -66.934  -24.241 0.2000000030
12871  -45.596  -66.458  -24.712 0.2000000030
128357  -44.706  -68.144  -24.654 0.3000000119
19299  -45.432  -59.816  -22.276 0.3000000119
18500  -45.925  -60.201  -22.941 0.3000000119
18527  -45.849  -60.552  -23.676 0.3000000119
15346  -46.077  -64.818  -24.571 0.3000000119
13658  -45.144  -66.868  -24.829 0.2000000030
14474  -45.884  -65.683  -24.692 0.2000000030
12870  -45.347  -67.203  -24.751 0.2000000030
11273  -43.767  -68.946  -24.840 0.2000000030
115227  -44.570  -59.267  -20.916 0.3000000119
19310  -45.299  -59.660  -23.384 0.3000000119
16943  -45.824  -61.882  -23.735 0.4000000060
14456  -45.794  -65.349  -24.556 0.1000000015
19287  -44.720  -59.092  -21.878 0.3000000119
19314  -45.102  -59.878  -23.908 0.3000000119
17720  -45.451  -61.054  -23.884 0.2000000030
15313  -45.659  -63.799  -23.714 0.2000000030
12869  -44.737  -67.573  -24.757 0.1000000015
18513  -44.446  -60.263  -23.678 0.2000000030
17707  -44.973  -60.979  -23.819 0.2000000030
14455  -45.201  -65.830  -24.194 0.1000000015
13657  -44.621  -67.352  -24.720 0.1000000015
12110  -44.187  -68.240  -24.850 0.1000000015
126930  -43.855  -58.195  -20.305 0.2000000030
19298  -44.793  -59.091  -22.913 0.3000000119
18524  -44.519  -59.653  -23.690 0.3000000119
20094  -44.163  -58.251  -21.280 0.1000000015
20106  -44.309  -58.473  -22.431 0.3000000119
19308  -43.961  -59.164  -23.552 0.2000000030
16183  -45.399  -62.674  -23.312 0.1000000015
12868  -44.081  -68.018  -24.863 0.1000000015
12109  -43.300  -68.640  -24.939 0.1000000015
20093  -43.645  -57.527  -20.724 0.2000000030
20950  -43.860  -57.921  -22.077 0.2000000030
20114  -43.781  -58.638  -23.162 0.2000000030
17706  -44.313  -61.090  -23.062 0.1000000015
16929  -44.886  -61.836  -23.112 0.1000000015
15312  -44.793  -64.401  -22.606 0.1000000015
14444  -44.651  -65.428  -23.047 0.1000000015
13639  -44.126  -67.071  -24.088 0.1000000015
12867  -43.039  -68.275  -24.775 0.1000000015
10480  -41.812  -69.557  -26.313 0.1000000015
20956  -43.545  -58.060  -22.411 0.1000000015
18512  -43.870  -59.667  -23.467 0.2000000030
17696  -43.656  -61.175  -22.288 0.1000000015
16146  -44.366  -63.575  -21.956 0.1000000015
15311  -44.057  -65.095  -22.048 0.1000000015
13638  -43.249  -67.308  -23.608 0.1000000015
12126  -42.491  -68.877  -25.604 0.1000000015
10479  -41.197  -70.008  -26.585 0.1000000015
16914  -43.947  -62.788  -21.609 0.1000000015
14424  -43.247  -65.481  -21.745 0.1000000015
14443  -43.802  -65.888  -22.523 0.1000000015
12125  -41.636  -68.434  -26.106 0.1000000015
12141  -41.508  -68.540  -26.752 0.1000000015
13624  -42.423  -67.014  -22.859 0.1000000015
27389  -46.376  -49.454  -0.523 0.2000000030
20910  -42.893  -57.295  -18.593 0.2000000030
20911  -43.212  -57.041  -19.330 0.1000000015
20936  -43.645  -57.542  -21.454 0.1000000015
20949  -43.303  -57.397  -21.774 0.1000000015
18499  -43.249  -59.958  -22.552 0.1000000015
20113  -43.135  -58.391  -22.482 0.1000000015
17695  -43.057  -60.944  -21.644 0.1000000015
16145  -43.673  -63.605  -21.229 0.1000000015
15273  -43.270  -64.301  -21.088 0.1000000015
15275  -48.920  -64.562  -20.308 0.3000000119
16132  -49.337  -64.084  -20.606 0.4000000060
111548  -46.650  -66.474  -21.160 0.3000000119
14408  -47.463  -65.852  -21.137 0.3000000119
12819  -45.429  -67.614  -21.154 0.3000000119
126808  -48.483  -64.350  -21.685 0.4000000060
13612  -46.764  -66.926  -21.784 0.3000000119
17682  -48.268  -61.674  -21.245 0.4000000060
13627  -47.411  -66.128  -22.274 0.4000000060
130484  -46.900  -66.728  -22.500 0.3000000119
119612  -47.439  -61.571  -21.853 0.4000000060
16944  -46.180  -62.058  -23.669 0.4000000060
14457  -46.308  -65.350  -24.509 0.2000000030
12094  -45.121  -67.848  -24.575 0.2000000030
17721  -45.672  -61.136  -23.856 0.3000000119
16184  -46.054  -63.948  -24.186 0.2000000030
18526  -45.384  -60.383  -23.884 0.3000000119
15330  -45.922  -64.556  -24.410 0.2000000030
113920  -45.921  -62.801  -23.832 0.4000000060
18525  -45.107  -60.341  -23.952 0.2000000030
15329  -45.430  -64.910  -23.812 0.1000000015
11290  -43.161  -69.041  -25.334 0.1000000015
13640  -44.900  -66.611  -24.636 0.1000000015
20115  -44.288  -58.756  -23.170 0.3000000119
16915  -44.630  -62.731  -22.450 0.1000000015
13626  -44.392  -66.291  -23.569 0.1000000015
12852  -43.690  -67.702  -24.508 0.1000000015
20935  -43.330  -56.903  -21.133 0.1000000015
19307  -43.459  -59.101  -23.082 0.1000000015
16928  -44.156  -61.940  -22.275 0.1000000015
11307  -41.943  -68.984  -26.269 0.1000000015
15293  -43.960  -64.317  -21.663 0.1000000015
11305  -40.608  -69.506  -27.022 0.1000000015
17681  -43.493  -61.942  -21.473 0.1000000015
19297  -42.826  -59.202  -22.245 0.1000000015
16840  -49.368  -62.443  -17.021 0.3000000119
16859  -49.218  -62.753  -17.799 0.2000000030
16858  -47.992  -62.780  -18.033 0.3000000119
17625  -50.874  -61.255  -15.647 0.4000000060
16841  -50.158  -62.255  -16.953 0.2000000030
16842  -50.450  -61.942  -16.740 0.4000000060
16860  -50.059  -62.584  -17.659 0.3000000119
16095  -47.189  -63.354  -18.582 0.2000000030
17647  -50.516  -61.770  -17.285 0.4000000060
16875  -49.142  -63.181  -18.427 0.2000000030
16096  -48.443  -63.500  -18.867 0.2000000030
16094  -46.111  -63.594  -18.119 0.1000000015
15228  -46.559  -64.017  -19.008 0.2000000030
15227  -45.618  -64.278  -18.528 0.1000000015
117063  -49.953  -63.076  -18.337 0.3000000119
16115  -47.668  -63.983  -19.403 0.2000000030
14387  -45.175  -64.976  -18.977 0.1000000015
133211  -44.102  -65.860  -18.961 0.1000000015
13585  -44.792  -65.784  -19.409 0.1000000015
13584  -42.744  -66.684  -18.905 0.1000000015
13571  -43.571  -66.338  -18.967 0.1000000015
13572  -44.211  -66.362  -19.420 0.1000000015
113521  -42.157  -67.217  -19.466 0.1000000015
131110  -42.876  -67.177  -19.486 0.1000000015
16876  -50.372  -62.456  -18.092 0.3000000119
15250  -47.023  -64.584  -19.814 0.2000000030
111370  -46.051  -64.718  -19.376 0.2000000030
14394  -45.659  -65.474  -19.716 0.2000000030
12808  -43.050  -67.644  -20.061 0.1000000015
12026  -41.133  -67.545  -19.706 0.1000000015
16891  -50.460  -62.343  -18.677 0.2000000030
16098  -50.124  -63.339  -18.871 0.3000000119
111354  -45.410  -66.156  -20.050 0.2000000030
12800  -44.206  -66.937  -19.841 0.1000000015
12025  -40.335  -67.985  -20.061 0.1000000015
128694  -42.056  -67.921  -20.244 0.1000000015
16117  -50.037  -63.546  -19.495 0.3000000119
18461  -50.152  -61.270  -18.429 0.2000000030
12810  -44.829  -67.292  -20.442 0.2000000030
12809  -44.016  -67.529  -20.248 0.1000000015
12042  -41.149  -68.291  -20.461 0.1000000015
12043  -42.869  -68.363  -20.749 0.1000000015
12041  -40.327  -68.695  -20.601 0.1000000015
16890  -50.294  -62.725  -19.293 0.2000000030
11204  -40.182  -69.535  -21.082 0.1000000015
11205  -41.109  -69.088  -21.190 0.1000000015
17658  -50.241  -61.746  -19.192 0.2000000030
12060  -43.561  -68.788  -21.334 0.1000000015
12059  -42.695  -69.031  -21.348 0.1000000015
11221  -43.345  -69.432  -21.885 0.1000000015
9648  -38.944  -71.423  -20.585 0.1000000015
11218  -40.891  -70.068  -21.548 0.1000000015
12058  -41.953  -69.241  -21.376 0.1000000015
11220  -42.415  -69.817  -21.862 0.1000000015
130730  -45.875  -67.892  -21.860 0.3000000119
118772  -40.960  -71.109  -21.790 0.1000000015
17659  -50.538  -61.877  -18.329 0.3000000119
16861  -50.379  -62.168  -17.479 0.3000000119
110811  -48.860  -64.182  -19.612 0.3000000119
14395  -46.523  -65.295  -20.099 0.2000000030
16097  -49.584  -63.631  -19.060 0.3000000119
111178  -44.854  -66.593  -19.967 0.1000000015
10395  -39.394  -69.916  -20.816 0.1000000015
121856  -39.346  -70.766  -20.845 0.1000000015
11219  -41.602  -69.725  -21.588 0.1000000015
11203  -38.620  -70.367  -20.457 0.1000000015
11222  -44.155  -69.138  -21.959 0.2000000030
9664  -41.863  -71.402  -22.650 0.1000000015
9663  -41.274  -72.206  -22.359 0.1000000015
8945  -41.079  -72.813  -22.457 0.1000000015
133047  -43.866  -69.555  -22.442 0.2000000030
11237  -43.213  -70.086  -22.545 0.2000000030
9680  -41.509  -72.004  -22.773 0.2000000030
10420  -42.697  -70.775  -22.919 0.1000000015
8269  -40.816  -73.437  -22.784 0.1000000015
9681  -42.199  -71.341  -23.094 0.2000000030
118679  -42.803  -70.783  -23.463 0.1000000015
115188  -44.946  -68.781  -22.245 0.2000000030
11238  -44.017  -69.790  -23.051 0.1000000015
8961  -41.205  -72.572  -23.204 0.1000000015
9690  -41.721  -71.774  -23.378 0.1000000015
133751  -45.542  -68.335  -22.239 0.2000000030
11239  -44.475  -69.302  -22.693 0.2000000030
10421  -43.415  -70.291  -23.272 0.1000000015
9691  -42.249  -71.279  -23.737 0.1000000015
12076  -44.954  -68.935  -23.038 0.1000000015
10437  -43.286  -70.310  -23.910 0.1000000015
12834  -45.976  -67.970  -22.674 0.2000000030
12077  -45.443  -68.489  -22.962 0.2000000030
12093  -45.030  -68.509  -23.884 0.2000000030
11256  -44.525  -69.213  -23.486 0.1000000015
11255  -43.912  -69.656  -23.953 0.1000000015
10436  -42.697  -70.672  -24.229 0.1000000015
16825  -50.713  -61.696  -15.844 0.2000000030
16839  -48.265  -62.510  -17.094 0.1000000015
128098  -52.376  -61.513  -10.285 0.2000000030
16773  -53.526  -61.825  -10.825 0.1000000015
17483  -45.045  -61.166  -4.754 0.1000000015
17511  -51.390  -61.544  -6.431 0.1000000015
116475  -52.726  -61.449  -7.184 0.1000000015
130510  -47.265  -60.283  -5.537 0.1000000015
18296  -51.579  -61.151  -6.946 0.1000000015
16711  -44.670  -61.983  -4.543 0.2000000030
17484  -45.866  -60.993  -5.053 0.1000000015
17498  -50.424  -62.087  -5.854 0.1000000015
17474  -43.432  -61.332  -4.119 0.2000000030
18268  -45.573  -60.219  -4.653 0.1000000015
17495  -46.698  -60.869  -5.249 0.1000000015
17497  -48.452  -61.165  -5.605 0.1000000015
17510  -50.449  -61.438  -6.180 0.1000000015
16826  -51.366  -61.556  -14.937 0.2000000030
112969  -53.137  -61.548  -11.634 0.1000000015
18295  -50.518  -61.035  -6.567 0.1000000015
18280  -48.671  -60.762  -5.877 0.1000000015
18269  -46.337  -60.157  -4.883 0.1000000015
119415  -42.822  -61.672  -3.800 0.2000000030
17574  -53.332  -61.670  -10.494 0.1000000015
16739  -53.062  -62.310  -6.673 0.1000000015
17500  -51.897  -62.149  -6.242 0.1000000015
17496  -47.568  -61.145  -5.444 0.1000000015
16724  -47.014  -61.937  -5.373 0.1000000015
120812  -50.951  -61.879  -15.242 0.1000000015
117872  -49.621  -62.323  -16.354 0.1000000015
20663  -36.109  -57.825  2.133 0.1000000015
131934  -36.373  -58.382  2.102 0.1000000015
19034  -37.025  -59.791  0.690 0.1000000015
18231  -38.067  -61.048  -1.078 0.1000000015
16675  -39.291  -62.718  -1.696 0.1000000015
19041  -36.759  -59.150  0.169 0.1000000015
18217  -37.580  -60.410  -0.613 0.1000000015
19819  -36.625  -58.252  3.614 0.1000000015
19010  -37.219  -59.659  2.553 0.1000000015
17416  -37.818  -61.033  0.868 0.1000000015
16670  -39.002  -63.108  -0.930 0.1000000015
19824  -36.473  -58.355  2.677 0.1000000015
19009  -36.632  -58.971  2.087 0.1000000015
17432  -37.801  -61.126  -0.065 0.1000000015
126794  -38.835  -62.440  -1.284 0.1000000015
15844  -40.323  -63.708  -1.828 0.1000000015
119082  -36.102  -55.962  4.461 0.1000000015
17417  -38.413  -61.528  1.566 0.1000000015
19800  -36.613  -57.683  4.402 0.1000000015
19820  -37.005  -58.956  3.800 0.1000000015
18178  -37.584  -60.338  2.057 0.1000000015
18194  -37.885  -60.850  1.604 0.1000000015
20656  -36.334  -57.460  3.741 0.1000000015
17433  -38.260  -61.645  0.550 0.1000000015
16665  -38.958  -62.924  -0.028 0.1000000015
22257  -36.307  -55.423  4.864 0.1000000015
23744  -37.133  -54.220  5.318 0.1000000015
19790  -37.301  -58.328  5.454 0.1000000015
19003  -37.357  -59.559  3.454 0.1000000015
18161  -37.850  -60.369  3.033 0.1000000015
20636  -36.908  -57.850  5.061 0.1000000015
20635  -36.720  -57.109  5.057 0.1000000015
23024  -37.342  -54.954  5.658 0.1000000015
23757  -36.890  -53.559  4.967 0.1000000015
28342  -45.977  -48.675  -0.923 0.1000000015
28358  -46.424  -48.300  -1.658 0.1000000015
28373  -47.424  -48.134  -2.632 0.1000000015
23026  -38.965  -54.413  5.767 0.1000000015
23746  -38.522  -53.650  5.364 0.1000000015
24530  -39.570  -52.392  4.654 0.1000000015
116296  -44.776  -47.553  -1.911 0.1000000015
29275  -45.924  -47.661  -2.326 0.1000000015
26417  -47.726  -49.802  -1.157 0.1000000015
28393  -48.545  -48.119  -3.590 0.1000000015
28372  -46.685  -47.893  -2.447 0.1000000015
19801  -37.017  -58.521  4.539 0.1000000015
18146  -37.816  -60.054  3.999 0.1000000015
18162  -38.506  -61.126  3.026 0.1000000015
29290  -46.221  -47.516  -2.989 0.1000000015
16687  -39.579  -62.153  -2.408 0.1000000015
16688  -40.344  -62.383  -2.784 0.1000000015
17452  -38.603  -61.195  -1.873 0.1000000015
21458  -35.769  -56.062  3.805 0.1000000015
18193  -37.431  -60.383  1.198 0.1000000015
16669  -38.532  -61.824  -1.201 0.1000000015
15855  -40.668  -63.198  -2.466 0.1000000015
21439  -36.514  -56.240  5.010 0.1000000015
22239  -36.845  -55.608  5.460 0.1000000015
133091  -46.944  -48.682  -1.496 0.1000000015
29291  -46.884  -47.634  -3.229 0.1000000015
21724  -42.516  -56.642  -18.234 0.1000000015
22494  -42.343  -55.499  -18.417 0.1000000015
21723  -41.868  -56.425  -17.488 0.1000000015
116807  -48.408  -63.083  -14.267 0.1000000015
16045  -47.404  -62.752  -15.305 0.1000000015
16822  -47.335  -62.619  -16.303 0.1000000015
115087  -48.248  -63.842  -14.015 0.1000000015
16028  -46.721  -63.421  -14.875 0.1000000015
126564  -46.152  -63.433  -15.289 0.1000000015
16808  -48.323  -62.630  -14.957 0.1000000015
15164  -47.893  -64.657  -14.196 0.1000000015
16030  -49.031  -63.526  -13.736 0.1000000015
14337  -46.734  -65.185  -14.809 0.1000000015
14339  -48.196  -65.532  -14.101 0.1000000015
15165  -48.582  -64.817  -13.807 0.1000000015
13498  -47.984  -66.102  -14.245 0.1000000015
12693  -44.043  -67.181  -8.115 0.1000000015
12704  -43.921  -66.933  -9.002 0.1000000015
121496  -44.133  -68.404  -12.294 0.1000000015
11942  -44.272  -68.718  -13.029 0.1000000015
11946  -44.624  -68.707  -13.933 0.1000000015
16824  -49.218  -62.369  -15.565 0.1000000015
11151  -45.352  -69.402  -15.606 0.1000000015
11956  -45.395  -68.830  -15.124 0.1000000015
14338  -47.601  -65.690  -14.572 0.1000000015
14354  -47.130  -66.374  -15.218 0.1000000015
126330  -47.282  -62.680  -17.153 0.1000000015
113572  -45.326  -69.316  -16.142 0.1000000015
11970  -45.883  -68.234  -15.992 0.1000000015
12743  -46.168  -67.447  -15.915 0.1000000015
13519  -46.622  -66.804  -15.665 0.1000000015
13504  -47.548  -66.656  -14.872 0.1000000015
13497  -47.669  -66.526  -14.441 0.1000000015
14326  -48.590  -65.581  -13.641 0.1000000015
16076  -46.717  -63.024  -17.641 0.1000000015
11169  -44.501  -69.641  -16.407 0.1000000015
117887  -45.550  -67.871  -15.952 0.1000000015
12732  -47.207  -67.071  -15.455 0.1000000015
117533  -47.572  -66.673  -14.088 0.1000000015
12709  -44.236  -67.545  -10.336 0.1000000015
11936  -43.769  -67.894  -11.951 0.1000000015
16031  -49.822  -62.757  -13.919 0.1000000015
16809  -49.313  -62.551  -14.626 0.1000000015
130414  -44.195  -68.152  -13.231 0.1000000015
11941  -43.879  -68.003  -12.634 0.1000000015
16823  -48.491  -62.410  -16.079 0.1000000015
12730  -46.247  -68.042  -15.373 0.1000000015
11958  -46.369  -67.684  -15.747 0.1000000015
12731  -46.999  -67.433  -15.467 0.1000000015
14325  -48.148  -66.134  -13.771 0.1000000015
12721  -46.902  -67.573  -14.938 0.1000000015
13496  -46.591  -67.129  -14.094 0.1000000015
13503  -47.477  -67.162  -14.912 0.1000000015
13435  -42.856  -66.088  -7.891 0.1000000015
13450  -43.342  -66.511  -8.461 0.1000000015
13426  -42.658  -66.241  -6.872 0.1000000015
116832  -42.396  -65.916  -6.095 0.1000000015
16795  -50.703  -62.632  -13.772 0.1000000015
12708  -43.668  -66.943  -9.915 0.1000000015
13473  -42.973  -66.302  -10.383 0.1000000015
16016  -49.959  -63.599  -13.295 0.1000000015
16810  -50.525  -62.304  -14.704 0.1000000015
12711  -43.390  -66.998  -10.944 0.1000000015
15152  -49.287  -64.802  -13.356 0.1000000015
112537  -43.264  -66.847  -11.638 0.1000000015
12716  -44.024  -67.504  -13.003 0.1000000015
12719  -44.647  -67.907  -13.712 0.1000000015
12720  -45.694  -67.750  -14.383 0.1000000015
12729  -45.227  -68.328  -14.493 0.1000000015
13494  -44.839  -67.042  -13.441 0.1000000015
14324  -46.715  -66.298  -13.331 0.1000000015
128838  -47.620  -66.193  -13.387 0.1000000015
13495  -45.455  -66.266  -13.158 0.1000000015
14243  -42.454  -65.387  -5.780 0.1000000015
14253  -42.438  -65.320  -6.680 0.1000000015
15047  -42.954  -65.001  -4.809 0.1000000015
14229  -42.840  -65.679  -4.294 0.1000000015
15153  -50.087  -64.695  -12.716 0.1000000015
16017  -50.963  -63.411  -12.851 0.1000000015
14274  -42.623  -65.194  -9.166 0.1000000015
14265  -42.639  -65.397  -8.226 0.1000000015
14327  -49.310  -65.299  -13.127 0.1000000015
13483  -42.981  -66.263  -11.232 0.1000000015
13472  -42.771  -65.584  -10.671 0.1000000015
125395  -48.092  -65.773  -12.809 0.1000000015
14313  -48.839  -65.603  -13.138 0.1000000015
13490  -43.268  -66.413  -11.941 0.1000000015
13491  -43.847  -66.729  -12.624 0.1000000015
13492  -44.459  -66.268  -12.787 0.1000000015
113245  -42.584  -64.745  -6.223 0.1000000015
15071  -42.569  -64.610  -6.918 0.1000000015
14314  -49.595  -65.211  -12.573 0.1000000015
16811  -51.413  -62.061  -14.604 0.1000000015
14312  -46.926  -65.701  -12.669 0.1000000015
128355  -48.138  -65.250  -11.968 0.1000000015
14310  -44.663  -65.610  -12.461 0.1000000015
13482  -43.136  -65.545  -11.449 0.1000000015
14309  -43.736  -65.891  -12.247 0.1000000015
15133  -49.742  -65.187  -11.837 0.1000000015
114453  -51.197  -64.534  -11.581 0.1000000015
14301  -48.943  -65.411  -12.349 0.1000000015
15085  -42.732  -64.586  -8.442 0.1000000015
14299  -46.085  -64.991  -12.009 0.1000000015
14300  -47.223  -65.186  -12.005 0.1000000015
15097  -42.806  -64.654  -9.432 0.1000000015
14298  -44.955  -64.961  -12.015 0.1000000015
14290  -42.848  -64.994  -10.745 0.1000000015
15129  -44.312  -64.636  -11.392 0.1000000015
15128  -43.415  -64.820  -11.214 0.1000000015
15134  -50.536  -64.787  -11.273 0.1000000015
15135  -51.461  -64.401  -10.874 0.1000000015
116584  -48.243  -64.360  -10.471 0.1000000015
15132  -48.620  -64.872  -11.295 0.1000000015
15086  -42.807  -64.253  -7.537 0.1000000015
15987  -46.693  -64.085  -10.259 0.1000000015
15130  -45.351  -64.537  -11.348 0.1000000015
15117  -46.581  -64.541  -11.211 0.1000000015
115602  -43.289  -64.538  -10.518 0.1000000015
15111  -51.783  -63.984  -10.021 0.1000000015
15120  -49.978  -64.511  -10.547 0.1000000015
15988  -47.592  -64.037  -9.999 0.1000000015
132089  -42.936  -64.399  -5.945 0.1000000015
111567  -44.666  -64.258  -10.738 0.1000000015
15106  -43.290  -64.218  -9.655 0.1000000015
110895  -51.668  -63.489  -8.899 0.1000000015
15929  -43.113  -63.929  -8.221 0.1000000015
113236  -42.550  -65.523  -5.008 0.1000000015
13379  -45.689  -67.227  -2.809 0.1000000015
13390  -44.800  -66.391  -3.317 0.1000000015
13389  -43.524  -66.492  -3.172 0.1000000015
11937  -44.370  -68.325  -11.623 0.1000000015
11957  -45.797  -68.489  -15.860 0.1000000015
11159  -45.354  -68.650  -16.090 0.1000000015
129230  -45.890  -65.997  -15.337 0.1000000015
13449  -42.814  -65.900  -8.849 0.1000000015
14311  -45.759  -65.583  -12.595 0.1000000015
15142  -50.424  -64.950  -12.061 0.1000000015
131988  -49.626  -64.852  -11.091 0.1000000015
15131  -47.609  -64.808  -11.434 0.1000000015
15116  -45.686  -64.147  -10.529 0.1000000015
15121  -50.892  -64.424  -10.436 0.1000000015
13378  -44.408  -66.853  -2.768 0.1000000015
112696  -32.219  -76.671  -23.901 0.1000000015
6251  -31.800  -76.791  -22.995 0.1000000015
6965  -34.237  -75.077  -27.641 0.1000000015
6296  -33.915  -75.801  -26.911 0.1000000015
6281  -33.918  -76.315  -25.934 0.1000000015
6267  -32.681  -76.524  -24.711 0.1000000015
6977  -34.442  -74.326  -27.777 0.1000000015
8335  -34.050  -73.418  -28.111 0.1000000015
8334  -33.232  -73.600  -28.466 0.1000000015
6252  -32.791  -76.545  -23.329 0.1000000015
123037  -32.597  -76.559  -22.574 0.1000000015
6253  -33.670  -76.517  -23.770 0.1000000015
124814  -33.871  -76.498  -24.872 0.1000000015
118486  -33.036  -76.468  -24.097 0.1000000015
6966  -34.903  -75.046  -27.073 0.1000000015
123564  -33.100  -76.393  -25.407 0.1000000015
6280  -33.004  -76.326  -26.175 0.1000000015
8323  -34.484  -73.050  -27.238 0.1000000015
8322  -33.418  -73.281  -27.390 0.1000000015
8309  -32.927  -73.393  -26.108 0.1000000015
8224  -34.397  -73.219  -18.399 0.1000000015
113186  -33.341  -74.497  -19.482 0.1000000015
7556  -34.447  -73.960  -18.699 0.1000000015
6233  -33.459  -76.523  -22.853 0.1000000015
126748  -33.126  -76.402  -21.895 0.1000000015
114436  -33.226  -75.487  -20.494 0.1000000015
6887  -33.711  -75.001  -19.917 0.1000000015
6199  -32.523  -75.908  -21.080 0.1000000015
112820  -34.316  -76.734  -23.358 0.1000000015
6232  -31.936  -76.579  -22.158 0.1000000015
131010  -34.746  -76.478  -25.668 0.1000000015
7660  -34.383  -73.691  -27.771 0.1000000015
8225  -35.093  -73.367  -18.506 0.1000000015
114028  -34.096  -74.580  -19.278 0.1000000015
8892  -35.484  -72.678  -18.496 0.1000000015
6200  -33.746  -75.996  -21.118 0.1000000015
6905  -34.216  -75.617  -20.432 0.1000000015
6220  -34.558  -76.516  -21.751 0.1000000015
6297  -34.824  -75.989  -26.338 0.1000000015
6967  -35.512  -74.558  -26.606 0.1000000015
7652  -35.438  -73.651  -26.707 0.1000000015
8324  -35.216  -73.083  -26.944 0.1000000015
6254  -34.737  -76.957  -24.240 0.1000000015
8239  -33.475  -74.014  -18.952 0.1000000015
7570  -34.977  -74.688  -19.170 0.1000000015
6268  -35.208  -76.862  -25.121 0.1000000015
6234  -34.400  -76.692  -22.583 0.1000000015
5584  -35.352  -77.313  -23.486 0.1000000015
8223  -33.674  -73.344  -18.499 0.1000000015
5598  -36.154  -77.547  -23.870 0.1000000015
5599  -36.591  -77.436  -23.628 0.1000000015
6236  -36.990  -77.179  -23.231 0.1000000015
6888  -34.611  -75.186  -19.745 0.1000000015
6201  -34.858  -76.239  -20.997 0.1000000015
6235  -35.457  -77.200  -22.431 0.1000000015
6221  -35.636  -76.950  -21.548 0.1000000015
5585  -36.233  -77.540  -23.108 0.1000000015
6202  -35.821  -76.555  -20.799 0.1000000015
6906  -35.177  -75.799  -20.304 0.1000000015
6203  -36.688  -76.798  -20.613 0.1000000015
5574  -36.422  -77.500  -22.137 0.1000000015
5611  -36.363  -77.385  -24.234 0.1000000015
6222  -36.548  -77.268  -21.280 0.1000000015
6954  -35.389  -75.488  -26.346 0.1000000015
6976  -33.865  -74.673  -28.292 0.1000000015
7651  -35.075  -73.839  -27.233 0.1000000015
8336  -34.623  -73.343  -27.372 0.1000000015
8345  -33.497  -73.788  -28.771 0.1000000015
11170  -45.164  -69.362  -16.312 0.1000000015
11254  -38.279  -69.851  -23.934 0.1000000015
11274  -44.395  -68.767  -24.344 0.3000000119
11306  -41.370  -69.129  -26.965 0.1000000015
12108  -42.091  -68.460  -25.266 0.2000000030
12122  -34.284  -68.270  -25.555 0.1000000015
12139  -35.061  -68.092  -27.080 0.1000000015
12154  -40.820  -67.889  -27.677 0.1000000015
12694  -44.534  -67.364  -8.692 0.1000000015
12712  -43.942  -67.710  -11.226 0.1000000015
12715  -43.524  -67.271  -12.224 0.1000000015
12744  -46.770  -67.269  -15.706 0.1000000015
12799  -43.474  -67.027  -19.557 0.1000000015
12849  -37.190  -67.352  -23.728 0.1000000015
12898  -39.869  -66.951  -27.296 0.1000000015
12899  -41.282  -67.656  -26.976 0.1000000015
12908  -40.711  -67.222  -27.915 0.1000000015
12918  -36.457  -66.921  -28.956 0.1000000015
13420  -42.402  -66.100  -5.366 0.1000000015
13462  -42.716  -65.711  -9.806 0.1000000015
13463  -43.169  -66.374  -9.427 0.1000000015
13625  -43.488  -66.676  -23.051 0.1000000015
13659  -46.189  -66.114  -24.511 0.2000000030
13688  -41.187  -66.300  -27.296 0.2000000030
13718  -36.884  -65.958  -29.579 0.1000000015
14212  -43.587  -65.877  -3.693 0.1000000015
14283  -42.653  -65.083  -10.067 0.1000000015
14297  -43.925  -65.148  -11.867 0.1000000015
14409  -48.260  -65.222  -20.887 0.3000000119
14422  -41.264  -65.874  -21.404 0.1000000015
14458  -46.911  -65.246  -23.860 0.3000000119
14473  -45.501  -66.180  -24.664 0.1000000015
15072  -42.975  -64.109  -6.682 0.1000000015
15105  -42.882  -64.712  -10.133 0.1000000015
15118  -47.544  -64.435  -10.764 0.1000000015
15119  -49.059  -64.442  -10.515 0.1000000015
15243  -36.852  -64.262  -19.602 0.1000000015
15270  -40.424  -64.932  -20.184 0.1000000015
15289  -36.675  -64.239  -20.788 0.1000000015
15387  -37.781  -63.858  -28.088 0.1000000015
15397  -37.435  -64.233  -28.591 0.1000000015
15840  -39.303  -63.518  -0.297 0.1000000015
16029  -47.616  -63.443  -14.456 0.1000000015
16070  -36.902  -63.364  -17.568 0.1000000015
16090  -38.501  -63.797  -17.933 0.1000000015
16130  -42.592  -63.524  -20.252 0.1000000015
16144  -36.934  -63.980  -22.079 0.1000000015
16148  -49.242  -63.167  -20.965 0.4000000060
16164  -45.025  -63.457  -22.734 0.1000000015
16203  -40.230  -63.248  -25.428 0.1000000015
16216  -37.021  -62.577  -26.207 0.1000000015
16226  -35.886  -63.159  -26.689 0.1000000015
16229  -39.581  -62.932  -26.811 0.1000000015
16239  -38.974  -62.810  -27.153 0.1000000015
16674  -38.984  -61.949  -1.853 0.1000000015
16676  -39.894  -63.009  -2.168 0.1000000015
16710  -44.261  -61.302  -4.428 0.2000000030
16765  -53.709  -62.159  -10.541 0.1000000015
16785  -52.696  -61.705  -13.034 0.1000000015
16838  -37.562  -62.226  -16.639 0.1000000015
16852  -34.850  -62.135  -18.008 0.1000000015
16871  -34.720  -62.415  -18.772 0.1000000015
16888  -34.974  -63.148  -19.117 0.1000000015
16902  -50.102  -62.894  -20.021 0.3000000119
16916  -48.002  -61.994  -21.838 0.4000000060
16941  -32.563  -62.396  -23.282 0.1000000015
16942  -45.576  -61.746  -23.668 0.2000000030
16945  -46.818  -62.074  -23.130 0.4000000060
16964  -39.362  -62.452  -26.206 0.1000000015
16971  -37.906  -62.499  -27.109 0.1000000015
16981  -37.883  -62.710  -27.699 0.1000000015
16982  -38.410  -62.761  -27.505 0.1000000015
17407  -38.622  -61.472  2.410 0.1000000015
17447  -38.303  -61.745  -0.358 0.1000000015
17499  -51.192  -62.139  -6.044 0.1000000015
17512  -52.461  -61.738  -6.611 0.1000000015
17513  -53.358  -61.773  -6.998 0.1000000015
17545  -48.734  -61.038  -8.624 0.3000000119
17547  -50.604  -61.159  -8.185 0.2000000030
17548  -52.829  -61.408  -7.802 0.2000000030
17560  -51.704  -61.535  -9.466 0.2000000030
17600  -52.614  -61.241  -13.441 0.1000000015
17633  -35.433  -61.224  -16.838 0.1000000015
17634  -35.897  -61.098  -16.479 0.1000000015
17635  -37.038  -61.560  -16.413 0.1000000015
17644  -35.149  -61.673  -17.344 0.1000000015
17708  -46.407  -60.983  -23.310 0.4000000060
17730  -45.414  -60.672  -23.897 0.3000000119
17731  -45.581  -60.712  -23.864 0.3000000119
18179  -38.174  -60.940  2.287 0.1000000015
18203  -37.434  -60.445  0.315 0.1000000015
18242  -38.913  -60.474  -2.335 0.3000000119
18252  -40.938  -60.930  -3.268 0.3000000119
18254  -42.317  -60.104  -3.334 0.3000000119
18255  -43.413  -60.328  -3.811 0.2000000030
18278  -46.958  -60.258  -5.276 0.1000000015
18279  -47.736  -60.564  -5.619 0.1000000015
18309  -43.286  -60.149  -7.733 0.4000000060
18315  -50.349  -60.712  -7.126 0.2000000030
18332  -43.684  -60.788  -8.349 0.4000000060
18348  -41.935  -61.077  -9.566 0.5000000000
18361  -45.843  -60.271  -12.209 0.5000000000
18387  -45.579  -59.881  -14.996 0.6000000238
18389  -51.997  -60.819  -14.238 0.4000000060
18390  -52.476  -61.078  -13.841 0.4000000060
18402  -44.064  -60.478  -15.529 0.5000000000
18440  -46.763  -60.489  -17.203 0.6000000238
18442  -49.260  -60.327  -17.740 0.3000000119
18443  -50.460  -61.503  -17.793 0.5000000000
18456  -43.852  -60.260  -17.905 0.4000000060
18486  -45.085  -59.933  -21.109 0.4000000060
18501  -46.493  -60.826  -22.320 0.4000000060
18514  -45.611  -60.116  -23.625 0.3000000119
18987  -37.398  -59.331  4.264 0.1000000015
19002  -36.822  -58.998  3.052 0.1000000015
19020  -37.038  -59.731  1.613 0.1000000015
19033  -36.612  -59.104  1.080 0.1000000015
19042  -37.196  -59.772  -0.209 0.1000000015
19076  -38.677  -59.861  -2.119 0.3000000119
19095  -43.300  -59.794  -3.685 0.3000000119
19111  -44.701  -59.711  -4.659 0.2000000030
19113  -46.852  -59.957  -5.294 0.2000000030
19138  -41.585  -59.843  -7.480 0.4000000060
19140  -43.876  -59.626  -7.169 0.3000000119
19142  -45.499  -59.789  -6.881 0.2000000030
19156  -40.151  -59.813  -8.600 0.5000000000
19168  -40.790  -59.200  -10.212 0.5000000000
19175  -44.645  -59.158  -11.951 0.5000000000
19182  -46.292  -59.480  -12.767 0.4000000060
19204  -41.265  -59.320  -14.510 0.5000000000
19220  -42.142  -59.958  -15.550 0.5000000000
19221  -47.135  -59.581  -15.233 0.6000000238
19296  -35.241  -59.219  -21.377 0.1000000015
19309  -44.661  -59.362  -23.537 0.3000000119
19831  -36.291  -58.316  1.470 0.2000000030
19853  -36.774  -58.466  -0.276 0.3000000119
19854  -37.259  -58.484  -0.793 0.3000000119
19863  -39.510  -58.060  -1.541 0.3000000119
19907  -41.970  -58.524  -4.783 0.3000000119
19920  -43.283  -59.298  -4.679 0.2000000030
19943  -39.278  -58.660  -7.500 0.5000000000
19962  -39.211  -58.611  -8.549 0.5000000000
19982  -41.529  -58.305  -10.645 0.5000000000
19998  -44.395  -58.575  -12.293 0.5000000000
20054  -42.513  -58.576  -17.618 0.4000000060
20076  -34.444  -58.409  -19.433 0.1000000015
20120  -35.815  -58.445  -23.178 0.1000000015
20121  -44.214  -59.107  -23.515 0.3000000119
20655  -35.756  -57.058  2.513 0.2000000030
20672  -35.771  -57.170  1.614 0.3000000119
20682  -35.821  -56.889  0.937 0.3000000119
20683  -36.248  -56.932  0.365 0.3000000119
20698  -38.212  -57.303  -0.841 0.3000000119
20715  -37.883  -58.181  -1.189 0.3000000119
20730  -39.884  -57.258  -1.876 0.3000000119
20770  -40.414  -57.165  -5.370 0.3000000119
20771  -41.393  -57.947  -5.256 0.3000000119
20808  -38.769  -57.754  -8.717 0.5000000000
20831  -41.214  -56.763  -11.321 0.4000000060
20884  -40.351  -57.368  -15.677 0.3000000119
20909  -34.159  -57.276  -18.427 0.1000000015
20923  -43.349  -56.858  -20.242 0.1000000015
20945  -34.728  -57.611  -20.849 0.1000000015
20955  -43.109  -57.668  -22.121 0.1000000015
20957  -43.984  -58.294  -22.740 0.2000000030
21470  -35.912  -56.881  3.381 0.1000000015
21502  -35.987  -56.252  0.738 0.3000000119
21516  -38.436  -56.555  -0.629 0.3000000119
21541  -39.436  -56.627  -2.240 0.3000000119
21596  -38.141  -56.293  -6.563 0.5000000000
21629  -38.026  -56.414  -8.468 0.3000000119
21637  -39.758  -56.190  -9.782 0.3000000119
21770  -34.726  -56.997  -21.153 0.1000000015
21778  -36.571  -57.140  -23.337 0.1000000015
21795  -37.487  -56.129  -25.733 0.1000000015
22256  -35.807  -55.300  4.243 0.1000000015
22300  -36.303  -55.610  0.641 0.3000000119
22302  -37.614  -55.533  -0.067 0.3000000119
22362  -38.970  -55.730  -5.088 0.4000000060
22365  -37.523  -54.965  -6.966 0.2000000030
22393  -37.840  -54.932  -8.495 0.3000000119
22513  -33.500  -55.151  -19.734 0.1000000015
22556  -36.937  -55.725  -24.351 0.1000000015
22563  -37.562  -55.550  -26.134 0.1000000015
23023  -36.666  -54.825  5.192 0.1000000015
23025  -37.945  -54.317  5.607 0.1000000015
23036  -35.709  -54.503  3.949 0.2000000030
23058  -35.552  -54.537  2.230 0.3000000119
23067  -35.797  -54.668  1.473 0.3000000119
23088  -38.229  -54.997  -0.839 0.3000000119
23123  -38.513  -54.588  -4.854 0.4000000060
23133  -37.495  -54.480  -7.431 0.3000000119
23174  -39.298  -54.712  -10.062 0.3000000119
23205  -37.315  -54.271  -12.758 0.1000000015
23217  -39.117  -54.493  -15.596 0.1000000015
23279  -33.538  -54.686  -20.266 0.1000000015
23745  -37.635  -53.581  5.270 0.1000000015
23758  -37.368  -52.982  4.957 0.2000000030
23759  -39.035  -52.981  5.055 0.1000000015
23770  -35.845  -53.696  3.517 0.3000000119
23772  -42.245  -52.852  3.782 0.1000000015
23781  -36.088  -52.937  2.961 0.3000000119
23784  -45.080  -53.219  2.472 0.1000000015
23792  -35.840  -53.920  1.758 0.3000000119
23795  -46.333  -53.334  1.320 0.1000000015
23812  -37.480  -53.072  -0.441 0.3000000119
23828  -37.657  -53.507  -2.099 0.3000000119
23872  -37.658  -53.435  -8.182 0.3000000119
24518  -38.094  -52.876  5.121 0.1000000015
24552  -36.373  -52.227  2.448 0.3000000119
24553  -43.047  -51.956  2.839 0.1000000015
24587  -37.514  -52.418  -1.028 0.3000000119
24704  -38.097  -52.345  -11.500 0.1000000015
24730  -37.380  -51.941  -13.796 0.1000000015
24832  -33.483  -52.462  -20.164 0.1000000015
24840  -33.631  -52.799  -20.852 0.1000000015
24841  -34.017  -52.688  -21.643 0.1000000015
25417  -37.452  -51.356  4.145 0.2000000030
25418  -38.220  -51.398  4.447 0.2000000030
25432  -37.451  -50.824  3.641 0.2000000030
25434  -40.636  -51.333  3.805 0.1000000015
25445  -36.836  -50.890  2.023 0.3000000119
25449  -43.443  -51.616  2.334 0.1000000015
25458  -43.913  -51.182  1.696 0.1000000015
25467  -36.815  -51.379  0.762 0.3000000119
25469  -45.904  -51.727  0.753 0.1000000015
25496  -37.711  -51.780  -1.531 0.3000000119
25535  -38.403  -51.624  -4.275 0.2000000030
25536  -44.354  -51.385  -4.520 0.1000000015
25543  -45.266  -52.031  -5.024 0.1000000015
25547  -44.769  -51.963  -6.089 0.1000000015
25604  -38.616  -51.505  -11.170 0.1000000015
25765  -34.362  -50.715  -23.456 0.1000000015
26321  -37.988  -50.700  4.020 0.2000000030
26341  -38.565  -50.225  3.627 0.2000000030
26343  -40.302  -50.603  3.535 0.2000000030
26344  -41.168  -50.856  3.317 0.1000000015
26356  -41.612  -50.428  2.709 0.1000000015
26370  -37.195  -50.235  1.430 0.3000000119
26372  -43.511  -50.437  1.547 0.1000000015
26382  -37.188  -50.537  0.517 0.3000000119
26383  -44.576  -50.278  0.838 0.1000000015
26416  -38.451  -50.435  -1.732 0.3000000119
26500  -43.792  -51.213  -4.571 0.1000000015
26562  -40.113  -51.069  -11.959 0.1000000015
26726  -33.961  -50.448  -22.684 0.1000000015
27321  -39.151  -49.858  3.287 0.2000000030
27334  -37.801  -49.614  2.486 0.2000000030
27336  -39.360  -49.330  2.666 0.2000000030
27339  -42.034  -49.953  2.138 0.1000000015
27351  -37.593  -49.520  1.674 0.2000000030
27354  -42.422  -49.470  1.560 0.1000000015
27372  -45.106  -49.806  0.317 0.2000000030
27385  -37.595  -49.784  -0.126 0.2000000030
27386  -38.094  -49.199  -0.628 0.3000000119
27387  -44.762  -48.971  -0.035 0.3000000119
27390  -47.125  -49.635  -0.823 0.1000000015
27402  -39.060  -49.798  -1.901 0.3000000119
27510  -50.059  -48.794  -7.844 0.1000000015
27518  -44.561  -48.421  -8.009 0.1000000015
27706  -33.431  -49.930  -20.630 0.1000000015
28295  -39.184  -48.702  1.980 0.2000000030
28296  -39.978  -48.868  2.096 0.2000000030
28306  -38.527  -48.685  1.571 0.2000000030
28307  -39.207  -48.369  1.276 0.2000000030
28308  -40.392  -48.508  1.504 0.2000000030
28319  -38.677  -48.377  0.844 0.2000000030
28321  -40.693  -48.045  0.863 0.2000000030
28323  -42.373  -48.263  0.550 0.2000000030
28338  -39.225  -48.003  -0.654 0.3000000119
28339  -42.687  -47.869  -0.146 0.3000000119
28355  -40.365  -47.818  -1.595 0.2000000030
28356  -44.589  -47.822  -1.272 0.2000000030
28359  -47.143  -48.450  -1.924 0.1000000015
28415  -45.162  -48.361  -4.908 0.1000000015
28444  -48.015  -48.472  -6.649 0.1000000015
28497  -39.361  -48.716  -9.207 0.1000000015
28690  -33.569  -48.496  -22.791 0.1000000015
29238  -38.877  -48.067  0.151 0.2000000030
29240  -40.997  -47.588  0.126 0.3000000119
29269  -39.769  -47.868  -1.249 0.3000000119
29273  -44.057  -47.458  -1.846 0.1000000015
29274  -45.219  -47.534  -2.306 0.1000000015
29285  -40.881  -47.923  -2.081 0.2000000030
29306  -44.653  -47.509  -3.548 0.1000000015
29327  -44.851  -47.779  -4.296 0.1000000015
29348  -47.729  -47.693  -5.552 0.1000000015
29356  -48.139  -47.879  -6.183 0.1000000015
29388  -44.246  -47.697  -8.588 0.1000000015
29395  -41.667  -47.531  -9.141 0.1000000015
29411  -43.024  -47.757  -10.045 0.1000000015
29561  -33.070  -47.652  -21.465 0.1000000015
30422  -32.548  -46.658  -19.941 0.1000000015
33123  -32.746  -43.925  -19.196 0.1000000015
33134  -32.724  -44.111  -19.935 0.1000000015
110957  -38.295  -53.809  -5.171 0.3000000119
112233  -34.544  -61.077  -18.670 0.1000000015
112830  -35.764  -63.901  -21.591 0.1000000015
112862  -38.113  -57.064  -8.150 0.4000000060
113056  -45.207  -59.931  -4.495 0.2000000030
113740  -43.767  -60.425  -23.014 0.1000000015
113964  -52.809  -61.548  -9.467 0.2000000030
114215  -38.162  -54.928  -1.464 0.3000000119
114820  -38.520  -50.931  -7.490 0.2000000030
114956  -36.207  -57.648  3.012 0.1000000015
115255  -42.519  -64.915  -7.540 0.1000000015
115374  -38.656  -62.420  -0.607 0.1000000015
115453  -36.282  -56.774  4.274 0.1000000015
116427  -35.424  -55.250  2.601 0.2000000030
117003  -39.363  -65.063  -21.168 0.1000000015
118184  -52.866  -61.281  -12.388 0.1000000015
118562  -36.742  -56.400  -23.840 0.1000000015
119047  -37.109  -59.083  -0.597 0.3000000119
119177  -41.202  -66.821  -27.518 0.1000000015
119249  -40.781  -58.894  -2.381 0.3000000119
119267  -34.474  -59.308  -17.963 0.1000000015
119387  -46.223  -61.682  -10.247 0.5000000000
119535  -36.555  -54.178  4.934 0.2000000030
120768  -42.172  -58.814  -3.744 0.3000000119
120831  -34.530  -53.041  -22.419 0.1000000015
121539  -44.204  -60.163  -7.770 0.3000000119
122388  -36.838  -53.781  0.640 0.3000000119
122467  -45.772  -51.922  -5.270 0.1000000015
123700  -36.559  -51.636  2.060 0.3000000119
124204  -42.574  -65.613  -7.443 0.1000000015
124296  -43.515  -67.351  -11.634 0.1000000015
124781  -37.210  -56.406  -24.514 0.1000000015
124836  -41.770  -60.847  -8.737 0.5000000000
124992  -46.263  -61.767  -5.178 0.1000000015
125345  -35.570  -56.535  2.075 0.2000000030
125928  -47.248  -60.290  -7.403 0.3000000119
126581  -37.852  -60.269  -1.335 0.2000000030
126731  -40.710  -57.322  -12.231 0.4000000060
127048  -50.260  -62.849  -18.591 0.3000000119
127376  -39.885  -48.274  -1.698 0.3000000119
127477  -41.028  -60.017  -10.057 0.5000000000
127964  -43.034  -64.196  -8.920 0.1000000015
128058  -42.293  -61.598  -3.643 0.2000000030
128301  -40.103  -55.900  -11.168 0.3000000119
128547  -42.656  -60.311  -7.838 0.4000000060
128659  -49.124  -59.420  -15.091 0.5000000000
128662  -43.465  -64.830  -21.496 0.1000000015
128764  -42.215  -47.553  -0.648 0.2000000030
128934  -39.006  -49.076  -1.563 0.3000000119
129889  -42.668  -64.890  -5.491 0.1000000015
130125  -36.198  -54.117  1.172 0.3000000119
130386  -41.183  -66.907  -25.610 0.2000000030
130388  -45.380  -60.449  -8.162 0.3000000119
130720  -38.350  -48.520  0.405 0.2000000030
131195  -43.849  -66.661  -19.441 0.1000000015
131264  -36.569  -51.978  1.014 0.3000000119
131278  -50.395  -60.883  -7.670 0.2000000030
131981  -37.499  -50.144  2.755 0.2000000030
132265  -45.301  -60.762  -17.933 0.4000000060
132632  -38.527  -51.407  -3.178 0.3000000119
132860  -35.401  -53.947  -23.273 0.1000000015
133251  -37.119  -57.124  -25.056 0.1000000015
133706  -34.486  -58.951  -19.123 0.1000000015
133858  -32.315  -60.529  -22.510 0.1000000015
133892  -40.294  -57.224  -4.639 0.3000000119
133918  -43.418  -60.623  -22.348 0.1000000015
133928  -50.258  -62.100  -15.829 0.1000000015
