#!ascii label  , from subject sub-v1s12x0050128_ses-1 vox2ras=TkReg
539
126017  -49.179  -61.786  -20.667 0.0000000000
16889  -41.876  -62.575  -19.597 0.0000000000
18419  -43.603  -60.500  -16.217 0.0000000000
17720  -45.451  -61.054  -23.884 0.0000000000
21735  -42.786  -55.838  -19.119 0.0000000000
19196  -49.599  -59.614  -14.039 0.0000000000
19983  -42.188  -58.518  -10.878 0.0000000000
21575  -39.268  -56.203  -4.559 0.0000000000
20021  -40.317  -58.627  -14.232 0.0000000000
20066  -42.901  -58.214  -18.312 0.0000000000
21711  -40.562  -56.471  -16.207 0.0000000000
129715  -45.631  -59.255  -12.585 0.0000000000
17553  -43.564  -61.533  -9.912 0.0000000000
24608  -37.992  -52.258  -2.675 0.0000000000
23128  -38.212  -54.534  -5.543 0.0000000000
14445  -47.594  -65.317  -22.698 0.0000000000
16914  -43.947  -62.788  -21.609 0.0000000000
13626  -44.392  -66.291  -23.569 0.0000000000
13610  -41.855  -66.382  -22.061 0.0000000000
18459  -46.471  -60.826  -18.723 0.0000000000
17709  -46.997  -61.668  -22.598 0.0000000000
20950  -43.860  -57.921  -22.077 0.0000000000
128551  -42.591  -58.601  -21.825 0.0000000000
129368  -46.363  -59.721  -15.138 0.0000000000
19190  -43.555  -58.588  -13.154 0.0000000000
21658  -40.664  -56.295  -11.116 0.0000000000
19946  -42.111  -59.045  -6.978 0.0000000000
19136  -39.701  -59.379  -8.029 0.0000000000
21636  -38.751  -56.097  -9.264 0.0000000000
23894  -38.393  -53.096  -9.423 0.0000000000
14474  -45.884  -65.683  -24.692 0.0000000000
123584  -38.795  -59.024  -17.313 0.0000000000
130981  -40.015  -63.260  -18.180 0.0000000000
15310  -38.447  -64.407  -22.236 0.0000000000
20836  -38.935  -57.148  -12.949 0.0000000000
20883  -39.633  -57.175  -15.089 0.0000000000
126808  -48.483  -64.350  -21.685 0.0000000000
16901  -43.217  -62.874  -20.771 0.0000000000
15273  -43.270  -64.301  -21.088 0.0000000000
15272  -42.562  -64.346  -20.542 0.0000000000
13609  -40.996  -66.393  -22.071 0.0000000000
15271  -41.294  -64.789  -20.206 0.0000000000
18438  -44.654  -60.626  -17.352 0.0000000000
18457  -44.607  -60.486  -18.482 0.0000000000
20910  -42.893  -57.295  -18.593 0.0000000000
20079  -43.512  -57.812  -19.686 0.0000000000
20935  -43.330  -56.903  -21.133 0.0000000000
20113  -43.135  -58.391  -22.482 0.0000000000
21773  -43.009  -56.609  -21.289 0.0000000000
128389  -48.070  -59.667  -16.081 0.0000000000
19209  -47.744  -59.443  -14.453 0.0000000000
19174  -44.110  -59.053  -11.665 0.0000000000
20012  -44.809  -58.697  -12.780 0.0000000000
19988  -43.329  -57.810  -11.907 0.0000000000
20839  -42.249  -57.322  -11.966 0.0000000000
20826  -41.481  -57.284  -10.805 0.0000000000
20781  -41.201  -57.866  -6.081 0.0000000000
19945  -41.087  -59.099  -7.043 0.0000000000
20779  -39.302  -57.433  -6.355 0.0000000000
23857  -37.832  -52.967  -6.354 0.0000000000
22373  -37.626  -55.736  -7.209 0.0000000000
23862  -37.532  -53.825  -7.518 0.0000000000
22404  -38.654  -54.904  -9.367 0.0000000000
17722  -46.026  -61.049  -23.799 0.0000000000
123764  -46.569  -63.317  -23.757 0.0000000000
16184  -46.054  -63.948  -24.186 0.0000000000
12868  -44.081  -68.018  -24.863 0.0000000000
19237  -38.075  -58.839  -16.811 0.0000000000
131544  -39.308  -60.896  -17.661 0.0000000000
15244  -37.666  -64.435  -19.696 0.0000000000
19219  -41.375  -59.379  -15.288 0.0000000000
19254  -42.617  -59.442  -17.216 0.0000000000
20028  -41.064  -58.688  -15.804 0.0000000000
20893  -41.432  -57.169  -16.791 0.0000000000
21723  -41.868  -56.425  -17.488 0.0000000000
131539  -47.839  -59.782  -13.214 0.0000000000
17578  -44.536  -61.167  -11.240 0.0000000000
18353  -42.619  -60.678  -10.700 0.0000000000
23112  -38.266  -54.344  -3.477 0.0000000000
112121  -38.577  -55.187  -5.253 0.0000000000
24631  -38.335  -52.484  -4.037 0.0000000000
24636  -38.354  -52.272  -4.866 0.0000000000
26497  -38.681  -50.779  -5.417 0.0000000000
16929  -44.886  -61.836  -23.112 0.0000000000
15313  -45.659  -63.799  -23.714 0.0000000000
16146  -44.366  -63.575  -21.956 0.0000000000
14443  -43.802  -65.888  -22.523 0.0000000000
12850  -41.454  -67.549  -24.094 0.0000000000
13637  -40.856  -66.828  -23.577 0.0000000000
13636  -40.395  -65.942  -23.425 0.0000000000
15328  -40.320  -64.356  -24.361 0.0000000000
126732  -47.878  -60.868  -19.434 0.0000000000
17682  -48.268  -61.674  -21.245 0.0000000000
116655  -46.031  -60.543  -22.089 0.0000000000
19310  -45.299  -59.660  -23.384 0.0000000000
130124  -43.922  -59.233  -19.318 0.0000000000
19287  -44.720  -59.092  -21.878 0.0000000000
18524  -44.519  -59.653  -23.690 0.0000000000
18512  -43.870  -59.667  -23.467 0.0000000000
18485  -42.586  -60.085  -21.555 0.0000000000
18484  -42.001  -60.121  -20.694 0.0000000000
18441  -47.690  -60.388  -17.674 0.0000000000
18422  -46.209  -60.403  -16.460 0.0000000000
18403  -44.968  -60.419  -15.629 0.0000000000
119398  -45.977  -59.184  -13.619 0.0000000000
19207  -44.578  -59.390  -14.040 0.0000000000
18384  -42.818  -60.080  -14.588 0.0000000000
19189  -41.780  -59.143  -13.743 0.0000000000
20850  -40.134  -57.924  -12.947 0.0000000000
21657  -39.322  -55.948  -11.559 0.0000000000
18308  -42.694  -60.809  -8.366 0.0000000000
133784  -41.212  -60.572  -8.739 0.0000000000
122097  -40.464  -59.780  -9.456 0.0000000000
20778  -38.482  -57.159  -6.775 0.0000000000
20807  -38.406  -57.520  -8.245 0.0000000000
19972  -40.029  -57.939  -9.875 0.0000000000
21638  -40.311  -56.336  -10.189 0.0000000000
22409  -39.777  -55.370  -10.452 0.0000000000
16165  -47.384  -63.462  -23.073 0.0000000000
119511  -46.640  -65.840  -23.989 0.0000000000
14455  -45.201  -65.830  -24.194 0.0000000000
12869  -44.737  -67.573  -24.757 0.0000000000
21760  -42.209  -56.301  -20.872 0.0000000000
19274  -41.505  -58.917  -20.128 0.0000000000
17670  -40.990  -60.930  -19.227 0.0000000000
17656  -40.379  -61.586  -18.375 0.0000000000
16093  -41.344  -62.921  -19.083 0.0000000000
15247  -40.313  -64.389  -19.412 0.0000000000
15292  -39.072  -64.826  -22.063 0.0000000000
21666  -38.441  -56.507  -13.060 0.0000000000
20866  -38.803  -57.040  -13.733 0.0000000000
16147  -48.918  -63.876  -21.341 0.0000000000
126143  -48.871  -62.206  -21.188 0.0000000000
16900  -42.466  -62.694  -20.101 0.0000000000
16131  -43.097  -63.729  -20.714 0.0000000000
15249  -42.166  -64.038  -20.003 0.0000000000
114663  -41.909  -64.510  -20.235 0.0000000000
16114  -41.897  -63.438  -19.656 0.0000000000
18437  -43.724  -60.427  -17.012 0.0000000000
127157  -42.948  -56.556  -18.984 0.0000000000
20911  -43.212  -57.041  -19.330 0.0000000000
21748  -43.065  -56.153  -19.796 0.0000000000
129683  -42.872  -55.746  -20.183 0.0000000000
19197  -50.544  -59.863  -14.361 0.0000000000
19211  -49.772  -59.509  -14.749 0.0000000000
118559  -48.469  -59.455  -15.008 0.0000000000
19210  -48.866  -59.456  -14.476 0.0000000000
18359  -43.305  -59.740  -11.345 0.0000000000
124990  -43.737  -58.392  -11.744 0.0000000000
19987  -42.931  -58.245  -11.387 0.0000000000
20833  -42.645  -57.553  -11.737 0.0000000000
20827  -42.198  -57.679  -11.150 0.0000000000
22343  -38.835  -55.884  -3.829 0.0000000000
21561  -39.257  -56.523  -3.436 0.0000000000
21576  -39.750  -57.028  -4.091 0.0000000000
125423  -40.902  -57.500  -5.633 0.0000000000
21589  -39.925  -56.694  -5.018 0.0000000000
20780  -40.359  -57.522  -6.100 0.0000000000
20769  -39.804  -56.876  -5.697 0.0000000000
24640  -38.133  -52.244  -6.238 0.0000000000
127424  -37.655  -53.404  -6.906 0.0000000000
23863  -37.633  -53.121  -7.592 0.0000000000
25545  -38.356  -51.611  -6.860 0.0000000000
17721  -45.672  -61.136  -23.856 0.0000000000
16943  -45.824  -61.882  -23.735 0.0000000000
113920  -45.921  -62.801  -23.832 0.0000000000
16856  -38.452  -62.136  -16.903 0.0000000000
15223  -38.142  -64.268  -18.727 0.0000000000
16089  -37.529  -63.855  -18.099 0.0000000000
20027  -40.675  -58.887  -14.897 0.0000000000
19238  -41.642  -59.234  -16.175 0.0000000000
21694  -40.034  -56.643  -15.659 0.0000000000
20885  -40.953  -57.792  -16.144 0.0000000000
20892  -40.883  -57.022  -16.350 0.0000000000
21712  -41.213  -56.359  -16.803 0.0000000000
18354  -43.514  -61.087  -10.969 0.0000000000
17565  -42.871  -61.259  -10.310 0.0000000000
23829  -37.979  -53.561  -2.959 0.0000000000
132191  -37.808  -52.940  -2.608 0.0000000000
23840  -38.283  -53.367  -3.794 0.0000000000
24621  -38.104  -52.742  -3.256 0.0000000000
25541  -38.428  -51.479  -5.104 0.0000000000
12835  -46.343  -67.304  -23.162 0.0000000000
16928  -44.156  -61.940  -22.275 0.0000000000
16915  -44.630  -62.731  -22.450 0.0000000000
14406  -42.802  -64.991  -21.140 0.0000000000
14424  -43.247  -65.481  -21.745 0.0000000000
14442  -42.892  -66.249  -22.181 0.0000000000
12833  -41.607  -67.326  -23.329 0.0000000000
14421  -40.379  -65.986  -21.792 0.0000000000
13622  -40.577  -66.360  -22.660 0.0000000000
14441  -40.005  -65.722  -22.635 0.0000000000
126721  -40.474  -65.217  -24.155 0.0000000000
14454  -40.012  -65.109  -23.487 0.0000000000
18489  -47.457  -61.131  -20.358 0.0000000000
18500  -45.925  -60.201  -22.941 0.0000000000
19299  -45.432  -59.816  -22.276 0.0000000000
20055  -42.995  -59.116  -17.952 0.0000000000
114607  -43.465  -59.612  -18.173 0.0000000000
19266  -43.456  -58.789  -18.819 0.0000000000
126930  -43.855  -58.195  -20.305 0.0000000000
20106  -44.309  -58.473  -22.431 0.0000000000
19298  -44.793  -59.091  -22.913 0.0000000000
20115  -44.288  -58.756  -23.170 0.0000000000
19308  -43.961  -59.164  -23.552 0.0000000000
20105  -42.657  -57.749  -21.744 0.0000000000
19297  -42.826  -59.202  -22.245 0.0000000000
19286  -42.326  -59.315  -21.320 0.0000000000
19241  -47.404  -59.790  -15.946 0.0000000000
127982  -46.967  -60.164  -16.411 0.0000000000
117192  -46.652  -59.978  -15.816 0.0000000000
18404  -45.850  -60.231  -15.733 0.0000000000
19183  -47.086  -59.666  -13.004 0.0000000000
19193  -46.497  -59.378  -13.310 0.0000000000
20011  -44.072  -58.414  -12.571 0.0000000000
19192  -45.211  -58.917  -13.422 0.0000000000
19191  -44.399  -58.744  -13.275 0.0000000000
19206  -43.640  -59.459  -13.875 0.0000000000
122260  -42.685  -59.383  -13.788 0.0000000000
20010  -42.679  -58.494  -13.124 0.0000000000
20838  -41.458  -57.080  -11.793 0.0000000000
19995  -41.299  -57.760  -12.548 0.0000000000
21663  -40.731  -56.790  -11.670 0.0000000000
20837  -39.725  -57.245  -12.419 0.0000000000
21662  -39.917  -56.485  -11.649 0.0000000000
19139  -42.592  -59.764  -7.432 0.0000000000
19137  -40.562  -59.845  -7.782 0.0000000000
18307  -41.277  -60.402  -8.164 0.0000000000
18331  -40.714  -60.283  -8.699 0.0000000000
18347  -41.200  -60.515  -9.410 0.0000000000
19155  -39.739  -59.308  -8.998 0.0000000000
21587  -38.563  -55.834  -5.726 0.0000000000
129834  -38.198  -55.150  -5.803 0.0000000000
21608  -37.639  -55.781  -8.072 0.0000000000
21609  -37.887  -56.629  -7.536 0.0000000000
20813  -38.436  -57.027  -8.741 0.0000000000
19971  -39.335  -57.889  -9.341 0.0000000000
20814  -39.042  -57.060  -9.340 0.0000000000
20815  -39.867  -57.036  -9.849 0.0000000000
23153  -38.101  -53.926  -8.871 0.0000000000
22405  -39.566  -55.433  -9.873 0.0000000000
23173  -38.753  -53.959  -9.735 0.0000000000
23182  -39.273  -54.844  -10.701 0.0000000000
119612  -47.439  -61.571  -21.853 0.0000000000
16930  -47.517  -62.583  -22.498 0.0000000000
16185  -46.281  -64.107  -24.211 0.0000000000
15331  -46.465  -64.751  -24.345 0.0000000000
14457  -46.308  -65.350  -24.509 0.0000000000
12854  -46.026  -66.934  -24.241 0.0000000000
12871  -45.596  -66.458  -24.712 0.0000000000
14444  -44.651  -65.428  -23.047 0.0000000000
15329  -45.430  -64.910  -23.812 0.0000000000
12109  -43.300  -68.640  -24.939 0.0000000000
13657  -44.621  -67.352  -24.720 0.0000000000
22527  -42.275  -55.529  -20.452 0.0000000000
20077  -41.032  -58.303  -19.564 0.0000000000
18470  -41.394  -59.958  -19.908 0.0000000000
18469  -40.855  -60.042  -19.242 0.0000000000
17655  -39.875  -62.232  -17.825 0.0000000000
18454  -39.799  -60.752  -18.160 0.0000000000
16873  -40.273  -62.636  -18.159 0.0000000000
16874  -40.882  -62.346  -18.661 0.0000000000
16092  -40.629  -63.198  -18.582 0.0000000000
16113  -40.999  -63.815  -19.216 0.0000000000
15225  -40.035  -63.846  -18.679 0.0000000000
112606  -38.691  -64.716  -21.298 0.0000000000
15269  -39.099  -64.782  -20.445 0.0000000000
20007  -39.815  -58.219  -13.855 0.0000000000
20868  -39.980  -58.131  -14.820 0.0000000000
20867  -39.363  -57.556  -14.277 0.0000000000
21676  -39.020  -56.711  -14.618 0.0000000000
21693  -39.475  -56.300  -15.362 0.0000000000
25509  -38.368  -51.536  -2.642 0.0000000000
26434  -39.026  -50.506  -2.360 0.0000000000
15314  -47.906  -64.357  -22.507 0.0000000000
17681  -43.493  -61.942  -21.473 0.0000000000
16145  -43.673  -63.605  -21.229 0.0000000000
14423  -42.333  -65.713  -21.493 0.0000000000
14405  -41.881  -65.163  -20.749 0.0000000000
14404  -40.934  -65.391  -20.746 0.0000000000
132947  -40.656  -65.688  -21.241 0.0000000000
114637  -46.092  -60.818  -17.961 0.0000000000
18458  -45.532  -60.807  -18.660 0.0000000000
113765  -45.026  -60.557  -19.413 0.0000000000
19267  -44.381  -59.880  -19.349 0.0000000000
20902  -42.504  -57.678  -17.892 0.0000000000
131183  -43.232  -57.801  -18.913 0.0000000000
20093  -43.645  -57.527  -20.724 0.0000000000
20936  -43.645  -57.542  -21.454 0.0000000000
20956  -43.545  -58.060  -22.411 0.0000000000
20949  -43.303  -57.397  -21.774 0.0000000000
20948  -42.906  -57.080  -21.659 0.0000000000
19222  -47.912  -59.549  -15.396 0.0000000000
132877  -46.846  -59.449  -14.611 0.0000000000
19176  -45.239  -59.492  -12.262 0.0000000000
19181  -45.058  -58.886  -12.488 0.0000000000
133935  -44.179  -58.516  -11.950 0.0000000000
19989  -43.854  -58.197  -12.109 0.0000000000
19997  -43.344  -57.979  -12.382 0.0000000000
19996  -42.413  -57.831  -12.546 0.0000000000
20840  -42.910  -57.545  -12.040 0.0000000000
20832  -41.764  -57.222  -11.423 0.0000000000
21646  -41.156  -56.662  -10.952 0.0000000000
19931  -41.601  -58.472  -6.503 0.0000000000
19930  -40.647  -58.363  -6.584 0.0000000000
19944  -40.050  -59.061  -7.181 0.0000000000
19929  -39.629  -58.266  -6.729 0.0000000000
23855  -37.829  -53.788  -6.064 0.0000000000
23131  -37.811  -54.693  -6.259 0.0000000000
23130  -37.577  -54.208  -6.842 0.0000000000
22372  -37.506  -55.052  -7.724 0.0000000000
124236  -38.123  -55.629  -8.747 0.0000000000
23152  -37.569  -54.280  -8.073 0.0000000000
120920  -37.981  -53.034  -8.718 0.0000000000
17723  -46.462  -61.510  -23.366 0.0000000000
16186  -46.866  -62.702  -23.283 0.0000000000
16944  -46.180  -62.058  -23.669 0.0000000000
114013  -46.041  -63.072  -23.888 0.0000000000
15346  -46.077  -64.818  -24.571 0.0000000000
13639  -44.126  -67.071  -24.088 0.0000000000
18418  -38.032  -60.704  -16.670 0.0000000000
18436  -38.770  -60.574  -17.233 0.0000000000
19252  -38.954  -59.740  -17.428 0.0000000000
17646  -38.989  -61.466  -17.288 0.0000000000
16857  -39.270  -62.264  -17.408 0.0000000000
16091  -39.379  -63.524  -18.021 0.0000000000
133967  -39.613  -64.352  -19.166 0.0000000000
15245  -38.815  -64.519  -19.517 0.0000000000
15268  -38.272  -64.614  -20.486 0.0000000000
131392  -42.552  -60.181  -16.067 0.0000000000
19240  -42.948  -60.217  -16.607 0.0000000000
19239  -42.271  -59.702  -16.466 0.0000000000
20042  -42.094  -58.876  -16.931 0.0000000000
20053  -42.132  -58.121  -17.302 0.0000000000
116656  -40.540  -58.257  -15.464 0.0000000000
20041  -41.593  -58.188  -16.658 0.0000000000
20901  -42.020  -57.351  -17.375 0.0000000000
21724  -42.516  -56.642  -18.234 0.0000000000
22494  -42.343  -55.499  -18.417 0.0000000000
19195  -48.488  -59.610  -13.703 0.0000000000
18366  -46.811  -60.291  -12.484 0.0000000000
17579  -45.482  -61.213  -11.464 0.0000000000
116884  -44.980  -60.393  -11.807 0.0000000000
18360  -44.143  -60.261  -11.572 0.0000000000
19170  -42.367  -59.549  -10.877 0.0000000000
125157  -38.297  -55.092  -2.883 0.0000000000
22342  -38.497  -55.249  -3.644 0.0000000000
22354  -38.713  -55.373  -4.522 0.0000000000
119614  -38.474  -54.711  -4.194 0.0000000000
112356  -38.398  -53.984  -4.364 0.0000000000
115235  -38.337  -53.129  -4.632 0.0000000000
25523  -38.313  -51.864  -3.399 0.0000000000
119050  -38.109  -52.898  -5.549 0.0000000000
133700  -38.298  -52.070  -5.556 0.0000000000
115902  -38.445  -51.469  -5.952 0.0000000000
17707  -44.973  -60.979  -23.819 0.0000000000
16183  -45.399  -62.674  -23.312 0.0000000000
15312  -44.793  -64.401  -22.606 0.0000000000
12851  -42.474  -67.734  -23.885 0.0000000000
13655  -40.695  -65.975  -24.471 0.0000000000
14472  -40.728  -64.709  -25.192 0.0000000000
18474  -48.598  -61.072  -19.728 0.0000000000
17683  -48.416  -61.348  -20.575 0.0000000000
18502  -47.345  -61.302  -21.442 0.0000000000
18488  -46.573  -60.996  -21.365 0.0000000000
18516  -46.742  -61.166  -22.453 0.0000000000
18515  -46.197  -60.570  -23.184 0.0000000000
18527  -45.849  -60.552  -23.676 0.0000000000
18526  -45.384  -60.383  -23.884 0.0000000000
19255  -43.221  -59.908  -17.506 0.0000000000
119555  -43.892  -59.776  -18.685 0.0000000000
19275  -43.776  -58.601  -19.643 0.0000000000
19276  -44.198  -59.034  -20.147 0.0000000000
19314  -45.102  -59.878  -23.908 0.0000000000
18525  -45.107  -60.341  -23.952 0.0000000000
18513  -44.446  -60.263  -23.678 0.0000000000
17706  -44.313  -61.090  -23.062 0.0000000000
17696  -43.656  -61.175  -22.288 0.0000000000
19307  -43.459  -59.101  -23.082 0.0000000000
18499  -43.249  -59.958  -22.552 0.0000000000
17695  -43.057  -60.944  -21.644 0.0000000000
111789  -42.815  -61.866  -20.729 0.0000000000
17671  -42.114  -61.823  -20.047 0.0000000000
131806  -48.624  -60.714  -18.921 0.0000000000
18460  -47.589  -60.652  -18.634 0.0000000000
117260  -46.915  -60.620  -18.041 0.0000000000
18423  -47.744  -60.060  -16.729 0.0000000000
18439  -45.704  -60.658  -17.227 0.0000000000
18421  -45.290  -60.580  -16.454 0.0000000000
18420  -44.358  -60.584  -16.363 0.0000000000
19194  -47.408  -59.526  -13.578 0.0000000000
121239  -46.793  -59.344  -13.932 0.0000000000
128287  -46.178  -59.425  -14.402 0.0000000000
120090  -45.657  -58.968  -12.972 0.0000000000
19208  -45.414  -59.377  -14.214 0.0000000000
18386  -44.717  -60.058  -14.837 0.0000000000
18385  -43.793  -60.159  -14.691 0.0000000000
18401  -43.074  -60.417  -15.588 0.0000000000
19205  -41.933  -59.713  -14.539 0.0000000000
19188  -40.888  -59.014  -14.000 0.0000000000
131784  -42.077  -58.494  -13.171 0.0000000000
20009  -41.445  -58.516  -13.264 0.0000000000
20008  -40.558  -58.449  -13.495 0.0000000000
20849  -39.394  -57.610  -13.355 0.0000000000
21661  -39.005  -56.642  -12.262 0.0000000000
123891  -42.070  -60.424  -7.930 0.0000000000
17540  -42.384  -61.239  -9.074 0.0000000000
17552  -42.661  -61.331  -9.656 0.0000000000
131844  -42.271  -61.129  -10.121 0.0000000000
131888  -41.732  -60.509  -10.243 0.0000000000
19169  -41.531  -59.449  -10.504 0.0000000000
21588  -39.334  -56.282  -5.336 0.0000000000
21597  -38.931  -56.654  -6.030 0.0000000000
20791  -38.817  -57.997  -7.018 0.0000000000
22366  -37.891  -55.465  -6.397 0.0000000000
20790  -38.339  -57.463  -7.578 0.0000000000
19942  -38.671  -58.118  -7.882 0.0000000000
127946  -39.609  -58.601  -9.344 0.0000000000
123141  -40.135  -58.905  -9.766 0.0000000000
19981  -40.737  -58.108  -10.340 0.0000000000
20825  -40.705  -56.935  -10.388 0.0000000000
21645  -40.564  -56.250  -10.654 0.0000000000
22406  -40.150  -55.837  -10.285 0.0000000000
22423  -40.246  -55.803  -10.782 0.0000000000
22422  -39.758  -55.428  -10.997 0.0000000000
22421  -38.886  -55.252  -11.363 0.0000000000
16917  -48.431  -62.861  -21.596 0.0000000000
16166  -48.121  -63.568  -22.079 0.0000000000
15332  -47.096  -64.349  -23.714 0.0000000000
13642  -47.073  -66.004  -23.130 0.0000000000
13641  -46.568  -66.512  -23.600 0.0000000000
15330  -45.922  -64.556  -24.410 0.0000000000
14456  -45.794  -65.349  -24.556 0.0000000000
13640  -44.900  -66.611  -24.636 0.0000000000
13658  -45.144  -66.868  -24.829 0.0000000000
22441  -38.821  -55.848  -14.978 0.0000000000
22475  -40.808  -55.567  -16.726 0.0000000000
22476  -41.601  -55.578  -17.489 0.0000000000
21747  -42.797  -55.474  -19.838 0.0000000000
22528  -42.629  -55.544  -20.262 0.0000000000
21772  -42.685  -56.569  -21.240 0.0000000000
124720  -42.163  -57.638  -21.053 0.0000000000
21746  -41.581  -56.556  -20.435 0.0000000000
20934  -41.838  -57.091  -20.769 0.0000000000
20092  -42.130  -58.508  -20.993 0.0000000000
19285  -41.838  -59.384  -20.611 0.0000000000
17679  -41.671  -60.945  -20.016 0.0000000000
122577  -39.369  -60.160  -17.813 0.0000000000
19264  -39.927  -59.847  -18.380 0.0000000000
19265  -40.494  -59.577  -18.900 0.0000000000
17657  -41.434  -61.892  -19.314 0.0000000000
15248  -41.591  -64.201  -19.762 0.0000000000
119556  -40.968  -64.472  -19.679 0.0000000000
14403  -40.124  -65.438  -21.044 0.0000000000
129582  -39.724  -65.019  -20.513 0.0000000000
14420  -39.643  -65.463  -21.873 0.0000000000
14440  -39.491  -64.984  -22.804 0.0000000000
13659  -46.189  -66.114  -24.511 0.0000000000
14422  -41.264  -65.874  -21.404 0.0000000000
14458  -46.911  -65.246  -23.860 0.0000000000
14473  -45.501  -66.180  -24.664 0.0000000000
15270  -40.424  -64.932  -20.184 0.0000000000
16073  -39.647  -62.891  -17.737 0.0000000000
16090  -38.501  -63.797  -17.933 0.0000000000
16130  -42.592  -63.524  -20.252 0.0000000000
16164  -45.025  -63.457  -22.734 0.0000000000
16916  -48.002  -61.994  -21.838 0.0000000000
16942  -45.576  -61.746  -23.668 0.0000000000
16945  -46.818  -62.074  -23.130 0.0000000000
17680  -42.352  -60.958  -20.764 0.0000000000
17708  -46.407  -60.983  -23.310 0.0000000000
17730  -45.414  -60.672  -23.897 0.0000000000
17731  -45.581  -60.712  -23.864 0.0000000000
18309  -43.286  -60.149  -7.733 0.0000000000
18332  -43.684  -60.788  -8.349 0.0000000000
18348  -41.935  -61.077  -9.566 0.0000000000
18361  -45.843  -60.271  -12.209 0.0000000000
18387  -45.579  -59.881  -14.996 0.0000000000
18402  -44.064  -60.478  -15.529 0.0000000000
18440  -46.763  -60.489  -17.203 0.0000000000
18455  -40.411  -60.456  -18.705 0.0000000000
18456  -43.852  -60.260  -17.905 0.0000000000
18501  -46.493  -60.826  -22.320 0.0000000000
18514  -45.611  -60.116  -23.625 0.0000000000
19138  -41.585  -59.843  -7.480 0.0000000000
19156  -40.151  -59.813  -8.600 0.0000000000
19168  -40.790  -59.200  -10.212 0.0000000000
19175  -44.645  -59.158  -11.951 0.0000000000
19182  -46.292  -59.480  -12.767 0.0000000000
19204  -41.265  -59.320  -14.510 0.0000000000
19220  -42.142  -59.958  -15.550 0.0000000000
19221  -47.135  -59.581  -15.233 0.0000000000
19273  -40.995  -59.286  -19.445 0.0000000000
19309  -44.661  -59.362  -23.537 0.0000000000
19943  -39.278  -58.660  -7.500 0.0000000000
19962  -39.211  -58.611  -8.549 0.0000000000
19982  -41.529  -58.305  -10.645 0.0000000000
19998  -44.395  -58.575  -12.293 0.0000000000
20054  -42.513  -58.576  -17.618 0.0000000000
20078  -41.642  -57.972  -20.412 0.0000000000
20094  -44.163  -58.251  -21.280 0.0000000000
20121  -44.214  -59.107  -23.515 0.0000000000
20770  -40.414  -57.165  -5.370 0.0000000000
20808  -38.769  -57.754  -8.717 0.0000000000
20831  -41.214  -56.763  -11.321 0.0000000000
20884  -40.351  -57.368  -15.677 0.0000000000
20923  -43.349  -56.858  -20.242 0.0000000000
20947  -42.428  -57.000  -21.303 0.0000000000
20955  -43.109  -57.668  -22.121 0.0000000000
20957  -43.984  -58.294  -22.740 0.0000000000
21596  -38.141  -56.293  -6.563 0.0000000000
21629  -38.026  -56.414  -8.468 0.0000000000
21637  -39.758  -56.190  -9.782 0.0000000000
21761  -42.663  -56.120  -20.806 0.0000000000
21762  -43.003  -56.149  -20.637 0.0000000000
22362  -38.970  -55.730  -5.088 0.0000000000
22365  -37.523  -54.965  -6.966 0.0000000000
22393  -37.840  -54.932  -8.495 0.0000000000
23123  -38.513  -54.588  -4.854 0.0000000000
23133  -37.495  -54.480  -7.431 0.0000000000
23174  -39.298  -54.712  -10.062 0.0000000000
23872  -37.658  -53.435  -8.182 0.0000000000
110957  -38.295  -53.809  -5.171 0.0000000000
112862  -38.113  -57.064  -8.150 0.0000000000
113740  -43.767  -60.425  -23.014 0.0000000000
113834  -38.262  -59.788  -16.876 0.0000000000
114860  -39.626  -61.543  -17.756 0.0000000000
117003  -39.363  -65.063  -21.168 0.0000000000
124836  -41.770  -60.847  -8.737 0.0000000000
126731  -40.710  -57.322  -12.231 0.0000000000
127477  -41.028  -60.017  -10.057 0.0000000000
128301  -40.103  -55.900  -11.168 0.0000000000
128547  -42.656  -60.311  -7.838 0.0000000000
128662  -43.465  -64.830  -21.496 0.0000000000
131595  -40.944  -61.691  -18.865 0.0000000000
132265  -45.301  -60.762  -17.933 0.0000000000
132632  -38.527  -51.407  -3.178 0.0000000000
133892  -40.294  -57.224  -4.639 0.0000000000
133918  -43.418  -60.623  -22.348 0.0000000000
