#!ascii label  , from subject sub-v1s12x0050102_ses-1 vox2ras=TkReg
2090
52640  -39.123  -49.169  45.088 0.0000000000
121380  -48.344  -27.845  29.241 0.0000000000
116906  -38.962  -35.615  37.665 0.0000000000
118066  -6.559  -60.926  37.126 0.0000000000
44812  -23.188  -55.622  43.833 0.0000000000
51636  -3.467  -49.812  45.028 0.0000000000
45822  -3.655  -55.109  48.500 0.0000000000
68830  -43.095  -31.063  33.156 0.0000000000
53576  -10.018  -48.178  40.197 0.0000000000
33421  -1.981  -66.977  44.492 0.0000000000
56268  -39.048  -45.657  37.806 0.0000000000
49623  -34.242  -50.457  40.987 0.0000000000
50658  -30.869  -49.636  44.879 0.0000000000
74460  -50.608  -25.354  28.630 0.0000000000
66126  -41.550  -34.678  34.603 0.0000000000
44864  -19.482  -56.206  40.576 0.0000000000
55291  -8.049  -45.989  45.284 0.0000000000
45902  -5.587  -54.335  40.574 0.0000000000
48662  -3.647  -52.093  37.710 0.0000000000
42945  -5.832  -57.782  33.650 0.0000000000
37561  -10.512  -62.500  49.512 0.0000000000
37542  -4.995  -62.891  50.991 0.0000000000
63186  -36.359  -37.822  41.144 0.0000000000
51604  -27.052  -49.882  48.216 0.0000000000
48617  -25.049  -51.604  40.738 0.0000000000
123899  -2.670  -53.145  46.226 0.0000000000
43782  -6.075  -57.876  44.069 0.0000000000
118447  -44.938  -28.540  31.410 0.0000000000
40762  -13.602  -60.145  47.584 0.0000000000
44800  -15.218  -56.624  44.694 0.0000000000
51662  -6.436  -49.603  42.117 0.0000000000
52732  -4.020  -49.144  34.575 0.0000000000
45801  -7.937  -55.211  49.877 0.0000000000
39747  -4.852  -61.970  47.159 0.0000000000
37646  -3.566  -63.640  39.765 0.0000000000
53538  -40.093  -47.642  44.172 0.0000000000
132388  -39.352  -49.517  40.953 0.0000000000
53562  -40.092  -47.335  41.287 0.0000000000
49600  -36.508  -50.369  42.534 0.0000000000
49634  -37.479  -51.486  39.513 0.0000000000
125014  -34.901  -50.995  45.125 0.0000000000
72472  -49.414  -27.084  28.906 0.0000000000
70588  -45.945  -28.920  27.836 0.0000000000
72485  -47.487  -27.432  26.701 0.0000000000
74473  -47.589  -25.570  26.311 0.0000000000
65202  -40.302  -35.252  36.435 0.0000000000
64202  -35.841  -36.516  37.379 0.0000000000
65213  -36.724  -35.085  35.274 0.0000000000
65243  -37.942  -35.241  34.073 0.0000000000
43880  -8.023  -57.812  38.422 0.0000000000
44930  -7.355  -55.717  36.603 0.0000000000
41953  -8.070  -59.006  35.329 0.0000000000
39900  -5.409  -61.402  32.893 0.0000000000
37699  -7.590  -63.177  34.413 0.0000000000
36574  -11.180  -65.046  46.438 0.0000000000
34449  -8.665  -66.332  47.820 0.0000000000
62138  -36.632  -39.463  42.993 0.0000000000
136865  -35.835  -45.541  41.838 0.0000000000
56265  -36.178  -45.221  38.200 0.0000000000
120271  -35.028  -42.411  41.535 0.0000000000
60102  -35.127  -40.611  40.398 0.0000000000
133292  -28.898  -48.591  49.999 0.0000000000
48605  -29.751  -50.943  40.634 0.0000000000
50673  -28.414  -49.630  42.564 0.0000000000
77224  -49.387  -22.030  25.813 0.0000000000
78136  -50.189  -20.557  25.241 0.0000000000
46829  -2.735  -54.262  47.580 0.0000000000
44797  -1.803  -56.751  43.383 0.0000000000
43758  -3.706  -57.305  45.107 0.0000000000
69680  -43.993  -29.950  32.890 0.0000000000
68827  -40.348  -31.779  32.265 0.0000000000
69691  -41.166  -30.006  30.698 0.0000000000
135711  -42.550  -29.407  29.567 0.0000000000
118889  -14.095  -58.536  51.338 0.0000000000
44754  -14.457  -56.832  49.366 0.0000000000
135990  -6.494  -50.519  47.636 0.0000000000
50639  -8.398  -50.084  45.569 0.0000000000
51654  -5.271  -49.537  43.656 0.0000000000
47792  -3.583  -53.915  33.909 0.0000000000
51710  -2.975  -49.885  36.612 0.0000000000
48757  -3.070  -52.202  32.153 0.0000000000
45788  -10.026  -54.931  51.129 0.0000000000
35480  -3.714  -64.619  47.625 0.0000000000
39710  -4.431  -62.429  48.655 0.0000000000
37594  -1.955  -63.444  46.112 0.0000000000
38682  -3.099  -62.795  43.343 0.0000000000
126522  -2.088  -65.977  41.842 0.0000000000
55346  -38.418  -46.051  41.807 0.0000000000
51608  -31.529  -49.239  48.575 0.0000000000
50627  -32.629  -50.017  46.755 0.0000000000
48583  -32.775  -51.509  43.140 0.0000000000
75387  -51.300  -23.751  28.167 0.0000000000
76286  -48.748  -23.652  26.145 0.0000000000
67068  -43.019  -33.728  33.873 0.0000000000
67087  -39.082  -33.867  32.988 0.0000000000
120752  -23.268  -56.037  40.260 0.0000000000
42859  -21.564  -58.672  41.514 0.0000000000
128501  -9.721  -46.486  43.063 0.0000000000
47718  -3.205  -53.024  41.595 0.0000000000
50688  -2.609  -51.216  40.519 0.0000000000
46897  -4.928  -53.304  38.879 0.0000000000
45956  -5.157  -54.634  35.425 0.0000000000
43952  -4.350  -57.021  32.639 0.0000000000
116296  -11.537  -59.983  52.000 0.0000000000
41806  -8.875  -59.700  51.250 0.0000000000
37545  -7.686  -63.547  51.536 0.0000000000
34436  -5.273  -66.151  49.204 0.0000000000
119902  -37.544  -36.428  39.541 0.0000000000
62209  -35.283  -38.879  39.028 0.0000000000
138812  -25.046  -52.853  45.805 0.0000000000
124347  -29.396  -49.224  46.058 0.0000000000
119209  -26.339  -50.242  44.843 0.0000000000
47714  -23.900  -53.188  42.858 0.0000000000
50603  -4.180  -50.515  47.861 0.0000000000
50586  -3.021  -51.008  49.121 0.0000000000
121319  -3.000  -51.632  45.545 0.0000000000
45860  -3.784  -55.000  43.291 0.0000000000
44840  -6.048  -55.855  42.106 0.0000000000
41894  -7.064  -59.969  40.219 0.0000000000
71527  -46.710  -27.973  30.983 0.0000000000
70586  -44.506  -29.356  28.352 0.0000000000
41809  -12.785  -59.591  51.829 0.0000000000
38610  -13.192  -61.858  48.316 0.0000000000
121003  -12.266  -63.657  44.796 0.0000000000
44801  -20.286  -56.284  44.062 0.0000000000
46838  -18.444  -54.089  46.288 0.0000000000
45827  -15.611  -54.434  48.629 0.0000000000
43760  -14.153  -57.920  45.788 0.0000000000
39785  -13.697  -61.404  43.828 0.0000000000
53481  -7.920  -47.120  47.307 0.0000000000
52632  -9.456  -48.283  44.347 0.0000000000
117680  -7.698  -49.288  40.774 0.0000000000
52664  -2.515  -48.476  39.863 0.0000000000
52689  -4.956  -49.269  38.842 0.0000000000
135882  -6.872  -49.666  38.040 0.0000000000
45812  -5.700  -54.929  49.146 0.0000000000
137146  -7.747  -58.671  49.414 0.0000000000
118877  -6.038  -57.729  48.030 0.0000000000
42801  -4.581  -57.992  47.249 0.0000000000
40776  -5.532  -60.212  45.417 0.0000000000
120474  -5.242  -61.281  41.587 0.0000000000
140045  -4.892  -62.217  38.666 0.0000000000
31465  -3.689  -69.466  40.485 0.0000000000
33462  -3.905  -67.815  38.638 0.0000000000
35641  -7.260  -66.206  36.057 0.0000000000
52641  -39.645  -48.734  44.406 0.0000000000
52615  -39.167  -48.626  46.543 0.0000000000
50671  -38.534  -49.406  43.198 0.0000000000
52647  -39.790  -48.348  42.929 0.0000000000
133504  -37.703  -49.713  43.730 0.0000000000
50682  -38.183  -50.503  41.669 0.0000000000
51634  -37.918  -50.048  46.296 0.0000000000
50660  -37.167  -50.617  45.113 0.0000000000
136220  -49.017  -27.411  29.285 0.0000000000
71539  -46.678  -28.548  28.201 0.0000000000
71549  -46.432  -28.511  26.788 0.0000000000
72470  -48.178  -28.015  28.233 0.0000000000
72479  -48.495  -27.326  27.827 0.0000000000
117918  -39.673  -35.434  37.017 0.0000000000
117916  -41.403  -35.387  37.176 0.0000000000
116905  -40.460  -35.710  38.483 0.0000000000
64212  -36.207  -35.740  36.887 0.0000000000
140030  -38.219  -35.579  37.205 0.0000000000
65215  -38.535  -35.113  35.873 0.0000000000
42911  -6.938  -59.098  37.636 0.0000000000
42921  -7.790  -58.224  36.616 0.0000000000
40880  -7.844  -59.950  35.656 0.0000000000
39881  -8.083  -61.593  34.854 0.0000000000
39880  -7.741  -61.691  35.614 0.0000000000
35547  -10.777  -65.016  45.152 0.0000000000
34468  -10.174  -66.037  46.153 0.0000000000
121858  -36.187  -42.577  43.197 0.0000000000
57143  -34.991  -43.548  41.740 0.0000000000
58079  -36.099  -41.913  42.730 0.0000000000
60087  -35.812  -40.982  42.147 0.0000000000
77212  -50.678  -22.146  26.822 0.0000000000
78123  -49.757  -21.253  25.580 0.0000000000
116743  -51.029  -20.317  25.492 0.0000000000
45821  -3.236  -54.728  48.149 0.0000000000
138744  -3.133  -55.836  46.413 0.0000000000
44779  -3.478  -56.318  46.457 0.0000000000
69667  -44.119  -30.943  33.263 0.0000000000
69668  -45.878  -30.942  33.599 0.0000000000
67977  -41.843  -31.883  33.008 0.0000000000
68839  -40.464  -31.130  31.699 0.0000000000
69678  -42.475  -30.768  32.765 0.0000000000
70572  -42.667  -29.728  31.906 0.0000000000
44739  -14.804  -55.973  51.545 0.0000000000
45805  -15.363  -55.101  50.289 0.0000000000
45845  -24.291  -55.154  46.360 0.0000000000
43775  -22.866  -55.873  45.112 0.0000000000
53553  -10.341  -47.105  41.178 0.0000000000
50635  -4.469  -50.122  46.232 0.0000000000
118220  -5.752  -50.305  45.033 0.0000000000
51644  -3.842  -49.464  44.478 0.0000000000
45980  -3.676  -54.969  32.884 0.0000000000
122721  -3.381  -53.060  32.992 0.0000000000
46976  -3.500  -54.209  32.293 0.0000000000
46787  -10.609  -54.606  52.769 0.0000000000
45790  -11.299  -55.928  51.934 0.0000000000
34476  -2.716  -65.794  45.363 0.0000000000
36564  -2.937  -64.107  46.963 0.0000000000
35544  -2.020  -66.013  44.551 0.0000000000
134968  -1.826  -64.442  43.736 0.0000000000
34512  -1.917  -66.713  42.748 0.0000000000
54446  -39.308  -47.152  42.691 0.0000000000
54465  -39.578  -46.834  41.634 0.0000000000
55323  -38.065  -45.975  43.877 0.0000000000
122701  -37.420  -45.626  43.510 0.0000000000
49587  -34.927  -50.801  43.457 0.0000000000
49575  -34.219  -50.742  44.415 0.0000000000
49597  -33.451  -51.185  42.608 0.0000000000
48623  -32.148  -52.191  41.081 0.0000000000
75371  -50.876  -24.532  28.364 0.0000000000
74464  -48.862  -25.683  27.372 0.0000000000
74484  -47.912  -24.850  25.850 0.0000000000
136707  -49.984  -24.726  27.452 0.0000000000
75385  -49.746  -23.978  27.142 0.0000000000
66142  -42.265  -34.311  34.223 0.0000000000
67069  -44.056  -34.131  34.406 0.0000000000
66111  -42.493  -34.838  34.902 0.0000000000
66124  -39.377  -34.603  34.167 0.0000000000
126768  -38.831  -34.561  33.536 0.0000000000
66140  -40.498  -33.923  33.769 0.0000000000
67078  -41.130  -33.604  33.623 0.0000000000
55313  -7.695  -45.074  44.297 0.0000000000
55315  -9.074  -45.981  43.357 0.0000000000
54427  -8.675  -46.266  44.033 0.0000000000
46872  -4.688  -53.767  40.853 0.0000000000
48614  -4.034  -52.980  40.048 0.0000000000
46887  -5.326  -53.706  39.224 0.0000000000
43927  -6.999  -56.660  35.006 0.0000000000
44945  -6.552  -55.096  36.106 0.0000000000
44956  -5.938  -56.276  34.444 0.0000000000
43940  -4.594  -56.168  33.581 0.0000000000
43954  -4.973  -57.649  33.190 0.0000000000
41974  -5.020  -59.102  32.761 0.0000000000
38561  -10.841  -61.131  50.753 0.0000000000
38559  -9.617  -61.961  51.311 0.0000000000
36506  -9.664  -63.284  50.237 0.0000000000
33399  -7.767  -67.492  47.120 0.0000000000
34438  -7.108  -66.170  48.996 0.0000000000
33389  -6.065  -67.166  47.898 0.0000000000
33396  -4.554  -67.172  47.205 0.0000000000
63209  -37.084  -36.992  40.104 0.0000000000
62185  -35.881  -38.637  40.579 0.0000000000
61119  -35.198  -39.568  39.587 0.0000000000
62200  -35.854  -38.502  39.914 0.0000000000
63208  -36.553  -37.284  39.527 0.0000000000
50590  -26.395  -50.860  49.403 0.0000000000
49548  -25.808  -51.848  48.380 0.0000000000
49550  -25.658  -51.504  47.429 0.0000000000
50607  -31.561  -49.496  46.685 0.0000000000
51621  -30.090  -49.012  47.184 0.0000000000
50624  -30.331  -49.332  46.014 0.0000000000
49606  -26.487  -50.935  41.331 0.0000000000
50654  -26.957  -49.851  44.056 0.0000000000
139178  -25.718  -50.654  42.960 0.0000000000
48581  -24.877  -52.136  43.210 0.0000000000
48587  -24.155  -52.311  42.351 0.0000000000
47727  -23.023  -53.356  41.006 0.0000000000
48569  -2.399  -52.708  47.954 0.0000000000
125035  -2.729  -51.649  47.784 0.0000000000
49552  -2.730  -51.284  46.843 0.0000000000
118765  -2.703  -52.652  45.454 0.0000000000
47710  -3.130  -52.859  44.524 0.0000000000
125481  -1.924  -53.820  44.825 0.0000000000
125062  -4.195  -57.254  43.681 0.0000000000
43803  -3.902  -56.617  43.160 0.0000000000
137000  -6.551  -57.269  42.768 0.0000000000
43841  -7.467  -57.512  41.196 0.0000000000
41868  -6.731  -58.862  42.289 0.0000000000
71526  -45.661  -28.233  30.971 0.0000000000
71517  -47.724  -28.404  32.460 0.0000000000
71516  -46.531  -28.566  32.663 0.0000000000
70574  -44.070  -28.789  31.264 0.0000000000
70585  -43.685  -29.494  28.619 0.0000000000
71531  -44.542  -28.599  29.758 0.0000000000
71532  -45.268  -28.420  29.851 0.0000000000
41798  -13.431  -58.890  52.746 0.0000000000
42792  -14.032  -58.991  49.762 0.0000000000
40755  -13.313  -60.198  49.581 0.0000000000
123875  -13.315  -61.012  47.764 0.0000000000
37590  -13.111  -63.482  46.857 0.0000000000
38649  -13.548  -62.417  45.875 0.0000000000
43826  -20.227  -56.959  41.158 0.0000000000
43786  -20.333  -57.297  42.871 0.0000000000
44828  -19.734  -56.511  42.383 0.0000000000
45862  -16.220  -55.033  43.669 0.0000000000
46850  -18.065  -54.552  44.064 0.0000000000
45848  -16.479  -54.887  45.425 0.0000000000
46830  -16.162  -53.789  47.049 0.0000000000
45841  -15.776  -54.966  46.743 0.0000000000
44781  -15.316  -56.580  46.847 0.0000000000
44789  -15.339  -56.717  45.551 0.0000000000
40814  -12.809  -59.555  44.034 0.0000000000
53470  -8.136  -47.651  47.957 0.0000000000
50663  -7.129  -50.366  43.813 0.0000000000
51640  -8.863  -49.391  45.590 0.0000000000
135576  -8.841  -49.854  43.642 0.0000000000
51665  -9.386  -49.173  43.105 0.0000000000
51673  -7.122  -49.534  41.471 0.0000000000
49630  -3.353  -51.957  39.205 0.0000000000
130124  -2.432  -50.303  39.985 0.0000000000
51692  -2.959  -50.610  38.345 0.0000000000
52722  -3.022  -49.525  34.898 0.0000000000
135955  -4.041  -49.114  37.848 0.0000000000
52715  -4.754  -49.541  37.188 0.0000000000
127479  -6.349  -49.672  38.392 0.0000000000
51711  -5.490  -49.849  36.860 0.0000000000
51726  -6.372  -50.144  35.941 0.0000000000
46815  -6.518  -54.934  49.746 0.0000000000
39695  -6.782  -61.315  51.811 0.0000000000
41813  -8.579  -59.136  50.507 0.0000000000
40753  -6.362  -60.720  50.569 0.0000000000
39736  -4.866  -61.941  47.853 0.0000000000
41816  -5.519  -60.079  48.833 0.0000000000
41821  -4.767  -59.301  47.980 0.0000000000
43739  -5.161  -57.634  47.604 0.0000000000
125570  -4.720  -58.902  47.316 0.0000000000
42805  -4.682  -58.338  46.605 0.0000000000
126329  -5.314  -60.489  46.095 0.0000000000
38701  -3.142  -63.158  42.090 0.0000000000
39795  -3.744  -62.409  42.703 0.0000000000
38740  -3.613  -62.656  40.737 0.0000000000
39821  -4.154  -62.063  39.853 0.0000000000
37647  -3.890  -63.387  39.395 0.0000000000
30531  -3.842  -70.764  39.487 0.0000000000
32460  -3.992  -68.761  39.803 0.0000000000
55312  -39.846  -45.975  44.960 0.0000000000
139730  -39.761  -50.091  38.686 0.0000000000
52684  -40.392  -48.520  38.852 0.0000000000
51675  -39.810  -48.824  40.818 0.0000000000
53548  -39.898  -47.704  43.102 0.0000000000
49613  -35.507  -50.384  41.720 0.0000000000
116922  -37.063  -50.723  40.828 0.0000000000
49627  -38.402  -50.897  40.358 0.0000000000
49588  -35.729  -51.216  44.041 0.0000000000
73456  -50.400  -26.194  28.913 0.0000000000
71554  -45.891  -28.099  26.175 0.0000000000
72496  -45.658  -26.846  25.197 0.0000000000
74482  -46.446  -25.627  24.924 0.0000000000
73465  -47.502  -26.482  26.546 0.0000000000
73462  -48.696  -26.533  27.581 0.0000000000
65230  -40.811  -34.861  35.092 0.0000000000
65218  -42.734  -35.146  35.756 0.0000000000
127334  -41.897  -35.241  36.373 0.0000000000
65204  -42.373  -35.436  37.261 0.0000000000
62237  -34.509  -38.176  36.128 0.0000000000
63237  -34.668  -37.258  36.247 0.0000000000
64221  -35.091  -35.913  35.546 0.0000000000
65226  -35.526  -34.996  34.461 0.0000000000
65241  -36.259  -34.787  33.999 0.0000000000
65228  -37.465  -35.064  34.588 0.0000000000
130980  -39.181  -34.886  35.376 0.0000000000
44875  -7.481  -55.878  39.379 0.0000000000
45916  -6.749  -55.073  38.964 0.0000000000
44892  -7.996  -56.860  37.869 0.0000000000
124011  -8.081  -57.627  35.835 0.0000000000
42947  -7.442  -57.956  34.689 0.0000000000
40912  -5.573  -59.961  32.992 0.0000000000
39902  -7.424  -61.024  33.851 0.0000000000
38834  -7.000  -62.732  33.759 0.0000000000
36557  -10.936  -63.769  48.345 0.0000000000
36542  -9.719  -64.485  49.138 0.0000000000
35499  -9.926  -65.488  46.990 0.0000000000
63180  -36.490  -38.082  41.997 0.0000000000
55360  -37.197  -45.547  40.320 0.0000000000
56266  -37.343  -45.281  37.839 0.0000000000
55378  -35.560  -45.336  40.192 0.0000000000
56235  -34.516  -44.171  40.166 0.0000000000
58113  -34.467  -42.888  40.342 0.0000000000
59096  -34.954  -41.294  40.719 0.0000000000
61103  -35.619  -40.377  41.550 0.0000000000
51598  -27.571  -49.564  49.224 0.0000000000
49582  -31.138  -50.509  43.398 0.0000000000
50667  -29.824  -49.633  43.756 0.0000000000
49594  -29.981  -50.371  42.148 0.0000000000
48604  -28.288  -50.839  40.049 0.0000000000
78134  -48.573  -21.380  24.390 0.0000000000
78146  -49.065  -20.657  24.067 0.0000000000
79020  -49.629  -20.060  23.641 0.0000000000
79021  -50.204  -19.553  23.145 0.0000000000
127157  -2.592  -53.923  46.717 0.0000000000
134213  -1.582  -55.203  44.480 0.0000000000
45846  -1.850  -55.481  45.338 0.0000000000
44799  -2.889  -56.822  44.906 0.0000000000
117775  -3.956  -57.621  44.295 0.0000000000
71519  -44.817  -28.869  32.231 0.0000000000
70558  -46.081  -29.950  33.486 0.0000000000
68844  -39.982  -30.987  30.476 0.0000000000
68848  -40.884  -30.827  29.104 0.0000000000
69701  -41.678  -30.561  28.700 0.0000000000
69692  -41.998  -29.562  30.208 0.0000000000
70573  -43.275  -29.249  31.590 0.0000000000
43720  -14.180  -57.645  52.591 0.0000000000
44731  -14.275  -56.642  52.084 0.0000000000
43726  -14.141  -57.849  50.726 0.0000000000
42797  -14.033  -58.462  48.381 0.0000000000
45886  -15.177  -55.040  41.268 0.0000000000
43784  -13.751  -57.321  43.996 0.0000000000
50595  -7.428  -50.140  47.905 0.0000000000
51617  -8.340  -48.950  47.722 0.0000000000
50617  -7.023  -50.508  46.145 0.0000000000
50651  -6.393  -50.379  44.431 0.0000000000
116975  -5.786  -49.686  42.850 0.0000000000
48693  -3.665  -52.471  35.781 0.0000000000
50701  -3.242  -51.113  37.032 0.0000000000
48692  -3.431  -52.095  35.524 0.0000000000
50745  -2.815  -51.038  34.265 0.0000000000
51786  -3.012  -49.619  32.741 0.0000000000
127767  -8.551  -54.475  55.295 0.0000000000
138021  -9.042  -54.536  52.257 0.0000000000
46805  -8.835  -54.942  50.685 0.0000000000
36540  -3.900  -63.910  49.356 0.0000000000
39702  -4.885  -62.192  49.946 0.0000000000
37577  -3.661  -63.121  48.551 0.0000000000
38632  -3.235  -63.263  47.140 0.0000000000
125678  -3.486  -62.592  46.224 0.0000000000
39765  -3.867  -62.051  44.922 0.0000000000
121047  -2.343  -62.645  44.964 0.0000000000
37618  -2.576  -63.316  42.733 0.0000000000
36611  -2.902  -64.654  41.035 0.0000000000
55409  -39.939  -46.025  37.589 0.0000000000
53579  -40.591  -47.048  39.887 0.0000000000
55363  -39.998  -46.541  40.252 0.0000000000
122284  -38.719  -45.765  40.271 0.0000000000
55345  -37.329  -46.008  42.221 0.0000000000
57120  -36.334  -43.578  43.550 0.0000000000
49554  -32.500  -49.857  45.882 0.0000000000
49556  -33.776  -51.128  46.367 0.0000000000
49564  -32.873  -50.338  45.351 0.0000000000
49572  -32.073  -50.276  44.381 0.0000000000
48591  -31.730  -52.324  42.342 0.0000000000
75418  -47.344  -24.479  25.125 0.0000000000
76300  -49.037  -22.836  25.988 0.0000000000
76288  -50.356  -23.102  27.132 0.0000000000
67965  -43.288  -32.814  33.558 0.0000000000
67966  -44.637  -32.882  33.778 0.0000000000
67079  -43.961  -33.423  33.861 0.0000000000
66137  -36.805  -34.513  33.576 0.0000000000
125483  -39.674  -33.035  32.928 0.0000000000
67964  -41.301  -32.799  33.305 0.0000000000
44846  -22.898  -56.234  41.798 0.0000000000
43812  -22.696  -57.245  42.781 0.0000000000
43828  -22.661  -57.839  41.263 0.0000000000
43846  -21.646  -58.122  40.034 0.0000000000
54437  -10.090  -46.546  42.416 0.0000000000
53552  -10.165  -47.487  41.946 0.0000000000
49577  -3.040  -51.255  43.393 0.0000000000
50672  -2.569  -50.833  42.624 0.0000000000
119317  -2.824  -52.304  41.528 0.0000000000
48630  -4.019  -52.710  39.484 0.0000000000
119767  -4.361  -52.683  37.954 0.0000000000
45934  -6.250  -54.308  37.682 0.0000000000
46921  -5.043  -53.421  36.884 0.0000000000
47763  -4.564  -53.090  36.414 0.0000000000
46944  -4.201  -54.341  34.582 0.0000000000
124267  -11.112  -58.316  51.062 0.0000000000
40748  -9.925  -60.125  51.738 0.0000000000
39682  -7.983  -61.760  52.220 0.0000000000
37528  -6.561  -63.221  51.524 0.0000000000
35453  -7.854  -64.911  50.084 0.0000000000
35452  -7.031  -64.971  50.540 0.0000000000
35450  -5.211  -64.969  50.248 0.0000000000
34434  -4.468  -65.444  48.385 0.0000000000
33394  -3.867  -66.021  46.063 0.0000000000
33422  -2.939  -67.598  44.458 0.0000000000
133815  -38.525  -35.757  38.406 0.0000000000
117058  -40.221  -35.850  39.287 0.0000000000
65156  -40.084  -35.824  40.145 0.0000000000
56297  -37.415  -44.996  36.326 0.0000000000
62224  -34.624  -39.095  37.227 0.0000000000
64182  -36.883  -36.544  38.825 0.0000000000
47706  -24.861  -53.868  46.998 0.0000000000
46846  -24.494  -54.235  45.220 0.0000000000
52582  -30.216  -48.778  49.064 0.0000000000
119473  -28.752  -49.121  47.863 0.0000000000
50606  -27.614  -49.491  46.649 0.0000000000
50642  -28.348  -49.499  45.166 0.0000000000
138855  -27.760  -49.613  45.564 0.0000000000
50621  -26.833  -50.005  46.457 0.0000000000
49561  -25.407  -51.422  45.370 0.0000000000
129556  -24.940  -53.316  44.231 0.0000000000
46857  -23.906  -54.130  43.695 0.0000000000
46866  -22.981  -54.276  41.534 0.0000000000
79861  -50.517  -18.831  21.755 0.0000000000
79872  -51.095  -18.356  21.284 0.0000000000
116583  -51.642  -18.122  20.953 0.0000000000
50604  -5.853  -50.558  48.272 0.0000000000
50616  -3.841  -50.280  46.921 0.0000000000
50592  -3.585  -50.724  48.456 0.0000000000
130614  -3.127  -50.295  46.854 0.0000000000
49560  -3.245  -50.917  45.118 0.0000000000
48577  -3.284  -51.937  44.166 0.0000000000
46858  -3.889  -54.291  42.264 0.0000000000
45900  -4.772  -54.239  41.476 0.0000000000
44820  -1.807  -56.356  43.451 0.0000000000
44822  -4.438  -55.614  42.751 0.0000000000
44856  -6.404  -55.292  41.029 0.0000000000
135144  -7.657  -56.812  40.591 0.0000000000
42887  -7.360  -59.225  39.435 0.0000000000
41912  -5.732  -60.265  38.136 0.0000000000
71528  -47.143  -27.949  30.208 0.0000000000
69702  -42.514  -30.356  28.378 0.0000000000
69708  -43.711  -30.640  27.310 0.0000000000
69709  -44.384  -30.403  27.096 0.0000000000
70587  -45.268  -29.147  28.084 0.0000000000
71538  -45.828  -28.532  28.867 0.0000000000
40745  -11.785  -60.252  51.606 0.0000000000
38573  -11.481  -60.898  50.214 0.0000000000
41810  -13.447  -59.400  51.183 0.0000000000
135033  -12.771  -60.566  49.636 0.0000000000
119463  -11.721  -62.156  48.585 0.0000000000
36582  -11.853  -64.689  46.025 0.0000000000
42819  -21.936  -57.932  43.613 0.0000000000
43761  -21.284  -56.991  44.774 0.0000000000
45849  -20.512  -55.871  45.825 0.0000000000
120323  -19.034  -54.992  43.143 0.0000000000
45855  -19.222  -54.793  44.760 0.0000000000
46833  -19.953  -54.352  47.767 0.0000000000
46825  -18.338  -53.540  48.736 0.0000000000
46818  -17.800  -53.688  49.663 0.0000000000
45806  -16.243  -54.628  50.457 0.0000000000
45817  -14.931  -55.005  49.186 0.0000000000
43740  -14.493  -56.902  47.709 0.0000000000
41835  -13.474  -58.991  46.538 0.0000000000
42828  -13.463  -57.829  44.532 0.0000000000
41848  -13.316  -59.128  45.037 0.0000000000
120594  -13.768  -60.988  45.309 0.0000000000
38683  -13.368  -62.283  44.156 0.0000000000
54407  -8.017  -46.245  45.978 0.0000000000
52604  -8.573  -48.466  47.043 0.0000000000
53501  -8.699  -47.598  45.765 0.0000000000
53512  -8.862  -47.250  45.001 0.0000000000
53525  -9.569  -47.583  43.920 0.0000000000
120132  -9.768  -48.358  42.572 0.0000000000
52671  -9.480  -48.654  40.661 0.0000000000
130034  -3.024  -49.506  42.111 0.0000000000
52648  -3.983  -48.552  42.015 0.0000000000
52656  -4.295  -48.270  40.948 0.0000000000
51691  -2.819  -49.863  37.914 0.0000000000
53574  -3.794  -48.192  39.714 0.0000000000
52667  -5.574  -49.022  40.573 0.0000000000
52668  -6.604  -49.278  40.307 0.0000000000
52681  -7.585  -49.149  39.046 0.0000000000
52682  -8.514  -49.016  39.058 0.0000000000
130770  -7.856  -49.389  37.792 0.0000000000
42787  -9.678  -58.007  50.268 0.0000000000
43728  -9.162  -57.353  49.502 0.0000000000
43727  -8.304  -57.125  48.953 0.0000000000
40758  -5.943  -60.423  49.596 0.0000000000
42789  -7.026  -58.703  48.859 0.0000000000
44762  -7.154  -56.292  48.493 0.0000000000
133454  -6.448  -56.185  48.152 0.0000000000
44772  -5.158  -56.558  47.464 0.0000000000
135655  -4.441  -56.285  47.404 0.0000000000
43747  -4.345  -57.492  46.664 0.0000000000
42817  -5.185  -58.644  45.283 0.0000000000
41857  -6.081  -58.965  44.154 0.0000000000
39766  -4.906  -61.601  44.465 0.0000000000
132361  -5.620  -60.961  43.613 0.0000000000
41867  -6.434  -59.748  42.400 0.0000000000
140454  -5.434  -60.719  40.856 0.0000000000
40850  -5.199  -61.147  38.624 0.0000000000
38804  -5.730  -61.439  37.875 0.0000000000
32441  -3.254  -68.606  42.619 0.0000000000
132605  -3.624  -70.027  40.990 0.0000000000
32440  -2.722  -68.191  42.274 0.0000000000
32447  -3.425  -67.599  40.966 0.0000000000
34542  -3.230  -66.639  40.558 0.0000000000
34569  -3.430  -66.049  38.847 0.0000000000
33471  -4.109  -66.883  37.949 0.0000000000
36660  -3.800  -65.252  38.599 0.0000000000
36661  -4.224  -64.727  38.543 0.0000000000
36663  -5.926  -64.139  38.118 0.0000000000
37684  -7.363  -63.433  37.004 0.0000000000
36676  -7.674  -64.909  35.136 0.0000000000
35654  -6.152  -65.372  33.758 0.0000000000
123865  -39.675  -48.450  45.165 0.0000000000
52630  -39.089  -48.854  45.822 0.0000000000
51650  -38.732  -49.389  44.241 0.0000000000
51657  -39.410  -48.844  43.531 0.0000000000
51649  -37.751  -49.865  44.638 0.0000000000
51642  -38.494  -49.501  45.721 0.0000000000
51635  -38.574  -49.302  46.458 0.0000000000
72466  -49.017  -27.483  29.984 0.0000000000
71540  -47.552  -28.253  28.690 0.0000000000
65185  -39.983  -35.581  37.788 0.0000000000
65184  -37.986  -35.738  37.888 0.0000000000
65183  -37.260  -35.649  37.224 0.0000000000
65201  -38.800  -35.422  36.753 0.0000000000
41941  -6.182  -59.739  37.285 0.0000000000
40879  -6.982  -60.158  36.841 0.0000000000
40888  -7.383  -60.877  36.100 0.0000000000
39869  -7.231  -61.630  36.858 0.0000000000
122953  -9.520  -65.699  44.700 0.0000000000
58090  -35.817  -42.344  42.576 0.0000000000
45810  -2.859  -55.106  49.114 0.0000000000
45832  -3.623  -55.354  47.615 0.0000000000
118557  -45.054  -31.162  33.453 0.0000000000
68818  -44.774  -31.908  33.564 0.0000000000
134769  -42.417  -31.320  32.999 0.0000000000
69677  -41.878  -30.986  32.573 0.0000000000
70566  -42.841  -30.291  32.634 0.0000000000
45792  -17.034  -55.170  51.819 0.0000000000
121209  -15.455  -55.556  51.055 0.0000000000
132401  -16.160  -55.076  51.075 0.0000000000
123064  -23.690  -55.054  45.346 0.0000000000
44793  -23.384  -55.480  45.743 0.0000000000
43790  -22.916  -56.196  44.095 0.0000000000
53569  -10.365  -47.311  40.470 0.0000000000
51637  -3.852  -49.593  45.321 0.0000000000
51638  -4.349  -49.685  45.465 0.0000000000
51643  -3.375  -49.756  44.243 0.0000000000
45996  -3.523  -55.053  32.352 0.0000000000
34487  -2.366  -66.384  44.939 0.0000000000
35530  -2.314  -65.517  45.213 0.0000000000
34499  -1.796  -66.422  43.720 0.0000000000
54425  -39.082  -46.484  44.179 0.0000000000
54435  -38.716  -46.643  43.314 0.0000000000
55310  -37.893  -45.362  44.402 0.0000000000
139333  -34.807  -50.351  42.075 0.0000000000
116299  -34.248  -50.799  42.844 0.0000000000
49612  -34.180  -50.630  42.004 0.0000000000
74466  -50.380  -25.088  27.897 0.0000000000
74465  -49.719  -25.447  27.629 0.0000000000
66125  -40.478  -34.473  34.305 0.0000000000
66141  -41.347  -34.206  33.979 0.0000000000
126699  -6.863  -44.764  45.716 0.0000000000
55289  -7.528  -45.136  45.159 0.0000000000
55300  -8.098  -45.736  44.536 0.0000000000
46873  -4.925  -53.718  40.470 0.0000000000
45915  -5.871  -54.305  39.574 0.0000000000
124562  -6.618  -57.240  34.317 0.0000000000
43941  -5.416  -57.001  33.734 0.0000000000
42958  -4.708  -58.340  32.663 0.0000000000
42959  -5.333  -58.384  33.171 0.0000000000
37548  -10.441  -62.082  50.080 0.0000000000
37547  -9.958  -62.564  50.389 0.0000000000
37560  -10.093  -62.795  49.964 0.0000000000
33398  -6.654  -67.634  47.332 0.0000000000
63195  -37.276  -37.080  40.818 0.0000000000
64166  -37.972  -36.901  41.410 0.0000000000
56288  -39.858  -45.495  37.166 0.0000000000
63194  -36.374  -37.702  40.262 0.0000000000
51597  -26.832  -50.150  49.312 0.0000000000
50596  -26.466  -50.553  48.594 0.0000000000
49549  -26.044  -50.959  48.026 0.0000000000
125762  -26.460  -50.358  47.838 0.0000000000
50625  -31.265  -49.494  46.149 0.0000000000
50645  -31.038  -49.538  45.560 0.0000000000
48602  -25.875  -51.241  40.764 0.0000000000
49591  -25.996  -50.628  42.136 0.0000000000
49590  -25.427  -51.149  41.699 0.0000000000
48588  -24.688  -51.845  42.368 0.0000000000
48601  -24.860  -51.653  41.512 0.0000000000
48600  -24.230  -52.056  41.436 0.0000000000
48616  -24.396  -51.890  40.529 0.0000000000
48567  -2.452  -52.217  48.657 0.0000000000
48571  -2.692  -52.349  47.048 0.0000000000
47709  -2.378  -53.173  44.926 0.0000000000
47707  -2.276  -53.561  45.215 0.0000000000
43804  -5.285  -57.020  43.499 0.0000000000
43805  -6.337  -57.492  43.266 0.0000000000
43806  -6.744  -57.915  42.638 0.0000000000
71520  -45.644  -28.450  32.017 0.0000000000
71521  -46.560  -28.199  31.855 0.0000000000
71524  -43.926  -28.680  30.161 0.0000000000
71525  -44.694  -28.498  30.564 0.0000000000
119832  -13.655  -59.926  48.377 0.0000000000
39727  -13.523  -60.548  48.015 0.0000000000
39738  -13.325  -60.686  47.230 0.0000000000
38635  -13.512  -61.721  46.675 0.0000000000
39748  -13.341  -61.096  46.693 0.0000000000
44845  -19.648  -56.343  41.508 0.0000000000
45861  -15.290  -55.752  43.883 0.0000000000
45854  -16.956  -54.872  44.404 0.0000000000
45853  -15.844  -55.389  44.650 0.0000000000
124966  -15.863  -55.204  46.072 0.0000000000
45847  -15.648  -55.800  45.481 0.0000000000
44790  -15.633  -56.149  46.331 0.0000000000
121852  -7.976  -47.653  48.733 0.0000000000
51655  -6.793  -50.160  42.926 0.0000000000
51656  -7.916  -50.214  43.212 0.0000000000
51663  -7.548  -49.879  42.313 0.0000000000
49640  -3.481  -51.950  38.563 0.0000000000
50697  -3.176  -51.358  38.771 0.0000000000
129345  -3.341  -51.478  37.845 0.0000000000
52723  -3.638  -49.295  35.270 0.0000000000
52714  -4.048  -49.381  36.471 0.0000000000
52724  -4.205  -49.395  35.498 0.0000000000
51724  -4.766  -49.581  36.148 0.0000000000
51739  -4.771  -49.583  35.103 0.0000000000
129877  -5.340  -49.851  35.151 0.0000000000
116385  -4.492  -49.265  34.068 0.0000000000
139675  -7.954  -54.997  50.748 0.0000000000
45814  -7.379  -55.253  49.414 0.0000000000
38570  -6.003  -61.939  51.366 0.0000000000
136775  -6.487  -61.204  51.304 0.0000000000
39693  -5.542  -62.102  50.896 0.0000000000
40766  -5.184  -61.069  47.675 0.0000000000
118740  -4.936  -60.292  48.034 0.0000000000
41828  -4.912  -59.941  47.488 0.0000000000
41834  -4.964  -59.477  46.617 0.0000000000
40770  -5.201  -60.837  46.957 0.0000000000
37640  -3.232  -63.758  40.728 0.0000000000
38720  -3.439  -62.756  41.385 0.0000000000
38739  -3.553  -62.971  40.363 0.0000000000
38757  -3.883  -62.883  39.728 0.0000000000
37655  -3.696  -64.067  39.182 0.0000000000
28710  -4.087  -72.532  38.568 0.0000000000
125432  -3.960  -71.930  38.856 0.0000000000
30542  -3.883  -71.140  38.658 0.0000000000
54426  -40.000  -46.906  44.629 0.0000000000
51681  -39.538  -49.605  40.250 0.0000000000
122729  -40.037  -48.250  43.812 0.0000000000
54436  -39.584  -47.145  43.690 0.0000000000
127440  -35.754  -50.420  42.324 0.0000000000
49614  -36.347  -50.509  41.610 0.0000000000
49615  -37.351  -50.539  41.651 0.0000000000
50684  -38.882  -49.894  41.512 0.0000000000
50683  -38.526  -50.532  40.910 0.0000000000
50689  -38.760  -50.532  40.289 0.0000000000
50690  -39.184  -50.231  39.842 0.0000000000
50669  -36.283  -50.750  43.634 0.0000000000
50659  -36.409  -51.067  44.621 0.0000000000
49599  -35.658  -50.650  43.155 0.0000000000
73455  -49.821  -26.576  28.522 0.0000000000
73451  -50.429  -26.361  29.751 0.0000000000
73450  -50.046  -26.818  29.231 0.0000000000
70591  -45.503  -29.602  27.323 0.0000000000
70596  -45.398  -29.690  26.717 0.0000000000
70597  -46.102  -29.129  27.142 0.0000000000
71550  -47.205  -28.154  27.018 0.0000000000
72484  -46.668  -27.741  26.476 0.0000000000
72489  -46.039  -27.199  25.904 0.0000000000
72490  -46.798  -26.867  26.199 0.0000000000
73454  -49.083  -26.867  28.246 0.0000000000
73463  -49.444  -26.218  27.893 0.0000000000
65216  -40.107  -35.022  35.655 0.0000000000
65217  -40.998  -35.036  35.940 0.0000000000
65203  -41.034  -35.240  36.623 0.0000000000
65187  -41.802  -35.533  37.922 0.0000000000
65188  -42.921  -35.537  38.152 0.0000000000
63230  -35.225  -37.550  36.950 0.0000000000
64211  -35.259  -36.360  36.458 0.0000000000
65199  -36.937  -35.420  36.216 0.0000000000
65198  -35.947  -35.495  35.947 0.0000000000
65212  -35.727  -35.150  35.109 0.0000000000
65227  -36.521  -34.836  34.546 0.0000000000
65214  -37.655  -35.181  35.495 0.0000000000
126442  -39.434  -35.251  36.191 0.0000000000
44876  -8.008  -56.764  38.824 0.0000000000
44891  -7.558  -55.865  38.407 0.0000000000
135583  -8.042  -58.362  35.850 0.0000000000
43915  -8.081  -57.224  36.625 0.0000000000
42932  -7.940  -58.189  35.229 0.0000000000
43928  -7.587  -57.356  35.117 0.0000000000
41965  -7.821  -58.844  34.564 0.0000000000
40914  -7.628  -60.087  33.946 0.0000000000
118099  -8.233  -59.859  34.726 0.0000000000
38818  -7.696  -62.227  34.370 0.0000000000
39889  -7.772  -61.503  34.313 0.0000000000
130064  -6.054  -63.217  33.305 0.0000000000
37698  -6.905  -63.648  33.781 0.0000000000
36565  -11.129  -64.576  47.328 0.0000000000
133444  -10.017  -65.063  47.398 0.0000000000
35500  -10.492  -65.114  46.873 0.0000000000
62154  -36.276  -39.096  42.216 0.0000000000
55359  -36.298  -45.721  40.875 0.0000000000
55379  -36.492  -45.524  39.841 0.0000000000
55358  -35.305  -45.313  41.076 0.0000000000
56236  -34.854  -44.440  41.061 0.0000000000
57156  -34.682  -43.267  40.991 0.0000000000
58114  -34.715  -42.082  40.978 0.0000000000
61093  -36.150  -40.142  42.341 0.0000000000
60095  -35.426  -40.954  41.431 0.0000000000
51588  -28.164  -49.073  50.342 0.0000000000
134635  -28.621  -49.018  48.988 0.0000000000
49595  -30.762  -50.873  42.503 0.0000000000
49609  -29.533  -50.671  41.274 0.0000000000
77223  -48.611  -22.477  25.318 0.0000000000
77235  -48.175  -22.178  24.625 0.0000000000
77236  -48.952  -21.658  25.146 0.0000000000
78135  -49.350  -20.882  24.890 0.0000000000
79019  -48.786  -20.399  23.313 0.0000000000
79011  -50.708  -19.970  24.778 0.0000000000
46842  -2.311  -54.790  45.862 0.0000000000
46836  -2.625  -54.634  46.636 0.0000000000
44788  -3.177  -56.647  45.658 0.0000000000
44778  -2.753  -55.974  45.923 0.0000000000
134028  -44.543  -29.478  32.760 0.0000000000
70569  -45.348  -29.353  32.998 0.0000000000
70557  -44.945  -30.220  33.264 0.0000000000
68838  -39.785  -31.622  31.656 0.0000000000
69690  -40.480  -30.594  31.018 0.0000000000
130753  -39.983  -31.096  31.179 0.0000000000
69695  -40.568  -30.488  30.074 0.0000000000
69696  -41.306  -30.087  29.611 0.0000000000
70567  -43.319  -29.748  32.418 0.0000000000
70568  -43.939  -29.267  32.230 0.0000000000
44747  -14.921  -56.032  50.637 0.0000000000
44738  -14.357  -56.742  51.147 0.0000000000
44746  -14.522  -56.891  50.248 0.0000000000
43729  -14.184  -57.705  49.811 0.0000000000
43733  -14.189  -57.651  48.919 0.0000000000
130526  -14.923  -55.410  42.252 0.0000000000
44843  -14.389  -55.691  41.657 0.0000000000
116454  -7.215  -50.418  47.018 0.0000000000
117000  -4.897  -49.464  44.321 0.0000000000
50650  -5.481  -49.956  44.312 0.0000000000
50662  -6.068  -50.177  43.617 0.0000000000
133412  -3.741  -52.951  35.289 0.0000000000
123444  -3.576  -53.184  34.415 0.0000000000
48739  -3.114  -52.249  32.644 0.0000000000
49690  -3.109  -51.675  33.977 0.0000000000
49717  -2.920  -51.607  33.077 0.0000000000
51785  -2.710  -50.256  33.122 0.0000000000
49718  -2.892  -51.347  32.243 0.0000000000
49734  -3.075  -51.456  31.551 0.0000000000
46798  -10.428  -54.716  51.863 0.0000000000
46786  -9.812  -54.436  52.432 0.0000000000
46797  -9.582  -54.647  51.667 0.0000000000
46806  -9.318  -54.851  51.051 0.0000000000
45803  -9.405  -55.251  50.455 0.0000000000
35460  -3.917  -64.489  48.259 0.0000000000
37569  -3.534  -63.714  48.667 0.0000000000
36555  -3.405  -64.178  48.101 0.0000000000
36573  -2.143  -64.178  46.282 0.0000000000
37588  -2.631  -63.652  46.638 0.0000000000
129150  -2.483  -63.099  46.402 0.0000000000
38633  -3.394  -62.818  46.851 0.0000000000
38647  -2.651  -62.750  45.896 0.0000000000
129719  -1.961  -62.976  45.583 0.0000000000
123665  -1.968  -64.653  42.954 0.0000000000
129436  -1.916  -63.672  43.177 0.0000000000
36598  -2.291  -64.833  41.884 0.0000000000
130788  -2.876  -64.055  41.546 0.0000000000
35579  -2.590  -65.454  41.229 0.0000000000
125628  -40.590  -46.487  37.064 0.0000000000
130493  -40.266  -46.410  37.668 0.0000000000
128104  -40.328  -47.795  40.628 0.0000000000
128960  -40.554  -47.485  39.353 0.0000000000
53570  -40.527  -46.867  40.656 0.0000000000
54464  -39.288  -46.403  41.298 0.0000000000
54481  -39.998  -46.667  40.772 0.0000000000
55362  -39.471  -46.261  40.499 0.0000000000
55382  -39.261  -46.023  39.654 0.0000000000
138861  -38.808  -46.054  40.940 0.0000000000
55361  -37.726  -45.762  41.045 0.0000000000
55321  -36.773  -44.823  43.707 0.0000000000
49644  -36.411  -51.740  38.468 0.0000000000
50626  -32.028  -49.599  46.324 0.0000000000
49557  -34.780  -51.587  46.500 0.0000000000
49566  -34.423  -51.226  45.734 0.0000000000
116644  -33.622  -50.810  43.846 0.0000000000
49574  -33.432  -50.604  44.642 0.0000000000
49585  -33.051  -50.861  43.753 0.0000000000
49573  -32.672  -50.464  44.493 0.0000000000
49584  -32.451  -50.880  43.675 0.0000000000
49583  -31.824  -50.781  43.581 0.0000000000
48582  -32.162  -51.590  43.006 0.0000000000
47722  -31.634  -52.503  41.151 0.0000000000
76274  -51.699  -22.982  28.000 0.0000000000
73471  -46.851  -25.936  25.901 0.0000000000
74483  -47.116  -25.177  25.450 0.0000000000
75403  -48.553  -24.431  26.365 0.0000000000
75419  -48.124  -24.130  25.581 0.0000000000
76299  -48.331  -23.316  25.450 0.0000000000
75386  -50.569  -24.109  27.638 0.0000000000
122814  -51.058  -23.334  27.617 0.0000000000
77197  -51.243  -22.610  27.371 0.0000000000
135227  -43.887  -32.793  33.639 0.0000000000
66128  -44.099  -34.665  34.970 0.0000000000
65242  -37.217  -34.857  34.080 0.0000000000
66138  -37.858  -34.690  33.516 0.0000000000
66150  -38.383  -34.237  33.004 0.0000000000
67086  -38.348  -33.671  32.328 0.0000000000
120304  -41.928  -33.647  33.699 0.0000000000
117223  -42.365  -32.828  33.433 0.0000000000
43848  -22.860  -56.954  41.015 0.0000000000
118616  -23.371  -57.698  40.371 0.0000000000
117735  -22.226  -58.329  39.190 0.0000000000
56196  -8.100  -44.752  43.083 0.0000000000
55325  -9.561  -45.798  42.668 0.0000000000
48586  -2.943  -52.253  42.329 0.0000000000
129412  -2.780  -51.543  42.705 0.0000000000
47733  -4.417  -53.117  39.744 0.0000000000
47734  -4.635  -53.106  39.169 0.0000000000
48648  -4.041  -52.526  38.895 0.0000000000
47744  -4.678  -52.985  38.441 0.0000000000
45926  -6.992  -54.931  38.029 0.0000000000
45935  -6.941  -54.928  37.075 0.0000000000
122537  -5.882  -54.614  35.819 0.0000000000
45944  -5.533  -54.028  36.247 0.0000000000
122672  -4.922  -53.830  35.815 0.0000000000
47777  -4.417  -53.707  35.408 0.0000000000
135878  -4.592  -54.500  35.008 0.0000000000
44964  -4.374  -56.439  33.067 0.0000000000
45982  -4.251  -55.821  33.321 0.0000000000
126132  -5.699  -60.778  33.107 0.0000000000
40911  -4.959  -60.659  32.606 0.0000000000
39899  -4.682  -61.398  32.355 0.0000000000
133318  -11.529  -58.809  51.639 0.0000000000
40743  -10.774  -60.172  51.891 0.0000000000
37531  -9.034  -62.763  51.307 0.0000000000
39683  -8.968  -61.492  51.716 0.0000000000
131130  -7.871  -62.636  52.161 0.0000000000
38557  -7.158  -62.327  52.255 0.0000000000
36494  -7.027  -63.657  51.555 0.0000000000
36541  -9.225  -64.878  49.561 0.0000000000
35481  -8.102  -65.940  48.650 0.0000000000
34437  -6.126  -66.265  49.196 0.0000000000
120481  -6.549  -65.599  49.741 0.0000000000
35464  -5.597  -65.650  49.778 0.0000000000
35451  -6.042  -64.990  50.346 0.0000000000
35463  -4.934  -65.514  49.657 0.0000000000
35462  -4.536  -65.092  49.119 0.0000000000
34435  -4.777  -65.819  48.914 0.0000000000
33403  -4.420  -67.309  46.361 0.0000000000
33395  -3.814  -66.857  46.801 0.0000000000
119103  -4.055  -66.653  45.755 0.0000000000
33413  -3.511  -67.081  44.960 0.0000000000
64193  -38.476  -35.907  39.165 0.0000000000
65155  -39.303  -35.882  39.596 0.0000000000
64183  -38.466  -36.215  39.986 0.0000000000
56285  -37.778  -45.432  37.020 0.0000000000
136203  -37.205  -45.114  36.987 0.0000000000
61127  -34.895  -39.452  38.732 0.0000000000
62225  -35.070  -38.877  37.980 0.0000000000
65169  -37.725  -35.970  38.698 0.0000000000
48572  -25.324  -52.215  46.905 0.0000000000
127484  -25.227  -52.964  47.317 0.0000000000
126996  -24.962  -53.112  46.420 0.0000000000
46840  -24.435  -54.472  45.944 0.0000000000
47708  -24.758  -53.634  45.655 0.0000000000
51631  -29.263  -48.975  46.550 0.0000000000
51620  -29.198  -48.909  47.251 0.0000000000
51619  -28.351  -49.001  47.019 0.0000000000
51630  -28.484  -49.229  46.241 0.0000000000
50666  -28.845  -49.520  43.654 0.0000000000
50656  -28.993  -49.481  44.613 0.0000000000
118227  -27.361  -49.793  44.982 0.0000000000
50641  -26.808  -50.042  45.676 0.0000000000
50620  -26.004  -50.594  46.219 0.0000000000
49570  -25.536  -50.955  44.825 0.0000000000
47715  -24.516  -52.882  43.122 0.0000000000
48578  -25.116  -52.365  44.067 0.0000000000
47712  -24.522  -53.498  43.751 0.0000000000
46859  -23.597  -53.987  43.083 0.0000000000
45891  -23.179  -54.616  42.455 0.0000000000
46867  -23.397  -53.679  42.350 0.0000000000
47735  -22.743  -53.326  40.120 0.0000000000
46875  -22.789  -54.364  40.503 0.0000000000
79843  -50.992  -19.246  23.494 0.0000000000
79851  -49.939  -19.377  22.280 0.0000000000
79852  -50.770  -19.079  22.644 0.0000000000
80746  -51.805  -18.224  21.691 0.0000000000
116658  -5.391  -50.539  48.838 0.0000000000
116921  -5.019  -50.542  48.233 0.0000000000
138100  -5.169  -50.448  47.281 0.0000000000
50575  -2.717  -51.024  50.004 0.0000000000
50587  -3.649  -50.637  49.351 0.0000000000
133570  -2.869  -51.223  46.258 0.0000000000
50601  -2.897  -50.687  47.123 0.0000000000
139907  -2.909  -50.733  46.581 0.0000000000
50614  -3.161  -50.343  46.451 0.0000000000
117547  -3.102  -50.898  45.896 0.0000000000
121453  -3.248  -51.550  44.818 0.0000000000
46855  -3.052  -54.495  44.058 0.0000000000
46849  -3.373  -53.485  44.015 0.0000000000
46856  -3.502  -54.081  43.159 0.0000000000
130112  -4.282  -54.755  42.422 0.0000000000
45852  -1.563  -56.099  44.325 0.0000000000
46854  -1.749  -55.185  43.923 0.0000000000
44805  -1.758  -56.668  43.006 0.0000000000
44823  -5.096  -56.073  42.874 0.0000000000
44839  -5.193  -55.387  42.319 0.0000000000
44857  -7.343  -55.942  40.387 0.0000000000
44841  -7.180  -56.295  41.370 0.0000000000
42870  -7.416  -58.864  40.700 0.0000000000
42900  -6.401  -59.720  37.774 0.0000000000
41913  -6.516  -59.927  38.658 0.0000000000
72460  -47.642  -27.839  31.051 0.0000000000
116907  -41.170  -35.763  39.142 0.0000000000
69697  -42.086  -29.834  29.168 0.0000000000
68853  -42.226  -31.212  27.953 0.0000000000
69703  -43.339  -30.174  28.077 0.0000000000
69704  -44.116  -29.991  27.772 0.0000000000
70590  -44.887  -29.862  27.518 0.0000000000
122009  -46.210  -28.212  30.015 0.0000000000
71533  -46.824  -28.264  29.248 0.0000000000
41802  -12.508  -59.393  52.353 0.0000000000
140028  -12.085  -59.842  51.868 0.0000000000
139046  -11.811  -60.375  51.265 0.0000000000
40749  -12.113  -60.127  51.317 0.0000000000
41804  -13.984  -58.915  51.711 0.0000000000
116679  -14.021  -59.021  50.971 0.0000000000
39713  -13.052  -60.767  48.946 0.0000000000
38585  -12.830  -60.920  48.900 0.0000000000
38597  -12.069  -61.388  48.841 0.0000000000
37573  -12.591  -61.990  48.481 0.0000000000
37578  -11.609  -63.083  48.534 0.0000000000
37579  -12.356  -62.985  48.433 0.0000000000
37596  -13.081  -63.419  46.090 0.0000000000
37589  -12.533  -64.103  46.441 0.0000000000
37595  -12.425  -64.032  45.595 0.0000000000
36587  -11.183  -64.706  45.104 0.0000000000
123296  -11.563  -64.113  44.735 0.0000000000
42860  -22.145  -58.362  41.834 0.0000000000
42846  -22.437  -57.809  43.128 0.0000000000
42831  -21.801  -58.217  43.008 0.0000000000
44810  -20.668  -57.134  43.637 0.0000000000
43771  -21.199  -57.419  43.901 0.0000000000
44802  -20.909  -56.880  44.484 0.0000000000
44792  -20.940  -56.653  45.395 0.0000000000
44791  -20.479  -55.997  44.925 0.0000000000
45873  -18.616  -55.009  42.397 0.0000000000
45872  -17.672  -54.621  42.360 0.0000000000
46843  -17.719  -54.623  44.998 0.0000000000
46851  -18.587  -54.608  44.640 0.0000000000
46844  -18.682  -54.495  45.408 0.0000000000
46845  -19.272  -54.470  46.022 0.0000000000
46839  -19.354  -54.118  46.852 0.0000000000
46832  -18.905  -53.694  47.820 0.0000000000
133408  -18.337  -53.682  47.041 0.0000000000
46823  -16.271  -53.725  48.141 0.0000000000
46824  -17.206  -53.439  48.720 0.0000000000
46817  -16.487  -53.811  49.196 0.0000000000
46807  -16.902  -54.252  50.128 0.0000000000
45818  -15.770  -54.358  49.679 0.0000000000
43741  -14.659  -56.999  46.983 0.0000000000
44773  -15.132  -56.421  47.460 0.0000000000
43748  -14.224  -57.892  46.659 0.0000000000
42802  -14.031  -58.422  47.465 0.0000000000
42812  -13.799  -58.433  46.291 0.0000000000
43783  -13.271  -57.311  43.252 0.0000000000
42827  -12.996  -57.858  43.965 0.0000000000
40801  -13.393  -60.600  43.939 0.0000000000
40802  -13.200  -59.804  44.572 0.0000000000
40786  -13.494  -60.036  45.282 0.0000000000
39768  -13.858  -60.745  44.392 0.0000000000
39767  -13.785  -61.662  44.628 0.0000000000
54379  -6.958  -45.896  47.861 0.0000000000
54380  -7.450  -46.284  47.233 0.0000000000
55271  -6.895  -45.531  47.127 0.0000000000
54394  -7.903  -46.635  46.620 0.0000000000
51629  -8.361  -49.499  46.962 0.0000000000
50619  -8.513  -49.689  46.184 0.0000000000
52617  -9.240  -48.897  44.939 0.0000000000
52616  -8.964  -48.508  45.689 0.0000000000
53502  -9.174  -48.021  45.075 0.0000000000
53513  -9.268  -47.617  44.547 0.0000000000
52650  -9.238  -49.146  42.140 0.0000000000
52658  -8.919  -49.176  41.149 0.0000000000
52659  -9.709  -48.490  41.594 0.0000000000
52670  -8.542  -49.083  40.237 0.0000000000
50680  -2.488  -51.078  41.594 0.0000000000
51658  -2.810  -49.877  42.924 0.0000000000
117316  -2.553  -50.432  41.253 0.0000000000
51680  -2.388  -49.130  40.488 0.0000000000
51671  -3.387  -48.874  41.699 0.0000000000
52655  -3.000  -48.508  41.064 0.0000000000
130488  -4.345  -48.401  41.507 0.0000000000
137673  -3.898  -48.144  40.813 0.0000000000
124944  -3.052  -50.658  36.371 0.0000000000
136277  -3.092  -50.690  37.628 0.0000000000
51698  -2.979  -49.754  37.330 0.0000000000
52688  -4.408  -48.971  38.529 0.0000000000
53583  -3.618  -48.592  38.575 0.0000000000
53585  -4.529  -48.748  39.143 0.0000000000
52666  -4.794  -48.673  40.348 0.0000000000
52678  -4.965  -49.025  39.509 0.0000000000
52679  -5.840  -49.279  39.745 0.0000000000
52691  -6.669  -49.348  38.999 0.0000000000
52701  -7.262  -49.373  38.379 0.0000000000
51701  -7.180  -49.683  37.616 0.0000000000
118360  -4.647  -54.948  49.016 0.0000000000
42784  -10.345  -58.666  50.773 0.0000000000
43725  -10.375  -57.571  50.648 0.0000000000
41814  -9.429  -58.915  50.668 0.0000000000
41819  -7.868  -59.342  50.047 0.0000000000
42786  -8.989  -58.376  49.949 0.0000000000
42791  -8.375  -58.001  49.404 0.0000000000
44753  -8.770  -56.371  49.224 0.0000000000
38596  -4.564  -62.461  49.492 0.0000000000
39712  -5.212  -61.770  49.565 0.0000000000
40757  -5.505  -61.069  49.164 0.0000000000
41823  -5.267  -59.115  48.640 0.0000000000
41817  -6.214  -59.487  49.057 0.0000000000
42795  -6.122  -58.587  48.462 0.0000000000
42796  -6.877  -57.834  48.446 0.0000000000
43731  -6.702  -56.986  48.172 0.0000000000
139911  -6.798  -55.706  48.539 0.0000000000
45834  -4.919  -55.761  47.708 0.0000000000
43738  -4.473  -57.060  47.186 0.0000000000
44780  -3.919  -56.898  46.848 0.0000000000
41840  -5.309  -59.472  45.759 0.0000000000
42811  -4.866  -58.589  45.901 0.0000000000
41847  -5.828  -59.414  44.994 0.0000000000
38662  -3.023  -62.567  44.395 0.0000000000
39782  -3.822  -62.243  43.844 0.0000000000
39796  -4.439  -61.922  42.085 0.0000000000
39783  -4.628  -61.840  43.222 0.0000000000
40811  -5.260  -61.459  42.591 0.0000000000
132302  -5.950  -60.748  42.525 0.0000000000
40823  -6.098  -60.466  41.584 0.0000000000
129110  -4.617  -62.290  38.936 0.0000000000
40841  -4.633  -61.762  39.189 0.0000000000
40849  -5.022  -61.643  38.688 0.0000000000
40863  -5.420  -61.361  38.240 0.0000000000
38791  -5.323  -62.214  38.413 0.0000000000
31446  -4.032  -69.132  42.951 0.0000000000
30522  -3.789  -70.374  40.313 0.0000000000
131288  -3.456  -69.240  41.361 0.0000000000
138591  -3.212  -68.716  41.975 0.0000000000
32448  -3.229  -68.288  41.529 0.0000000000
33443  -2.850  -67.597  41.752 0.0000000000
32454  -3.579  -68.490  40.716 0.0000000000
32468  -3.926  -68.036  39.428 0.0000000000
33448  -3.370  -67.011  40.279 0.0000000000
33455  -3.646  -67.339  39.478 0.0000000000
34558  -3.376  -66.655  39.445 0.0000000000
129889  -3.700  -66.875  38.639 0.0000000000
34578  -3.846  -66.227  38.308 0.0000000000
34579  -4.199  -66.492  37.853 0.0000000000
35628  -4.177  -65.899  38.192 0.0000000000
35636  -4.292  -66.528  37.757 0.0000000000
36672  -5.965  -65.261  37.925 0.0000000000
36673  -6.796  -64.326  37.486 0.0000000000
37671  -6.400  -63.289  37.878 0.0000000000
36675  -7.446  -64.503  36.287 0.0000000000
128015  -40.043  -48.135  44.531 0.0000000000
53524  -39.994  -47.600  45.200 0.0000000000
52631  -39.605  -48.132  45.990 0.0000000000
120259  -39.568  -49.062  41.580 0.0000000000
123078  -39.247  -49.156  42.472 0.0000000000
121100  -36.967  -50.027  43.228 0.0000000000
50674  -37.564  -50.289  42.358 0.0000000000
137548  -37.753  -49.739  42.941 0.0000000000
50675  -38.391  -49.913  42.361 0.0000000000
50648  -37.346  -50.736  45.987 0.0000000000
50670  -36.883  -50.126  44.185 0.0000000000
123949  -37.993  -49.854  47.029 0.0000000000
72467  -49.599  -27.199  29.639 0.0000000000
139330  -46.360  -28.768  27.638 0.0000000000
71542  -46.717  -28.566  27.401 0.0000000000
71543  -47.440  -28.324  27.786 0.0000000000
72478  -47.900  -27.794  27.374 0.0000000000
72471  -48.766  -27.466  28.624 0.0000000000
117917  -40.543  -35.397  37.155 0.0000000000
65186  -40.880  -35.529  37.811 0.0000000000
116904  -41.262  -35.661  38.419 0.0000000000
65200  -37.911  -35.322  36.491 0.0000000000
123195  -7.745  -58.099  37.737 0.0000000000
42920  -6.802  -59.016  37.250 0.0000000000
41942  -7.347  -59.106  36.430 0.0000000000
40889  -8.152  -60.811  35.140 0.0000000000
38810  -7.896  -62.492  35.139 0.0000000000
35532  -10.956  -65.206  45.596 0.0000000000
35531  -10.615  -65.537  46.013 0.0000000000
122141  -10.502  -65.434  45.416 0.0000000000
34489  -9.450  -66.272  44.732 0.0000000000
57131  -35.421  -43.879  42.530 0.0000000000
56223  -35.094  -44.775  41.938 0.0000000000
58089  -35.424  -42.629  42.160 0.0000000000
138666  -35.296  -42.047  41.777 0.0000000000
58099  -35.110  -41.710  41.405 0.0000000000
59080  -35.821  -41.535  42.290 0.0000000000
60075  -36.306  -40.741  42.745 0.0000000000
52561  -29.528  -48.300  50.584 0.0000000000
77225  -50.194  -21.670  26.218 0.0000000000
78124  -50.573  -20.942  25.916 0.0000000000
78125  -51.372  -20.684  26.165 0.0000000000
45831  -3.013  -55.061  47.244 0.0000000000
45840  -3.324  -55.715  46.909 0.0000000000
68828  -41.126  -31.357  32.375 0.0000000000
69687  -41.273  -30.514  31.767 0.0000000000
69688  -41.947  -29.820  31.338 0.0000000000
122536  -42.161  -30.301  32.218 0.0000000000
69679  -43.437  -30.355  32.961 0.0000000000
44732  -14.958  -56.119  52.444 0.0000000000
45791  -15.739  -55.491  51.907 0.0000000000
44755  -14.766  -55.934  49.763 0.0000000000
45838  -24.301  -55.372  47.042 0.0000000000
55339  -10.313  -45.655  41.293 0.0000000000
54452  -10.462  -46.328  40.766 0.0000000000
133621  -5.417  -50.392  46.335 0.0000000000
50605  -6.271  -50.524  46.727 0.0000000000
50636  -5.140  -50.172  45.616 0.0000000000
51639  -4.947  -49.718  44.906 0.0000000000
51653  -4.454  -49.250  43.809 0.0000000000
46952  -3.662  -54.413  33.276 0.0000000000
116641  -3.480  -53.224  33.818 0.0000000000
47807  -3.553  -53.834  33.251 0.0000000000
47821  -3.466  -53.598  32.629 0.0000000000
47829  -3.303  -53.158  32.183 0.0000000000
45789  -10.715  -55.319  51.487 0.0000000000
123743  -3.600  -65.425  46.431 0.0000000000
125501  -3.277  -64.359  47.381 0.0000000000
35514  -2.840  -65.056  45.978 0.0000000000
133469  -2.025  -64.726  45.583 0.0000000000
124899  -1.759  -63.789  45.327 0.0000000000
128403  -1.723  -63.714  44.148 0.0000000000
36580  -1.951  -64.815  44.644 0.0000000000
35557  -1.888  -65.379  43.781 0.0000000000
35568  -1.811  -65.658  42.806 0.0000000000
53561  -39.728  -47.331  41.936 0.0000000000
54466  -40.168  -46.875  40.968 0.0000000000
54445  -38.876  -46.515  42.300 0.0000000000
55334  -37.912  -46.152  42.903 0.0000000000
118572  -38.112  -51.287  38.938 0.0000000000
118166  -34.970  -50.916  44.306 0.0000000000
49586  -34.097  -50.834  43.557 0.0000000000
48585  -33.567  -51.170  43.049 0.0000000000
48593  -33.040  -51.607  42.847 0.0000000000
48592  -32.466  -52.055  42.571 0.0000000000
48609  -32.791  -51.808  42.300 0.0000000000
74474  -48.347  -25.210  26.708 0.0000000000
74475  -49.146  -24.758  27.120 0.0000000000
75404  -49.087  -23.991  26.734 0.0000000000
66127  -43.226  -34.483  34.527 0.0000000000
66123  -38.541  -35.012  34.037 0.0000000000
66139  -39.658  -34.203  33.750 0.0000000000
67076  -39.821  -33.566  33.458 0.0000000000
44881  -23.850  -56.427  39.711 0.0000000000
55314  -8.257  -45.368  43.706 0.0000000000
54428  -9.435  -46.765  43.677 0.0000000000
47719  -3.843  -53.682  41.374 0.0000000000
47725  -3.669  -53.125  40.647 0.0000000000
47726  -4.310  -53.463  40.550 0.0000000000
46886  -4.782  -53.400  39.722 0.0000000000
44946  -6.905  -55.970  35.585 0.0000000000
45957  -5.675  -55.392  35.178 0.0000000000
119408  -4.769  -55.224  34.701 0.0000000000
45970  -4.960  -55.880  34.288 0.0000000000
43953  -4.691  -56.895  33.234 0.0000000000
120095  -4.544  -57.636  32.671 0.0000000000
41989  -4.486  -59.094  32.267 0.0000000000
39685  -11.006  -60.759  51.143 0.0000000000
124197  -10.671  -60.753  51.481 0.0000000000
38560  -10.254  -61.753  50.881 0.0000000000
119798  -9.348  -63.007  50.794 0.0000000000
37546  -8.525  -63.334  51.187 0.0000000000
34456  -8.235  -66.907  47.439 0.0000000000
34448  -7.678  -66.572  48.186 0.0000000000
34455  -7.226  -67.133  47.761 0.0000000000
34447  -6.645  -66.710  48.464 0.0000000000
34446  -5.659  -66.702  48.577 0.0000000000
34445  -4.948  -66.466  48.505 0.0000000000
33388  -5.044  -67.151  48.001 0.0000000000
32404  -4.797  -67.784  46.742 0.0000000000
134177  -37.782  -36.662  40.269 0.0000000000
64175  -38.432  -36.470  40.859 0.0000000000
123818  -35.049  -44.988  38.587 0.0000000000
61112  -35.304  -40.095  40.366 0.0000000000
62199  -35.516  -39.406  40.101 0.0000000000
130404  -35.517  -38.949  39.628 0.0000000000
62210  -35.815  -38.177  39.338 0.0000000000
138499  -36.132  -37.925  39.751 0.0000000000
118150  -26.172  -51.200  48.771 0.0000000000
51622  -31.576  -49.335  47.394 0.0000000000
129563  -30.968  -49.150  47.566 0.0000000000
51633  -30.827  -49.319  46.712 0.0000000000
51632  -30.010  -49.106  46.397 0.0000000000
139696  -27.548  -49.752  42.393 0.0000000000
50665  -27.702  -49.486  43.274 0.0000000000
50664  -26.637  -50.062  42.896 0.0000000000
49579  -25.866  -50.543  43.908 0.0000000000
49569  -25.329  -51.446  44.256 0.0000000000
49578  -25.271  -51.336  43.487 0.0000000000
47720  -23.302  -53.317  41.685 0.0000000000
129185  -23.664  -52.782  42.088 0.0000000000
47728  -23.571  -52.565  41.274 0.0000000000
78157  -47.587  -20.821  22.050 0.0000000000
49547  -2.725  -51.483  48.644 0.0000000000
50591  -3.052  -51.040  48.092 0.0000000000
48575  -3.083  -52.327  44.951 0.0000000000
46848  -2.352  -53.683  44.620 0.0000000000
43780  -3.081  -57.131  43.401 0.0000000000
138587  -2.954  -56.868  42.971 0.0000000000
44824  -6.061  -56.731  42.826 0.0000000000
43823  -6.997  -57.003  42.290 0.0000000000
42855  -7.129  -58.319  41.801 0.0000000000
41878  -6.844  -59.623  41.389 0.0000000000
70577  -43.277  -29.002  30.626 0.0000000000
70584  -42.842  -29.613  28.835 0.0000000000
70580  -43.256  -29.095  29.569 0.0000000000
70581  -44.116  -28.958  29.238 0.0000000000
71537  -44.891  -28.756  29.003 0.0000000000
41803  -13.566  -59.214  52.145 0.0000000000
42788  -14.108  -58.728  50.601 0.0000000000
41815  -13.915  -59.163  50.247 0.0000000000
41820  -13.648  -59.610  49.401 0.0000000000
39726  -13.244  -60.974  48.360 0.0000000000
38611  -13.342  -61.545  47.964 0.0000000000
119760  -13.357  -63.051  47.462 0.0000000000
38623  -13.432  -61.845  47.328 0.0000000000
38634  -13.467  -62.626  46.859 0.0000000000
38663  -13.029  -63.257  45.275 0.0000000000
43827  -20.532  -57.970  41.627 0.0000000000
43810  -20.676  -57.974  42.456 0.0000000000
43809  -20.170  -57.227  42.050 0.0000000000
44809  -19.952  -56.511  43.243 0.0000000000
45871  -16.599  -54.664  42.599 0.0000000000
45863  -17.329  -54.636  43.361 0.0000000000
119940  -17.505  -54.364  45.835 0.0000000000
46837  -17.367  -53.811  46.655 0.0000000000
45842  -16.416  -54.426  46.254 0.0000000000
45835  -15.677  -54.696  47.609 0.0000000000
44782  -15.665  -55.923  47.214 0.0000000000
43749  -14.921  -57.148  46.158 0.0000000000
41869  -12.658  -58.708  43.631 0.0000000000
39798  -12.949  -61.011  43.463 0.0000000000
39797  -12.162  -61.394  43.115 0.0000000000
50653  -8.165  -50.332  44.940 0.0000000000
51646  -8.130  -50.321  44.157 0.0000000000
51647  -8.824  -49.830  44.709 0.0000000000
51648  -9.359  -49.129  44.049 0.0000000000
51664  -8.655  -49.761  42.665 0.0000000000
51674  -8.237  -49.515  41.731 0.0000000000
133582  -3.097  -51.912  39.803 0.0000000000
140085  -2.487  -50.125  40.760 0.0000000000
128398  -2.878  -51.274  39.553 0.0000000000
51687  -2.695  -50.480  39.150 0.0000000000
51679  -2.358  -49.452  39.554 0.0000000000
51723  -2.789  -50.083  35.551 0.0000000000
52712  -3.251  -49.551  37.234 0.0000000000
52713  -3.358  -49.652  36.187 0.0000000000
52698  -4.180  -49.226  37.686 0.0000000000
52699  -4.836  -49.454  38.128 0.0000000000
52690  -5.724  -49.413  39.045 0.0000000000
52700  -5.533  -49.805  37.804 0.0000000000
51700  -6.367  -49.949  37.508 0.0000000000
51712  -6.839  -50.018  36.809 0.0000000000
124951  -6.109  -50.084  36.618 0.0000000000
40746  -8.249  -60.478  51.560 0.0000000000
40754  -7.250  -60.718  51.211 0.0000000000
41812  -7.204  -60.030  50.323 0.0000000000
39725  -5.012  -61.985  48.269 0.0000000000
40756  -5.236  -61.695  48.788 0.0000000000
40761  -5.295  -60.890  48.386 0.0000000000
41822  -5.002  -59.624  48.431 0.0000000000
124042  -4.899  -58.924  48.359 0.0000000000
42794  -5.215  -58.445  48.209 0.0000000000
42793  -4.785  -58.490  47.878 0.0000000000
38702  -3.253  -62.895  42.316 0.0000000000
39803  -3.702  -62.400  41.621 0.0000000000
39804  -4.318  -61.850  41.058 0.0000000000
39813  -4.258  -61.745  40.201 0.0000000000
121333  -3.859  -62.484  40.133 0.0000000000
124980  -4.304  -62.313  39.454 0.0000000000
38774  -4.213  -62.854  39.238 0.0000000000
31475  -3.909  -69.822  39.661 0.0000000000
138733  -3.997  -69.370  39.079 0.0000000000
31485  -3.915  -69.464  38.380 0.0000000000
34585  -5.081  -67.150  37.013 0.0000000000
50698  -39.961  -50.287  38.251 0.0000000000
51705  -40.704  -49.867  37.915 0.0000000000
51693  -40.203  -49.611  38.583 0.0000000000
51682  -40.043  -48.897  39.998 0.0000000000
125805  -39.748  -48.508  42.144 0.0000000000
52651  -39.901  -47.837  42.187 0.0000000000
49624  -35.186  -50.343  41.011 0.0000000000
116270  -36.072  -50.809  40.861 0.0000000000
49625  -36.680  -51.443  40.054 0.0000000000
49626  -37.778  -51.234  40.292 0.0000000000
49616  -37.991  -50.842  40.984 0.0000000000
49635  -38.314  -51.167  39.729 0.0000000000
49647  -39.291  -50.635  38.337 0.0000000000
139693  -35.792  -51.729  45.756 0.0000000000
50647  -36.653  -51.231  45.576 0.0000000000
49576  -35.778  -51.381  45.176 0.0000000000
49598  -35.084  -50.507  42.643 0.0000000000
74459  -50.131  -25.884  28.187 0.0000000000
74452  -50.782  -25.529  29.526 0.0000000000
71548  -45.699  -28.965  26.441 0.0000000000
71553  -45.252  -28.602  25.706 0.0000000000
72488  -45.430  -27.635  25.455 0.0000000000
73470  -46.239  -26.403  25.430 0.0000000000
72486  -48.168  -27.035  27.039 0.0000000000
73466  -48.117  -26.032  27.023 0.0000000000
65231  -41.756  -34.988  35.402 0.0000000000
65205  -43.040  -35.330  36.675 0.0000000000
64220  -34.590  -36.748  35.739 0.0000000000
65225  -34.568  -35.454  34.393 0.0000000000
125639  -39.019  -34.776  34.655 0.0000000000
65229  -39.815  -34.685  34.896 0.0000000000
120628  -7.322  -45.279  45.932 0.0000000000
45903  -6.636  -55.032  39.990 0.0000000000
44908  -7.569  -55.751  37.496 0.0000000000
43900  -8.018  -57.359  37.318 0.0000000000
138467  -7.696  -56.376  36.341 0.0000000000
137114  -7.702  -56.791  35.735 0.0000000000
42946  -6.846  -58.224  34.115 0.0000000000
41975  -5.908  -59.123  33.286 0.0000000000
41976  -7.117  -59.138  33.815 0.0000000000
40913  -6.601  -60.496  33.450 0.0000000000
39901  -6.402  -61.306  33.408 0.0000000000
40901  -8.046  -60.816  34.540 0.0000000000
126691  -7.161  -61.848  33.780 0.0000000000
38833  -6.021  -62.206  33.265 0.0000000000
36525  -10.388  -63.208  48.954 0.0000000000
36524  -9.940  -63.476  49.509 0.0000000000
36543  -10.045  -63.975  48.534 0.0000000000
35483  -9.645  -65.438  47.792 0.0000000000
35498  -9.430  -65.963  47.363 0.0000000000
34458  -9.828  -66.044  46.706 0.0000000000
34457  -9.093  -66.494  47.021 0.0000000000
34466  -8.623  -67.080  46.755 0.0000000000
63187  -37.169  -37.356  41.667 0.0000000000
55381  -38.466  -45.546  39.536 0.0000000000
56267  -38.268  -45.579  37.867 0.0000000000
55400  -37.960  -45.449  38.747 0.0000000000
55399  -36.891  -45.422  38.884 0.0000000000
55398  -35.801  -45.277  39.217 0.0000000000
130843  -34.924  -44.972  40.420 0.0000000000
56248  -34.903  -44.932  39.622 0.0000000000
125291  -34.144  -44.372  39.103 0.0000000000
119027  -33.682  -43.533  39.120 0.0000000000
58126  -34.032  -42.510  39.575 0.0000000000
58127  -34.680  -41.747  40.326 0.0000000000
60094  -35.152  -41.130  41.037 0.0000000000
61102  -35.302  -40.526  40.873 0.0000000000
61113  -35.563  -39.677  40.884 0.0000000000
49571  -31.412  -50.102  44.260 0.0000000000
50668  -30.656  -49.837  44.044 0.0000000000
49580  -29.439  -49.815  42.826 0.0000000000
49593  -28.979  -50.205  41.948 0.0000000000
120651  -29.165  -50.793  40.442 0.0000000000
49608  -28.586  -50.520  41.066 0.0000000000
50681  -28.019  -50.001  41.725 0.0000000000
49607  -27.598  -50.715  41.117 0.0000000000
48603  -27.138  -51.195  40.464 0.0000000000
48618  -25.753  -51.396  40.080 0.0000000000
78145  -48.225  -21.127  23.543 0.0000000000
138975  -48.287  -20.726  23.066 0.0000000000
79028  -48.420  -20.406  22.523 0.0000000000
119443  -49.287  -19.819  22.837 0.0000000000
118292  -50.450  -19.735  23.977 0.0000000000
47705  -2.548  -53.356  47.287 0.0000000000
121210  -2.503  -54.085  45.894 0.0000000000
46841  -1.846  -54.445  45.052 0.0000000000
45839  -2.721  -55.367  46.347 0.0000000000
44787  -2.134  -56.380  45.170 0.0000000000
44798  -2.005  -56.929  44.276 0.0000000000
43769  -2.974  -57.205  44.189 0.0000000000
43781  -5.036  -57.723  44.182 0.0000000000
136047  -45.696  -28.806  32.672 0.0000000000
68843  -39.542  -31.540  30.896 0.0000000000
70576  -42.627  -29.383  30.984 0.0000000000
70579  -42.718  -29.238  30.188 0.0000000000
43723  -14.081  -57.561  51.681 0.0000000000
117757  -14.100  -58.394  50.089 0.0000000000
41824  -13.827  -59.193  48.706 0.0000000000
41830  -13.685  -59.586  47.824 0.0000000000
44879  -18.105  -55.179  39.765 0.0000000000
44862  -18.015  -55.073  40.493 0.0000000000
45888  -17.181  -54.406  40.637 0.0000000000
118549  -16.957  -54.411  41.540 0.0000000000
121925  -15.894  -54.870  41.888 0.0000000000
45870  -15.531  -55.203  42.947 0.0000000000
44807  -14.719  -56.843  43.942 0.0000000000
44806  -13.873  -56.613  43.133 0.0000000000
51602  -7.826  -49.264  48.397 0.0000000000
51603  -8.192  -48.385  48.305 0.0000000000
51616  -8.012  -49.622  47.656 0.0000000000
51628  -7.826  -50.058  47.198 0.0000000000
50618  -7.934  -50.218  46.392 0.0000000000
116949  -6.044  -50.488  45.838 0.0000000000
50637  -6.713  -50.486  45.270 0.0000000000
50638  -7.667  -50.425  45.518 0.0000000000
50652  -7.404  -50.445  44.689 0.0000000000
48680  -3.848  -52.322  36.578 0.0000000000
49653  -3.458  -51.707  36.992 0.0000000000
130487  -3.591  -52.184  36.224 0.0000000000
131300  -3.430  -51.900  36.291 0.0000000000
50724  -3.123  -51.255  35.689 0.0000000000
128300  -3.425  -52.435  34.512 0.0000000000
49679  -3.170  -51.534  34.837 0.0000000000
50746  -2.756  -50.641  34.816 0.0000000000
51738  -2.620  -49.828  34.482 0.0000000000
52730  -2.872  -49.338  34.082 0.0000000000
51764  -3.221  -49.055  33.345 0.0000000000
117374  -3.786  -48.854  32.921 0.0000000000
46774  -8.687  -54.222  53.535 0.0000000000
46764  -8.166  -54.634  54.317 0.0000000000
46785  -8.302  -54.379  52.667 0.0000000000
46796  -8.527  -54.707  51.630 0.0000000000
45802  -8.675  -55.229  50.003 0.0000000000
37559  -4.725  -63.316  50.720 0.0000000000
39692  -5.115  -62.267  50.498 0.0000000000
37558  -4.303  -63.217  50.054 0.0000000000
121489  -4.094  -62.689  49.027 0.0000000000
125585  -3.127  -64.047  47.672 0.0000000000
38620  -3.537  -63.164  47.874 0.0000000000
38609  -3.918  -62.666  48.307 0.0000000000
39724  -4.260  -62.343  48.069 0.0000000000
39735  -4.116  -62.407  47.576 0.0000000000
39746  -3.984  -62.451  46.850 0.0000000000
125548  -4.302  -62.295  46.049 0.0000000000
38648  -3.190  -62.490  45.392 0.0000000000
38661  -2.323  -62.787  43.954 0.0000000000
37605  -1.958  -63.056  43.537 0.0000000000
38681  -2.798  -63.326  43.095 0.0000000000
37630  -3.044  -63.463  41.797 0.0000000000
139638  -3.259  -64.257  39.902 0.0000000000
55417  -40.148  -45.636  36.986 0.0000000000
56269  -39.539  -45.821  37.683 0.0000000000
51694  -40.708  -48.974  38.123 0.0000000000
53587  -40.449  -47.195  38.954 0.0000000000
54482  -40.421  -46.807  40.523 0.0000000000
54494  -40.317  -46.842  39.768 0.0000000000
127842  -40.096  -46.789  39.048 0.0000000000
55403  -39.675  -46.343  38.515 0.0000000000
55402  -39.286  -46.035  38.641 0.0000000000
55401  -38.761  -45.700  38.724 0.0000000000
120766  -38.016  -45.439  40.156 0.0000000000
55344  -36.675  -45.866  41.729 0.0000000000
55333  -36.988  -45.666  43.036 0.0000000000
55332  -36.323  -45.155  43.100 0.0000000000
56214  -35.982  -44.278  43.188 0.0000000000
50646  -31.855  -49.571  45.657 0.0000000000
50628  -33.258  -50.711  46.965 0.0000000000
138912  -34.150  -50.684  45.125 0.0000000000
49565  -33.575  -50.711  45.602 0.0000000000
49555  -33.054  -50.466  46.164 0.0000000000
49563  -32.316  -49.900  45.124 0.0000000000
49562  -31.654  -49.702  44.981 0.0000000000
49596  -31.470  -51.368  42.820 0.0000000000
48590  -30.905  -52.088  42.186 0.0000000000
48608  -32.128  -52.504  41.802 0.0000000000
48607  -31.370  -52.566  41.622 0.0000000000
75429  -46.925  -24.234  24.357 0.0000000000
76287  -49.444  -23.311  26.630 0.0000000000
77211  -49.838  -22.476  26.457 0.0000000000
68817  -43.781  -32.053  33.432 0.0000000000
66112  -43.480  -34.889  35.322 0.0000000000
67974  -39.616  -32.270  32.309 0.0000000000
67077  -40.444  -33.204  33.381 0.0000000000
67975  -40.406  -32.509  32.816 0.0000000000
67976  -41.040  -32.105  32.687 0.0000000000
68829  -42.801  -31.995  33.251 0.0000000000
44830  -23.130  -55.673  43.208 0.0000000000
44811  -22.913  -56.379  43.297 0.0000000000
44829  -22.924  -56.387  42.628 0.0000000000
42875  -22.126  -58.457  41.165 0.0000000000
43866  -23.216  -58.307  39.818 0.0000000000
43847  -22.529  -58.207  40.562 0.0000000000
42874  -21.562  -58.520  40.808 0.0000000000
43845  -20.521  -57.826  40.793 0.0000000000
43844  -20.145  -57.008  40.333 0.0000000000
43863  -19.469  -56.526  39.728 0.0000000000
43862  -18.840  -55.785  39.765 0.0000000000
55324  -8.760  -45.249  42.878 0.0000000000
54451  -10.323  -46.454  41.620 0.0000000000
53568  -10.120  -47.912  41.023 0.0000000000
50649  -3.281  -50.318  44.475 0.0000000000
51651  -3.127  -49.975  43.724 0.0000000000
50661  -3.027  -50.522  43.533 0.0000000000
49589  -2.614  -51.634  41.994 0.0000000000
49605  -2.682  -51.893  41.100 0.0000000000
48599  -3.108  -52.610  40.805 0.0000000000
48613  -3.579  -52.681  40.130 0.0000000000
49619  -3.075  -52.208  40.278 0.0000000000
119774  -3.539  -52.381  39.627 0.0000000000
48647  -3.821  -52.322  38.399 0.0000000000
48663  -3.932  -52.339  37.598 0.0000000000
45925  -6.084  -54.324  38.638 0.0000000000
46898  -5.562  -53.674  38.330 0.0000000000
45945  -6.169  -54.413  36.677 0.0000000000
46909  -5.627  -53.792  37.314 0.0000000000
46908  -5.058  -53.253  37.960 0.0000000000
47753  -4.637  -52.878  37.506 0.0000000000
47752  -4.329  -52.561  37.028 0.0000000000
47762  -4.020  -52.864  35.919 0.0000000000
46936  -3.968  -53.538  34.971 0.0000000000
46943  -3.793  -54.166  34.197 0.0000000000
139817  -4.401  -54.965  34.366 0.0000000000
45968  -4.127  -55.006  33.803 0.0000000000
46953  -3.775  -54.640  33.463 0.0000000000
45981  -3.854  -55.392  33.036 0.0000000000
42785  -10.931  -59.234  51.303 0.0000000000
41807  -9.867  -59.558  51.433 0.0000000000
125768  -10.119  -60.527  51.606 0.0000000000
40742  -9.372  -60.687  51.652 0.0000000000
40741  -8.504  -60.924  51.868 0.0000000000
39681  -7.135  -61.625  52.209 0.0000000000
126164  -6.516  -62.666  51.828 0.0000000000
37527  -6.122  -62.778  51.306 0.0000000000
36523  -9.453  -64.168  50.030 0.0000000000
36522  -8.514  -64.504  50.258 0.0000000000
36521  -7.636  -64.376  50.756 0.0000000000
35465  -7.503  -65.447  49.501 0.0000000000
36503  -6.981  -64.153  51.144 0.0000000000
35442  -6.314  -64.312  50.855 0.0000000000
36501  -5.793  -63.797  50.969 0.0000000000
36500  -5.333  -63.356  51.018 0.0000000000
36519  -4.388  -63.973  50.191 0.0000000000
135079  -4.282  -64.909  48.498 0.0000000000
34443  -4.184  -65.038  47.898 0.0000000000
33386  -4.330  -66.459  47.164 0.0000000000
34454  -4.127  -65.950  46.775 0.0000000000
122289  -3.978  -65.220  47.153 0.0000000000
34465  -3.236  -65.679  45.781 0.0000000000
33412  -3.113  -66.329  45.308 0.0000000000
134412  -2.224  -67.515  44.385 0.0000000000
65170  -39.421  -35.761  38.608 0.0000000000
64176  -39.270  -35.950  40.461 0.0000000000
56286  -38.607  -45.528  37.057 0.0000000000
116686  -38.091  -45.253  36.299 0.0000000000
56296  -36.586  -44.816  36.532 0.0000000000
119441  -34.914  -38.542  37.010 0.0000000000
134457  -35.354  -38.163  37.642 0.0000000000
63231  -35.750  -37.405  37.902 0.0000000000
63220  -36.164  -37.384  38.722 0.0000000000
121868  -36.372  -36.612  38.113 0.0000000000
64203  -37.085  -35.993  38.111 0.0000000000
48570  -25.478  -52.781  48.216 0.0000000000
47704  -25.162  -53.647  47.959 0.0000000000
46828  -24.635  -54.660  47.677 0.0000000000
46835  -24.566  -54.687  46.652 0.0000000000
45851  -24.161  -54.855  45.679 0.0000000000
45857  -24.019  -54.551  44.905 0.0000000000
52581  -29.537  -48.667  49.458 0.0000000000
51607  -30.562  -48.994  48.312 0.0000000000
51606  -29.597  -48.943  48.253 0.0000000000
51605  -27.974  -49.414  48.091 0.0000000000
133369  -27.568  -49.539  47.387 0.0000000000
50644  -30.195  -49.420  45.437 0.0000000000
50643  -29.300  -49.406  45.310 0.0000000000
50623  -28.652  -49.387  45.745 0.0000000000
50655  -28.020  -49.490  44.330 0.0000000000
50622  -27.683  -49.604  46.020 0.0000000000
51618  -26.897  -49.935  47.243 0.0000000000
49551  -26.117  -50.598  47.110 0.0000000000
121307  -25.529  -51.361  46.624 0.0000000000
128230  -25.216  -52.153  45.583 0.0000000000
128007  -25.285  -52.076  44.876 0.0000000000
48576  -25.219  -52.980  45.220 0.0000000000
47711  -24.964  -53.598  44.863 0.0000000000
46852  -23.888  -54.466  44.215 0.0000000000
45866  -23.435  -54.897  43.729 0.0000000000
45874  -23.041  -55.545  42.547 0.0000000000
45890  -22.924  -55.344  41.676 0.0000000000
45907  -22.863  -55.299  40.749 0.0000000000
79860  -49.685  -19.230  21.358 0.0000000000
79871  -50.287  -18.587  20.864 0.0000000000
80758  -51.899  -17.959  20.472 0.0000000000
51627  -3.753  -49.840  46.069 0.0000000000
50634  -3.423  -49.956  45.886 0.0000000000
50593  -4.486  -50.568  48.892 0.0000000000
50602  -3.339  -50.607  47.500 0.0000000000
50615  -3.340  -50.162  46.462 0.0000000000
49568  -3.237  -51.037  44.237 0.0000000000
48579  -3.127  -52.100  43.279 0.0000000000
47713  -3.275  -53.064  42.963 0.0000000000
48580  -3.269  -52.686  43.831 0.0000000000
123385  -3.473  -53.722  42.209 0.0000000000
46865  -4.443  -54.138  41.503 0.0000000000
45901  -4.986  -54.122  41.169 0.0000000000
46847  -1.823  -54.425  44.514 0.0000000000
45859  -2.275  -55.508  43.322 0.0000000000
45868  -2.908  -55.934  43.220 0.0000000000
43802  -3.154  -56.452  43.102 0.0000000000
45869  -4.095  -55.547  42.956 0.0000000000
45884  -4.945  -54.715  41.983 0.0000000000
45885  -5.507  -54.831  41.568 0.0000000000
44858  -7.883  -56.749  39.757 0.0000000000
43859  -8.037  -57.510  39.197 0.0000000000
42871  -7.720  -57.857  40.012 0.0000000000
42888  -7.795  -58.317  39.025 0.0000000000
42901  -7.337  -58.925  38.293 0.0000000000
42910  -5.928  -59.672  37.685 0.0000000000
41940  -5.659  -60.427  37.557 0.0000000000
71534  -47.585  -27.994  29.539 0.0000000000
72461  -48.120  -27.648  30.319 0.0000000000
121765  -45.513  -32.604  33.861 0.0000000000
68857  -42.689  -31.744  27.238 0.0000000000
69707  -42.987  -30.908  27.594 0.0000000000
68858  -43.323  -31.336  26.970 0.0000000000
68859  -43.780  -30.833  26.717 0.0000000000
68866  -43.716  -30.912  26.205 0.0000000000
69713  -44.257  -30.439  26.544 0.0000000000
69710  -44.960  -30.149  26.936 0.0000000000
40744  -11.358  -60.365  51.695 0.0000000000
39686  -11.482  -60.548  51.114 0.0000000000
38572  -10.894  -61.326  50.329 0.0000000000
37549  -11.006  -61.553  49.815 0.0000000000
42781  -13.766  -58.415  52.928 0.0000000000
41799  -13.808  -58.798  52.336 0.0000000000
128484  -13.555  -59.491  50.270 0.0000000000
40751  -13.073  -59.965  50.337 0.0000000000
39697  -12.431  -60.310  50.531 0.0000000000
38574  -12.122  -60.640  50.012 0.0000000000
38583  -11.702  -61.074  49.538 0.0000000000
37572  -11.230  -61.752  49.123 0.0000000000
37571  -11.055  -62.705  48.898 0.0000000000
36566  -11.826  -63.880  47.882 0.0000000000
36575  -11.928  -64.522  46.917 0.0000000000
37584  -12.657  -63.650  47.471 0.0000000000
36581  -11.322  -65.035  45.729 0.0000000000
36586  -10.620  -64.457  44.850 0.0000000000
43789  -22.607  -57.063  43.523 0.0000000000
42820  -22.246  -57.679  43.701 0.0000000000
43773  -21.972  -57.405  44.383 0.0000000000
43788  -21.490  -57.897  43.379 0.0000000000
43772  -21.593  -57.453  44.139 0.0000000000
43762  -21.602  -56.912  45.189 0.0000000000
45844  -20.614  -55.692  46.701 0.0000000000
44827  -19.062  -55.697  41.842 0.0000000000
44808  -19.293  -55.724  42.752 0.0000000000
45865  -19.573  -55.533  43.593 0.0000000000
116169  -18.335  -54.735  43.193 0.0000000000
45864  -19.061  -54.684  43.926 0.0000000000
45856  -19.769  -55.348  44.436 0.0000000000
129766  -19.783  -55.107  45.378 0.0000000000
45843  -19.949  -55.045  46.290 0.0000000000
45837  -20.709  -55.304  47.712 0.0000000000
46834  -20.417  -54.646  48.485 0.0000000000
46826  -19.627  -53.969  48.821 0.0000000000
46831  -17.471  -53.474  47.721 0.0000000000
46808  -17.844  -53.956  50.769 0.0000000000
44774  -15.334  -55.662  48.046 0.0000000000
122999  -14.791  -56.349  48.085 0.0000000000
44764  -14.426  -56.837  48.465 0.0000000000
116680  -14.250  -57.614  48.023 0.0000000000
117487  -13.779  -59.031  47.913 0.0000000000
133253  -13.581  -59.804  47.283 0.0000000000
43785  -14.336  -57.472  44.620 0.0000000000
42818  -13.928  -58.033  45.196 0.0000000000
41858  -12.997  -58.682  44.516 0.0000000000
42829  -13.530  -58.238  44.908 0.0000000000
41849  -13.459  -58.747  45.404 0.0000000000
40771  -13.456  -60.117  46.456 0.0000000000
39749  -13.439  -60.695  46.589 0.0000000000
38650  -13.717  -61.302  46.117 0.0000000000
38664  -13.479  -62.468  44.950 0.0000000000
133957  -12.941  -62.951  44.628 0.0000000000
39784  -12.995  -61.926  43.473 0.0000000000
119232  -12.439  -62.805  43.952 0.0000000000
37600  -11.655  -63.457  44.180 0.0000000000
124146  -7.481  -45.790  46.453 0.0000000000
55290  -7.706  -45.666  45.776 0.0000000000
52589  -8.369  -48.254  47.700 0.0000000000
53482  -8.338  -47.796  47.357 0.0000000000
119173  -8.764  -48.997  46.332 0.0000000000
134095  -8.714  -48.204  46.308 0.0000000000
53493  -8.378  -47.517  46.650 0.0000000000
54395  -8.255  -46.949  46.092 0.0000000000
54408  -8.394  -46.746  45.484 0.0000000000
123190  -8.502  -46.500  44.776 0.0000000000
54418  -9.102  -46.981  44.353 0.0000000000
128712  -9.926  -47.394  43.041 0.0000000000
52642  -9.637  -48.348  43.505 0.0000000000
116741  -9.222  -48.817  39.751 0.0000000000
51652  -3.568  -49.494  43.501 0.0000000000
51659  -3.511  -49.233  42.502 0.0000000000
51670  -2.767  -49.493  41.364 0.0000000000
51660  -4.199  -48.986  42.822 0.0000000000
52649  -4.667  -48.714  42.119 0.0000000000
123290  -5.466  -49.121  42.083 0.0000000000
51686  -2.593  -49.681  38.755 0.0000000000
133589  -2.484  -48.869  39.139 0.0000000000
52697  -2.954  -49.476  37.858 0.0000000000
133032  -3.089  -48.476  38.742 0.0000000000
53565  -3.267  -48.061  39.961 0.0000000000
53567  -4.076  -48.212  40.460 0.0000000000
52657  -4.992  -48.645  41.279 0.0000000000
51672  -6.081  -49.253  41.220 0.0000000000
137481  -6.854  -49.375  40.905 0.0000000000
52680  -6.869  -49.274  39.484 0.0000000000
52669  -7.572  -49.166  39.804 0.0000000000
138286  -8.254  -49.072  39.506 0.0000000000
52692  -8.921  -48.968  38.586 0.0000000000
52702  -8.614  -49.130  37.944 0.0000000000
51702  -8.407  -49.452  37.384 0.0000000000
51713  -7.747  -49.844  36.876 0.0000000000
124474  -3.878  -55.122  48.994 0.0000000000
43721  -10.957  -57.286  51.223 0.0000000000
138412  -10.515  -56.918  50.899 0.0000000000
44745  -10.081  -56.528  50.492 0.0000000000
43724  -9.785  -57.170  50.066 0.0000000000
127426  -9.619  -55.857  50.202 0.0000000000
45816  -9.069  -55.710  49.731 0.0000000000
45815  -8.231  -55.634  49.323 0.0000000000
39703  -5.334  -61.870  50.388 0.0000000000
40752  -5.651  -61.225  50.095 0.0000000000
41811  -6.551  -60.024  49.803 0.0000000000
42790  -7.665  -57.887  48.894 0.0000000000
44763  -7.963  -56.300  48.790 0.0000000000
45826  -7.414  -55.680  48.852 0.0000000000
45813  -6.710  -55.239  48.929 0.0000000000
45825  -6.172  -55.451  48.397 0.0000000000
43730  -5.922  -56.833  47.787 0.0000000000
44761  -5.722  -55.968  47.855 0.0000000000
45824  -5.307  -55.291  48.315 0.0000000000
45823  -4.394  -55.244  48.327 0.0000000000
45833  -4.105  -55.661  47.770 0.0000000000
44771  -3.878  -56.241  47.219 0.0000000000
43746  -3.884  -57.038  46.104 0.0000000000
43759  -4.436  -57.734  45.883 0.0000000000
43770  -4.442  -58.031  45.151 0.0000000000
124747  -4.732  -58.123  44.737 0.0000000000
42826  -5.596  -58.436  44.616 0.0000000000
39758  -4.765  -61.759  45.443 0.0000000000
40775  -5.308  -61.112  45.408 0.0000000000
40785  -5.607  -60.559  44.718 0.0000000000
40800  -5.903  -59.938  44.199 0.0000000000
130189  -6.160  -59.861  43.377 0.0000000000
42841  -6.436  -58.647  43.220 0.0000000000
41893  -6.167  -60.355  40.653 0.0000000000
40833  -4.601  -61.099  39.840 0.0000000000
40834  -5.124  -60.536  40.134 0.0000000000
41905  -6.138  -60.375  39.600 0.0000000000
41911  -5.467  -60.851  38.162 0.0000000000
40877  -5.577  -60.995  37.610 0.0000000000
39867  -5.729  -61.126  37.569 0.0000000000
32425  -2.650  -67.960  43.958 0.0000000000
118169  -4.143  -70.733  41.025 0.0000000000
30513  -3.974  -69.984  41.648 0.0000000000
32432  -2.570  -68.101  43.102 0.0000000000
33430  -1.980  -67.486  43.661 0.0000000000
33437  -2.264  -67.594  42.579 0.0000000000
34527  -2.510  -66.873  41.863 0.0000000000
119436  -3.191  -66.967  41.149 0.0000000000
124623  -2.913  -66.243  41.122 0.0000000000
120787  -3.070  -66.029  40.215 0.0000000000
35603  -3.051  -65.113  39.763 0.0000000000
35616  -3.212  -65.253  39.169 0.0000000000
32478  -3.918  -68.681  38.070 0.0000000000
140190  -4.009  -67.310  38.203 0.0000000000
35626  -3.597  -65.573  38.641 0.0000000000
36644  -3.500  -64.841  38.876 0.0000000000
36645  -3.859  -64.408  38.841 0.0000000000
37668  -4.225  -63.855  38.782 0.0000000000
37669  -4.619  -63.640  38.552 0.0000000000
35629  -4.654  -65.553  38.182 0.0000000000
36662  -4.967  -64.408  38.289 0.0000000000
120566  -5.034  -62.768  38.517 0.0000000000
38792  -5.797  -62.264  38.161 0.0000000000
38793  -6.875  -62.401  37.462 0.0000000000
127303  -7.515  -62.555  36.287 0.0000000000
37693  -7.704  -63.626  35.514 0.0000000000
36686  -6.654  -64.529  33.781 0.0000000000
29620  -3.886  -71.636  39.370 0.0000000000
31455  -3.720  -69.267  42.147 0.0000000000
32459  -3.773  -67.774  40.178 0.0000000000
32469  -3.942  -68.685  38.869 0.0000000000
33387  -4.591  -66.552  47.793 0.0000000000
34444  -4.373  -65.795  47.593 0.0000000000
35441  -5.626  -64.403  50.692 0.0000000000
35448  -4.269  -64.512  49.527 0.0000000000
35449  -4.683  -64.774  49.993 0.0000000000
35461  -4.064  -64.561  48.891 0.0000000000
35466  -8.546  -65.304  49.309 0.0000000000
35468  -9.883  -64.850  48.186 0.0000000000
35497  -3.446  -64.848  46.879 0.0000000000
35515  -10.334  -65.592  46.502 0.0000000000
35516  -10.711  -65.331  46.355 0.0000000000
35517  -10.981  -65.250  46.075 0.0000000000
35545  -10.044  -65.896  45.066 0.0000000000
35591  -2.929  -65.359  40.584 0.0000000000
35627  -3.884  -65.898  38.334 0.0000000000
36502  -6.477  -63.701  51.244 0.0000000000
36504  -8.091  -63.921  51.016 0.0000000000
36505  -8.940  -63.719  50.667 0.0000000000
36520  -5.025  -64.125  50.731 0.0000000000
36539  -3.674  -64.189  48.632 0.0000000000
36556  -10.313  -64.507  47.654 0.0000000000
36588  -11.749  -64.473  45.305 0.0000000000
36623  -3.077  -64.593  40.369 0.0000000000
36629  -3.340  -64.496  39.333 0.0000000000
37529  -7.243  -63.128  51.910 0.0000000000
37530  -8.180  -63.075  51.710 0.0000000000
37532  -9.798  -62.357  50.850 0.0000000000
37541  -4.699  -62.766  50.529 0.0000000000
37543  -5.555  -62.849  51.074 0.0000000000
37544  -6.025  -63.273  51.111 0.0000000000
37570  -3.855  -63.127  49.296 0.0000000000
37576  -3.345  -63.696  48.083 0.0000000000
37583  -3.146  -63.712  47.407 0.0000000000
37585  -13.169  -62.738  48.162 0.0000000000
37599  -1.797  -63.007  44.590 0.0000000000
37656  -4.055  -63.578  39.043 0.0000000000
37670  -5.382  -63.377  38.333 0.0000000000
38556  -6.146  -62.303  51.508 0.0000000000
38558  -8.635  -62.354  51.823 0.0000000000
38562  -11.321  -60.790  50.638 0.0000000000
38568  -5.182  -62.507  50.789 0.0000000000
38569  -5.768  -62.385  51.116 0.0000000000
38571  -10.364  -61.851  50.516 0.0000000000
38582  -4.780  -62.461  50.245 0.0000000000
38584  -12.432  -60.876  49.223 0.0000000000
38595  -4.418  -62.733  49.819 0.0000000000
38598  -12.807  -61.320  48.632 0.0000000000
38599  -13.054  -61.285  48.483 0.0000000000
38621  -3.754  -62.743  47.702 0.0000000000
38622  -13.436  -62.256  47.736 0.0000000000
38719  -3.294  -63.011  41.161 0.0000000000
38790  -4.581  -62.878  38.783 0.0000000000
39680  -6.449  -61.905  51.938 0.0000000000
39684  -10.454  -61.310  51.124 0.0000000000
39694  -5.936  -61.544  50.964 0.0000000000
39696  -11.838  -60.505  50.778 0.0000000000
39711  -4.916  -62.235  49.071 0.0000000000
39737  -13.271  -61.274  47.255 0.0000000000
39759  -13.739  -61.788  45.358 0.0000000000
39812  -3.856  -62.316  40.670 0.0000000000
39822  -4.444  -61.656  39.636 0.0000000000
39837  -4.706  -61.957  38.930 0.0000000000
39850  -5.174  -61.894  38.515 0.0000000000
39851  -5.595  -61.447  38.043 0.0000000000
39868  -6.233  -61.532  37.555 0.0000000000
40740  -7.606  -61.065  52.030 0.0000000000
40747  -9.095  -60.201  51.705 0.0000000000
40750  -12.716  -59.769  51.038 0.0000000000
40759  -13.450  -60.389  48.807 0.0000000000
40767  -13.480  -60.229  47.001 0.0000000000
40777  -13.621  -60.504  45.994 0.0000000000
40778  -13.440  -59.891  45.911 0.0000000000
40822  -4.726  -61.150  40.546 0.0000000000
40842  -4.802  -61.222  39.265 0.0000000000
40843  -5.133  -60.728  39.370 0.0000000000
40851  -5.307  -60.867  38.683 0.0000000000
40878  -5.816  -60.565  37.361 0.0000000000
41805  -8.060  -59.997  50.782 0.0000000000
41808  -10.533  -59.799  51.820 0.0000000000
41818  -7.155  -59.423  49.487 0.0000000000
41829  -13.618  -59.208  47.245 0.0000000000
41836  -13.470  -59.660  46.803 0.0000000000
41841  -13.588  -58.578  45.821 0.0000000000
41923  -5.478  -60.948  37.930 0.0000000000
41924  -5.597  -60.448  37.833 0.0000000000
42783  -14.027  -58.443  52.107 0.0000000000
42806  -13.804  -58.646  46.839 0.0000000000
42830  -21.257  -58.208  42.701 0.0000000000
42832  -22.161  -58.080  43.265 0.0000000000
42843  -21.038  -58.490  41.972 0.0000000000
42844  -21.651  -58.503  42.275 0.0000000000
42845  -22.226  -58.184  42.683 0.0000000000
42858  -20.921  -58.527  41.176 0.0000000000
42912  -7.597  -58.215  37.253 0.0000000000
42960  -6.172  -58.500  33.592 0.0000000000
43732  -7.499  -57.046  48.544 0.0000000000
43768  -2.121  -57.401  43.474 0.0000000000
43774  -22.451  -56.755  44.467 0.0000000000
43779  -2.134  -56.984  42.664 0.0000000000
43787  -20.969  -57.760  43.173 0.0000000000
43811  -22.545  -57.817  42.220 0.0000000000
43829  -22.836  -57.097  41.954 0.0000000000
44736  -10.734  -56.297  51.207 0.0000000000
44737  -11.285  -56.780  51.707 0.0000000000
44744  -9.460  -56.445  49.772 0.0000000000
44765  -14.698  -56.040  48.816 0.0000000000
44803  -23.231  -55.449  44.757 0.0000000000
44821  -1.885  -56.734  43.374 0.0000000000
44863  -18.651  -55.596  40.350 0.0000000000
44909  -7.930  -56.498  37.053 0.0000000000
45804  -10.114  -55.624  50.800 0.0000000000
45836  -20.182  -54.855  47.030 0.0000000000
45850  -23.527  -54.939  44.458 0.0000000000
45858  -1.660  -55.995  43.459 0.0000000000
45875  -23.326  -54.817  43.177 0.0000000000
45883  -4.663  -54.795  42.208 0.0000000000
45969  -4.488  -55.534  33.963 0.0000000000
46853  -24.459  -54.000  44.388 0.0000000000
46874  -5.206  -53.753  39.958 0.0000000000
46885  -4.612  -53.453  40.256 0.0000000000
46965  -3.595  -54.392  32.781 0.0000000000
47743  -4.350  -52.760  38.929 0.0000000000
47776  -3.569  -52.685  35.052 0.0000000000
47793  -3.695  -53.401  34.623 0.0000000000
48573  -2.756  -52.023  46.216 0.0000000000
48574  -25.181  -52.173  46.206 0.0000000000
48584  -33.336  -51.182  43.280 0.0000000000
48589  -30.397  -51.150  41.571 0.0000000000
48629  -3.712  -52.300  39.085 0.0000000000
48679  -3.691  -52.099  36.892 0.0000000000
48722  -3.282  -52.405  33.490 0.0000000000
49553  -25.431  -51.360  45.931 0.0000000000
49567  -35.402  -51.733  45.839 0.0000000000
49581  -30.381  -50.041  43.076 0.0000000000
49592  -27.046  -50.334  41.906 0.0000000000
49610  -32.592  -51.669  41.544 0.0000000000
49636  -38.794  -50.698  39.722 0.0000000000
49645  -37.249  -51.553  38.745 0.0000000000
50633  -3.276  -50.318  45.547 0.0000000000
50640  -25.825  -50.681  45.503 0.0000000000
50657  -29.935  -49.515  44.664 0.0000000000
50693  -39.307  -50.381  38.959 0.0000000000
50694  -39.702  -49.761  39.314 0.0000000000
50708  -3.288  -51.456  36.438 0.0000000000
50768  -2.727  -50.977  33.542 0.0000000000
50781  -2.743  -50.895  32.795 0.0000000000
50782  -2.904  -50.379  32.329 0.0000000000
51641  -37.831  -50.043  45.510 0.0000000000
51645  -4.387  -49.396  44.747 0.0000000000
51661  -4.999  -49.169  42.893 0.0000000000
51699  -2.989  -50.255  37.112 0.0000000000
51725  -5.524  -49.881  35.843 0.0000000000
51762  -2.583  -50.352  33.982 0.0000000000
51763  -2.691  -49.606  33.607 0.0000000000
52660  -39.948  -48.163  41.472 0.0000000000
52665  -2.836  -48.257  40.469 0.0000000000
52672  -40.422  -48.112  39.703 0.0000000000
52677  -2.900  -48.304  39.355 0.0000000000
52687  -2.715  -49.058  38.474 0.0000000000
52731  -3.370  -49.086  34.269 0.0000000000
52744  -3.847  -48.841  33.679 0.0000000000
53551  -3.753  -48.273  41.253 0.0000000000
53566  -3.485  -48.111  40.622 0.0000000000
53571  -40.492  -46.811  40.312 0.0000000000
53575  -4.288  -48.427  39.804 0.0000000000
53578  -40.654  -47.154  40.155 0.0000000000
53584  -4.049  -48.479  39.037 0.0000000000
53592  -3.223  -48.831  38.161 0.0000000000
53593  -3.702  -48.977  37.989 0.0000000000
53594  -3.989  -48.869  38.240 0.0000000000
53597  -40.589  -47.408  37.989 0.0000000000
53600  -3.433  -49.200  37.733 0.0000000000
53601  -3.700  -49.256  37.332 0.0000000000
54493  -40.257  -46.735  40.114 0.0000000000
54498  -40.287  -46.796  38.293 0.0000000000
55331  -35.702  -44.996  42.653 0.0000000000
55380  -37.569  -45.399  39.586 0.0000000000
55383  -39.568  -46.360  39.495 0.0000000000
55384  -39.966  -46.700  39.326 0.0000000000
55404  -39.961  -46.544  38.400 0.0000000000
55410  -40.380  -46.060  37.210 0.0000000000
56284  -36.627  -45.088  37.352 0.0000000000
57132  -35.789  -43.119  42.936 0.0000000000
57167  -34.130  -43.567  39.681 0.0000000000
58100  -35.560  -41.922  42.051 0.0000000000
59087  -35.449  -41.424  41.705 0.0000000000
68846  -39.566  -31.559  29.943 0.0000000000
116703  -2.710  -50.222  41.991 0.0000000000
117805  -39.000  -50.086  40.605 0.0000000000
118611  -14.759  -57.423  45.212 0.0000000000
119066  -14.042  -58.449  49.311 0.0000000000
121517  -4.595  -66.038  48.261 0.0000000000
121600  -3.515  -48.269  39.269 0.0000000000
121835  -36.436  -45.639  42.481 0.0000000000
121944  -20.485  -57.964  40.064 0.0000000000
122731  -40.081  -49.024  39.245 0.0000000000
123041  -5.761  -60.494  38.871 0.0000000000
123107  -3.194  -65.968  39.524 0.0000000000
123115  -8.078  -49.137  38.484 0.0000000000
123303  -29.419  -49.536  44.206 0.0000000000
123430  -9.102  -54.347  52.871 0.0000000000
123472  -11.875  -59.914  51.972 0.0000000000
124409  -2.491  -67.043  44.705 0.0000000000
124618  -36.893  -51.316  46.302 0.0000000000
124823  -5.109  -61.562  46.214 0.0000000000
125227  -23.517  -56.815  40.303 0.0000000000
125476  -24.901  -52.966  43.658 0.0000000000
126054  -2.964  -64.505  46.673 0.0000000000
126228  -5.481  -49.608  38.498 0.0000000000
126888  -24.617  -53.973  46.291 0.0000000000
127621  -3.775  -48.113  40.166 0.0000000000
127727  -4.065  -52.519  38.402 0.0000000000
128772  -7.031  -65.342  36.854 0.0000000000
129508  -6.619  -59.765  33.470 0.0000000000
130035  -2.518  -63.939  42.339 0.0000000000
130573  -38.394  -49.575  45.063 0.0000000000
130705  -25.225  -51.200  42.568 0.0000000000
131245  -9.890  -61.147  51.455 0.0000000000
132823  -25.241  -52.977  44.657 0.0000000000
133122  -3.195  -66.549  39.996 0.0000000000
133376  -29.582  -49.307  45.757 0.0000000000
133797  -20.896  -58.372  40.505 0.0000000000
133875  -5.180  -61.240  48.006 0.0000000000
134243  -24.131  -53.540  43.369 0.0000000000
134404  -4.994  -56.454  33.853 0.0000000000
134811  -14.354  -57.571  47.347 0.0000000000
135271  -22.521  -57.837  42.739 0.0000000000
135416  -8.323  -58.705  49.856 0.0000000000
135509  -10.318  -65.876  45.659 0.0000000000
135873  -25.494  -52.245  47.628 0.0000000000
137518  -7.666  -50.187  36.177 0.0000000000
138264  -6.303  -61.574  51.534 0.0000000000
138448  -12.598  -59.384  43.576 0.0000000000
138553  -7.435  -63.948  51.293 0.0000000000
138864  -1.511  -55.623  44.031 0.0000000000
138930  -2.691  -48.633  38.894 0.0000000000
139122  -3.272  -52.843  32.496 0.0000000000
139177  -6.867  -59.974  39.461 0.0000000000
139290  -7.847  -59.495  34.261 0.0000000000
140305  -31.309  -52.198  40.831 0.0000000000
