#!ascii label  , from subject sub-v1s12x0050102_ses-1 vox2ras=TkReg
1235
35559  -9.333  -64.254  43.725 0.0000000000
52783  -38.504  -48.793  31.089 0.0000000000
57282  -33.146  -43.653  32.849 0.0000000000
48670  -29.095  -51.837  37.505 0.0000000000
68905  -38.089  -31.214  23.734 0.0000000000
64281  -32.031  -35.774  27.500 0.0000000000
50703  -40.325  -50.365  37.603 0.0000000000
50759  -34.290  -50.279  34.679 0.0000000000
68879  -43.494  -30.977  25.768 0.0000000000
73476  -45.671  -26.123  24.484 0.0000000000
76321  -46.779  -23.295  23.591 0.0000000000
61154  -33.975  -39.361  35.896 0.0000000000
60247  -30.671  -40.167  30.996 0.0000000000
65239  -34.255  -35.123  33.859 0.0000000000
118934  -37.276  -32.780  30.923 0.0000000000
44934  -23.080  -56.250  36.123 0.0000000000
32412  -6.453  -68.333  46.234 0.0000000000
56352  -38.128  -44.016  32.125 0.0000000000
57184  -33.640  -43.887  38.329 0.0000000000
48724  -23.143  -52.106  33.279 0.0000000000
51795  -27.966  -48.766  32.668 0.0000000000
77310  -45.959  -22.574  16.704 0.0000000000
79029  -49.063  -19.808  21.914 0.0000000000
66225  -35.781  -34.555  25.579 0.0000000000
68001  -41.114  -32.330  27.907 0.0000000000
129965  -10.683  -60.626  40.937 0.0000000000
27741  -5.122  -73.262  40.857 0.0000000000
71564  -44.290  -28.311  24.816 0.0000000000
130767  -34.225  -37.188  35.118 0.0000000000
43932  -20.780  -57.965  35.283 0.0000000000
34488  -9.129  -66.891  44.820 0.0000000000
54551  -38.652  -45.792  29.271 0.0000000000
126362  -39.790  -45.898  31.219 0.0000000000
120996  -25.704  -52.317  35.275 0.0000000000
50788  -25.461  -50.737  32.550 0.0000000000
50754  -28.356  -49.864  35.071 0.0000000000
51777  -35.967  -49.795  33.288 0.0000000000
52762  -33.328  -48.752  32.610 0.0000000000
52796  -35.467  -48.972  30.426 0.0000000000
124954  -27.736  -51.414  38.503 0.0000000000
139169  -24.384  -52.097  37.461 0.0000000000
73510  -41.356  -26.573  20.363 0.0000000000
76358  -44.507  -23.305  18.400 0.0000000000
121078  -47.782  -21.065  22.794 0.0000000000
62339  -30.883  -37.610  28.950 0.0000000000
65312  -34.113  -35.388  26.544 0.0000000000
67113  -38.837  -32.712  28.983 0.0000000000
45928  -16.327  -54.620  38.402 0.0000000000
44842  -13.841  -56.110  41.120 0.0000000000
42842  -12.781  -57.924  43.054 0.0000000000
41906  -12.054  -58.911  39.544 0.0000000000
126025  -6.319  -72.465  40.335 0.0000000000
51755  -39.807  -49.998  34.060 0.0000000000
54521  -41.178  -46.530  34.691 0.0000000000
54502  -40.580  -46.924  37.521 0.0000000000
48639  -31.576  -50.741  39.726 0.0000000000
129046  -31.718  -49.145  37.185 0.0000000000
49657  -34.317  -51.131  37.443 0.0000000000
50717  -37.648  -51.276  35.951 0.0000000000
68893  -40.607  -31.160  25.110 0.0000000000
70628  -41.405  -28.621  24.363 0.0000000000
72520  -42.494  -26.596  23.052 0.0000000000
138293  -44.363  -24.571  22.315 0.0000000000
75447  -44.993  -23.689  21.856 0.0000000000
75428  -46.297  -24.663  23.831 0.0000000000
59189  -32.449  -41.284  34.547 0.0000000000
58195  -31.530  -42.248  32.177 0.0000000000
61196  -32.320  -39.221  33.138 0.0000000000
63263  -32.606  -37.403  32.471 0.0000000000
65260  -32.696  -34.864  30.668 0.0000000000
66177  -34.321  -33.933  29.299 0.0000000000
66159  -35.961  -33.542  32.041 0.0000000000
43886  -21.476  -58.400  38.426 0.0000000000
44914  -18.563  -56.325  37.255 0.0000000000
80787  -49.766  -18.719  17.377 0.0000000000
32409  -4.276  -67.576  45.504 0.0000000000
119722  -38.160  -44.463  29.664 0.0000000000
57284  -35.600  -43.818  32.576 0.0000000000
56311  -38.525  -44.502  34.974 0.0000000000
57244  -36.132  -44.353  34.811 0.0000000000
117116  -33.322  -44.062  35.159 0.0000000000
59154  -33.841  -40.762  37.164 0.0000000000
52736  -30.741  -48.605  34.581 0.0000000000
47745  -22.664  -53.299  39.082 0.0000000000
46937  -22.104  -54.141  35.555 0.0000000000
77267  -46.009  -22.270  21.102 0.0000000000
78173  -47.108  -21.120  19.571 0.0000000000
79056  -48.308  -20.114  17.874 0.0000000000
79871  -50.287  -18.587  20.864 0.0000000000
36630  -8.674  -64.913  39.554 0.0000000000
33449  -7.209  -67.468  40.845 0.0000000000
68045  -36.664  -32.865  24.114 0.0000000000
66192  -36.511  -34.421  28.497 0.0000000000
66218  -38.527  -34.171  27.001 0.0000000000
67144  -39.528  -33.361  25.942 0.0000000000
68007  -42.854  -31.949  26.641 0.0000000000
37633  -10.366  -62.563  42.440 0.0000000000
125295  -6.450  -68.773  43.071 0.0000000000
30494  -5.212  -69.878  43.179 0.0000000000
30503  -4.337  -69.906  42.436 0.0000000000
34501  -8.882  -65.910  44.147 0.0000000000
52799  -38.408  -48.246  30.332 0.0000000000
53657  -39.021  -47.389  30.200 0.0000000000
53644  -39.523  -47.497  30.966 0.0000000000
48684  -27.803  -51.950  36.467 0.0000000000
49697  -27.399  -51.072  34.800 0.0000000000
49682  -28.318  -50.750  36.296 0.0000000000
51800  -37.841  -49.825  32.602 0.0000000000
51810  -35.698  -49.393  31.864 0.0000000000
116567  -36.827  -49.147  30.726 0.0000000000
52797  -36.951  -48.666  29.922 0.0000000000
121677  -29.845  -51.945  39.057 0.0000000000
137856  -28.726  -51.246  39.375 0.0000000000
48653  -28.456  -51.731  38.271 0.0000000000
48683  -26.465  -52.333  36.832 0.0000000000
76347  -44.008  -23.975  18.557 0.0000000000
57300  -34.670  -43.777  31.551 0.0000000000
122637  -32.735  -43.444  31.283 0.0000000000
64280  -31.430  -36.423  27.935 0.0000000000
63320  -31.109  -37.102  26.439 0.0000000000
64296  -33.178  -35.549  26.318 0.0000000000
44910  -14.858  -55.531  37.860 0.0000000000
119917  -14.837  -55.271  40.043 0.0000000000
44877  -13.765  -56.104  39.326 0.0000000000
43842  -13.103  -57.112  40.472 0.0000000000
42903  -12.910  -58.080  38.552 0.0000000000
50740  -40.316  -50.466  35.910 0.0000000000
51733  -41.668  -49.110  35.597 0.0000000000
51706  -41.275  -49.289  37.534 0.0000000000
49631  -33.151  -50.823  40.264 0.0000000000
130429  -33.465  -50.030  39.057 0.0000000000
48641  -34.976  -51.110  39.380 0.0000000000
49646  -38.680  -51.085  38.297 0.0000000000
133759  -37.579  -51.416  37.319 0.0000000000
50718  -38.629  -51.189  36.080 0.0000000000
50763  -39.132  -50.526  34.615 0.0000000000
68895  -42.596  -31.189  25.382 0.0000000000
69731  -41.239  -30.315  24.909 0.0000000000
70614  -42.669  -29.599  25.042 0.0000000000
72495  -44.584  -27.260  24.411 0.0000000000
71578  -44.068  -27.559  24.358 0.0000000000
72508  -44.427  -26.599  23.969 0.0000000000
73491  -43.525  -25.867  23.008 0.0000000000
74496  -45.007  -25.351  23.151 0.0000000000
74505  -45.205  -24.858  22.929 0.0000000000
74492  -46.007  -25.301  24.074 0.0000000000
60189  -33.508  -40.133  35.744 0.0000000000
60205  -32.547  -40.045  34.257 0.0000000000
61182  -33.106  -38.851  34.431 0.0000000000
64236  -33.828  -36.025  34.106 0.0000000000
63256  -32.985  -37.423  33.319 0.0000000000
64238  -33.082  -36.485  32.990 0.0000000000
64245  -32.624  -36.188  32.144 0.0000000000
66145  -33.631  -34.461  32.160 0.0000000000
66157  -34.181  -33.884  31.595 0.0000000000
66136  -35.878  -34.459  33.464 0.0000000000
44898  -24.094  -56.100  38.287 0.0000000000
122419  -23.474  -57.957  38.961 0.0000000000
43906  -22.226  -58.347  37.370 0.0000000000
43920  -19.145  -57.345  36.161 0.0000000000
80788  -50.645  -18.087  18.441 0.0000000000
81617  -50.729  -17.636  17.714 0.0000000000
32410  -4.684  -68.096  46.075 0.0000000000
56371  -38.756  -44.564  30.372 0.0000000000
55462  -38.759  -44.878  29.411 0.0000000000
56360  -38.035  -44.066  31.197 0.0000000000
57317  -37.147  -43.894  31.017 0.0000000000
57303  -37.158  -43.799  32.076 0.0000000000
55423  -39.892  -45.836  36.289 0.0000000000
125655  -40.143  -45.392  34.402 0.0000000000
121683  -38.799  -45.325  36.456 0.0000000000
56264  -34.353  -44.568  37.954 0.0000000000
56296  -36.586  -44.816  36.532 0.0000000000
56282  -34.625  -44.560  36.938 0.0000000000
57243  -35.221  -44.271  35.196 0.0000000000
57224  -33.377  -43.696  36.705 0.0000000000
58161  -33.103  -42.931  36.344 0.0000000000
58149  -33.505  -42.383  37.978 0.0000000000
51793  -26.702  -49.719  32.384 0.0000000000
134776  -32.808  -49.593  36.539 0.0000000000
51729  -30.756  -48.790  36.165 0.0000000000
51748  -32.442  -49.276  34.705 0.0000000000
52760  -31.751  -47.665  32.723 0.0000000000
48615  -23.326  -52.457  40.488 0.0000000000
139972  -23.408  -52.134  34.965 0.0000000000
129621  -22.900  -52.927  36.347 0.0000000000
47794  -22.295  -53.301  34.209 0.0000000000
46955  -21.855  -54.010  33.494 0.0000000000
76327  -45.973  -23.497  22.685 0.0000000000
76338  -45.265  -23.195  21.366 0.0000000000
77256  -46.352  -22.635  22.376 0.0000000000
79028  -48.420  -20.406  22.523 0.0000000000
127314  -47.287  -21.018  20.924 0.0000000000
78168  -48.055  -20.517  20.838 0.0000000000
79051  -47.727  -20.551  19.179 0.0000000000
79052  -48.357  -20.155  19.605 0.0000000000
79877  -48.919  -19.706  19.189 0.0000000000
79860  -49.685  -19.230  21.358 0.0000000000
59230  -30.528  -41.045  31.181 0.0000000000
58225  -31.039  -42.807  30.371 0.0000000000
66237  -36.040  -34.245  23.281 0.0000000000
66231  -35.906  -34.147  24.689 0.0000000000
66169  -35.704  -33.488  29.987 0.0000000000
116903  -35.919  -34.169  29.088 0.0000000000
66180  -36.821  -33.505  29.258 0.0000000000
67999  -39.616  -32.651  28.613 0.0000000000
66194  -38.629  -33.847  28.144 0.0000000000
66207  -39.752  -34.085  27.235 0.0000000000
67133  -39.044  -33.786  26.456 0.0000000000
136293  -40.898  -34.018  26.771 0.0000000000
67146  -41.216  -33.377  25.761 0.0000000000
68856  -41.891  -32.049  27.542 0.0000000000
41879  -12.220  -59.335  41.918 0.0000000000
40812  -12.157  -60.540  42.925 0.0000000000
38723  -11.474  -61.782  42.892 0.0000000000
38722  -10.644  -61.739  42.246 0.0000000000
37642  -9.729  -62.914  40.169 0.0000000000
38759  -10.051  -62.077  39.675 0.0000000000
136100  -7.277  -68.960  39.943 0.0000000000
140182  -6.699  -68.417  42.134 0.0000000000
31466  -6.806  -69.414  40.573 0.0000000000
27742  -5.866  -73.572  40.682 0.0000000000
29606  -5.302  -71.520  41.602 0.0000000000
28667  -5.067  -71.362  41.743 0.0000000000
30504  -4.766  -70.276  42.588 0.0000000000
29605  -4.714  -71.323  41.416 0.0000000000
48643  -35.870  -51.869  39.577 0.0000000000
69710  -44.960  -30.149  26.936 0.0000000000
69735  -44.024  -29.876  25.460 0.0000000000
70604  -45.025  -29.447  26.007 0.0000000000
63243  -33.914  -38.057  35.252 0.0000000000
44947  -22.121  -56.692  35.209 0.0000000000
117572  -22.040  -58.193  36.256 0.0000000000
34467  -9.403  -66.596  46.265 0.0000000000
33415  -8.279  -67.560  45.696 0.0000000000
134562  -37.954  -47.432  29.141 0.0000000000
54544  -39.198  -46.269  29.980 0.0000000000
56362  -39.326  -44.760  31.807 0.0000000000
59108  -34.480  -41.402  39.679 0.0000000000
48709  -24.080  -51.957  34.513 0.0000000000
49708  -24.279  -51.397  33.047 0.0000000000
49695  -25.718  -51.730  33.915 0.0000000000
140448  -26.756  -50.456  33.312 0.0000000000
51771  -28.403  -49.164  33.586 0.0000000000
51752  -35.743  -50.104  34.134 0.0000000000
51749  -33.339  -49.490  33.957 0.0000000000
51796  -34.602  -49.290  32.896 0.0000000000
52779  -34.345  -48.885  31.564 0.0000000000
52807  -35.044  -48.666  29.852 0.0000000000
48619  -26.734  -51.278  39.923 0.0000000000
48650  -24.961  -51.638  38.803 0.0000000000
123605  -25.751  -51.917  37.875 0.0000000000
48682  -25.045  -52.367  35.925 0.0000000000
73500  -40.819  -26.890  20.963 0.0000000000
76369  -44.836  -23.225  17.438 0.0000000000
77235  -48.175  -22.178  24.625 0.0000000000
126397  -46.827  -22.351  22.871 0.0000000000
61249  -31.000  -38.898  30.152 0.0000000000
64310  -34.035  -35.932  25.194 0.0000000000
65321  -35.142  -35.097  25.730 0.0000000000
67985  -39.093  -32.278  31.407 0.0000000000
67106  -38.008  -32.762  30.321 0.0000000000
67993  -39.096  -32.106  30.389 0.0000000000
44879  -18.105  -55.179  39.765 0.0000000000
45905  -16.314  -54.245  40.062 0.0000000000
44826  -14.676  -55.908  43.151 0.0000000000
43808  -13.510  -56.982  42.519 0.0000000000
42856  -12.525  -58.602  41.406 0.0000000000
41895  -11.449  -59.488  40.010 0.0000000000
39824  -10.668  -60.842  39.180 0.0000000000
40864  -11.936  -59.931  37.835 0.0000000000
51801  -39.379  -49.361  32.608 0.0000000000
52768  -40.455  -48.038  32.574 0.0000000000
52740  -41.294  -48.100  34.247 0.0000000000
54507  -40.646  -46.641  36.381 0.0000000000
47757  -30.131  -51.689  38.436 0.0000000000
48687  -29.866  -51.018  37.655 0.0000000000
48673  -31.746  -50.134  38.589 0.0000000000
49656  -33.499  -50.454  37.611 0.0000000000
50714  -34.741  -50.794  36.009 0.0000000000
49644  -36.411  -51.740  38.468 0.0000000000
49672  -36.134  -51.291  36.796 0.0000000000
50735  -35.467  -50.540  35.428 0.0000000000
133302  -36.795  -50.666  34.856 0.0000000000
139497  -38.110  -50.434  33.760 0.0000000000
47730  -31.079  -51.702  40.376 0.0000000000
68892  -39.594  -31.042  25.031 0.0000000000
69743  -38.512  -30.669  23.285 0.0000000000
70611  -39.697  -29.708  24.169 0.0000000000
122258  -39.767  -29.016  23.776 0.0000000000
72504  -40.878  -27.599  23.106 0.0000000000
71562  -43.041  -28.778  24.671 0.0000000000
71576  -42.343  -28.063  24.192 0.0000000000
72519  -41.370  -26.990  22.630 0.0000000000
73489  -41.673  -26.323  22.194 0.0000000000
74512  -42.561  -25.088  21.371 0.0000000000
74523  -43.180  -24.493  21.056 0.0000000000
75463  -44.260  -23.657  20.488 0.0000000000
74514  -44.645  -24.150  22.136 0.0000000000
75441  -45.388  -24.419  22.834 0.0000000000
75438  -46.546  -24.023  23.694 0.0000000000
74483  -47.116  -25.177  25.450 0.0000000000
76309  -47.152  -23.521  24.238 0.0000000000
57263  -32.196  -43.420  34.069 0.0000000000
58196  -31.809  -42.939  32.807 0.0000000000
59205  -31.724  -41.919  33.878 0.0000000000
119389  -31.315  -40.696  32.420 0.0000000000
60238  -31.740  -39.840  32.015 0.0000000000
62272  -32.871  -38.380  33.948 0.0000000000
62283  -32.334  -38.729  32.762 0.0000000000
62309  -31.983  -38.427  31.345 0.0000000000
63279  -31.879  -37.664  30.986 0.0000000000
124500  -31.860  -36.271  29.798 0.0000000000
65271  -32.271  -35.582  29.141 0.0000000000
65284  -33.480  -34.624  28.151 0.0000000000
66166  -33.406  -34.111  30.009 0.0000000000
66168  -35.132  -33.426  30.520 0.0000000000
67094  -36.579  -33.194  31.441 0.0000000000
66149  -37.724  -34.010  32.710 0.0000000000
67086  -38.348  -33.671  32.328 0.0000000000
43864  -19.993  -57.430  39.520 0.0000000000
139895  -21.280  -58.352  36.760 0.0000000000
43904  -19.692  -57.449  37.783 0.0000000000
43883  -18.957  -56.060  39.103 0.0000000000
44894  -17.285  -55.128  38.121 0.0000000000
57301  -35.620  -43.785  31.778 0.0000000000
57283  -34.923  -43.793  32.426 0.0000000000
54534  -40.527  -46.500  32.916 0.0000000000
55438  -39.874  -45.070  33.090 0.0000000000
56339  -38.714  -44.297  33.210 0.0000000000
57245  -37.606  -44.208  35.184 0.0000000000
57267  -37.218  -43.845  33.684 0.0000000000
116916  -35.849  -43.975  33.531 0.0000000000
57265  -34.844  -44.058  33.829 0.0000000000
119373  -33.652  -43.961  34.270 0.0000000000
58174  -32.853  -43.271  35.575 0.0000000000
60168  -33.463  -40.890  36.307 0.0000000000
60169  -33.959  -40.059  36.579 0.0000000000
60113  -34.563  -40.608  39.264 0.0000000000
60128  -34.600  -40.015  38.460 0.0000000000
50730  -29.377  -49.414  36.423 0.0000000000
51745  -29.535  -49.070  34.997 0.0000000000
52747  -29.633  -48.278  33.509 0.0000000000
52749  -32.180  -48.341  33.370 0.0000000000
53620  -30.879  -47.493  33.019 0.0000000000
45920  -23.193  -55.443  39.838 0.0000000000
45938  -23.629  -55.060  37.884 0.0000000000
133363  -22.976  -52.614  38.826 0.0000000000
46910  -22.922  -53.982  37.647 0.0000000000
45947  -22.545  -55.250  36.016 0.0000000000
46945  -21.995  -54.977  34.987 0.0000000000
76348  -44.436  -23.371  19.701 0.0000000000
76359  -44.960  -22.833  19.261 0.0000000000
77285  -45.434  -22.355  18.750 0.0000000000
77263  -46.608  -21.999  21.842 0.0000000000
78172  -46.452  -21.586  19.949 0.0000000000
78179  -46.547  -21.445  18.908 0.0000000000
78194  -47.325  -20.866  17.721 0.0000000000
137655  -47.947  -20.660  16.764 0.0000000000
79075  -48.423  -20.472  16.431 0.0000000000
79895  -48.763  -19.745  17.441 0.0000000000
79887  -49.938  -18.534  19.283 0.0000000000
36612  -8.744  -64.695  41.358 0.0000000000
34529  -8.011  -66.003  42.101 0.0000000000
35580  -7.891  -65.801  41.004 0.0000000000
58226  -31.849  -43.102  30.811 0.0000000000
68046  -37.071  -32.333  23.652 0.0000000000
117544  -34.304  -34.838  27.810 0.0000000000
134608  -35.409  -35.017  27.251 0.0000000000
137572  -36.000  -34.735  26.970 0.0000000000
133166  -37.718  -33.480  28.768 0.0000000000
124240  -37.999  -34.293  27.548 0.0000000000
66227  -37.083  -34.197  26.265 0.0000000000
67142  -37.234  -33.455  25.551 0.0000000000
68020  -37.776  -32.731  25.357 0.0000000000
68875  -38.833  -32.228  25.547 0.0000000000
68877  -40.631  -32.224  25.314 0.0000000000
68024  -42.346  -32.400  25.708 0.0000000000
68865  -43.344  -31.423  26.420 0.0000000000
36592  -10.926  -63.829  44.423 0.0000000000
37607  -11.537  -62.786  43.522 0.0000000000
36600  -9.710  -63.610  43.179 0.0000000000
37631  -9.459  -63.751  41.441 0.0000000000
118516  -9.063  -64.358  38.956 0.0000000000
33439  -8.181  -67.117  43.452 0.0000000000
33431  -7.842  -67.850  43.555 0.0000000000
32427  -6.723  -68.485  44.488 0.0000000000
30514  -6.040  -70.240  41.872 0.0000000000
31438  -5.860  -69.139  43.168 0.0000000000
31426  -5.349  -69.181  44.395 0.0000000000
31425  -4.899  -69.144  44.485 0.0000000000
31435  -4.270  -69.030  43.822 0.0000000000
27751  -4.218  -74.139  40.722 0.0000000000
29613  -4.356  -71.641  40.651 0.0000000000
35546  -9.975  -64.904  44.734 0.0000000000
35558  -8.823  -64.969  44.230 0.0000000000
53643  -39.050  -48.108  30.723 0.0000000000
52784  -39.401  -48.329  31.366 0.0000000000
48685  -28.409  -51.985  36.879 0.0000000000
48699  -28.181  -51.626  36.513 0.0000000000
125671  -28.751  -51.749  37.112 0.0000000000
52765  -38.174  -49.409  31.846 0.0000000000
52782  -37.509  -49.250  31.273 0.0000000000
52798  -37.661  -48.776  30.536 0.0000000000
47756  -29.633  -51.773  38.073 0.0000000000
127466  -29.276  -51.819  38.872 0.0000000000
48669  -28.416  -52.001  37.490 0.0000000000
118040  -27.509  -52.114  36.969 0.0000000000
75471  -43.613  -24.581  18.652 0.0000000000
124989  -34.016  -43.701  32.242 0.0000000000
124464  -33.736  -43.759  31.363 0.0000000000
134222  -33.230  -43.580  32.036 0.0000000000
63310  -30.969  -36.968  27.418 0.0000000000
64294  -31.525  -36.354  26.968 0.0000000000
64295  -32.239  -35.860  26.575 0.0000000000
64282  -32.664  -35.334  27.093 0.0000000000
43902  -14.440  -56.415  37.577 0.0000000000
44893  -14.283  -55.808  38.448 0.0000000000
43882  -13.750  -56.578  38.281 0.0000000000
43881  -13.319  -57.362  38.309 0.0000000000
51718  -41.018  -50.215  36.465 0.0000000000
51719  -41.588  -49.508  36.614 0.0000000000
50704  -41.076  -50.070  37.255 0.0000000000
49623  -34.242  -50.457  40.987 0.0000000000
129463  -34.172  -50.510  39.734 0.0000000000
48624  -35.230  -50.946  39.955 0.0000000000
49648  -39.746  -50.569  37.852 0.0000000000
49675  -38.976  -51.171  36.961 0.0000000000
50702  -39.741  -50.775  37.257 0.0000000000
137421  -39.588  -50.868  36.415 0.0000000000
49611  -33.314  -50.982  41.867 0.0000000000
68896  -43.165  -30.936  25.532 0.0000000000
69732  -42.212  -30.421  25.174 0.0000000000
69734  -43.573  -30.379  25.549 0.0000000000
136924  -45.150  -27.037  24.652 0.0000000000
72509  -44.982  -26.229  23.966 0.0000000000
73483  -44.749  -25.856  23.561 0.0000000000
116415  -45.068  -25.605  23.457 0.0000000000
74491  -45.400  -25.566  23.684 0.0000000000
61169  -33.403  -39.426  35.127 0.0000000000
61170  -33.597  -38.890  35.135 0.0000000000
65225  -34.568  -35.454  34.393 0.0000000000
64235  -33.548  -35.686  33.475 0.0000000000
65245  -33.225  -35.405  32.658 0.0000000000
65246  -33.982  -34.819  33.056 0.0000000000
66135  -34.911  -34.516  33.296 0.0000000000
44917  -23.603  -56.408  37.130 0.0000000000
44897  -23.349  -57.391  38.012 0.0000000000
138138  -23.112  -57.595  37.242 0.0000000000
80778  -51.181  -18.003  19.065 0.0000000000
33405  -7.194  -67.964  46.724 0.0000000000
33404  -6.195  -68.098  46.897 0.0000000000
33397  -5.410  -67.691  47.290 0.0000000000
32411  -5.397  -68.301  46.474 0.0000000000
56361  -38.800  -44.459  31.413 0.0000000000
56299  -39.739  -45.422  36.704 0.0000000000
56287  -39.430  -45.421  37.013 0.0000000000
57206  -33.792  -44.127  37.342 0.0000000000
57225  -33.995  -44.242  36.454 0.0000000000
57183  -33.392  -43.314  37.698 0.0000000000
58139  -33.462  -42.890  38.640 0.0000000000
48740  -22.647  -52.864  32.826 0.0000000000
50733  -33.452  -50.323  35.417 0.0000000000
50757  -32.590  -49.663  35.603 0.0000000000
50758  -33.320  -50.003  34.657 0.0000000000
48708  -23.163  -51.962  34.217 0.0000000000
48707  -22.777  -52.550  34.843 0.0000000000
48723  -22.657  -52.596  33.799 0.0000000000
136663  -22.267  -53.260  33.403 0.0000000000
76331  -45.772  -23.184  22.175 0.0000000000
76328  -46.497  -23.046  22.999 0.0000000000
79039  -48.279  -20.386  21.573 0.0000000000
79047  -48.386  -20.194  20.298 0.0000000000
79040  -48.895  -19.941  20.896 0.0000000000
79048  -48.885  -19.684  20.004 0.0000000000
60246  -30.350  -40.614  30.454 0.0000000000
66230  -35.441  -34.903  24.857 0.0000000000
65325  -35.261  -35.286  24.338 0.0000000000
67105  -36.446  -33.142  30.297 0.0000000000
66179  -36.235  -33.668  29.505 0.0000000000
116384  -37.342  -33.015  29.815 0.0000000000
68000  -40.381  -32.545  28.277 0.0000000000
67119  -40.121  -33.269  27.900 0.0000000000
67125  -40.528  -33.889  27.273 0.0000000000
68004  -40.893  -33.219  27.604 0.0000000000
67126  -41.276  -33.646  27.058 0.0000000000
68005  -41.609  -32.928  27.267 0.0000000000
40837  -11.547  -59.628  41.285 0.0000000000
40825  -11.655  -60.003  42.239 0.0000000000
40824  -10.945  -60.164  41.603 0.0000000000
39806  -11.249  -60.876  42.524 0.0000000000
39805  -10.672  -60.941  41.697 0.0000000000
38742  -10.406  -61.527  40.830 0.0000000000
40835  -10.596  -60.675  40.124 0.0000000000
28679  -5.129  -72.123  41.331 0.0000000000
28666  -4.982  -71.764  41.520 0.0000000000
28678  -4.924  -72.661  41.082 0.0000000000
63237  -34.668  -37.258  36.247 0.0000000000
34478  -9.768  -66.391  45.483 0.0000000000
34477  -9.049  -67.025  45.562 0.0000000000
33407  -8.739  -67.172  46.154 0.0000000000
33424  -8.450  -67.386  44.924 0.0000000000
54545  -39.547  -46.600  30.659 0.0000000000
135111  -39.513  -45.747  30.541 0.0000000000
55452  -39.499  -45.018  30.966 0.0000000000
48710  -25.245  -52.161  34.486 0.0000000000
49694  -24.661  -51.738  33.747 0.0000000000
48711  -26.223  -52.040  34.718 0.0000000000
49698  -27.993  -50.546  35.394 0.0000000000
49711  -27.042  -50.799  33.958 0.0000000000
50753  -27.735  -50.380  34.479 0.0000000000
50775  -27.360  -50.180  33.634 0.0000000000
50776  -28.065  -49.780  34.063 0.0000000000
51776  -35.019  -49.660  33.567 0.0000000000
52764  -34.887  -49.213  32.142 0.0000000000
52780  -35.151  -49.082  31.286 0.0000000000
138714  -33.812  -48.467  31.099 0.0000000000
52795  -34.516  -48.717  30.585 0.0000000000
52808  -35.916  -48.598  29.605 0.0000000000
48636  -28.526  -51.326  38.963 0.0000000000
48604  -28.288  -50.839  40.049 0.0000000000
48620  -27.770  -50.974  39.521 0.0000000000
48603  -27.138  -51.195  40.464 0.0000000000
48635  -27.217  -51.267  39.096 0.0000000000
125358  -26.057  -51.526  38.506 0.0000000000
123562  -26.920  -51.639  38.415 0.0000000000
117345  -26.079  -52.344  36.098 0.0000000000
117942  -25.690  -52.419  36.705 0.0000000000
134400  -24.859  -52.304  35.089 0.0000000000
62324  -31.105  -38.091  29.824 0.0000000000
62323  -30.545  -38.546  29.261 0.0000000000
62338  -30.431  -38.389  28.347 0.0000000000
64297  -33.840  -35.691  25.882 0.0000000000
65313  -34.444  -35.490  25.836 0.0000000000
65314  -34.892  -35.259  26.580 0.0000000000
68847  -40.196  -31.181  29.530 0.0000000000
45919  -17.362  -54.730  39.059 0.0000000000
45906  -17.308  -54.540  39.869 0.0000000000
45918  -16.397  -54.398  39.318 0.0000000000
44861  -14.130  -55.708  40.159 0.0000000000
45904  -15.412  -54.821  40.394 0.0000000000
44843  -14.389  -55.691  41.657 0.0000000000
44825  -13.915  -56.434  42.090 0.0000000000
43825  -13.574  -56.954  41.729 0.0000000000
42890  -12.790  -57.779  40.172 0.0000000000
42873  -12.815  -57.866  41.023 0.0000000000
42872  -12.425  -58.380  40.413 0.0000000000
41896  -11.963  -59.109  40.754 0.0000000000
40853  -11.673  -59.715  38.946 0.0000000000
41914  -12.167  -59.181  38.360 0.0000000000
51779  -39.594  -49.705  33.343 0.0000000000
52751  -40.195  -48.953  32.987 0.0000000000
52739  -40.876  -48.951  34.054 0.0000000000
52719  -41.537  -47.710  36.763 0.0000000000
52727  -41.956  -48.023  35.815 0.0000000000
53603  -40.982  -47.029  36.908 0.0000000000
47739  -30.704  -51.096  39.458 0.0000000000
48672  -30.897  -50.707  38.395 0.0000000000
48654  -31.036  -50.746  39.041 0.0000000000
49641  -34.000  -50.469  38.291 0.0000000000
48674  -32.973  -49.925  38.456 0.0000000000
49670  -33.854  -50.985  36.744 0.0000000000
49633  -36.532  -51.923  39.257 0.0000000000
48658  -35.726  -52.075  39.004 0.0000000000
49673  -37.161  -51.348  36.641 0.0000000000
138775  -36.829  -51.424  37.245 0.0000000000
50716  -36.694  -51.099  36.016 0.0000000000
50715  -35.743  -50.906  36.045 0.0000000000
50736  -36.320  -50.711  35.450 0.0000000000
50761  -36.018  -50.323  34.897 0.0000000000
50737  -37.185  -50.981  35.375 0.0000000000
51754  -38.207  -50.674  34.393 0.0000000000
132367  -38.937  -50.256  33.866 0.0000000000
121923  -38.601  -49.934  33.128 0.0000000000
48622  -31.596  -51.817  40.710 0.0000000000
48638  -31.085  -51.177  40.104 0.0000000000
47738  -30.372  -51.407  39.510 0.0000000000
69730  -39.673  -30.451  24.647 0.0000000000
70613  -41.713  -29.505  24.832 0.0000000000
70612  -40.596  -29.306  24.460 0.0000000000
70627  -40.432  -28.352  23.674 0.0000000000
70616  -44.060  -29.199  25.185 0.0000000000
70615  -43.497  -29.566  25.200 0.0000000000
71563  -43.768  -28.571  24.745 0.0000000000
72506  -42.950  -27.206  23.787 0.0000000000
71577  -43.386  -27.839  24.295 0.0000000000
72505  -41.914  -27.382  23.451 0.0000000000
74503  -44.045  -25.149  22.587 0.0000000000
74502  -42.985  -25.306  22.262 0.0000000000
129910  -43.542  -24.680  21.974 0.0000000000
74513  -44.054  -24.180  21.692 0.0000000000
75436  -45.539  -24.755  23.195 0.0000000000
75437  -45.952  -24.418  23.343 0.0000000000
75442  -45.775  -24.151  23.024 0.0000000000
76298  -47.553  -23.759  24.954 0.0000000000
58180  -31.996  -42.731  34.473 0.0000000000
58188  -31.725  -42.926  33.696 0.0000000000
134371  -32.313  -39.745  33.593 0.0000000000
60219  -32.076  -40.675  33.775 0.0000000000
60231  -31.941  -40.040  32.951 0.0000000000
61212  -32.167  -39.198  32.361 0.0000000000
134257  -33.323  -38.318  34.451 0.0000000000
63251  -33.714  -37.667  34.510 0.0000000000
133940  -32.575  -37.879  32.914 0.0000000000
62294  -32.437  -38.198  32.495 0.0000000000
62293  -32.265  -38.633  31.994 0.0000000000
63271  -32.310  -37.999  31.764 0.0000000000
132478  -31.515  -38.208  30.586 0.0000000000
65249  -32.250  -35.835  31.172 0.0000000000
64254  -31.961  -36.627  30.569 0.0000000000
65259  -32.238  -35.672  30.160 0.0000000000
65272  -32.772  -34.853  29.609 0.0000000000
66156  -33.417  -34.180  31.153 0.0000000000
66158  -35.001  -33.525  31.570 0.0000000000
67093  -35.711  -33.214  30.987 0.0000000000
66150  -38.383  -34.237  33.004 0.0000000000
67096  -38.996  -33.130  32.168 0.0000000000
117735  -22.226  -58.329  39.190 0.0000000000
43865  -20.890  -58.162  39.334 0.0000000000
43921  -21.019  -58.129  35.986 0.0000000000
44932  -18.556  -56.726  36.541 0.0000000000
44915  -19.121  -57.066  37.048 0.0000000000
44895  -18.732  -56.139  38.250 0.0000000000
44913  -18.056  -55.636  37.642 0.0000000000
33413  -3.511  -67.081  44.960 0.0000000000
55468  -38.324  -45.153  28.601 0.0000000000
119444  -37.095  -44.218  29.984 0.0000000000
57302  -36.460  -43.803  31.645 0.0000000000
57316  -36.228  -43.982  30.875 0.0000000000
53621  -40.765  -47.325  33.149 0.0000000000
53633  -40.433  -47.191  32.425 0.0000000000
54527  -40.911  -46.552  33.716 0.0000000000
56326  -39.153  -44.767  34.496 0.0000000000
56341  -39.834  -44.978  33.997 0.0000000000
56340  -39.242  -44.708  33.578 0.0000000000
56325  -38.599  -44.346  34.118 0.0000000000
57227  -36.115  -44.468  35.675 0.0000000000
57228  -37.113  -44.495  35.739 0.0000000000
121280  -36.874  -44.238  35.010 0.0000000000
57256  -37.405  -43.969  34.419 0.0000000000
57255  -36.547  -44.055  34.103 0.0000000000
57242  -34.021  -44.220  35.666 0.0000000000
119236  -34.402  -44.150  34.745 0.0000000000
57253  -32.616  -43.558  34.725 0.0000000000
59153  -33.373  -41.745  36.766 0.0000000000
127946  -33.126  -42.011  35.927 0.0000000000
59109  -34.906  -40.904  40.122 0.0000000000
60114  -35.048  -40.246  39.862 0.0000000000
61140  -34.660  -39.518  37.783 0.0000000000
120546  -24.733  -51.133  32.644 0.0000000000
49721  -24.139  -51.381  32.205 0.0000000000
49722  -24.858  -51.213  31.849 0.0000000000
49666  -30.386  -50.281  37.470 0.0000000000
48701  -29.632  -50.421  37.268 0.0000000000
49685  -30.828  -49.648  37.253 0.0000000000
51747  -31.382  -48.762  35.158 0.0000000000
51746  -30.362  -48.776  35.252 0.0000000000
51772  -29.187  -48.853  34.040 0.0000000000
52735  -30.032  -48.678  34.361 0.0000000000
51774  -33.334  -49.143  33.275 0.0000000000
51773  -32.616  -48.998  33.743 0.0000000000
138294  -32.789  -48.714  33.131 0.0000000000
46888  -22.781  -54.301  39.564 0.0000000000
45929  -23.382  -55.128  38.978 0.0000000000
46911  -22.874  -54.148  38.659 0.0000000000
48665  -24.601  -51.900  38.107 0.0000000000
48649  -23.746  -52.061  38.931 0.0000000000
48664  -23.579  -52.416  38.004 0.0000000000
47764  -22.461  -53.488  36.052 0.0000000000
47754  -22.769  -53.415  36.990 0.0000000000
46922  -22.462  -54.263  36.436 0.0000000000
45959  -22.179  -54.807  35.776 0.0000000000
76337  -44.817  -23.404  20.951 0.0000000000
77266  -45.564  -22.638  20.850 0.0000000000
76349  -45.069  -22.934  20.425 0.0000000000
77275  -45.453  -22.413  19.896 0.0000000000
77276  -45.938  -22.062  20.375 0.0000000000
78144  -47.401  -21.778  23.172 0.0000000000
78156  -47.040  -21.704  22.378 0.0000000000
78167  -46.899  -21.313  20.447 0.0000000000
78193  -46.656  -21.367  17.683 0.0000000000
78180  -47.176  -20.950  18.561 0.0000000000
122157  -48.376  -20.128  18.761 0.0000000000
79055  -47.775  -20.492  18.251 0.0000000000
79066  -48.289  -20.206  17.078 0.0000000000
79885  -48.847  -19.689  18.330 0.0000000000
79878  -49.453  -19.110  19.627 0.0000000000
79886  -49.402  -19.156  18.804 0.0000000000
79879  -50.087  -18.468  20.028 0.0000000000
36624  -8.678  -64.715  40.516 0.0000000000
126516  -8.340  -65.133  40.966 0.0000000000
35592  -8.285  -65.358  40.234 0.0000000000
58210  -31.947  -42.937  31.805 0.0000000000
58209  -31.288  -42.469  31.291 0.0000000000
67161  -36.231  -33.687  23.824 0.0000000000
68035  -37.280  -32.399  24.512 0.0000000000
66176  -33.438  -34.243  28.964 0.0000000000
134247  -34.334  -34.393  28.439 0.0000000000
116230  -36.068  -34.697  28.324 0.0000000000
65285  -35.229  -34.918  27.993 0.0000000000
66204  -36.117  -34.893  27.681 0.0000000000
67994  -38.621  -32.469  29.824 0.0000000000
67112  -38.122  -32.882  29.373 0.0000000000
134510  -38.492  -33.230  28.673 0.0000000000
66206  -38.849  -34.191  27.519 0.0000000000
66217  -37.609  -34.382  27.053 0.0000000000
67132  -37.969  -33.727  26.336 0.0000000000
67143  -38.490  -33.187  25.897 0.0000000000
68876  -39.759  -31.734  25.339 0.0000000000
68021  -40.116  -32.763  25.595 0.0000000000
68013  -42.367  -32.538  26.317 0.0000000000
68023  -41.692  -32.789  25.475 0.0000000000
68014  -42.902  -31.921  26.103 0.0000000000
37621  -11.125  -62.331  43.010 0.0000000000
38703  -12.041  -62.223  43.235 0.0000000000
37620  -10.720  -62.739  43.224 0.0000000000
36601  -10.313  -63.139  43.686 0.0000000000
37619  -9.962  -63.013  42.721 0.0000000000
36614  -9.662  -63.699  42.188 0.0000000000
37632  -9.824  -63.017  41.513 0.0000000000
38758  -9.661  -62.865  38.975 0.0000000000
37648  -9.372  -63.606  39.506 0.0000000000
37657  -9.584  -63.778  38.472 0.0000000000
34528  -7.546  -66.638  41.497 0.0000000000
34514  -8.276  -66.181  43.279 0.0000000000
34513  -7.838  -66.835  42.544 0.0000000000
32442  -6.518  -68.776  42.542 0.0000000000
32443  -7.044  -68.010  42.691 0.0000000000
32435  -7.019  -68.361  43.330 0.0000000000
32428  -7.390  -68.181  44.022 0.0000000000
32434  -6.604  -68.555  43.640 0.0000000000
28702  -6.984  -72.453  39.866 0.0000000000
121164  -6.301  -71.215  40.484 0.0000000000
29614  -5.911  -71.830  40.789 0.0000000000
137762  -5.141  -70.330  42.691 0.0000000000
30505  -5.561  -70.074  42.520 0.0000000000
31437  -5.425  -69.370  43.767 0.0000000000
30485  -5.073  -69.557  43.866 0.0000000000
30492  -4.574  -69.706  43.191 0.0000000000
31446  -4.032  -69.132  42.951 0.0000000000
32433  -3.433  -68.458  43.436 0.0000000000
27750  -4.224  -73.638  40.426 0.0000000000
133813  -4.369  -72.353  40.463 0.0000000000
34489  -9.450  -66.272  44.732 0.0000000000
53656  -38.247  -47.794  29.701 0.0000000000
54539  -39.844  -46.798  31.295 0.0000000000
48697  -26.595  -52.029  35.566 0.0000000000
48712  -27.040  -51.656  35.126 0.0000000000
48698  -27.397  -51.708  35.946 0.0000000000
49681  -27.702  -51.251  35.677 0.0000000000
51778  -36.860  -50.035  32.858 0.0000000000
51798  -36.251  -49.621  32.427 0.0000000000
51799  -37.197  -49.582  32.103 0.0000000000
51811  -36.570  -49.415  31.567 0.0000000000
52781  -35.986  -49.239  31.012 0.0000000000
133069  -36.237  -49.005  30.303 0.0000000000
48621  -30.098  -51.373  40.039 0.0000000000
48637  -29.145  -51.607  39.261 0.0000000000
48652  -27.470  -51.936  37.790 0.0000000000
117833  -26.954  -51.998  36.349 0.0000000000
74521  -41.819  -25.932  20.103 0.0000000000
57315  -35.250  -43.973  30.761 0.0000000000
63300  -30.958  -36.996  28.265 0.0000000000
63299  -30.651  -37.648  27.916 0.0000000000
63319  -30.653  -37.755  26.903 0.0000000000
45936  -15.423  -54.967  37.939 0.0000000000
45927  -15.494  -54.910  38.939 0.0000000000
44878  -14.677  -55.439  39.345 0.0000000000
44860  -13.531  -56.350  40.324 0.0000000000
43843  -13.422  -56.750  41.076 0.0000000000
44859  -13.323  -56.699  39.721 0.0000000000
43860  -13.071  -57.434  39.387 0.0000000000
135445  -12.550  -58.655  38.784 0.0000000000
42902  -12.712  -58.719  37.937 0.0000000000
51731  -40.210  -50.198  34.885 0.0000000000
123847  -41.069  -49.516  34.762 0.0000000000
51732  -41.118  -49.981  35.627 0.0000000000
52718  -41.930  -48.573  36.437 0.0000000000
52707  -40.978  -47.643  37.311 0.0000000000
49620  -32.030  -51.012  40.365 0.0000000000
48655  -32.224  -50.152  39.238 0.0000000000
48640  -33.061  -50.519  39.766 0.0000000000
48656  -34.480  -50.546  39.052 0.0000000000
49642  -34.766  -51.308  38.197 0.0000000000
122905  -37.884  -51.353  38.131 0.0000000000
49661  -38.422  -51.261  37.516 0.0000000000
49674  -38.069  -51.391  36.704 0.0000000000
50738  -38.238  -51.055  35.178 0.0000000000
50739  -39.348  -50.757  35.470 0.0000000000
49621  -32.356  -51.338  40.882 0.0000000000
68894  -41.803  -31.331  25.192 0.0000000000
71565  -44.801  -27.992  25.065 0.0000000000
72507  -43.821  -26.956  23.943 0.0000000000
72521  -43.463  -26.540  23.525 0.0000000000
73482  -44.180  -26.169  23.593 0.0000000000
73492  -44.530  -25.561  23.120 0.0000000000
74504  -44.831  -24.878  22.714 0.0000000000
74497  -45.279  -25.210  23.246 0.0000000000
74498  -45.685  -24.991  23.479 0.0000000000
138012  -32.830  -41.203  35.045 0.0000000000
60206  -33.007  -40.322  34.972 0.0000000000
118410  -32.948  -39.500  34.548 0.0000000000
60220  -32.573  -39.251  33.916 0.0000000000
64228  -34.170  -36.501  34.578 0.0000000000
63257  -33.732  -37.130  33.899 0.0000000000
135862  -33.491  -36.599  33.578 0.0000000000
64244  -32.231  -37.001  31.529 0.0000000000
65250  -32.830  -35.056  31.729 0.0000000000
66146  -34.532  -34.145  32.424 0.0000000000
66147  -35.428  -33.955  32.678 0.0000000000
43867  -24.037  -57.534  39.710 0.0000000000
43888  -24.053  -56.916  38.933 0.0000000000
43887  -22.548  -58.231  38.405 0.0000000000
125111  -20.056  -57.770  35.906 0.0000000000
44931  -17.856  -56.287  36.586 0.0000000000
79903  -49.812  -18.889  16.490 0.0000000000
134714  -50.191  -18.196  17.786 0.0000000000
80793  -50.249  -18.033  16.836 0.0000000000
81627  -50.795  -17.230  16.949 0.0000000000
55458  -39.254  -45.259  30.011 0.0000000000
56370  -37.904  -44.129  30.415 0.0000000000
57285  -36.213  -43.753  32.405 0.0000000000
55431  -40.876  -45.980  35.240 0.0000000000
54520  -40.668  -45.883  34.329 0.0000000000
55430  -40.160  -45.731  35.265 0.0000000000
56313  -39.533  -45.423  35.810 0.0000000000
117510  -38.462  -44.898  35.734 0.0000000000
56284  -36.627  -45.088  37.352 0.0000000000
56283  -35.503  -45.003  37.402 0.0000000000
56295  -35.551  -44.691  36.478 0.0000000000
57226  -34.920  -44.401  36.052 0.0000000000
57241  -33.276  -43.855  35.923 0.0000000000
58148  -33.312  -42.602  37.184 0.0000000000
59133  -33.666  -41.563  37.663 0.0000000000
126567  -35.257  -40.015  40.074 0.0000000000
50774  -26.232  -50.218  32.753 0.0000000000
50712  -32.577  -49.075  37.152 0.0000000000
137316  -31.488  -48.911  36.599 0.0000000000
50732  -32.253  -48.916  36.548 0.0000000000
138305  -32.052  -49.029  35.694 0.0000000000
52777  -33.002  -48.212  32.079 0.0000000000
52761  -32.589  -48.197  32.682 0.0000000000
48631  -23.028  -52.462  39.612 0.0000000000
48681  -24.047  -52.324  36.233 0.0000000000
117424  -23.811  -52.360  37.050 0.0000000000
48695  -23.300  -52.469  35.728 0.0000000000
48694  -22.718  -52.928  35.629 0.0000000000
47778  -22.366  -53.398  35.148 0.0000000000
46946  -21.907  -54.074  34.578 0.0000000000
76330  -45.361  -23.528  22.072 0.0000000000
76339  -45.649  -22.900  21.589 0.0000000000
77262  -46.119  -22.478  21.722 0.0000000000
78157  -47.587  -20.821  22.050 0.0000000000
137858  -47.613  -20.766  21.369 0.0000000000
79046  -47.702  -20.694  20.144 0.0000000000
79870  -49.527  -19.142  20.460 0.0000000000
36646  -8.896  -65.160  38.619 0.0000000000
35604  -8.520  -65.816  39.265 0.0000000000
59231  -31.022  -41.653  31.627 0.0000000000
58224  -30.624  -41.976  30.819 0.0000000000
67152  -36.490  -33.432  24.768 0.0000000000
66178  -35.119  -33.808  29.647 0.0000000000
66191  -35.232  -34.414  28.790 0.0000000000
133207  -36.484  -33.987  28.929 0.0000000000
67118  -39.292  -33.419  28.247 0.0000000000
66195  -39.297  -33.933  27.711 0.0000000000
66219  -39.478  -34.159  26.864 0.0000000000
67134  -39.972  -34.027  26.249 0.0000000000
126594  -40.717  -33.879  26.247 0.0000000000
67145  -40.500  -33.539  25.786 0.0000000000
67135  -41.315  -33.595  26.403 0.0000000000
67127  -41.818  -33.132  26.650 0.0000000000
68006  -42.312  -32.513  26.943 0.0000000000
121235  -12.586  -58.503  42.809 0.0000000000
41880  -12.409  -59.212  42.957 0.0000000000
40813  -12.580  -60.034  43.444 0.0000000000
39797  -12.162  -61.394  43.115 0.0000000000
38721  -10.240  -62.266  41.571 0.0000000000
38741  -10.064  -62.367  40.759 0.0000000000
33444  -7.290  -67.390  42.032 0.0000000000
32455  -7.021  -68.471  40.719 0.0000000000
32449  -6.666  -68.808  41.559 0.0000000000
31456  -6.398  -69.551  41.686 0.0000000000
28680  -5.565  -72.657  40.930 0.0000000000
29596  -5.118  -70.764  42.192 0.0000000000
29584  -4.982  -70.374  42.660 0.0000000000
30493  -4.896  -69.908  43.236 0.0000000000
29595  -4.935  -70.899  41.983 0.0000000000
29594  -4.550  -70.566  41.894 0.0000000000
48625  -35.843  -51.303  40.194 0.0000000000
118537  -38.789  -50.876  39.035 0.0000000000
69721  -44.073  -30.390  25.896 0.0000000000
69714  -44.668  -30.014  26.328 0.0000000000
71552  -44.557  -29.046  25.383 0.0000000000
72496  -45.658  -26.846  25.197 0.0000000000
62236  -34.386  -38.922  36.450 0.0000000000
62247  -34.024  -38.704  35.603 0.0000000000
62237  -34.509  -38.176  36.128 0.0000000000
133808  -34.356  -37.521  35.688 0.0000000000
131235  -34.533  -36.388  35.158 0.0000000000
64229  -34.850  -35.632  34.879 0.0000000000
65240  -35.274  -34.851  33.953 0.0000000000
45946  -22.563  -56.164  35.659 0.0000000000
44916  -22.846  -57.538  36.573 0.0000000000
44933  -22.480  -57.245  35.829 0.0000000000
43922  -21.744  -57.738  35.500 0.0000000000
33406  -8.091  -67.638  46.446 0.0000000000
33414  -7.452  -68.086  45.948 0.0000000000
53669  -38.050  -46.637  28.664 0.0000000000
53670  -38.568  -46.905  29.487 0.0000000000
56353  -38.760  -44.392  32.319 0.0000000000
58126  -34.032  -42.510  39.575 0.0000000000
48725  -23.757  -51.719  33.603 0.0000000000
49709  -25.082  -51.120  33.274 0.0000000000
49710  -26.170  -51.000  33.409 0.0000000000
49696  -26.644  -51.467  34.294 0.0000000000
135992  -26.938  -50.042  32.982 0.0000000000
51770  -27.521  -49.529  33.070 0.0000000000
50760  -35.208  -50.256  34.795 0.0000000000
51750  -34.167  -49.904  34.034 0.0000000000
51775  -34.082  -49.463  33.420 0.0000000000
52750  -33.916  -49.117  32.924 0.0000000000
51797  -35.407  -49.474  32.732 0.0000000000
52763  -34.118  -48.998  32.348 0.0000000000
52778  -33.613  -48.542  31.833 0.0000000000
138822  -25.153  -51.597  40.239 0.0000000000
48633  -25.287  -51.518  39.615 0.0000000000
48666  -25.251  -52.051  37.349 0.0000000000
48667  -26.120  -52.460  37.313 0.0000000000
117964  -24.700  -52.169  36.779 0.0000000000
48696  -24.082  -52.193  35.434 0.0000000000
72530  -40.539  -27.321  21.377 0.0000000000
77297  -45.438  -22.512  17.558 0.0000000000
77234  -47.409  -22.729  24.113 0.0000000000
77246  -47.062  -22.520  23.447 0.0000000000
77247  -47.736  -21.911  23.922 0.0000000000
61240  -30.539  -39.841  30.201 0.0000000000
61248  -30.157  -39.476  29.417 0.0000000000
67095  -38.286  -33.053  31.334 0.0000000000
67992  -38.588  -32.536  30.671 0.0000000000
67995  -39.248  -32.189  29.395 0.0000000000
67996  -39.863  -31.887  29.011 0.0000000000
68851  -40.590  -31.660  28.650 0.0000000000
68852  -41.383  -31.438  28.305 0.0000000000
45887  -16.170  -54.459  40.885 0.0000000000
43807  -13.224  -57.509  42.298 0.0000000000
43824  -13.212  -57.390  41.472 0.0000000000
42857  -12.869  -58.097  42.036 0.0000000000
40836  -10.999  -59.943  40.577 0.0000000000
40844  -11.061  -60.156  39.532 0.0000000000
40852  -11.247  -60.493  38.322 0.0000000000
27752  -5.627  -74.255  40.617 0.0000000000
52766  -39.074  -49.132  31.823 0.0000000000
52767  -39.826  -48.612  32.139 0.0000000000
52752  -40.822  -48.265  33.451 0.0000000000
53622  -41.195  -47.350  34.018 0.0000000000
51757  -41.496  -48.550  34.843 0.0000000000
53613  -41.600  -47.388  35.057 0.0000000000
54514  -41.231  -46.482  35.670 0.0000000000
55424  -40.479  -46.196  35.920 0.0000000000
52694  -40.593  -47.918  38.433 0.0000000000
48671  -29.763  -51.555  37.857 0.0000000000
48686  -29.256  -51.508  37.521 0.0000000000
116331  -30.312  -51.240  38.130 0.0000000000
48688  -30.689  -50.646  37.892 0.0000000000
49654  -31.509  -50.243  38.012 0.0000000000
49655  -32.570  -49.834  38.013 0.0000000000
49668  -32.135  -49.585  37.705 0.0000000000
49669  -33.031  -49.818  37.176 0.0000000000
50713  -33.645  -50.542  36.125 0.0000000000
50734  -34.525  -50.522  35.368 0.0000000000
48642  -35.470  -51.740  39.242 0.0000000000
49643  -35.548  -51.702  38.280 0.0000000000
49660  -37.044  -51.427  37.947 0.0000000000
49659  -36.223  -51.488  37.683 0.0000000000
49658  -35.308  -51.394  37.484 0.0000000000
49671  -35.020  -51.117  36.703 0.0000000000
140414  -36.477  -50.423  34.364 0.0000000000
51753  -36.622  -50.300  33.676 0.0000000000
50762  -37.538  -50.853  34.796 0.0000000000
136699  -37.302  -50.620  34.152 0.0000000000
50777  -37.533  -50.301  33.328 0.0000000000
134567  -38.647  -49.542  32.397 0.0000000000
48606  -30.699  -51.936  41.101 0.0000000000
47737  -30.158  -51.562  39.581 0.0000000000
47747  -30.147  -51.890  38.965 0.0000000000
69729  -38.899  -30.867  24.379 0.0000000000
69744  -39.080  -30.214  23.781 0.0000000000
139807  -40.347  -30.152  24.712 0.0000000000
70626  -39.138  -29.479  23.218 0.0000000000
71561  -42.229  -28.886  24.687 0.0000000000
130326  -41.378  -27.953  23.796 0.0000000000
72518  -40.574  -27.398  22.163 0.0000000000
72531  -40.979  -26.834  21.743 0.0000000000
73501  -41.298  -26.238  21.309 0.0000000000
73490  -42.494  -25.906  22.495 0.0000000000
73502  -41.980  -25.659  21.725 0.0000000000
74511  -41.722  -25.639  20.872 0.0000000000
74522  -42.380  -25.206  20.310 0.0000000000
75453  -43.072  -24.566  20.019 0.0000000000
119166  -43.738  -24.092  19.591 0.0000000000
75454  -43.775  -24.014  20.731 0.0000000000
75446  -44.500  -23.772  21.399 0.0000000000
75440  -45.147  -24.227  22.502 0.0000000000
76326  -45.503  -23.868  22.566 0.0000000000
76320  -46.211  -23.778  23.179 0.0000000000
74482  -46.446  -25.627  24.924 0.0000000000
74493  -46.691  -24.897  24.565 0.0000000000
75429  -46.925  -24.234  24.357 0.0000000000
76310  -47.853  -22.997  24.787 0.0000000000
57281  -32.287  -43.409  33.336 0.0000000000
124453  -32.469  -43.343  32.392 0.0000000000
58187  -31.516  -42.162  33.088 0.0000000000
59204  -31.507  -41.172  33.178 0.0000000000
59217  -31.302  -41.447  32.433 0.0000000000
60237  -30.977  -40.461  31.681 0.0000000000
61227  -31.390  -39.610  31.357 0.0000000000
139769  -33.393  -38.624  34.759 0.0000000000
61197  -32.574  -38.759  33.576 0.0000000000
62273  -33.168  -37.882  33.885 0.0000000000
117278  -32.600  -38.203  33.290 0.0000000000
61228  -31.974  -39.102  31.633 0.0000000000
61241  -31.525  -38.881  31.008 0.0000000000
64261  -31.538  -37.215  29.879 0.0000000000
129204  -31.726  -36.318  29.270 0.0000000000
64271  -31.914  -35.963  28.457 0.0000000000
65283  -32.598  -35.161  28.012 0.0000000000
123132  -32.853  -34.789  28.737 0.0000000000
66167  -34.350  -33.686  30.523 0.0000000000
66148  -36.338  -33.996  32.955 0.0000000000
66138  -37.858  -34.690  33.516 0.0000000000
132773  -37.124  -34.144  33.097 0.0000000000
66160  -36.864  -33.654  32.389 0.0000000000
67085  -37.538  -33.422  31.833 0.0000000000
43905  -20.808  -58.302  37.604 0.0000000000
117315  -20.077  -57.851  36.721 0.0000000000
43885  -20.251  -57.845  38.612 0.0000000000
43884  -19.371  -56.909  38.745 0.0000000000
44880  -18.273  -55.395  38.825 0.0000000000
129168  -17.102  -55.764  37.197 0.0000000000
44912  -16.192  -55.129  37.520 0.0000000000
81618  -51.323  -17.485  18.413 0.0000000000
122761  -51.342  -16.978  17.644 0.0000000000
53632  -40.068  -47.592  31.739 0.0000000000
54533  -40.216  -46.385  31.988 0.0000000000
140201  -40.548  -45.994  33.467 0.0000000000
55447  -40.246  -45.718  32.811 0.0000000000
55446  -39.879  -45.248  32.004 0.0000000000
56354  -39.325  -44.719  32.637 0.0000000000
57287  -38.282  -44.008  32.872 0.0000000000
57229  -37.786  -44.664  35.711 0.0000000000
57246  -38.076  -44.386  35.263 0.0000000000
57257  -38.089  -44.069  34.666 0.0000000000
57268  -38.032  -43.920  33.711 0.0000000000
57286  -37.575  -43.831  32.951 0.0000000000
57266  -36.619  -43.763  33.135 0.0000000000
117920  -35.924  -43.797  32.982 0.0000000000
57254  -35.571  -44.208  34.308 0.0000000000
117921  -35.272  -43.906  33.087 0.0000000000
120093  -34.129  -43.798  33.220 0.0000000000
57264  -32.902  -43.778  33.795 0.0000000000
59190  -32.677  -42.201  35.164 0.0000000000
59174  -33.083  -41.079  35.544 0.0000000000
59119  -33.864  -41.637  38.781 0.0000000000
117469  -34.203  -40.710  38.132 0.0000000000
136440  -34.832  -39.933  39.266 0.0000000000
60147  -34.336  -40.072  37.479 0.0000000000
123934  -34.333  -39.493  36.896 0.0000000000
48700  -28.872  -50.981  37.203 0.0000000000
49683  -29.076  -50.141  36.782 0.0000000000
49699  -28.571  -49.899  36.012 0.0000000000
135383  -30.047  -49.028  36.626 0.0000000000
50756  -29.759  -48.891  36.006 0.0000000000
50755  -28.993  -49.332  35.612 0.0000000000
51744  -28.784  -49.381  34.582 0.0000000000
52746  -28.769  -48.508  33.127 0.0000000000
52738  -31.856  -48.692  34.151 0.0000000000
52748  -31.433  -48.070  33.596 0.0000000000
137098  -30.586  -48.154  33.777 0.0000000000
53619  -30.013  -47.591  32.972 0.0000000000
52759  -29.155  -47.889  32.678 0.0000000000
132312  -23.889  -55.995  39.167 0.0000000000
48632  -24.077  -51.836  39.746 0.0000000000
122638  -23.101  -52.779  37.201 0.0000000000
47755  -22.799  -53.090  38.105 0.0000000000
46899  -22.772  -53.574  38.438 0.0000000000
45937  -23.269  -55.113  36.768 0.0000000000
45958  -22.281  -55.581  35.468 0.0000000000
123916  -22.057  -55.885  34.904 0.0000000000
46954  -21.776  -54.858  34.007 0.0000000000
122560  -44.965  -22.799  18.226 0.0000000000
78164  -47.030  -21.265  21.619 0.0000000000
77268  -46.569  -21.718  21.204 0.0000000000
77286  -45.948  -21.910  19.390 0.0000000000
77298  -45.970  -21.867  18.225 0.0000000000
127715  -46.087  -22.001  17.286 0.0000000000
78205  -46.669  -21.898  16.595 0.0000000000
79074  -47.340  -21.098  16.842 0.0000000000
78207  -48.002  -21.067  16.218 0.0000000000
127641  -49.225  -19.411  16.788 0.0000000000
79896  -49.284  -19.194  17.869 0.0000000000
80776  -49.898  -18.554  18.408 0.0000000000
80777  -50.477  -18.278  19.008 0.0000000000
80756  -50.738  -18.255  19.601 0.0000000000
36599  -9.355  -64.242  42.643 0.0000000000
35570  -8.921  -64.813  43.095 0.0000000000
35581  -8.386  -65.290  41.684 0.0000000000
34543  -7.659  -66.625  40.468 0.0000000000
34559  -8.193  -66.812  39.461 0.0000000000
33456  -7.672  -67.320  39.952 0.0000000000
60261  -29.975  -40.586  29.559 0.0000000000
68890  -37.607  -31.790  24.135 0.0000000000
65299  -33.578  -35.085  27.280 0.0000000000
65300  -34.631  -35.157  27.292 0.0000000000
66215  -35.596  -34.844  26.435 0.0000000000
66216  -36.285  -34.509  26.279 0.0000000000
66193  -37.030  -34.028  28.472 0.0000000000
118272  -37.888  -34.150  28.014 0.0000000000
66205  -37.085  -34.739  27.927 0.0000000000
117184  -36.727  -34.650  27.052 0.0000000000
66226  -36.433  -34.014  25.503 0.0000000000
67153  -37.027  -32.920  24.851 0.0000000000
137277  -37.874  -33.261  25.775 0.0000000000
68036  -37.905  -32.042  24.933 0.0000000000
68891  -38.367  -31.505  24.726 0.0000000000
124069  -39.082  -31.400  25.138 0.0000000000
68022  -41.051  -33.004  25.392 0.0000000000
120886  -41.451  -32.257  25.266 0.0000000000
68878  -42.154  -32.032  25.375 0.0000000000
68025  -42.870  -31.570  25.672 0.0000000000
68866  -43.716  -30.912  26.205 0.0000000000
36591  -9.930  -63.761  44.341 0.0000000000
37606  -10.996  -63.041  43.899 0.0000000000
36613  -9.251  -64.240  41.803 0.0000000000
36625  -9.086  -64.178  40.975 0.0000000000
37641  -9.412  -63.604  40.614 0.0000000000
36631  -9.064  -64.233  40.011 0.0000000000
39823  -10.356  -61.306  39.738 0.0000000000
38775  -10.233  -62.305  38.492 0.0000000000
34515  -8.557  -65.410  43.487 0.0000000000
34500  -8.795  -66.674  44.133 0.0000000000
33432  -8.420  -67.260  44.200 0.0000000000
33438  -7.748  -67.530  42.886 0.0000000000
33423  -8.019  -67.778  44.306 0.0000000000
32419  -7.619  -68.014  44.971 0.0000000000
32418  -6.670  -68.439  45.390 0.0000000000
30532  -6.745  -70.913  39.824 0.0000000000
30523  -6.432  -70.375  40.829 0.0000000000
31447  -6.115  -69.378  42.482 0.0000000000
122923  -5.865  -70.998  41.312 0.0000000000
31427  -5.947  -68.880  44.040 0.0000000000
31414  -5.913  -68.792  44.878 0.0000000000
117497  -5.737  -68.683  45.709 0.0000000000
31413  -5.189  -68.900  45.130 0.0000000000
31412  -4.639  -68.490  45.209 0.0000000000
31436  -4.777  -69.453  43.835 0.0000000000
31424  -4.387  -68.724  44.477 0.0000000000
32416  -3.961  -67.932  44.756 0.0000000000
32426  -3.626  -68.278  44.177 0.0000000000
26778  -4.666  -74.174  40.641 0.0000000000
27740  -4.618  -73.529  40.784 0.0000000000
28677  -4.754  -72.146  41.002 0.0000000000
118169  -4.143  -70.733  41.025 0.0000000000
27739  -4.572  -72.919  40.669 0.0000000000
29597  -5.509  -70.725  41.953 0.0000000000
29621  -6.645  -71.778  39.925 0.0000000000
32417  -5.029  -68.619  45.789 0.0000000000
32450  -6.888  -68.059  41.649 0.0000000000
34544  -8.015  -66.033  40.087 0.0000000000
35569  -8.495  -65.383  42.625 0.0000000000
35582  -8.956  -64.814  42.188 0.0000000000
39838  -10.415  -61.554  38.890 0.0000000000
42889  -12.659  -58.222  39.496 0.0000000000
43861  -13.422  -56.822  38.988 0.0000000000
44896  -19.043  -56.765  37.839 0.0000000000
45917  -15.478  -54.819  39.680 0.0000000000
47721  -31.114  -52.262  40.967 0.0000000000
47729  -30.601  -51.578  40.511 0.0000000000
47736  -29.602  -51.715  39.353 0.0000000000
47746  -29.764  -51.916  38.638 0.0000000000
47748  -30.402  -51.516  38.943 0.0000000000
48634  -26.360  -51.299  39.248 0.0000000000
48651  -26.529  -52.029  37.766 0.0000000000
48657  -35.181  -51.650  38.861 0.0000000000
48668  -26.789  -52.198  37.322 0.0000000000
49622  -33.247  -50.879  40.988 0.0000000000
49632  -34.251  -50.592  40.123 0.0000000000
49662  -39.200  -50.950  37.723 0.0000000000
49667  -31.196  -49.947  37.634 0.0000000000
49684  -29.968  -49.620  37.075 0.0000000000
50719  -40.386  -50.498  36.832 0.0000000000
50731  -30.814  -49.234  36.805 0.0000000000
51730  -31.618  -48.836  36.108 0.0000000000
51751  -34.922  -50.039  34.231 0.0000000000
51756  -40.485  -49.677  34.218 0.0000000000
51780  -40.311  -49.424  33.638 0.0000000000
52706  -41.549  -48.506  37.153 0.0000000000
52737  -31.205  -48.509  34.255 0.0000000000
53608  -41.533  -47.033  36.274 0.0000000000
55418  -40.434  -46.097  36.658 0.0000000000
55439  -40.218  -45.471  33.668 0.0000000000
56298  -39.200  -45.260  36.231 0.0000000000
56312  -39.103  -44.926  35.377 0.0000000000
56327  -39.726  -45.110  34.862 0.0000000000
62260  -33.590  -38.494  34.991 0.0000000000
63289  -31.356  -36.709  28.846 0.0000000000
64220  -34.590  -36.748  35.739 0.0000000000
66208  -40.286  -34.174  26.744 0.0000000000
67124  -39.823  -33.719  27.603 0.0000000000
67136  -41.842  -33.079  25.959 0.0000000000
69733  -43.019  -30.394  25.371 0.0000000000
70603  -44.419  -29.782  25.719 0.0000000000
78166  -46.357  -21.783  20.659 0.0000000000
79065  -47.810  -20.557  17.385 0.0000000000
79902  -48.715  -19.967  16.744 0.0000000000
118335  -29.163  -51.872  38.121 0.0000000000
118873  -29.310  -51.321  39.653 0.0000000000
120224  -14.590  -55.409  40.743 0.0000000000
121458  -40.932  -48.306  37.705 0.0000000000
124527  -11.489  -59.523  40.655 0.0000000000
127717  -12.547  -58.746  42.232 0.0000000000
129491  -43.352  -31.436  25.994 0.0000000000
132855  -30.976  -39.403  30.782 0.0000000000
133000  -12.186  -59.840  42.729 0.0000000000
135597  -14.922  -55.340  38.522 0.0000000000
137362  -30.937  -41.045  31.892 0.0000000000
137592  -33.602  -44.090  36.145 0.0000000000
137625  -27.828  -51.082  38.978 0.0000000000
138049  -4.630  -69.160  44.214 0.0000000000
138084  -14.333  -56.027  42.489 0.0000000000
138090  -33.577  -38.197  34.776 0.0000000000
138151  -30.498  -51.281  38.591 0.0000000000
139179  -23.414  -52.616  36.507 0.0000000000
139666  -40.559  -48.917  33.513 0.0000000000
139894  -44.240  -29.538  25.425 0.0000000000
