#!ascii label  , from subject sub-v1s12x0050102_ses-1 vox2ras=TkReg
2076
134145  -42.459  -88.614  -29.359 0.1000000015
13945  -41.806  -88.437  -30.972 0.1000000015
133930  -41.387  -88.478  -32.378 0.1000000015
13961  -40.936  -88.497  -31.457 0.1000000015
13056  -40.119  -88.825  -31.559 0.1000000015
13927  -40.025  -88.424  -29.633 0.1000000015
122401  -38.735  -89.625  -31.236 0.1000000015
13021  -38.435  -88.913  -29.618 0.1000000015
13020  -37.473  -89.125  -29.297 0.1000000015
116474  -37.908  -89.453  -29.960 0.1000000015
13042  -37.156  -89.757  -29.867 0.1000000015
13009  -37.121  -88.617  -28.577 0.1000000015
13019  -36.617  -89.243  -29.311 0.1000000015
13041  -36.401  -89.907  -29.892 0.1000000015
13924  -36.152  -88.563  -29.423 0.1000000015
14892  -36.164  -87.032  -31.174 0.1000000015
12117  -35.830  -89.863  -29.942 0.1000000015
14880  -35.537  -87.902  -30.608 0.1000000015
13923  -35.545  -88.627  -29.967 0.1000000015
127840  -42.196  -88.652  -27.158 0.1000000015
13928  -41.680  -88.451  -29.898 0.1000000015
13913  -42.420  -88.773  -28.159 0.1000000015
13944  -40.872  -88.470  -30.365 0.1000000015
13891  -40.799  -88.202  -27.863 0.1000000015
13911  -40.430  -88.267  -28.726 0.1000000015
133023  -40.876  -88.392  -29.495 0.1000000015
14854  -39.970  -87.911  -27.879 0.1000000015
13926  -39.004  -88.430  -29.178 0.1000000015
13909  -38.524  -88.049  -28.250 0.1000000015
13908  -37.536  -88.085  -28.059 0.1000000015
14850  -36.670  -87.715  -28.462 0.1000000015
18925  -40.426  -83.306  -33.652 0.1000000015
18908  -39.436  -83.291  -32.896 0.1000000015
127909  -38.793  -83.538  -32.227 0.1000000015
17843  -38.293  -84.149  -31.645 0.1000000015
16855  -37.426  -85.393  -31.579 0.1000000015
16845  -37.353  -85.461  -30.624 0.1000000015
15831  -36.827  -86.170  -29.882 0.1000000015
15813  -36.407  -87.118  -29.378 0.1000000015
14881  -36.071  -87.318  -30.242 0.1000000015
14869  -35.936  -87.878  -29.771 0.1000000015
13869  -44.270  -88.720  -25.389 0.1000000015
14807  -43.198  -87.173  -25.323 0.2000000030
14808  -43.975  -87.706  -25.071 0.2000000030
12992  -43.425  -89.003  -26.504 0.1000000015
15772  -42.433  -86.707  -25.575 0.1000000015
14820  -41.730  -87.091  -26.014 0.1000000015
13878  -42.648  -88.491  -26.474 0.1000000015
15771  -41.812  -86.192  -25.698 0.1000000015
135671  -41.062  -88.077  -27.095 0.1000000015
22759  -44.170  -79.208  -31.693 0.1000000015
21810  -46.268  -79.494  -32.895 0.1000000015
14818  -40.243  -86.809  -26.674 0.1000000015
14835  -39.622  -87.257  -27.193 0.1000000015
22765  -45.924  -79.032  -33.260 0.1000000015
21827  -46.445  -80.089  -34.128 0.1000000015
21828  -46.788  -80.632  -34.183 0.1000000015
136211  -44.746  -83.257  -33.923 0.1000000015
19954  -43.963  -83.769  -33.776 0.1000000015
18912  -43.053  -83.417  -32.706 0.1000000015
15784  -39.440  -86.469  -26.885 0.1000000015
14834  -38.753  -86.970  -27.272 0.1000000015
14851  -37.291  -87.452  -27.906 0.1000000015
19971  -45.241  -82.218  -34.091 0.1000000015
19970  -44.000  -82.883  -34.347 0.1000000015
18911  -42.016  -83.107  -32.741 0.1000000015
18892  -41.092  -83.229  -31.834 0.1000000015
18856  -40.368  -83.559  -30.005 0.1000000015
18870  -38.989  -83.715  -30.347 0.1000000015
14833  -38.006  -86.812  -27.496 0.1000000015
15794  -36.837  -86.916  -28.421 0.1000000015
19953  -43.059  -83.110  -33.812 0.1000000015
18910  -41.170  -83.012  -32.840 0.1000000015
124050  -40.277  -83.046  -31.965 0.1000000015
122265  -39.468  -83.365  -31.077 0.1000000015
17827  -37.841  -84.825  -30.093 0.1000000015
128596  -37.352  -85.522  -29.754 0.1000000015
18891  -39.495  -83.191  -31.947 0.1000000015
18890  -38.850  -83.580  -31.315 0.1000000015
15814  -37.166  -86.053  -28.857 0.1000000015
138581  -43.421  -86.521  -25.075 0.1000000015
14799  -44.579  -87.015  -24.538 0.2000000030
13860  -44.762  -88.125  -24.737 0.1000000015
14779  -46.076  -87.945  -23.732 0.2000000030
13862  -46.422  -89.063  -24.055 0.2000000030
15752  -43.628  -85.965  -24.909 0.1000000015
15751  -42.396  -85.758  -25.473 0.1000000015
22751  -42.847  -79.225  -31.047 0.1000000015
122574  -40.979  -86.253  -26.068 0.1000000015
15770  -40.073  -85.894  -26.460 0.1000000015
16786  -39.930  -85.128  -26.556 0.1000000015
21811  -46.678  -80.455  -33.073 0.1000000015
19972  -46.532  -81.619  -34.090 0.1000000015
19955  -45.827  -82.862  -33.703 0.1000000015
15769  -39.352  -85.647  -26.838 0.1000000015
129158  -45.059  -83.785  -33.410 0.1000000015
137907  -44.194  -84.069  -32.683 0.1000000015
18893  -42.078  -83.464  -31.739 0.1000000015
18857  -41.573  -83.758  -29.884 0.1000000015
18843  -39.789  -83.870  -29.099 0.1000000015
17787  -37.983  -84.967  -28.481 0.1000000015
15783  -38.715  -86.230  -27.179 0.1000000015
16834  -37.633  -85.209  -29.077 0.1000000015
16745  -47.353  -85.612  -24.796 0.1000000015
16763  -45.565  -85.201  -25.246 0.1000000015
16744  -46.272  -85.582  -24.620 0.1000000015
127151  -45.987  -86.125  -24.022 0.1000000015
135966  -46.532  -86.617  -23.735 0.2000000030
15723  -45.946  -86.940  -23.727 0.2000000030
15737  -45.262  -86.444  -24.194 0.2000000030
14780  -46.849  -87.459  -23.462 0.2000000030
13844  -46.801  -88.481  -23.475 0.2000000030
16760  -43.147  -85.383  -25.297 0.1000000015
17729  -44.612  -84.995  -25.410 0.1000000015
17727  -42.895  -84.827  -25.745 0.1000000015
17726  -42.085  -84.764  -25.950 0.1000000015
21803  -43.208  -80.053  -30.705 0.1000000015
21805  -45.287  -80.771  -31.511 0.1000000015
20887  -45.580  -81.673  -31.159 0.1000000015
16759  -42.417  -85.144  -25.621 0.1000000015
17748  -40.543  -84.720  -26.592 0.1000000015
23730  -42.396  -78.332  -31.294 0.1000000015
118617  -41.794  -79.262  -30.408 0.1000000015
21809  -45.187  -79.856  -32.059 0.1000000015
20893  -46.309  -81.132  -32.119 0.1000000015
18913  -46.209  -83.577  -32.959 0.1000000015
137385  -45.311  -84.190  -32.725 0.1000000015
18875  -43.896  -84.165  -31.597 0.1000000015
17829  -43.262  -84.348  -30.038 0.1000000015
17791  -41.126  -84.100  -28.273 0.1000000015
17747  -39.942  -84.671  -26.912 0.1000000015
23729  -41.440  -78.144  -30.756 0.1000000015
18894  -43.105  -83.720  -31.689 0.1000000015
18858  -42.532  -83.935  -30.156 0.1000000015
17809  -40.753  -83.861  -29.080 0.1000000015
17790  -40.160  -84.111  -28.251 0.1000000015
17770  -38.877  -84.722  -27.606 0.1000000015
24666  -41.075  -77.146  -30.514 0.1000000015
25674  -41.286  -76.115  -30.988 0.1000000015
119602  -41.171  -76.114  -30.090 0.1000000015
16791  -47.842  -85.252  -27.132 0.1000000015
16764  -46.826  -85.393  -25.748 0.1000000015
16811  -48.707  -85.091  -27.882 0.1000000015
16790  -46.818  -85.297  -26.901 0.1000000015
16746  -48.495  -85.717  -24.898 0.1000000015
15739  -47.853  -86.130  -24.144 0.1000000015
15724  -47.340  -86.693  -23.637 0.2000000030
16809  -47.182  -85.152  -27.913 0.1000000015
17753  -45.332  -84.977  -26.268 0.1000000015
14781  -47.942  -87.470  -23.230 0.2000000030
16808  -46.541  -85.035  -28.447 0.1000000015
17777  -45.194  -84.886  -27.259 0.1000000015
21786  -40.675  -79.737  -28.669 0.1000000015
22744  -41.175  -79.581  -29.511 0.1000000015
21796  -42.024  -80.175  -29.523 0.1000000015
21797  -42.711  -80.448  -29.997 0.1000000015
21798  -43.468  -80.796  -30.193 0.1000000015
20886  -44.469  -81.225  -30.603 0.1000000015
17796  -46.591  -84.625  -29.161 0.1000000015
17795  -45.795  -85.037  -28.951 0.1000000015
17751  -43.575  -84.669  -26.392 0.1000000015
22745  -42.443  -79.886  -30.324 0.1000000015
19920  -45.980  -82.532  -30.838 0.1000000015
129428  -46.423  -83.851  -31.232 0.1000000015
18896  -46.424  -83.743  -32.005 0.1000000015
17793  -43.260  -84.543  -28.295 0.1000000015
121827  -41.838  -84.513  -26.680 0.1000000015
22735  -39.994  -79.078  -28.706 0.1000000015
20888  -46.495  -82.190  -31.871 0.1000000015
17831  -45.284  -84.816  -31.119 0.1000000015
122463  -44.167  -84.812  -29.946 0.1000000015
17812  -43.215  -84.496  -29.199 0.1000000015
17792  -42.219  -84.272  -28.456 0.1000000015
17774  -42.485  -84.453  -27.459 0.1000000015
119204  -40.528  -79.046  -29.412 0.1000000015
23728  -40.741  -78.220  -29.973 0.1000000015
23718  -40.244  -78.250  -29.238 0.1000000015
24658  -40.675  -77.230  -29.694 0.1000000015
136919  -40.905  -75.639  -29.839 0.1000000015
26665  -40.635  -75.419  -29.998 0.1000000015
16765  -48.091  -85.453  -25.847 0.1000000015
16810  -48.077  -85.016  -28.270 0.1000000015
16792  -48.941  -85.399  -27.042 0.1000000015
15740  -49.042  -86.259  -24.205 0.1000000015
16821  -47.322  -84.778  -28.630 0.1000000015
17778  -47.910  -84.453  -28.542 0.1000000015
16767  -50.191  -85.612  -25.805 0.1000000015
18845  -46.883  -83.810  -29.089 0.1000000015
17797  -47.208  -84.345  -28.933 0.1000000015
15726  -49.752  -86.867  -23.658 0.2000000030
21787  -41.421  -80.114  -28.870 0.1000000015
20880  -42.891  -80.971  -29.246 0.1000000015
20881  -43.918  -81.472  -29.672 0.1000000015
17815  -46.294  -84.413  -29.856 0.1000000015
116301  -45.371  -85.045  -29.675 0.1000000015
15727  -50.755  -86.602  -23.669 0.1000000015
15717  -51.014  -86.483  -23.244 0.2000000030
20882  -44.906  -82.014  -30.204 0.1000000015
19910  -45.486  -82.670  -29.723 0.1000000015
17814  -45.755  -84.705  -30.381 0.1000000015
133018  -44.714  -85.021  -29.604 0.1000000015
23710  -39.819  -78.267  -28.530 0.1000000015
24652  -40.335  -77.281  -28.951 0.1000000015
25647  -40.562  -76.147  -28.642 0.1000000015
25662  -40.769  -76.166  -29.435 0.1000000015
26655  -40.628  -75.221  -29.315 0.1000000015
138979  -48.211  -83.439  -27.670 0.1000000015
18812  -48.933  -83.527  -27.428 0.1000000015
18830  -49.285  -84.106  -27.859 0.1000000015
18811  -47.550  -83.272  -27.892 0.1000000015
17779  -48.711  -84.576  -28.246 0.1000000015
17781  -49.946  -84.100  -27.518 0.1000000015
16766  -49.224  -85.543  -25.901 0.1000000015
18829  -47.483  -83.816  -28.576 0.1000000015
17754  -50.115  -84.500  -27.132 0.1000000015
16748  -50.527  -86.001  -25.090 0.1000000015
18844  -46.318  -83.412  -29.119 0.1000000015
18828  -46.773  -83.288  -28.454 0.1000000015
16768  -50.886  -85.455  -25.342 0.1000000015
21772  -40.663  -80.195  -27.716 0.1000000015
118364  -41.248  -80.310  -28.271 0.1000000015
21773  -41.515  -80.715  -27.653 0.1000000015
21774  -42.017  -80.703  -28.470 0.1000000015
20870  -43.627  -81.689  -28.752 0.1000000015
20871  -44.470  -82.162  -29.240 0.1000000015
19911  -45.590  -83.074  -29.003 0.1000000015
15741  -50.283  -86.377  -24.432 0.1000000015
120008  -40.061  -79.612  -28.124 0.1000000015
18859  -46.377  -83.840  -29.776 0.1000000015
16718  -50.915  -86.103  -22.648 0.1000000015
22723  -39.596  -79.040  -27.915 0.1000000015
23709  -39.569  -78.172  -27.911 0.1000000015
24651  -40.019  -77.383  -28.229 0.1000000015
120393  -40.227  -76.678  -27.887 0.1000000015
26626  -40.948  -74.545  -27.850 0.1000000015
26642  -40.745  -74.799  -28.562 0.1000000015
27618  -40.484  -73.652  -28.027 0.1000000015
19883  -48.018  -82.984  -27.019 0.1000000015
123806  -48.812  -83.094  -26.600 0.1000000015
19884  -49.698  -83.205  -26.785 0.1000000015
19882  -46.990  -83.019  -26.925 0.1000000015
18813  -49.880  -83.710  -27.340 0.1000000015
19899  -46.672  -83.070  -27.634 0.1000000015
19881  -45.875  -82.950  -26.727 0.1000000015
18814  -50.884  -83.410  -26.593 0.1000000015
16794  -50.470  -84.948  -26.315 0.1000000015
140421  -45.889  -83.225  -28.515 0.1000000015
18827  -45.813  -83.145  -27.769 0.1000000015
17756  -51.124  -83.793  -26.279 0.1000000015
22724  -39.976  -79.763  -27.404 0.1000000015
20869  -42.793  -81.417  -28.264 0.1000000015
19898  -44.239  -82.347  -28.385 0.1000000015
126214  -45.023  -82.927  -28.144 0.1000000015
17730  -51.043  -84.553  -25.963 0.1000000015
15742  -50.995  -86.146  -24.543 0.1000000015
132998  -39.607  -79.306  -27.066 0.1000000015
126014  -40.407  -80.250  -26.939 0.1000000015
21760  -41.095  -80.741  -26.850 0.1000000015
20860  -42.201  -81.258  -27.638 0.1000000015
138730  -42.814  -81.709  -27.548 0.1000000015
118236  -51.162  -85.548  -24.502 0.1000000015
23698  -39.368  -78.437  -27.145 0.1000000015
25615  -39.540  -76.619  -26.375 0.1000000015
24636  -39.370  -77.476  -26.788 0.1000000015
25598  -40.030  -75.601  -26.157 0.1000000015
118752  -39.977  -76.590  -27.248 0.1000000015
25616  -40.503  -75.565  -27.058 0.1000000015
27619  -40.871  -73.865  -27.818 0.1000000015
26607  -40.813  -74.425  -26.894 0.1000000015
19859  -45.626  -82.785  -25.709 0.1000000015
19860  -46.468  -82.905  -25.957 0.1000000015
19862  -49.312  -82.800  -25.928 0.1000000015
19880  -44.748  -82.746  -25.950 0.1000000015
19863  -50.424  -82.750  -26.197 0.1000000015
20850  -43.300  -82.126  -27.094 0.1000000015
19879  -43.959  -82.516  -26.577 0.1000000015
19864  -51.074  -82.778  -26.308 0.1000000015
22711  -39.937  -79.863  -26.447 0.1000000015
20859  -41.749  -81.199  -27.074 0.1000000015
20861  -43.453  -81.999  -27.924 0.1000000015
133770  -44.132  -82.486  -27.515 0.1000000015
18785  -51.593  -82.888  -25.376 0.1000000015
22710  -39.408  -79.102  -26.336 0.1000000015
17712  -51.288  -84.705  -25.177 0.1000000015
124028  -51.054  -85.564  -23.535 0.1000000015
23688  -39.099  -78.269  -26.277 0.1000000015
137300  -39.121  -77.031  -25.795 0.1000000015
25597  -39.180  -76.476  -25.526 0.1000000015
26593  -39.557  -75.514  -25.408 0.1000000015
26594  -40.440  -74.755  -25.925 0.1000000015
26582  -39.970  -74.597  -25.307 0.1000000015
27575  -40.314  -73.587  -25.407 0.1000000015
27603  -40.593  -73.386  -27.187 0.1000000015
127333  -47.309  -82.964  -26.180 0.1000000015
19861  -48.113  -82.842  -25.785 0.1000000015
19841  -48.721  -82.593  -24.918 0.1000000015
137071  -50.105  -82.330  -25.175 0.1000000015
22698  -40.124  -80.256  -25.640 0.1000000015
20848  -41.649  -81.358  -26.362 0.1000000015
20839  -42.252  -81.852  -25.803 0.1000000015
19858  -43.700  -82.478  -25.657 0.1000000015
23676  -38.957  -78.393  -24.963 0.1000000015
131056  -39.249  -79.055  -24.888 0.1000000015
22697  -39.615  -79.587  -25.438 0.1000000015
21759  -40.537  -80.516  -26.204 0.1000000015
21748  -41.066  -81.005  -26.046 0.1000000015
20849  -42.416  -81.695  -26.822 0.1000000015
18800  -51.333  -83.107  -26.094 0.1000000015
24627  -38.883  -77.493  -25.279 0.1000000015
130675  -38.600  -76.232  -24.170 0.1000000015
139391  -38.958  -76.128  -24.899 0.1000000015
26581  -39.062  -75.397  -24.660 0.1000000015
27574  -39.314  -74.463  -24.488 0.1000000015
117525  -45.098  -82.662  -25.044 0.1000000015
117925  -46.049  -82.662  -24.948 0.1000000015
118194  -47.044  -82.823  -25.274 0.1000000015
19840  -47.687  -82.666  -24.651 0.1000000015
119505  -44.245  -82.590  -25.004 0.1000000015
19878  -43.055  -82.210  -26.225 0.1000000015
24619  -38.691  -77.867  -24.379 0.1000000015
23666  -38.964  -78.836  -24.088 0.1000000015
25582  -38.753  -76.924  -24.679 0.1000000015
26564  -38.625  -75.270  -23.666 0.1000000015
28522  -39.626  -73.486  -24.476 0.1000000015
28501  -39.717  -72.619  -24.481 0.1000000015
19839  -46.784  -82.608  -24.355 0.1000000015
123693  -43.406  -82.433  -24.846 0.1000000015
22683  -39.454  -79.642  -24.415 0.1000000015
21746  -39.950  -80.307  -24.803 0.1000000015
21747  -40.630  -80.895  -25.291 0.1000000015
20838  -41.446  -81.433  -25.520 0.1000000015
19857  -42.886  -82.242  -25.413 0.1000000015
118018  -38.564  -77.191  -23.814 0.1000000015
127765  -38.893  -74.206  -23.633 0.1000000015
28500  -39.157  -73.371  -23.557 0.1000000015
29399  -39.368  -72.469  -23.443 0.1000000015
137236  -44.665  -82.565  -24.450 0.1000000015
19835  -42.601  -82.176  -24.700 0.1000000015
134280  -43.137  -82.363  -24.190 0.1000000015
19836  -43.932  -82.509  -24.153 0.1000000015
22673  -39.320  -79.588  -23.492 0.1000000015
21733  -40.375  -80.899  -24.247 0.1000000015
20824  -41.237  -81.453  -24.538 0.1000000015
20825  -41.977  -81.894  -24.338 0.1000000015
23655  -38.669  -78.081  -23.481 0.1000000015
127441  -38.775  -73.901  -22.975 0.1000000015
28480  -39.052  -73.295  -22.746 0.1000000015
29385  -39.372  -72.567  -22.493 0.1000000015
20804  -41.661  -81.618  -23.569 0.1000000015
21732  -39.773  -80.295  -23.857 0.1000000015
20803  -40.850  -81.233  -23.715 0.1000000015
23642  -38.797  -78.050  -22.539 0.1000000015
25567  -38.542  -76.462  -23.107 0.1000000015
27535  -38.668  -74.632  -22.797 0.1000000015
27536  -38.952  -74.055  -22.292 0.1000000015
29370  -39.871  -72.535  -21.891 0.1000000015
23656  -38.929  -78.874  -23.043 0.1000000015
24607  -38.601  -77.404  -23.067 0.1000000015
25551  -38.700  -76.345  -22.105 0.1000000015
26549  -38.634  -75.557  -22.500 0.1000000015
28481  -39.470  -73.382  -21.975 0.1000000015
125878  -40.146  -73.156  -21.625 0.1000000015
28465  -39.992  -73.886  -21.440 0.1000000015
24597  -38.693  -77.133  -22.372 0.1000000015
26527  -38.899  -75.755  -21.616 0.1000000015
27504  -39.424  -74.349  -21.649 0.1000000015
118449  -39.865  -74.608  -21.203 0.1000000015
13978  -40.746  -88.654  -32.321 0.1000000015
13960  -40.121  -88.619  -30.695 0.1000000015
116572  -39.417  -89.028  -30.965 0.1000000015
13043  -38.637  -89.276  -30.443 0.1000000015
13925  -37.977  -88.534  -28.765 0.1000000015
13892  -41.578  -88.441  -27.578 0.1000000015
13877  -41.758  -88.072  -26.600 0.1000000015
13912  -41.441  -88.446  -28.732 0.1000000015
134998  -40.413  -87.702  -27.156 0.1000000015
13910  -39.516  -88.142  -28.576 0.1000000015
14853  -39.067  -87.625  -27.751 0.1000000015
14852  -38.089  -87.486  -27.666 0.1000000015
18909  -40.339  -83.079  -32.829 0.1000000015
17865  -37.968  -84.712  -32.818 0.1000000015
17842  -37.820  -84.783  -31.129 0.1000000015
17855  -37.856  -84.762  -32.035 0.1000000015
13868  -43.360  -88.340  -25.740 0.1000000015
14806  -42.475  -87.720  -25.890 0.1000000015
14819  -40.997  -87.370  -26.536 0.1000000015
21804  -44.184  -80.393  -31.128 0.1000000015
20900  -47.160  -81.035  -33.828 0.1000000015
18871  -40.241  -83.287  -31.065 0.1000000015
137691  -39.827  -83.164  -31.489 0.1000000015
18872  -41.235  -83.504  -30.868 0.1000000015
18855  -39.504  -83.695  -29.814 0.1000000015
17828  -38.357  -84.179  -30.738 0.1000000015
17808  -38.910  -84.059  -29.271 0.1000000015
15795  -37.463  -86.519  -27.910 0.1000000015
17807  -38.187  -84.595  -29.197 0.1000000015
16819  -37.701  -85.622  -28.197 0.1000000015
15736  -44.449  -85.991  -24.560 0.1000000015
14800  -45.337  -87.455  -24.189 0.2000000030
16762  -44.757  -85.379  -24.814 0.1000000015
16787  -40.692  -85.266  -26.169 0.1000000015
16806  -38.747  -85.427  -27.265 0.1000000015
19956  -46.728  -82.295  -33.463 0.1000000015
18873  -42.278  -83.669  -30.817 0.1000000015
17810  -41.592  -84.031  -29.027 0.1000000015
17789  -39.265  -84.246  -28.310 0.1000000015
16820  -38.249  -85.164  -27.815 0.1000000015
17752  -44.457  -84.777  -26.324 0.1000000015
133718  -41.123  -84.475  -26.816 0.1000000015
22743  -40.996  -78.949  -30.080 0.1000000015
17844  -44.816  -84.424  -31.889 0.1000000015
17830  -44.153  -84.576  -30.867 0.1000000015
17771  -39.635  -84.472  -27.506 0.1000000015
24667  -41.694  -76.836  -31.333 0.1000000015
17780  -49.416  -84.713  -27.666 0.1000000015
118395  -46.115  -85.155  -26.246 0.1000000015
133110  -45.779  -85.107  -28.091 0.1000000015
14782  -49.112  -87.490  -23.116 0.2000000030
17776  -44.323  -84.725  -27.289 0.1000000015
120405  -44.870  -84.996  -28.970 0.1000000015
123340  -44.184  -84.713  -28.195 0.1000000015
17775  -43.423  -84.600  -27.355 0.1000000015
19921  -46.299  -83.329  -30.475 0.1000000015
17813  -45.025  -85.093  -30.276 0.1000000015
125730  -45.980  -84.757  -29.644 0.1000000015
16735  -51.127  -86.163  -23.932 0.1000000015
25631  -40.654  -75.685  -27.894 0.1000000015
26641  -40.479  -74.485  -28.932 0.1000000015
24646  -39.669  -77.446  -27.551 0.1000000015
27629  -40.734  -74.079  -28.333 0.1000000015
128187  -44.903  -82.856  -27.091 0.1000000015
122127  -40.774  -73.847  -26.146 0.1000000015
28523  -40.282  -72.738  -25.442 0.1000000015
129244  -41.976  -81.837  -25.027 0.1000000015
22573  -43.775  -79.151  -16.787 0.5000000000
14680  -45.438  -87.704  -15.769 0.5000000000
15590  -44.633  -86.817  -14.526 0.5000000000
23553  -43.520  -78.404  -16.401 0.5000000000
22588  -44.038  -79.803  -17.169 0.5000000000
21635  -44.261  -80.431  -17.305 0.5000000000
16615  -45.664  -86.913  -14.649 0.5000000000
25418  -43.201  -76.684  -14.356 0.5000000000
24508  -43.241  -77.604  -16.017 0.5000000000
23554  -44.276  -78.752  -15.992 0.5000000000
16636  -46.029  -86.163  -15.252 0.5000000000
23531  -43.975  -78.019  -15.501 0.5000000000
24493  -43.570  -77.342  -14.951 0.5000000000
22554  -44.955  -79.205  -15.511 0.5000000000
121978  -44.777  -78.529  -14.816 0.4000000060
15593  -47.971  -87.993  -14.723 0.5000000000
14683  -48.223  -88.126  -15.008 0.5000000000
15594  -48.943  -87.579  -15.017 0.5000000000
15595  -49.956  -87.064  -14.965 0.5000000000
16600  -51.579  -86.146  -14.493 0.5000000000
16599  -50.657  -86.038  -15.075 0.5000000000
16601  -52.496  -86.071  -13.965 0.4000000060
17576  -53.398  -84.919  -13.488 0.4000000060
16633  -42.022  -85.617  -16.261 0.1000000015
14665  -44.231  -87.365  -15.097 0.5000000000
24507  -42.409  -77.425  -16.229 0.5000000000
23552  -42.723  -78.186  -16.556 0.5000000000
134450  -43.332  -79.609  -17.225 0.5000000000
119459  -43.986  -81.703  -17.447 0.4000000060
16635  -45.047  -86.158  -14.831 0.5000000000
25438  -42.439  -76.320  -15.032 0.5000000000
24492  -42.802  -76.985  -15.495 0.5000000000
26391  -42.752  -75.405  -13.337 0.5000000000
27380  -41.867  -74.236  -12.775 0.5000000000
27381  -42.588  -74.517  -13.125 0.5000000000
25417  -42.814  -75.996  -13.824 0.5000000000
28377  -42.335  -73.842  -12.992 0.4000000060
26392  -43.388  -75.618  -13.366 0.3000000119
24453  -43.897  -77.120  -13.864 0.5000000000
24454  -44.670  -77.377  -13.743 0.4000000060
23532  -45.331  -79.102  -14.632 0.4000000060
117259  -44.007  -76.056  -13.395 0.3000000119
21624  -46.323  -80.834  -16.085 0.6999999881
20726  -46.610  -81.568  -16.601 0.5000000000
27382  -43.360  -74.956  -13.332 0.3000000119
25400  -44.371  -76.657  -13.556 0.3000000119
23501  -45.067  -78.081  -13.914 0.4000000060
21603  -45.965  -80.195  -15.521 0.5000000000
20701  -47.093  -81.201  -15.621 0.6000000238
18701  -46.948  -83.425  -17.127 0.6000000238
17646  -46.497  -84.229  -17.074 0.6000000238
16616  -46.534  -87.123  -14.733 0.5000000000
14681  -47.009  -88.262  -15.000 0.3000000119
27383  -44.002  -75.600  -13.466 0.3000000119
119610  -44.985  -77.033  -13.602 0.3000000119
22537  -46.587  -79.333  -13.877 0.4000000060
19722  -47.659  -82.766  -16.667 0.6000000238
17630  -48.529  -84.592  -16.352 0.6000000238
130369  -47.990  -85.636  -16.038 0.5000000000
16618  -48.420  -86.935  -15.165 0.5000000000
25401  -45.505  -77.063  -13.763 0.4000000060
23515  -46.357  -78.594  -13.759 0.4000000060
20702  -47.525  -80.786  -14.677 0.5000000000
134202  -47.877  -81.540  -15.250 0.5000000000
18681  -48.830  -83.664  -16.219 0.5000000000
129050  -49.191  -86.651  -15.235 0.5000000000
25419  -45.855  -76.795  -14.249 0.4000000060
24475  -46.665  -78.047  -14.023 0.4000000060
22538  -47.184  -79.740  -14.005 0.5000000000
20678  -48.358  -81.112  -14.403 0.5000000000
19707  -49.348  -82.328  -14.700 0.4000000060
17631  -49.357  -84.549  -15.949 0.5000000000
138060  -50.378  -85.227  -15.327 0.5000000000
23533  -47.421  -78.435  -14.534 0.4000000060
22539  -48.472  -80.219  -14.445 0.5000000000
20679  -49.061  -81.589  -14.186 0.5000000000
19708  -50.092  -82.689  -14.617 0.4000000060
17594  -50.957  -84.930  -14.999 0.4000000060
21590  -49.663  -80.746  -14.421 0.5000000000
20680  -50.123  -81.752  -14.228 0.4000000060
129337  -51.670  -83.323  -14.319 0.4000000060
17596  -52.675  -85.098  -13.734 0.4000000060
21591  -50.436  -81.217  -14.525 0.3000000119
20681  -50.861  -81.898  -14.400 0.4000000060
19692  -52.311  -82.874  -14.253 0.3000000119
19693  -53.392  -82.492  -14.127 0.3000000119
18613  -54.344  -83.870  -13.598 0.3000000119
18676  -41.010  -84.054  -15.573 0.1000000015
17643  -41.353  -85.008  -16.953 0.1000000015
18651  -41.457  -84.171  -14.127 0.1000000015
17624  -41.605  -84.755  -15.506 0.1000000015
17592  -42.487  -84.644  -13.849 0.4000000060
16612  -42.775  -85.442  -14.082 0.4000000060
15605  -43.323  -86.311  -14.466 0.4000000060
124289  -43.851  -86.306  -14.262 0.5000000000
16613  -43.397  -85.610  -14.029 0.4000000060
16614  -44.079  -85.766  -14.253 0.5000000000
133004  -41.902  -78.066  -16.538 0.5000000000
22572  -42.180  -78.842  -16.836 0.5000000000
22586  -42.553  -79.740  -17.197 0.5000000000
117561  -43.373  -81.309  -17.365 0.4000000060
17625  -43.879  -84.856  -14.838 0.5000000000
17626  -44.657  -85.218  -15.424 0.5000000000
131221  -41.614  -75.590  -14.638 0.5000000000
25437  -41.565  -76.117  -15.351 0.5000000000
25450  -42.012  -76.748  -15.895 0.5000000000
27391  -41.488  -74.555  -13.225 0.5000000000
26390  -42.224  -74.892  -13.204 0.5000000000
18679  -44.506  -83.801  -16.846 0.6000000238
28376  -41.796  -73.659  -12.761 0.4000000060
28380  -42.588  -73.382  -13.777 0.2000000030
29277  -42.229  -72.587  -14.336 0.2000000030
28378  -42.937  -74.169  -13.428 0.3000000119
27393  -44.097  -75.063  -13.740 0.3000000119
26410  -44.597  -75.684  -13.781 0.4000000060
27401  -43.590  -74.043  -14.846 0.3000000119
28384  -42.771  -72.981  -14.808 0.3000000119
28386  -43.918  -74.073  -15.837 0.4000000060
26430  -45.130  -75.556  -15.516 0.4000000060
27403  -44.522  -74.835  -15.652 0.3000000119
25439  -45.541  -76.186  -14.828 0.4000000060
24494  -47.167  -77.670  -15.102 0.4000000060
23534  -48.149  -78.665  -15.082 0.4000000060
25451  -46.621  -76.297  -16.274 0.3000000119
23555  -48.547  -78.270  -15.834 0.3000000119
22558  -49.069  -79.633  -15.036 0.4000000060
23556  -49.296  -78.241  -16.144 0.3000000119
22559  -50.535  -79.632  -15.745 0.3000000119
20704  -51.373  -81.493  -14.777 0.4000000060
20682  -52.095  -82.124  -14.589 0.3000000119
120968  -50.214  -78.199  -16.369 0.2000000030
125613  -50.763  -78.840  -16.248 0.2000000030
125597  -52.291  -80.528  -15.590 0.3000000119
126636  -53.183  -81.823  -14.632 0.3000000119
129048  -51.106  -77.985  -16.489 0.1000000015
22561  -52.737  -79.974  -15.903 0.2000000030
20705  -52.436  -81.286  -15.152 0.4000000060
25458  -53.861  -76.464  -16.480 0.1000000015
17607  -42.106  -84.785  -14.190 0.1000000015
17591  -41.992  -84.338  -13.716 0.2000000030
18629  -42.223  -84.164  -13.666 0.5000000000
17593  -42.775  -84.534  -13.833 0.4000000060
17608  -43.334  -85.069  -13.913 0.4000000060
129448  -41.190  -77.978  -16.534 0.5000000000
21633  -41.577  -79.491  -16.853 0.4000000060
21620  -41.842  -80.248  -16.962 0.4000000060
20738  -42.750  -81.753  -17.118 0.4000000060
19720  -43.300  -83.076  -16.577 0.5000000000
18653  -43.223  -84.296  -14.450 0.5000000000
26427  -40.931  -75.579  -15.012 0.5000000000
25449  -41.150  -76.728  -16.101 0.5000000000
24506  -41.582  -77.362  -16.352 0.4000000060
140241  -44.343  -84.469  -16.067 0.4000000060
29264  -40.781  -73.251  -12.431 0.4000000060
27364  -41.035  -74.174  -12.917 0.4000000060
26408  -41.351  -75.053  -14.067 0.5000000000
29272  -40.936  -72.596  -12.700 0.4000000060
28365  -41.268  -73.766  -12.630 0.5000000000
29273  -41.391  -73.190  -12.729 0.4000000060
30168  -40.460  -71.843  -12.755 0.3000000119
30176  -41.013  -71.855  -13.344 0.3000000119
29276  -41.582  -72.010  -14.013 0.3000000119
30178  -41.012  -71.153  -14.081 0.2000000030
134382  -42.457  -72.342  -15.138 0.2000000030
31114  -40.962  -70.366  -14.627 0.1000000015
30183  -41.969  -71.072  -15.564 0.3000000119
31118  -42.152  -70.244  -15.983 0.1000000015
135985  -42.452  -71.782  -15.719 0.3000000119
138719  -43.664  -73.453  -16.277 0.3000000119
30184  -42.530  -71.072  -16.275 0.2000000030
29288  -42.979  -71.862  -16.431 0.2000000030
28396  -44.094  -73.545  -16.906 0.2000000030
26441  -45.580  -75.494  -16.451 0.2000000030
25452  -47.414  -76.542  -16.578 0.2000000030
27431  -45.681  -73.854  -17.393 0.2000000030
26443  -47.286  -75.715  -17.068 0.2000000030
129198  -48.097  -76.814  -16.766 0.2000000030
27432  -46.445  -74.241  -17.445 0.2000000030
26459  -48.124  -75.426  -17.350 0.1000000015
24511  -49.803  -77.522  -16.591 0.2000000030
122583  -49.058  -74.019  -17.485 0.1000000015
25467  -49.501  -76.129  -17.189 0.1000000015
24513  -51.348  -77.116  -16.646 0.1000000015
129677  -52.010  -77.731  -16.442 0.1000000015
121217  -50.225  -74.815  -17.325 0.1000000015
26445  -51.699  -75.882  -16.882 0.1000000015
24514  -52.303  -76.961  -16.518 0.1000000015
125785  -52.252  -75.531  -16.952 0.1000000015
25457  -52.687  -76.177  -16.676 0.1000000015
26446  -53.559  -75.805  -16.661 0.1000000015
26465  -54.876  -75.167  -16.871 0.1000000015
18628  -41.665  -83.799  -13.637 0.3000000119
19688  -41.961  -83.570  -13.669 0.3000000119
21586  -39.996  -81.392  -13.739 0.3000000119
20699  -40.657  -81.793  -13.781 0.3000000119
19705  -41.790  -82.920  -13.939 0.3000000119
129866  -42.352  -83.117  -14.635 0.3000000119
22553  -40.033  -79.947  -16.040 0.3000000119
20722  -41.056  -81.320  -15.287 0.3000000119
18677  -42.967  -83.467  -15.417 0.5000000000
24503  -39.080  -77.603  -16.308 0.4000000060
22571  -40.676  -79.321  -16.537 0.5000000000
129049  -41.619  -81.031  -16.492 0.4000000060
20724  -42.102  -81.724  -16.492 0.4000000060
19719  -42.616  -82.569  -16.314 0.5000000000
28374  -39.466  -73.695  -12.810 0.4000000060
27389  -39.668  -74.613  -14.211 0.4000000060
25436  -40.625  -76.220  -15.651 0.5000000000
25448  -40.252  -76.853  -16.207 0.5000000000
30152  -38.795  -71.418  -11.167 0.4000000060
29262  -39.670  -72.506  -11.806 0.4000000060
28375  -40.525  -73.645  -12.662 0.4000000060
27379  -40.044  -74.097  -13.362 0.5000000000
128025  -39.480  -71.137  -12.243 0.4000000060
30167  -39.891  -71.834  -12.224 0.4000000060
31078  -39.053  -70.818  -11.788 0.4000000060
31095  -38.829  -69.849  -11.911 0.3000000119
31097  -39.847  -70.929  -12.912 0.3000000119
31108  -39.554  -69.899  -13.160 0.3000000119
31109  -40.109  -70.234  -13.649 0.3000000119
32134  -39.433  -69.124  -13.163 0.3000000119
133455  -40.365  -68.961  -14.375 0.1000000015
32141  -40.939  -69.334  -14.985 0.1000000015
32143  -41.706  -69.392  -15.722 0.1000000015
29289  -43.561  -71.897  -17.081 0.2000000030
32155  -42.350  -69.429  -16.365 0.1000000015
31127  -42.785  -70.266  -16.736 0.1000000015
29290  -44.125  -72.566  -17.247 0.2000000030
30193  -43.848  -71.120  -17.373 0.2000000030
29309  -44.837  -72.143  -17.531 0.2000000030
128675  -46.598  -73.405  -17.626 0.1000000015
29310  -46.442  -72.629  -17.665 0.1000000015
28415  -48.139  -74.018  -17.585 0.1000000015
126987  -48.638  -73.180  -17.654 0.1000000015
121134  -49.866  -74.130  -17.467 0.1000000015
26462  -51.614  -75.192  -17.181 0.1000000015
28417  -50.350  -73.658  -17.557 0.1000000015
122002  -51.711  -74.431  -17.403 0.1000000015
123117  -53.176  -74.549  -17.226 0.1000000015
124518  -52.804  -73.685  -17.479 0.1000000015
123116  -54.248  -74.488  -17.173 0.1000000015
123311  -55.438  -73.366  -17.601 0.1000000015
27440  -56.232  -74.102  -17.727 0.1000000015
28422  -56.817  -74.061  -18.256 0.1000000015
129957  -57.194  -73.571  -19.261 0.1000000015
21585  -39.260  -80.938  -13.807 0.3000000119
20675  -39.565  -81.887  -13.345 0.2000000030
22535  -38.850  -80.025  -14.587 0.3000000119
22552  -39.182  -79.399  -15.698 0.4000000060
23530  -38.532  -78.673  -15.872 0.3000000119
27363  -38.344  -74.052  -12.875 0.3000000119
27378  -38.984  -74.277  -13.645 0.3000000119
27388  -38.720  -74.897  -14.392 0.4000000060
25434  -38.999  -76.566  -15.772 0.4000000060
24491  -37.827  -77.653  -15.284 0.3000000119
29242  -38.512  -72.061  -10.653 0.3000000119
28363  -38.982  -73.337  -12.184 0.3000000119
25416  -38.113  -76.208  -14.858 0.4000000060
25433  -38.275  -76.924  -15.515 0.4000000060
32090  -38.130  -69.706  -9.917 0.3000000119
31077  -38.584  -70.416  -11.165 0.3000000119
32072  -38.566  -69.194  -9.688 0.3000000119
32106  -38.654  -69.384  -11.147 0.3000000119
33077  -38.847  -68.830  -10.494 0.3000000119
32124  -39.149  -69.456  -12.616 0.3000000119
125653  -39.164  -68.295  -12.229 0.3000000119
34136  -39.493  -67.961  -12.779 0.2000000030
34154  -39.981  -67.727  -13.433 0.1000000015
34155  -40.721  -67.068  -13.372 0.1000000015
35182  -41.513  -66.583  -12.851 0.1000000015
33132  -40.648  -68.278  -14.713 0.1000000015
35202  -41.492  -66.603  -14.676 0.1000000015
33133  -41.368  -68.338  -15.508 0.1000000015
33151  -41.960  -67.914  -16.156 0.1000000015
32156  -42.932  -69.407  -16.966 0.1000000015
139282  -44.489  -70.734  -17.535 0.2000000030
129515  -44.836  -70.116  -17.571 0.2000000030
31142  -45.239  -70.802  -17.606 0.2000000030
127954  -46.348  -71.830  -17.677 0.1000000015
31143  -46.211  -70.870  -17.632 0.1000000015
30210  -47.931  -71.471  -17.648 0.1000000015
30211  -48.842  -71.574  -17.661 0.1000000015
29313  -49.210  -72.378  -17.682 0.1000000015
126986  -50.652  -73.039  -17.635 0.1000000015
29314  -50.178  -72.350  -17.640 0.1000000015
126985  -51.526  -72.983  -17.621 0.1000000015
126984  -52.407  -72.960  -17.594 0.1000000015
27438  -53.703  -73.770  -17.419 0.1000000015
29319  -54.971  -72.427  -17.547 0.1000000015
29318  -53.910  -72.345  -17.521 0.1000000015
125158  -56.534  -73.298  -18.018 0.1000000015
30218  -55.645  -71.635  -17.589 0.1000000015
28437  -57.121  -73.538  -18.725 0.1000000015
29320  -56.109  -72.425  -17.751 0.1000000015
29332  -57.313  -72.431  -18.963 0.1000000015
135066  -56.670  -73.291  -20.279 0.1000000015
20663  -38.716  -81.434  -13.501 0.2000000030
21569  -38.110  -80.760  -13.460 0.2000000030
22503  -37.161  -79.288  -13.191 0.2000000030
22534  -38.091  -79.670  -14.272 0.3000000119
27377  -38.018  -74.672  -13.774 0.3000000119
26404  -37.981  -75.431  -14.362 0.3000000119
23528  -37.662  -78.182  -14.910 0.3000000119
28342  -37.966  -72.665  -10.514 0.3000000119
28350  -38.664  -73.045  -11.510 0.3000000119
28362  -38.169  -73.695  -11.945 0.3000000119
117699  -37.625  -74.690  -13.087 0.3000000119
116504  -37.558  -76.144  -14.237 0.3000000119
25415  -37.697  -76.895  -14.793 0.3000000119
31062  -37.837  -70.296  -9.758 0.3000000119
30121  -37.644  -71.192  -9.533 0.3000000119
26389  -37.491  -75.404  -13.556 0.3000000119
136065  -37.335  -76.238  -13.590 0.3000000119
25398  -37.378  -76.887  -14.022 0.2000000030
24452  -37.304  -77.669  -13.710 0.2000000030
32025  -38.807  -69.716  -8.092 0.2000000030
32071  -37.999  -69.806  -9.256 0.2000000030
32073  -39.193  -68.863  -9.155 0.3000000119
33064  -39.202  -68.657  -9.843 0.3000000119
33078  -39.600  -68.250  -10.420 0.3000000119
33091  -39.130  -68.403  -11.384 0.3000000119
33092  -39.994  -67.728  -11.107 0.2000000030
34137  -40.165  -67.475  -12.647 0.1000000015
34097  -40.788  -67.397  -11.009 0.2000000030
34116  -41.292  -67.137  -11.505 0.1000000015
35163  -41.799  -66.746  -12.022 0.1000000015
36226  -42.637  -65.794  -12.813 0.1000000015
34139  -44.518  -66.891  -11.973 0.1000000015
34141  -46.236  -67.299  -11.635 0.1000000015
35198  -42.104  -66.098  -13.215 0.1000000015
36227  -43.345  -65.396  -12.814 0.1000000015
36228  -44.296  -65.351  -12.583 0.1000000015
36229  -45.205  -65.305  -12.288 0.1000000015
124916  -47.613  -66.075  -11.689 0.1000000015
34121  -49.951  -67.194  -11.677 0.1000000015
35212  -42.021  -66.077  -15.120 0.1000000015
36262  -42.745  -65.721  -15.394 0.1000000015
37273  -43.782  -64.585  -13.792 0.1000000015
37256  -44.738  -64.609  -12.811 0.1000000015
36230  -47.451  -65.255  -11.778 0.1000000015
36212  -48.209  -65.482  -11.794 0.1000000015
130618  -42.569  -67.588  -16.578 0.1000000015
34180  -42.747  -66.753  -16.411 0.1000000015
33153  -43.298  -68.722  -17.167 0.1000000015
32167  -45.306  -69.370  -17.524 0.2000000030
127010  -45.730  -70.088  -17.560 0.1000000015
127009  -46.597  -69.961  -17.535 0.1000000015
31145  -47.749  -70.601  -17.579 0.1000000015
31146  -48.592  -70.750  -17.589 0.1000000015
30212  -49.763  -71.594  -17.628 0.1000000015
29316  -52.001  -72.220  -17.563 0.1000000015
29317  -52.937  -72.246  -17.569 0.1000000015
30215  -52.548  -71.322  -17.522 0.1000000015
30217  -54.591  -71.655  -17.498 0.1000000015
30219  -56.595  -71.498  -17.971 0.1000000015
23471  -36.730  -78.272  -10.657 0.2000000030
22533  -37.538  -79.099  -13.958 0.3000000119
23513  -37.767  -78.833  -14.754 0.3000000119
24428  -36.980  -77.501  -10.954 0.2000000030
24438  -36.706  -78.151  -11.451 0.2000000030
23489  -36.871  -78.634  -12.710 0.2000000030
23500  -37.221  -78.472  -13.464 0.3000000119
23512  -37.496  -78.315  -14.245 0.3000000119
138378  -37.358  -73.225  -10.473 0.3000000119
28341  -37.131  -73.999  -10.855 0.3000000119
27352  -37.334  -74.640  -11.640 0.3000000119
26378  -37.351  -75.125  -12.535 0.3000000119
122823  -37.381  -72.069  -9.333 0.3000000119
29221  -36.840  -72.712  -9.322 0.3000000119
27351  -36.967  -74.810  -10.958 0.3000000119
25387  -37.254  -75.978  -12.868 0.3000000119
31016  -39.420  -70.231  -7.222 0.2000000030
126292  -37.545  -70.842  -8.099 0.3000000119
24439  -37.196  -76.929  -13.087 0.2000000030
138241  -39.087  -69.947  -7.649 0.2000000030
32051  -39.319  -69.215  -8.475 0.2000000030
32027  -40.525  -69.553  -7.732 0.2000000030
133713  -39.798  -68.787  -8.814 0.3000000119
32052  -40.974  -69.145  -8.163 0.3000000119
33065  -39.993  -68.418  -9.501 0.3000000119
33079  -40.645  -67.798  -10.251 0.2000000030
33066  -41.027  -68.215  -9.369 0.3000000119
33067  -41.946  -68.393  -9.274 0.2000000030
33081  -42.595  -68.213  -9.894 0.2000000030
34099  -42.414  -67.566  -10.553 0.2000000030
34118  -43.222  -67.380  -11.281 0.1000000015
36263  -44.309  -65.062  -16.087 0.1000000015
37283  -44.428  -64.384  -14.409 0.1000000015
37284  -45.264  -63.944  -14.114 0.1000000015
38306  -45.805  -63.774  -13.499 0.1000000015
34181  -44.232  -67.088  -17.010 0.1000000015
127649  -44.520  -66.247  -16.749 0.1000000015
36277  -44.791  -65.441  -16.454 0.1000000015
125173  -45.864  -63.860  -15.066 0.1000000015
34191  -44.919  -67.657  -17.306 0.1000000015
35237  -45.193  -66.841  -17.090 0.1000000015
35238  -46.109  -66.661  -17.071 0.1000000015
131206  -46.347  -65.906  -16.771 0.1000000015
131271  -46.549  -65.149  -16.472 0.1000000015
33163  -44.837  -68.571  -17.454 0.1000000015
126487  -46.320  -67.966  -17.389 0.1000000015
33165  -47.168  -67.908  -17.394 0.1000000015
132295  -47.992  -67.865  -17.400 0.1000000015
123618  -46.690  -68.618  -17.430 0.1000000015
32170  -47.521  -69.690  -17.496 0.1000000015
137206  -48.318  -69.060  -17.427 0.1000000015
32171  -49.095  -69.271  -17.423 0.1000000015
127007  -49.233  -70.063  -17.480 0.1000000015
31147  -49.433  -70.843  -17.576 0.1000000015
31148  -50.285  -70.802  -17.529 0.1000000015
30214  -51.562  -71.478  -17.531 0.1000000015
30216  -53.600  -71.529  -17.509 0.1000000015
24400  -37.859  -77.236  -9.013 0.3000000119
138496  -37.474  -76.961  -9.712 0.3000000119
25365  -37.253  -76.835  -10.491 0.3000000119
118657  -36.955  -77.386  -11.719 0.2000000030
126519  -37.045  -77.845  -12.923 0.2000000030
120267  -37.105  -76.136  -10.015 0.3000000119
25375  -37.170  -76.722  -11.240 0.3000000119
29201  -36.905  -72.269  -8.574 0.3000000119
28300  -36.279  -73.887  -8.937 0.3000000119
26350  -36.704  -75.255  -10.314 0.3000000119
26364  -37.225  -75.957  -11.488 0.3000000119
137972  -37.032  -77.353  -12.401 0.2000000030
30998  -38.902  -70.714  -6.753 0.2000000030
137124  -36.833  -72.278  -7.715 0.3000000119
29167  -36.602  -72.896  -7.240 0.3000000119
30999  -39.906  -70.721  -6.609 0.2000000030
31000  -40.758  -70.893  -6.696 0.2000000030
32028  -41.406  -69.865  -7.498 0.2000000030
32054  -42.571  -69.445  -8.490 0.3000000119
33046  -42.135  -68.854  -8.718 0.2000000030
32074  -42.829  -68.876  -9.175 0.2000000030
33166  -48.690  -67.872  -17.423 0.1000000015
32172  -49.898  -69.488  -17.418 0.1000000015
134630  -50.718  -69.904  -17.405 0.1000000015
31149  -51.152  -70.740  -17.497 0.1000000015
23462  -38.466  -77.546  -8.406 0.1000000015
24392  -38.418  -76.950  -7.865 0.2000000030
24391  -38.203  -76.962  -8.364 0.3000000119
25333  -37.711  -76.475  -7.726 0.3000000119
26305  -37.140  -75.848  -7.724 0.3000000119
123475  -36.441  -74.256  -8.103 0.3000000119
119639  -36.558  -74.943  -8.100 0.3000000119
29152  -38.256  -72.165  -5.782 0.3000000119
128505  -36.920  -72.790  -6.473 0.3000000119
28274  -36.648  -73.553  -6.473 0.3000000119
28290  -36.487  -73.859  -7.275 0.3000000119
30053  -39.812  -71.977  -5.854 0.2000000030
30067  -40.528  -71.531  -6.257 0.2000000030
30068  -41.516  -71.466  -6.707 0.1000000015
32029  -42.360  -70.033  -7.837 0.2000000030
29188  -42.733  -72.215  -7.041 0.1000000015
31029  -42.945  -70.914  -7.826 0.2000000030
125511  -42.949  -70.134  -8.279 0.2000000030
30100  -43.719  -71.355  -8.096 0.2000000030
31030  -43.533  -70.511  -8.420 0.3000000119
24380  -37.744  -76.579  -6.773 0.3000000119
138804  -37.270  -76.011  -7.022 0.3000000119
26291  -36.774  -75.320  -6.866 0.3000000119
27275  -36.560  -74.443  -6.541 0.3000000119
28260  -38.285  -73.404  -4.924 0.3000000119
28275  -37.085  -73.268  -5.869 0.3000000119
28261  -39.254  -73.043  -4.913 0.2000000030
29154  -40.098  -72.608  -5.473 0.2000000030
28263  -41.893  -73.225  -5.745 0.1000000015
29173  -43.092  -72.787  -6.757 0.1000000015
29189  -43.512  -72.464  -7.278 0.1000000015
29202  -43.973  -72.078  -7.779 0.1000000015
128004  -44.406  -71.686  -8.353 0.1000000015
25314  -37.431  -76.408  -5.545 0.3000000119
25304  -37.952  -76.795  -4.066 0.2000000030
26279  -37.131  -75.617  -5.290 0.3000000119
26278  -36.695  -75.049  -5.881 0.3000000119
27262  -37.133  -74.748  -5.224 0.3000000119
28249  -39.697  -73.567  -4.451 0.2000000030
28248  -38.856  -73.789  -4.316 0.3000000119
119545  -41.251  -73.465  -5.182 0.2000000030
27250  -40.587  -73.871  -4.439 0.2000000030
27265  -43.414  -74.490  -5.352 0.1000000015
27264  -42.591  -74.107  -5.244 0.1000000015
26281  -44.690  -75.035  -5.650 0.1000000015
27277  -43.804  -74.044  -6.094 0.1000000015
28278  -43.429  -73.376  -6.446 0.1000000015
28291  -43.854  -73.059  -7.013 0.1000000015
28279  -44.215  -73.683  -6.687 0.1000000015
28292  -44.732  -73.348  -7.296 0.1000000015
28301  -45.599  -73.278  -7.847 0.1000000015
26266  -38.036  -75.910  -3.965 0.2000000030
131179  -38.732  -75.656  -3.509 0.2000000030
26265  -37.646  -75.303  -4.602 0.2000000030
27238  -40.381  -74.613  -3.739 0.2000000030
27248  -38.550  -74.834  -3.950 0.2000000030
27251  -41.991  -74.344  -4.673 0.1000000015
119006  -41.238  -74.468  -4.215 0.2000000030
27252  -43.502  -75.100  -4.752 0.1000000015
27278  -44.626  -74.415  -6.324 0.1000000015
27279  -45.364  -74.456  -6.804 0.1000000015
27292  -44.900  -73.941  -6.865 0.1000000015
27293  -45.531  -73.997  -7.323 0.1000000015
28293  -46.164  -73.930  -7.769 0.1000000015
26294  -46.346  -75.477  -6.516 0.1000000015
27280  -45.974  -74.906  -6.929 0.1000000015
26306  -46.830  -75.274  -7.219 0.1000000015
27295  -47.327  -75.064  -7.849 0.1000000015
26295  -47.283  -75.977  -6.886 0.1000000015
26307  -47.733  -75.908  -7.694 0.1000000015
20740  -45.366  -81.599  -17.315 0.4000000060
21622  -44.810  -80.080  -16.903 0.5000000000
22574  -44.539  -79.429  -16.477 0.5000000000
21636  -44.967  -80.887  -17.263 0.4000000060
21623  -45.549  -80.466  -16.526 0.5000000000
20725  -45.818  -81.207  -16.904 0.6000000238
123735  -44.814  -83.072  -17.388 0.5000000000
19731  -43.433  -82.277  -17.221 0.4000000060
15592  -46.186  -87.602  -14.708 0.5000000000
19732  -44.363  -82.337  -17.418 0.4000000060
19734  -46.143  -82.780  -17.391 0.5000000000
17627  -45.502  -85.238  -15.987 0.5000000000
126921  -45.534  -83.088  -17.445 0.6000000238
16637  -46.958  -86.009  -15.650 0.5000000000
14668  -47.011  -88.011  -14.653 0.3000000119
14696  -47.695  -88.210  -15.332 0.5000000000
17644  -45.020  -84.464  -16.547 0.5000000000
14693  -44.752  -87.610  -16.303 0.5000000000
17628  -46.349  -85.080  -16.370 0.5000000000
22536  -45.917  -79.281  -14.107 0.4000000060
16617  -47.469  -87.171  -14.926 0.4000000060
15577  -52.027  -87.025  -14.221 0.4000000060
17595  -51.882  -85.089  -14.305 0.4000000060
18612  -53.663  -83.999  -13.457 0.3000000119
135365  -52.394  -83.538  -14.045 0.4000000060
16611  -42.267  -85.339  -14.998 0.2000000030
19733  -45.297  -82.331  -17.439 0.4000000060
23514  -45.500  -78.722  -14.047 0.3000000119
21604  -46.739  -80.514  -14.983 0.4000000060
19721  -46.835  -82.377  -17.001 0.6000000238
27392  -43.563  -74.422  -13.901 0.3000000119
26394  -44.912  -76.608  -13.624 0.4000000060
24455  -45.377  -77.594  -13.731 0.4000000060
22556  -46.331  -79.869  -14.468 0.5000000000
20727  -47.426  -81.919  -16.280 0.6000000238
18680  -47.984  -83.766  -16.696 0.6000000238
18700  -46.047  -83.604  -17.348 0.6000000238
18699  -45.280  -83.750  -17.225 0.6000000238
23516  -46.976  -78.934  -13.837 0.4000000060
21587  -47.042  -80.165  -14.082 0.4000000060
19723  -48.356  -83.013  -16.355 0.6000000238
19706  -48.171  -82.301  -15.932 0.5000000000
17629  -47.276  -84.663  -16.663 0.5000000000
16638  -48.936  -85.638  -15.823 0.5000000000
25402  -46.107  -77.421  -13.963 0.4000000060
26411  -45.176  -76.276  -13.861 0.4000000060
21588  -47.800  -80.402  -14.409 0.5000000000
20703  -48.617  -81.931  -14.897 0.5000000000
127735  -49.683  -83.437  -15.504 0.4000000060
18654  -48.866  -82.767  -15.642 0.5000000000
16619  -49.814  -85.613  -15.471 0.5000000000
25420  -46.460  -77.277  -14.697 0.4000000060
25440  -46.165  -76.635  -15.305 0.3000000119
22557  -48.353  -79.391  -14.760 0.5000000000
138806  -48.405  -80.731  -14.345 0.5000000000
18655  -50.568  -83.685  -14.989 0.4000000060
17609  -50.145  -84.547  -15.487 0.5000000000
21589  -48.901  -80.936  -14.054 0.5000000000
19689  -49.703  -81.988  -14.215 0.4000000060
18630  -51.333  -83.997  -14.544 0.4000000060
120987  -50.830  -83.023  -14.437 0.4000000060
21606  -50.473  -80.406  -15.143 0.4000000060
21605  -49.772  -79.971  -15.134 0.4000000060
128605  -49.572  -81.401  -14.146 0.4000000060
19691  -51.288  -82.567  -14.367 0.4000000060
21621  -42.500  -80.855  -17.201 0.4000000060
27390  -40.656  -74.530  -13.781 0.5000000000
18698  -43.977  -83.103  -17.087 0.5000000000
29274  -41.939  -73.029  -13.309 0.3000000119
30179  -41.463  -71.132  -14.813 0.2000000030
28381  -43.155  -73.706  -14.313 0.3000000119
26429  -44.594  -75.243  -14.584 0.4000000060
28385  -43.345  -73.362  -15.501 0.3000000119
29280  -42.878  -72.525  -15.738 0.3000000119
27415  -44.544  -74.356  -16.613 0.3000000119
27416  -45.063  -75.010  -16.508 0.3000000119
26431  -45.826  -76.044  -15.922 0.3000000119
24495  -47.878  -78.019  -15.633 0.3000000119
25441  -46.885  -76.966  -15.715 0.3000000119
23535  -48.868  -78.870  -15.486 0.3000000119
24509  -47.636  -77.291  -16.142 0.3000000119
26442  -46.302  -75.630  -16.773 0.2000000030
24510  -48.675  -77.472  -16.473 0.3000000119
23536  -49.774  -79.064  -15.797 0.3000000119
131188  -51.122  -80.042  -15.653 0.3000000119
129128  -51.402  -80.732  -15.271 0.4000000060
23557  -51.697  -78.607  -16.365 0.2000000030
22560  -51.849  -80.039  -15.925 0.3000000119
21607  -53.123  -80.611  -15.483 0.2000000030
139699  -50.592  -77.530  -16.607 0.2000000030
23558  -52.693  -78.453  -16.387 0.2000000030
24515  -53.828  -77.314  -16.429 0.1000000015
26463  -52.975  -75.381  -16.915 0.1000000015
23550  -40.396  -78.364  -16.526 0.4000000060
24504  -39.836  -77.606  -16.428 0.4000000060
26407  -40.346  -75.077  -14.610 0.5000000000
29263  -40.314  -72.660  -12.241 0.4000000060
127713  -40.496  -71.082  -13.491 0.3000000119
31113  -40.599  -70.512  -14.049 0.2000000030
31117  -41.496  -70.269  -15.319 0.2000000030
32140  -40.456  -69.762  -14.269 0.1000000015
28395  -43.466  -72.761  -16.556 0.2000000030
30192  -43.148  -71.133  -16.875 0.2000000030
27430  -44.858  -73.886  -17.169 0.2000000030
28414  -45.002  -73.073  -17.400 0.2000000030
26457  -46.812  -74.925  -17.286 0.2000000030
27417  -45.827  -74.879  -17.136 0.2000000030
26444  -48.101  -76.122  -17.127 0.2000000030
132284  -45.878  -73.068  -17.588 0.2000000030
26458  -47.710  -74.833  -17.444 0.1000000015
25453  -48.811  -76.517  -17.072 0.2000000030
27433  -47.225  -74.103  -17.573 0.1000000015
27434  -48.576  -74.789  -17.461 0.1000000015
117328  -48.921  -75.627  -17.346 0.1000000015
25454  -49.594  -76.799  -16.926 0.2000000030
26460  -49.872  -75.503  -17.249 0.1000000015
26461  -50.804  -75.525  -17.143 0.1000000015
25468  -50.239  -76.196  -17.070 0.1000000015
25455  -51.074  -76.350  -16.886 0.1000000015
130206  -52.939  -77.569  -16.437 0.1000000015
133644  -50.479  -74.223  -17.468 0.1000000015
25456  -51.822  -76.488  -16.687 0.1000000015
127633  -53.099  -76.868  -16.486 0.1000000015
124258  -52.343  -74.924  -17.214 0.1000000015
26464  -53.870  -75.198  -16.844 0.1000000015
121804  -55.367  -74.435  -17.311 0.1000000015
18627  -41.188  -83.141  -13.323 0.3000000119
21601  -39.632  -80.396  -14.842 0.3000000119
21602  -40.385  -80.845  -15.027 0.3000000119
20677  -40.743  -82.513  -13.165 0.3000000119
20700  -41.305  -82.269  -14.062 0.3000000119
19718  -41.966  -82.362  -15.183 0.3000000119
21619  -40.953  -80.334  -16.383 0.3000000119
20723  -41.593  -81.713  -15.607 0.3000000119
25447  -39.421  -77.000  -16.200 0.4000000060
23549  -39.257  -78.394  -16.334 0.4000000060
133581  -39.863  -79.100  -16.357 0.4000000060
28364  -39.955  -73.189  -12.092 0.4000000060
26406  -39.449  -75.271  -14.846 0.4000000060
25435  -39.770  -76.366  -15.771 0.4000000060
29252  -39.028  -72.347  -11.307 0.4000000060
31096  -39.289  -70.352  -12.474 0.3000000119
32107  -38.847  -68.943  -12.060 0.3000000119
32135  -39.885  -69.238  -13.764 0.2000000030
34159  -40.478  -67.560  -14.175 0.1000000015
33138  -41.978  -68.727  -16.094 0.1000000015
29308  -44.168  -71.832  -17.395 0.2000000030
33152  -42.569  -68.545  -16.653 0.1000000015
31141  -43.923  -70.208  -17.464 0.2000000030
30208  -45.498  -71.572  -17.640 0.1000000015
126837  -45.670  -72.386  -17.629 0.1000000015
126889  -47.558  -73.157  -17.698 0.1000000015
29311  -47.206  -72.227  -17.681 0.1000000015
29312  -48.215  -72.335  -17.686 0.1000000015
28416  -49.703  -73.238  -17.615 0.1000000015
28418  -51.083  -73.794  -17.560 0.1000000015
27437  -52.387  -74.259  -17.392 0.1000000015
28419  -51.971  -73.662  -17.532 0.1000000015
28420  -53.307  -73.015  -17.558 0.1000000015
28421  -54.282  -73.120  -17.523 0.1000000015
19686  -39.794  -82.355  -13.304 0.2000000030
22551  -38.344  -79.175  -15.176 0.3000000119
26405  -38.678  -75.627  -14.898 0.4000000060
30138  -38.183  -71.054  -10.397 0.3000000119
34114  -39.672  -67.822  -12.002 0.1000000015
137994  -41.003  -66.996  -14.215 0.1000000015
34138  -40.986  -67.077  -12.368 0.1000000015
134995  -41.508  -66.582  -13.744 0.1000000015
34160  -41.091  -67.372  -14.978 0.1000000015
34167  -41.573  -67.440  -15.694 0.1000000015
35203  -42.110  -66.107  -14.137 0.1000000015
34179  -41.990  -67.036  -16.167 0.1000000015
33162  -43.978  -68.841  -17.405 0.1000000015
30209  -47.068  -71.262  -17.639 0.1000000015
31144  -47.021  -70.487  -17.574 0.1000000015
29315  -51.095  -72.276  -17.596 0.1000000015
126795  -37.164  -80.097  -12.817 0.2000000030
22516  -37.654  -79.988  -13.534 0.2000000030
140200  -38.090  -80.210  -13.792 0.3000000119
29241  -37.948  -71.993  -9.996 0.3000000119
28349  -37.824  -73.298  -11.176 0.3000000119
117150  -37.600  -74.039  -11.591 0.3000000119
27362  -37.670  -74.393  -12.304 0.3000000119
31028  -38.022  -70.106  -8.342 0.3000000119
31046  -37.647  -70.535  -8.954 0.3000000119
31015  -38.548  -70.260  -7.511 0.3000000119
34115  -40.488  -67.434  -11.778 0.1000000015
34098  -41.501  -67.371  -10.700 0.2000000030
34117  -42.170  -67.053  -11.254 0.1000000015
35183  -42.263  -66.295  -12.477 0.1000000015
35184  -43.072  -66.182  -12.364 0.1000000015
35185  -43.950  -66.144  -12.332 0.1000000015
34140  -45.327  -67.060  -11.841 0.1000000015
35186  -44.840  -66.198  -12.132 0.1000000015
130081  -46.915  -66.634  -11.637 0.1000000015
35187  -45.873  -66.135  -11.734 0.1000000015
36246  -42.611  -65.554  -14.533 0.1000000015
129932  -43.347  -64.943  -13.413 0.1000000015
37255  -43.920  -64.725  -13.084 0.1000000015
123946  -46.782  -65.595  -11.734 0.1000000015
126575  -46.064  -65.053  -12.003 0.1000000015
35188  -48.474  -66.419  -11.684 0.1000000015
35167  -49.311  -66.784  -11.691 0.1000000015
35224  -42.238  -66.297  -15.900 0.1000000015
36247  -43.158  -65.262  -14.862 0.1000000015
37303  -43.607  -65.295  -15.598 0.1000000015
37274  -44.516  -64.297  -13.513 0.1000000015
37282  -43.729  -64.830  -14.680 0.1000000015
37275  -45.268  -64.108  -13.176 0.1000000015
130370  -46.223  -64.375  -12.365 0.1000000015
35166  -49.204  -65.710  -11.792 0.1000000015
129240  -43.330  -67.322  -16.849 0.1000000015
35225  -43.615  -66.489  -16.608 0.1000000015
34190  -43.926  -68.033  -17.218 0.1000000015
122778  -45.842  -68.640  -17.438 0.1000000015
30213  -50.671  -71.551  -17.582 0.1000000015
24407  -37.129  -77.637  -10.209 0.2000000030
129364  -36.778  -78.022  -12.209 0.2000000030
28320  -36.652  -73.541  -9.818 0.3000000119
26377  -37.263  -75.760  -12.151 0.3000000119
29187  -37.187  -71.614  -7.852 0.3000000119
29220  -36.474  -73.070  -8.859 0.3000000119
27339  -36.654  -74.414  -10.333 0.3000000119
133876  -37.077  -75.419  -11.025 0.3000000119
25386  -37.179  -76.585  -12.119 0.3000000119
30997  -37.995  -70.757  -6.945 0.3000000119
31017  -40.433  -70.163  -7.144 0.2000000030
30082  -37.493  -71.091  -7.277 0.3000000119
33045  -41.413  -68.686  -8.709 0.3000000119
34100  -43.292  -68.026  -10.519 0.2000000030
35164  -42.704  -66.721  -11.865 0.1000000015
37304  -44.355  -64.709  -15.378 0.1000000015
120068  -45.085  -64.244  -15.144 0.1000000015
38295  -46.696  -63.855  -12.581 0.1000000015
35226  -45.455  -66.066  -16.774 0.1000000015
37319  -45.061  -64.658  -16.069 0.1000000015
36278  -45.675  -65.264  -16.475 0.1000000015
34192  -45.821  -67.397  -17.289 0.1000000015
34193  -46.699  -67.250  -17.295 0.1000000015
123617  -47.573  -68.670  -17.429 0.1000000015
137632  -48.326  -68.369  -17.422 0.1000000015
137311  -49.923  -70.210  -17.455 0.1000000015
138619  -37.604  -76.738  -9.176 0.3000000119
23468  -37.349  -77.806  -9.477 0.3000000119
25342  -37.527  -76.441  -8.571 0.3000000119
133647  -37.165  -76.233  -9.256 0.3000000119
119254  -37.165  -76.039  -10.755 0.3000000119
26333  -36.591  -75.450  -9.424 0.3000000119
29200  -36.596  -72.777  -8.107 0.3000000119
27319  -36.397  -74.547  -9.623 0.3000000119
127626  -36.441  -73.431  -8.102 0.3000000119
27302  -36.359  -74.793  -8.800 0.3000000119
30064  -37.652  -71.308  -6.715 0.3000000119
30052  -38.975  -71.797  -5.902 0.3000000119
30066  -39.403  -71.309  -6.227 0.2000000030
29168  -37.097  -71.927  -6.884 0.3000000119
31019  -42.099  -70.887  -7.252 0.2000000030
32055  -43.286  -69.697  -8.771 0.2000000030
32075  -43.728  -69.262  -9.396 0.2000000030
33068  -43.450  -68.607  -9.894 0.2000000030
23449  -38.258  -78.190  -8.301 0.1000000015
26317  -36.763  -75.602  -8.512 0.3000000119
26304  -36.742  -75.294  -7.706 0.3000000119
29153  -39.144  -72.361  -5.483 0.3000000119
28259  -37.795  -72.946  -5.473 0.3000000119
29170  -40.645  -72.235  -5.894 0.2000000030
29171  -41.356  -72.176  -6.239 0.2000000030
30083  -42.640  -71.568  -7.347 0.1000000015
29172  -42.075  -72.195  -6.648 0.1000000015
30084  -43.251  -71.800  -7.547 0.2000000030
26292  -37.077  -75.834  -6.160 0.3000000119
120113  -37.448  -73.807  -5.294 0.3000000119
28262  -40.362  -73.220  -5.050 0.2000000030
29155  -41.133  -72.800  -5.690 0.2000000030
136165  -42.489  -72.605  -6.589 0.1000000015
28277  -42.607  -73.108  -6.207 0.1000000015
28264  -42.412  -73.541  -5.675 0.1000000015
137747  -44.906  -72.824  -7.767 0.1000000015
25303  -37.533  -76.217  -4.652 0.3000000119
27247  -37.978  -74.313  -4.705 0.3000000119
27249  -39.565  -74.172  -3.887 0.2000000030
28250  -41.436  -73.939  -4.747 0.1000000015
26293  -45.400  -75.108  -6.257 0.1000000015
118948  -39.373  -76.070  -3.035 0.2000000030
26250  -39.463  -75.060  -3.435 0.2000000030
26268  -42.755  -74.877  -4.574 0.1000000015
139776  -45.777  -74.482  -7.145 0.1000000015
15623  -47.964  -87.611  -16.606 0.3000000119
15691  -47.384  -86.698  -19.562 0.3000000119
15667  -47.680  -86.635  -18.604 0.3000000119
12071  -44.471  -90.669  -23.823 0.2000000030
11243  -43.689  -91.507  -25.040 0.2000000030
15690  -46.697  -86.594  -20.242 0.4000000060
13809  -45.782  -88.435  -21.933 0.3000000119
15624  -48.257  -87.294  -17.589 0.4000000060
14741  -46.733  -87.512  -20.959 0.3000000119
12940  -45.056  -89.461  -22.687 0.3000000119
14697  -48.799  -87.868  -16.272 0.4000000060
14725  -47.981  -87.393  -19.361 0.4000000060
12929  -45.771  -89.488  -22.217 0.3000000119
12072  -45.348  -91.140  -23.284 0.2000000030
14708  -49.208  -87.873  -17.484 0.4000000060
14726  -48.468  -87.561  -18.374 0.4000000060
13811  -47.156  -89.572  -21.165 0.4000000060
14684  -49.557  -88.007  -15.517 0.4000000060
128584  -48.079  -88.404  -19.973 0.4000000060
12942  -46.225  -90.483  -22.198 0.3000000119
12063  -45.890  -91.545  -22.819 0.3000000119
12064  -46.313  -91.375  -22.389 0.4000000060
14669  -49.790  -87.860  -15.066 0.4000000060
13802  -48.620  -89.675  -19.394 0.4000000060
12056  -46.904  -91.305  -21.716 0.3000000119
136458  -50.490  -87.764  -14.783 0.4000000060
14709  -49.986  -88.984  -17.458 0.4000000060
13773  -49.404  -88.684  -18.191 0.4000000060
12920  -48.913  -90.622  -19.762 0.4000000060
126116  -50.610  -88.140  -14.897 0.4000000060
12892  -49.468  -89.917  -18.701 0.4000000060
12919  -48.128  -90.826  -20.613 0.3000000119
14670  -51.063  -88.081  -14.594 0.4000000060
13761  -50.720  -89.207  -17.285 0.4000000060
13774  -50.490  -89.880  -18.304 0.4000000060
12035  -50.074  -91.420  -19.223 0.4000000060
13750  -51.047  -88.585  -15.964 0.4000000060
13762  -51.146  -89.015  -16.972 0.4000000060
12906  -50.347  -91.065  -18.832 0.4000000060
11198  -48.824  -91.698  -20.925 0.3000000119
13741  -51.055  -88.385  -15.085 0.4000000060
12881  -51.135  -89.702  -18.037 0.4000000060
12907  -50.841  -90.771  -18.950 0.4000000060
12047  -50.339  -91.444  -19.638 0.3000000119
129382  -48.995  -91.978  -21.574 0.2000000030
14652  -51.558  -87.657  -14.524 0.3000000119
13763  -51.438  -88.569  -16.599 0.4000000060
14685  -51.984  -88.150  -15.854 0.4000000060
118271  -50.859  -90.247  -18.605 0.4000000060
119498  -50.904  -91.109  -19.131 0.4000000060
11191  -49.695  -91.398  -20.551 0.2000000030
12058  -50.032  -91.168  -20.777 0.2000000030
130125  -48.623  -91.858  -23.500 0.3000000119
15578  -52.905  -86.486  -14.092 0.3000000119
14653  -52.194  -87.330  -14.523 0.3000000119
15607  -52.336  -87.510  -16.003 0.3000000119
13790  -50.601  -89.720  -19.774 0.3000000119
12066  -50.098  -90.458  -21.766 0.2000000030
12059  -50.271  -90.607  -20.844 0.2000000030
12075  -49.984  -91.088  -23.124 0.2000000030
140477  -48.369  -91.039  -25.135 0.2000000030
16584  -53.217  -85.812  -13.664 0.3000000119
15608  -52.767  -86.890  -15.379 0.3000000119
14711  -51.482  -88.459  -17.465 0.4000000060
126500  -50.504  -90.351  -20.366 0.1000000015
16602  -54.053  -85.764  -13.932 0.3000000119
15646  -51.566  -87.508  -17.270 0.2000000030
14727  -50.731  -89.065  -19.083 0.2000000030
12088  -48.391  -90.889  -24.992 0.2000000030
16652  -51.622  -85.894  -16.745 0.2000000030
15625  -51.297  -86.521  -17.356 0.2000000030
15669  -50.590  -87.844  -19.566 0.1000000015
136937  -50.408  -89.709  -21.581 0.1000000015
12958  -49.456  -90.750  -23.534 0.1000000015
12073  -48.843  -90.852  -24.275 0.1000000015
16586  -54.360  -85.128  -13.868 0.2000000030
16620  -53.345  -86.115  -14.774 0.3000000119
128671  -52.154  -85.527  -16.303 0.3000000119
19672  -54.560  -83.073  -13.865 0.2000000030
17597  -54.591  -84.530  -14.035 0.1000000015
119082  -53.858  -85.213  -14.661 0.3000000119
135722  -50.434  -87.127  -18.944 0.1000000015
13829  -50.489  -89.143  -22.148 0.1000000015
12944  -49.044  -89.906  -23.034 0.1000000015
12975  -48.092  -90.425  -24.499 0.1000000015
18614  -54.636  -83.815  -13.942 0.2000000030
17610  -53.276  -85.201  -15.449 0.2000000030
17633  -52.486  -84.883  -16.137 0.2000000030
16651  -50.774  -85.268  -17.400 0.1000000015
15644  -50.264  -86.232  -18.553 0.1000000015
15693  -50.461  -87.311  -20.657 0.1000000015
14768  -50.704  -87.711  -22.159 0.1000000015
13828  -50.134  -89.172  -22.509 0.1000000015
12974  -47.076  -89.919  -24.586 0.1000000015
12984  -45.951  -89.888  -25.824 0.1000000015
17634  -53.084  -84.415  -16.004 0.1000000015
17632  -51.473  -84.543  -16.807 0.2000000030
17647  -50.263  -84.327  -18.015 0.1000000015
130830  -49.855  -86.298  -20.295 0.1000000015
13827  -49.338  -89.129  -22.728 0.1000000015
13845  -47.669  -88.515  -23.060 0.1000000015
12973  -46.072  -89.566  -24.805 0.1000000015
12994  -45.437  -89.805  -26.746 0.1000000015
17674  -49.533  -84.627  -19.442 0.1000000015
14784  -50.764  -87.187  -22.857 0.1000000015
14783  -50.338  -87.461  -23.090 0.1000000015
13870  -45.121  -89.198  -25.074 0.1000000015
118513  -44.749  -89.459  -25.887 0.1000000015
31048  -44.699  -70.446  -9.282 0.2000000030
20683  -54.154  -81.820  -14.391 0.2000000030
18615  -54.669  -83.006  -14.144 0.1000000015
17612  -54.416  -84.312  -14.609 0.1000000015
18683  -53.432  -83.618  -16.315 0.1000000015
18702  -50.925  -83.750  -17.588 0.1000000015
18682  -52.409  -83.955  -16.528 0.1000000015
18721  -49.876  -83.902  -18.967 0.1000000015
16706  -49.571  -85.521  -20.861 0.1000000015
12956  -47.428  -89.544  -23.644 0.1000000015
14765  -48.645  -88.302  -22.858 0.1000000015
15708  -50.699  -86.504  -22.043 0.1000000015
14742  -47.441  -87.424  -20.235 0.3000000119
12955  -44.778  -89.991  -23.152 0.3000000119
127301  -46.339  -89.180  -21.711 0.3000000119
13800  -47.331  -88.454  -20.743 0.3000000119
12941  -45.558  -90.443  -22.654 0.3000000119
13789  -48.626  -88.549  -18.988 0.4000000060
12930  -46.595  -90.090  -21.743 0.3000000119
14698  -49.856  -88.378  -16.648 0.4000000060
13801  -47.966  -89.592  -20.285 0.4000000060
13749  -50.555  -88.564  -16.260 0.4000000060
13776  -51.253  -89.166  -17.391 0.4000000060
12048  -50.574  -91.305  -19.698 0.2000000030
11210  -49.542  -91.636  -22.279 0.2000000030
14699  -51.796  -87.986  -16.628 0.3000000119
12074  -49.328  -91.155  -23.774 0.2000000030
15579  -53.515  -86.189  -14.143 0.3000000119
15626  -51.919  -87.077  -16.723 0.3000000119
129847  -50.059  -90.543  -22.550 0.1000000015
14710  -51.098  -88.257  -18.503 0.4000000060
15645  -51.139  -87.192  -18.070 0.2000000030
14743  -50.571  -88.476  -20.315 0.1000000015
12087  -47.782  -90.526  -25.235 0.1000000015
14756  -50.694  -88.077  -21.397 0.1000000015
12945  -49.858  -90.195  -22.786 0.1000000015
15668  -49.919  -86.233  -19.372 0.1000000015
13812  -50.642  -88.662  -21.863 0.1000000015
12943  -48.153  -89.510  -23.089 0.1000000015
118433  -46.894  -90.176  -25.403 0.1000000015
18657  -54.621  -83.240  -14.915 0.1000000015
16667  -49.715  -85.419  -18.975 0.1000000015
14767  -50.437  -88.223  -22.387 0.1000000015
15692  -50.145  -86.376  -21.233 0.1000000015
12993  -44.303  -89.469  -26.633 0.1000000015
17680  -49.428  -84.646  -20.430 0.1000000015
18703  -51.834  -83.477  -17.283 0.1000000015
15639  -42.937  -87.228  -18.246 0.3000000119
15663  -43.725  -86.367  -18.835 0.2000000030
16704  -43.490  -85.765  -20.722 0.3000000119
16687  -44.173  -85.721  -19.951 0.2000000030
122393  -43.160  -86.999  -15.617 0.4000000060
15640  -43.708  -87.176  -17.697 0.2000000030
15606  -43.760  -87.412  -15.808 0.4000000060
16716  -44.185  -85.851  -20.930 0.2000000030
14692  -44.282  -87.576  -15.814 0.4000000060
15664  -44.556  -86.408  -18.197 0.2000000030
15688  -44.913  -86.058  -20.735 0.2000000030
15715  -43.278  -86.404  -22.471 0.1000000015
15705  -44.612  -86.414  -21.559 0.2000000030
120760  -43.536  -87.329  -22.833 0.1000000015
16665  -45.434  -85.921  -18.495 0.3000000119
14762  -42.651  -86.919  -23.232 0.1000000015
15706  -45.482  -86.725  -21.366 0.2000000030
137527  -43.198  -87.607  -23.264 0.1000000015
13842  -42.879  -88.086  -23.666 0.1000000015
14763  -43.649  -88.147  -23.179 0.1000000015
13843  -43.563  -88.929  -23.622 0.1000000015
12982  -41.897  -89.703  -24.893 0.1000000015
120610  -42.187  -89.169  -24.526 0.1000000015
13859  -42.837  -88.994  -24.179 0.1000000015
133614  -41.617  -90.262  -25.204 0.1000000015
12971  -42.649  -89.735  -24.591 0.1000000015
14694  -45.537  -87.331  -16.827 0.3000000119
15689  -45.780  -86.292  -20.545 0.2000000030
14754  -45.063  -87.477  -22.037 0.2000000030
15716  -44.127  -86.840  -22.274 0.2000000030
14764  -44.271  -87.914  -22.615 0.2000000030
136411  -42.299  -90.367  -25.075 0.1000000015
136976  -41.114  -91.250  -25.407 0.1000000015
123697  -46.569  -87.220  -17.012 0.2000000030
15642  -46.147  -86.387  -17.934 0.3000000119
15707  -46.206  -86.860  -21.060 0.2000000030
13824  -44.358  -88.928  -23.053 0.2000000030
12972  -43.536  -89.826  -24.174 0.1000000015
11241  -41.529  -91.943  -25.479 0.1000000015
12093  -41.796  -91.055  -25.380 0.1000000015
15643  -46.867  -86.247  -18.347 0.3000000119
14755  -45.994  -87.534  -21.536 0.3000000119
137700  -46.500  -88.033  -14.882 0.2000000030
12954  -44.137  -89.621  -23.569 0.1000000015
11242  -42.394  -92.081  -25.546 0.1000000015
12094  -42.762  -91.239  -25.287 0.1000000015
12086  -43.868  -90.754  -24.480 0.1000000015
10412  -42.017  -93.014  -25.653 0.1000000015
138502  -46.802  -86.521  -17.783 0.2000000030
10415  -44.385  -93.144  -24.659 0.1000000015
11230  -44.494  -91.784  -24.355 0.1000000015
9581  -42.530  -94.406  -26.000 0.1000000015
10413  -42.928  -93.400  -25.865 0.1000000015
15622  -47.127  -87.930  -16.007 0.2000000030
11231  -45.066  -92.954  -23.975 0.1000000015
11232  -45.578  -93.532  -23.220 0.1000000015
8750  -42.118  -96.737  -27.113 0.1000000015
9582  -43.424  -94.984  -25.742 0.1000000015
10414  -43.821  -94.192  -25.123 0.1000000015
10403  -45.159  -94.006  -23.706 0.1000000015
11206  -46.313  -92.282  -22.564 0.3000000119
8732  -43.746  -95.109  -25.669 0.1000000015
15620  -43.997  -87.523  -16.697 0.3000000119
15621  -44.557  -87.238  -17.264 0.2000000030
15665  -46.069  -85.918  -19.629 0.3000000119
12085  -43.121  -90.502  -24.777 0.1000000015
13825  -45.039  -88.605  -22.447 0.2000000030
16705  -45.185  -85.781  -19.847 0.2000000030
16666  -46.187  -85.847  -18.777 0.3000000119
8730  -42.311  -95.663  -26.238 0.1000000015
8731  -42.976  -95.619  -26.154 0.1000000015
120561  -44.004  -95.113  -24.935 0.1000000015
11219  -45.857  -92.666  -22.926 0.2000000030
10426  -45.690  -93.384  -26.290 0.1000000015
125651  -44.745  -93.138  -27.861 0.1000000015
136950  -45.070  -92.251  -28.648 0.1000000015
10405  -46.375  -93.879  -23.359 0.2000000030
10416  -45.695  -93.989  -24.989 0.2000000030
10456  -45.473  -92.191  -28.311 0.2000000030
122718  -46.456  -92.757  -25.852 0.1000000015
127718  -45.062  -91.732  -29.272 0.1000000015
10427  -46.460  -92.126  -27.047 0.2000000030
10381  -46.437  -93.203  -22.546 0.2000000030
10417  -46.461  -93.473  -24.537 0.1000000015
11272  -45.947  -91.413  -29.128 0.1000000015
11259  -46.451  -91.523  -28.205 0.1000000015
11207  -46.917  -92.417  -22.061 0.2000000030
10394  -46.299  -93.686  -22.779 0.2000000030
10406  -47.256  -92.842  -24.204 0.1000000015
11250  -47.208  -91.586  -26.590 0.1000000015
121874  -47.170  -93.322  -23.079 0.1000000015
10418  -47.196  -92.133  -25.427 0.1000000015
12057  -47.770  -91.578  -21.232 0.2000000030
130585  -47.514  -92.453  -21.884 0.2000000030
10382  -48.272  -92.364  -22.567 0.2000000030
11251  -47.736  -91.150  -26.086 0.1000000015
11233  -47.959  -92.203  -23.902 0.1000000015
11197  -48.132  -92.140  -21.535 0.2000000030
11244  -48.052  -91.480  -25.080 0.1000000015
11261  -47.431  -90.848  -27.039 0.1000000015
10404  -45.716  -94.135  -23.103 0.1000000015
9573  -45.683  -94.234  -23.829 0.1000000015
119186  -43.214  -87.288  -17.047 0.2000000030
15687  -43.057  -86.226  -19.701 0.1000000015
20676  -40.263  -82.244  -13.134 0.2000000030
19704  -40.232  -82.897  -13.276 0.1000000015
20662  -37.969  -81.436  -13.245 0.1000000015
22502  -36.774  -79.430  -12.435 0.1000000015
23467  -36.788  -78.411  -9.859 0.2000000030
124546  -36.366  -78.976  -10.302 0.1000000015
127236  -36.737  -80.915  -11.948 0.1000000015
23480  -36.441  -78.905  -11.150 0.1000000015
21549  -36.759  -80.229  -12.130 0.1000000015
21550  -37.128  -80.862  -12.468 0.1000000015
18650  -40.863  -83.345  -13.457 0.1000000015
21568  -37.608  -80.795  -13.010 0.1000000015
23488  -36.563  -78.780  -11.958 0.1000000015
19687  -40.486  -82.809  -13.151 0.1000000015
20661  -37.412  -81.548  -12.766 0.1000000015
22494  -36.516  -79.577  -11.643 0.1000000015
22484  -36.321  -79.692  -10.805 0.1000000015
15619  -42.425  -86.674  -16.874 0.1000000015
24360  -38.256  -77.500  -4.321 0.1000000015
24368  -38.375  -77.532  -5.254 0.1000000015
24382  -38.853  -77.535  -6.398 0.1000000015
23451  -39.939  -77.995  -8.110 0.1000000015
24359  -37.802  -76.974  -4.884 0.1000000015
24367  -38.102  -77.020  -5.978 0.1000000015
23410  -39.310  -78.613  -3.508 0.1000000015
23424  -39.144  -78.607  -4.394 0.1000000015
22444  -39.817  -78.924  -5.026 0.1000000015
23440  -41.040  -78.510  -7.516 0.1000000015
23409  -38.706  -78.069  -3.825 0.1000000015
23423  -38.709  -78.065  -4.746 0.1000000015
125471  -39.613  -77.927  -6.554 0.1000000015
23439  -40.288  -78.111  -7.558 0.1000000015
22467  -40.319  -78.542  -8.129 0.1000000015
25287  -38.947  -76.956  -3.071 0.1000000015
21486  -40.977  -79.842  -4.960 0.1000000015
23395  -39.911  -78.557  -2.652 0.1000000015
22430  -39.835  -79.297  -3.462 0.1000000015
22437  -40.150  -79.486  -4.457 0.1000000015
22445  -40.602  -79.216  -5.612 0.1000000015
24345  -39.117  -77.821  -2.983 0.1000000015
23433  -40.317  -78.482  -6.370 0.1000000015
22457  -41.665  -79.095  -7.382 0.1000000015
25288  -40.441  -76.213  -2.770 0.1000000015
21470  -40.801  -79.874  -2.484 0.1000000015
21477  -40.493  -80.004  -3.612 0.1000000015
22419  -40.823  -78.954  -2.041 0.1000000015
24332  -40.627  -77.993  -2.176 0.1000000015
25277  -40.576  -77.102  -2.428 0.1000000015
26251  -40.328  -75.391  -3.229 0.1000000015
31047  -44.025  -70.033  -8.972 0.1000000015
32076  -44.497  -69.626  -9.627 0.1000000015
136287  -45.362  -69.112  -10.849 0.1000000015
25289  -41.522  -76.473  -2.824 0.1000000015
118183  -41.206  -75.652  -3.289 0.1000000015
27239  -41.026  -75.030  -3.667 0.1000000015
30122  -44.888  -71.238  -8.899 0.1000000015
33082  -43.957  -68.446  -10.467 0.1000000015
30139  -46.020  -71.060  -9.611 0.1000000015
32109  -46.508  -69.395  -11.359 0.1000000015
33083  -44.708  -68.651  -10.800 0.1000000015
32108  -45.922  -69.265  -11.141 0.1000000015
22418  -40.279  -79.390  -2.741 0.1000000015
118685  -41.448  -80.518  -4.287 0.1000000015
33093  -44.052  -68.026  -11.078 0.1000000015
23463  -39.012  -77.508  -8.055 0.1000000015
23450  -39.156  -77.907  -8.242 0.1000000015
24381  -38.630  -77.193  -7.236 0.1000000015
25286  -38.515  -76.462  -3.476 0.1000000015
32093  -44.960  -69.341  -10.330 0.1000000015
23432  -39.408  -78.334  -5.426 0.1000000015
129745  -39.482  -77.694  -7.505 0.1000000015
130932  -39.664  -78.281  -8.144 0.1000000015
23452  -40.728  -78.445  -8.023 0.1000000015
25276  -39.664  -76.974  -2.684 0.1000000015
32094  -45.666  -69.680  -10.607 0.1000000015
33094  -45.462  -68.639  -11.259 0.1000000015
20706  -53.673  -81.277  -15.007 0.1000000015
21592  -54.658  -81.253  -14.849 0.1000000015
21608  -54.124  -80.573  -15.328 0.1000000015
15660  -40.799  -86.953  -19.684 0.1000000015
15684  -40.481  -86.876  -20.485 0.1000000015
15685  -41.320  -86.751  -20.157 0.1000000015
15659  -40.029  -86.985  -19.914 0.1000000015
15703  -39.974  -86.877  -21.310 0.1000000015
15637  -41.058  -86.855  -19.014 0.1000000015
16703  -39.274  -86.644  -20.192 0.1000000015
16686  -40.400  -86.525  -19.360 0.1000000015
15682  -38.782  -87.063  -20.767 0.1000000015
16702  -38.249  -85.940  -20.204 0.1000000015
16662  -39.943  -85.399  -19.041 0.1000000015
16683  -37.404  -85.060  -19.736 0.1000000015
17673  -39.166  -85.012  -19.344 0.1000000015
12845  -38.932  -90.195  -13.086 0.1000000015
12844  -38.261  -89.657  -13.407 0.1000000015
12868  -35.778  -89.735  -16.430 0.1000000015
12880  -35.189  -90.021  -16.743 0.1000000015
12867  -34.944  -89.344  -16.596 0.1000000015
121369  -33.313  -88.841  -17.273 0.1000000015
15661  -41.509  -86.951  -19.344 0.1000000015
12877  -32.738  -89.436  -17.535 0.1000000015
13759  -33.238  -88.077  -17.621 0.1000000015
15681  -37.789  -86.606  -20.763 0.1000000015
15680  -36.897  -86.403  -20.782 0.1000000015
133456  -42.762  -85.908  -20.579 0.1000000015
13771  -32.164  -88.701  -18.727 0.1000000015
14737  -32.751  -87.898  -19.626 0.1000000015
131251  -33.590  -87.547  -20.521 0.1000000015
15679  -36.023  -86.423  -20.800 0.1000000015
16700  -36.243  -85.754  -20.315 0.1000000015
16682  -36.509  -85.112  -19.791 0.1000000015
16684  -38.296  -84.966  -19.556 0.1000000015
127413  -42.931  -85.648  -21.367 0.1000000015
12890  -31.708  -89.589  -18.617 0.1000000015
13799  -33.477  -88.294  -21.031 0.1000000015
16699  -35.367  -85.960  -20.217 0.1000000015
16681  -35.660  -85.323  -19.703 0.1000000015
12856  -37.762  -89.728  -14.332 0.1000000015
13739  -37.230  -89.355  -14.952 0.1000000015
13748  -36.029  -89.013  -15.941 0.1000000015
16663  -40.651  -85.945  -18.678 0.1000000015
16664  -41.315  -86.455  -18.310 0.1000000015
15638  -41.715  -87.036  -18.626 0.1000000015
127206  -35.377  -88.976  -16.264 0.1000000015
129170  -34.050  -89.027  -16.799 0.1000000015
15686  -42.132  -86.561  -19.930 0.1000000015
15657  -33.584  -86.937  -19.526 0.1000000015
15677  -33.832  -86.839  -20.077 0.1000000015
15678  -34.552  -86.345  -20.130 0.1000000015
17672  -37.523  -84.274  -19.239 0.1000000015
15636  -34.232  -86.255  -18.632 0.1000000015
16660  -34.597  -85.770  -19.041 0.1000000015
16680  -34.882  -85.756  -19.597 0.1000000015
17671  -36.769  -84.523  -19.367 0.1000000015
13714  -38.009  -89.035  -12.892 0.1000000015
12843  -37.710  -89.058  -13.697 0.1000000015
13703  -38.340  -88.753  -12.185 0.1000000015
13690  -38.589  -88.527  -11.490 0.1000000015
16649  -40.999  -85.387  -17.926 0.1000000015
138894  -37.436  -88.970  -14.364 0.1000000015
13727  -36.887  -88.508  -14.713 0.1000000015
17659  -40.295  -84.822  -18.353 0.1000000015
16650  -41.656  -86.047  -17.435 0.1000000015
17658  -39.516  -84.398  -18.697 0.1000000015
15618  -41.867  -86.872  -17.933 0.1000000015
13746  -34.647  -88.402  -16.415 0.1000000015
14691  -33.780  -87.451  -17.412 0.1000000015
15635  -33.679  -86.798  -18.873 0.1000000015
14690  -33.378  -87.397  -18.222 0.1000000015
15615  -33.931  -86.806  -18.043 0.1000000015
16661  -35.266  -85.210  -18.958 0.1000000015
17670  -36.081  -84.701  -19.209 0.1000000015
131244  -34.394  -86.311  -17.914 0.1000000015
16647  -34.748  -85.759  -18.316 0.1000000015
139520  -38.254  -88.068  -11.100 0.1000000015
17642  -40.637  -84.437  -17.473 0.1000000015
132913  -37.749  -88.497  -12.516 0.1000000015
13702  -37.796  -88.144  -11.786 0.1000000015
14607  -38.471  -87.727  -10.517 0.1000000015
14602  -38.726  -87.441  -9.774 0.1000000015
18720  -39.152  -83.669  -18.236 0.1000000015
17641  -39.956  -83.931  -17.922 0.1000000015
17623  -40.972  -84.321  -16.522 0.1000000015
14639  -36.986  -87.898  -13.384 0.1000000015
118960  -37.259  -87.988  -12.557 0.1000000015
17657  -38.535  -84.093  -18.944 0.1000000015
122395  -42.388  -87.140  -18.034 0.1000000015
14664  -36.173  -88.359  -15.347 0.1000000015
14651  -36.802  -87.838  -14.149 0.1000000015
17656  -36.720  -84.087  -18.720 0.1000000015
13747  -35.422  -88.318  -15.860 0.1000000015
16648  -35.354  -85.292  -17.902 0.1000000015
14678  -34.306  -87.520  -16.705 0.1000000015
15604  -34.733  -86.763  -16.530 0.1000000015
15617  -34.800  -86.009  -17.291 0.1000000015
137768  -37.651  -87.458  -11.002 0.1000000015
14629  -37.136  -87.422  -11.874 0.1000000015
18719  -38.306  -83.503  -18.216 0.1000000015
17655  -35.938  -84.614  -18.423 0.1000000015
18717  -37.155  -83.608  -17.994 0.1000000015
125888  -35.178  -86.097  -16.467 0.1000000015
14663  -35.654  -87.614  -15.422 0.1000000015
14679  -34.944  -87.565  -16.036 0.1000000015
121598  -35.339  -86.714  -15.766 0.1000000015
18695  -37.899  -83.359  -17.448 0.1000000015
118559  -39.480  -83.204  -16.741 0.1000000015
17639  -35.911  -84.810  -17.421 0.1000000015
17640  -36.458  -84.113  -17.774 0.1000000015
18694  -36.969  -83.738  -16.980 0.1000000015
16632  -35.482  -85.485  -16.946 0.1000000015
14650  -36.307  -87.669  -14.743 0.1000000015
120401  -35.682  -85.732  -16.037 0.1000000015
14649  -35.846  -86.925  -15.049 0.1000000015
18673  -38.637  -83.062  -16.633 0.1000000015
140458  -36.554  -84.138  -16.290 0.1000000015
16610  -36.199  -84.886  -15.955 0.1000000015
15575  -36.176  -86.988  -14.378 0.1000000015
18648  -38.379  -82.766  -15.617 0.1000000015
18672  -37.680  -83.250  -16.395 0.1000000015
17606  -36.453  -84.101  -15.577 0.1000000015
18671  -36.960  -83.612  -15.997 0.1000000015
15541  -36.932  -86.807  -11.278 0.1000000015
15574  -35.760  -86.237  -14.618 0.1000000015
14638  -36.509  -87.221  -13.721 0.1000000015
19702  -38.083  -82.498  -14.622 0.1000000015
14628  -36.700  -87.229  -12.736 0.1000000015
14556  -39.584  -86.914  -6.754 0.1000000015
15502  -39.041  -86.848  -8.120 0.1000000015
15501  -38.451  -86.521  -8.614 0.1000000015
14587  -38.929  -87.170  -8.958 0.1000000015
12869  -36.491  -89.711  -15.966 0.1000000015
13760  -33.824  -88.215  -16.939 0.1000000015
13758  -32.692  -88.690  -17.897 0.1000000015
13772  -32.802  -88.027  -18.422 0.1000000015
13788  -32.264  -88.484  -19.605 0.1000000015
14707  -33.087  -87.449  -19.120 0.1000000015
14738  -33.220  -87.420  -19.901 0.1000000015
14739  -34.344  -87.048  -20.619 0.1000000015
14740  -35.190  -86.700  -20.689 0.1000000015
14750  -36.375  -87.474  -21.806 0.1000000015
13738  -36.674  -89.089  -15.431 0.1000000015
13728  -37.301  -88.419  -13.961 0.1000000015
18696  -38.864  -83.300  -17.554 0.1000000015
139188  -37.719  -83.484  -18.094 0.1000000015
17622  -36.333  -84.446  -16.829 0.1000000015
16609  -35.795  -85.579  -15.268 0.1000000015
14571  -39.607  -87.316  -7.560 0.1000000015
6642  -38.267  -97.483  -32.935 0.1000000015
7331  -37.887  -96.843  -32.688 0.1000000015
8094  -36.366  -95.438  -36.537 0.1000000015
7368  -35.982  -95.872  -35.657 0.1000000015
8095  -37.364  -95.080  -36.247 0.1000000015
8086  -37.933  -95.680  -35.364 0.1000000015
6018  -37.673  -97.809  -33.918 0.1000000015
8093  -35.814  -95.663  -37.278 0.1000000015
8915  -35.946  -94.344  -38.928 0.1000000015
8931  -35.393  -93.803  -39.470 0.1000000015
7332  -38.403  -96.907  -32.912 0.1000000015
8056  -38.407  -96.148  -32.986 0.1000000015
8055  -37.272  -95.711  -33.004 0.1000000015
7337  -38.458  -96.838  -33.364 0.1000000015
7358  -37.606  -96.483  -34.897 0.1000000015
7345  -38.115  -97.185  -34.146 0.1000000015
6650  -38.187  -97.662  -33.353 0.1000000015
7330  -36.745  -96.476  -32.649 0.1000000015
7344  -37.211  -97.196  -34.602 0.1000000015
8900  -37.101  -94.644  -37.383 0.1000000015
134586  -36.625  -92.748  -39.087 0.1000000015
8932  -36.028  -93.273  -39.358 0.1000000015
9759  -35.600  -92.685  -39.057 0.1000000015
8015  -36.629  -95.153  -27.208 0.1000000015
9624  -35.850  -93.020  -29.065 0.1000000015
8770  -36.407  -94.560  -27.763 0.1000000015
132931  -37.793  -95.197  -32.995 0.1000000015
8843  -36.880  -94.616  -32.811 0.1000000015
8824  -36.371  -93.962  -32.076 0.1000000015
9650  -36.496  -93.234  -30.797 0.1000000015
9649  -35.602  -93.217  -30.558 0.1000000015
10465  -36.010  -93.073  -29.880 0.1000000015
125726  -38.827  -95.450  -32.765 0.1000000015
8823  -35.478  -94.105  -31.752 0.1000000015
8057  -39.119  -96.038  -33.019 0.1000000015
8054  -36.250  -95.466  -32.717 0.1000000015
126767  -38.490  -96.257  -34.377 0.1000000015
8916  -36.734  -93.834  -38.565 0.1000000015
8016  -37.572  -95.463  -27.121 0.1000000015
9625  -36.318  -93.595  -28.721 0.1000000015
8003  -37.364  -95.898  -26.697 0.1000000015
9665  -36.834  -93.560  -31.611 0.1000000015
133088  -37.369  -93.515  -30.927 0.1000000015
125703  -36.998  -93.262  -30.163 0.1000000015
8825  -37.690  -94.056  -31.752 0.1000000015
8826  -38.892  -94.666  -32.028 0.1000000015
8885  -38.238  -94.822  -35.940 0.1000000015
8901  -37.891  -94.262  -36.945 0.1000000015
8917  -37.605  -93.652  -38.047 0.1000000015
8066  -39.785  -95.994  -33.223 0.1000000015
9607  -35.904  -93.977  -28.033 0.1000000015
8074  -39.162  -95.629  -34.085 0.1000000015
10452  -35.245  -92.731  -28.541 0.1000000015
8845  -39.840  -95.805  -32.316 0.1000000015
8846  -40.146  -95.673  -32.257 0.1000000015
125093  -35.317  -94.035  -27.412 0.1000000015
140259  -40.371  -94.401  -33.434 0.1000000015
10503  -40.625  -93.288  -32.731 0.1000000015
119499  -40.982  -92.366  -33.035 0.1000000015
9637  -36.622  -93.355  -29.458 0.1000000015
120367  -38.298  -94.150  -30.942 0.1000000015
9666  -39.217  -94.345  -31.183 0.1000000015
8828  -40.123  -95.094  -31.876 0.1000000015
9667  -39.733  -94.360  -31.532 0.1000000015
8860  -40.382  -94.966  -32.851 0.1000000015
9668  -40.286  -93.826  -31.958 0.1000000015
9653  -39.320  -93.612  -30.670 0.1000000015
9638  -37.548  -93.559  -29.465 0.1000000015
9652  -38.543  -93.738  -30.209 0.1000000015
10475  -39.609  -92.717  -30.129 0.1000000015
8827  -39.883  -95.227  -31.818 0.1000000015
10523  -40.642  -92.909  -33.495 0.1000000015
6641  -38.037  -97.666  -32.533 0.1000000015
8006  -42.058  -96.730  -28.021 0.1000000015
8058  -39.999  -96.037  -32.655 0.1000000015
8065  -38.926  -96.021  -33.486 0.1000000015
8085  -36.952  -95.768  -35.573 0.1000000015
8087  -38.678  -95.350  -35.019 0.1000000015
8108  -36.340  -94.993  -37.863 0.1000000015
8769  -35.854  -94.699  -27.474 0.1000000015
8771  -37.320  -94.663  -27.606 0.1000000015
8844  -37.821  -94.547  -32.547 0.1000000015
8847  -40.335  -94.950  -32.178 0.1000000015
9583  -44.651  -94.526  -24.465 0.1000000015
9651  -37.831  -93.708  -30.168 0.1000000015
9664  -35.967  -93.518  -31.374 0.1000000015
9678  -40.420  -94.240  -32.531 0.1000000015
9689  -40.466  -93.897  -33.177 0.1000000015
9773  -35.388  -93.258  -39.329 0.1000000015
9774  -36.126  -92.625  -39.164 0.1000000015
10393  -45.939  -93.753  -22.735 0.1000000015
10411  -41.182  -92.771  -25.443 0.1000000015
10441  -45.577  -92.707  -27.452 0.2000000030
10464  -35.355  -92.763  -29.225 0.1000000015
11196  -47.448  -92.086  -21.641 0.2000000030
11199  -49.519  -91.552  -21.374 0.2000000030
11208  -47.912  -92.447  -21.996 0.2000000030
11209  -48.713  -92.150  -22.103 0.2000000030
11218  -45.226  -92.091  -23.693 0.1000000015
11220  -49.253  -91.726  -22.978 0.2000000030
11234  -48.644  -91.199  -24.518 0.2000000030
11240  -40.784  -91.880  -25.263 0.1000000015
11260  -47.198  -91.125  -27.624 0.1000000015
12036  -50.701  -91.543  -19.021 0.4000000060
12046  -49.361  -91.298  -20.108 0.3000000119
12065  -49.842  -91.048  -22.075 0.2000000030
12096  -48.034  -90.912  -25.593 0.2000000030
12106  -47.185  -90.413  -27.917 0.1000000015
12862  -36.975  -89.723  -15.513 0.1000000015
12891  -32.253  -89.266  -18.116 0.1000000015
12905  -49.461  -90.658  -19.106 0.4000000060
12931  -47.286  -90.686  -21.300 0.3000000119
12946  -50.193  -89.875  -22.284 0.1000000015
12957  -48.560  -90.265  -23.734 0.1000000015
12981  -41.128  -89.754  -25.119 0.1000000015
12983  -43.947  -89.084  -25.971 0.1000000015
13003  -44.980  -89.640  -27.666 0.1000000015
13018  -35.897  -89.271  -29.683 0.1000000015
13022  -39.320  -88.731  -30.115 0.1000000015
13040  -35.372  -89.383  -30.198 0.1000000015
13677  -38.898  -88.304  -10.851 0.1000000015
13713  -37.475  -88.512  -13.164 0.1000000015
13740  -50.491  -88.267  -15.336 0.4000000060
13751  -51.469  -88.408  -15.678 0.4000000060
13775  -51.276  -89.426  -17.989 0.4000000060
13803  -50.508  -89.127  -21.015 0.1000000015
13810  -46.547  -88.428  -21.388 0.3000000119
13826  -48.504  -89.054  -22.823 0.1000000015
13861  -45.584  -88.571  -24.418 0.1000000015
13907  -36.648  -88.443  -28.746 0.1000000015
14666  -44.931  -87.488  -15.237 0.5000000000
14667  -45.842  -87.739  -15.074 0.5000000000
14671  -51.669  -88.057  -14.977 0.4000000060
14672  -52.406  -87.616  -15.192 0.3000000119
14682  -47.503  -88.191  -14.846 0.3000000119
14695  -46.274  -87.872  -15.654 0.2000000030
14706  -32.559  -88.074  -19.114 0.1000000015
14766  -49.791  -88.315  -22.757 0.1000000015
14798  -43.854  -86.711  -24.865 0.1000000015
15561  -53.603  -86.030  -13.861 0.3000000119
15576  -51.074  -87.295  -14.532 0.4000000060
15588  -35.661  -86.270  -15.341 0.1000000015
15589  -43.799  -86.999  -14.744 0.5000000000
15591  -45.490  -87.320  -14.759 0.5000000000
15596  -52.890  -86.848  -14.607 0.3000000119
15616  -34.277  -86.790  -17.278 0.1000000015
15641  -45.248  -86.614  -17.795 0.3000000119
15658  -34.160  -86.335  -19.456 0.1000000015
15666  -46.881  -86.112  -19.196 0.3000000119
15683  -39.644  -87.128  -20.567 0.1000000015
15701  -36.664  -86.943  -21.296 0.1000000015
15704  -43.717  -85.922  -21.689 0.1000000015
15725  -48.430  -86.764  -23.568 0.2000000030
15738  -46.840  -86.055  -24.098 0.1000000015
15830  -36.412  -86.712  -30.351 0.1000000015
16585  -53.883  -85.508  -13.670 0.3000000119
16598  -42.943  -85.079  -13.784 0.4000000060
16621  -53.904  -85.788  -14.202 0.3000000119
16622  -54.342  -85.239  -14.101 0.1000000015
16639  -52.402  -86.575  -16.164 0.3000000119
16640  -52.785  -85.913  -15.668 0.3000000119
16668  -50.135  -85.340  -18.195 0.1000000015
16685  -39.634  -86.096  -19.620 0.1000000015
16688  -44.768  -85.777  -19.054 0.2000000030
16689  -45.525  -85.698  -19.117 0.2000000030
16690  -49.524  -85.453  -19.874 0.1000000015
16701  -37.185  -85.781  -20.284 0.1000000015
16728  -43.016  -85.729  -22.093 0.1000000015
16743  -45.346  -85.689  -24.482 0.1000000015
16747  -49.692  -85.971  -25.081 0.1000000015
16761  -44.022  -85.370  -24.970 0.1000000015
16788  -41.634  -85.339  -25.769 0.1000000015
16789  -46.144  -85.148  -27.337 0.1000000015
16793  -49.787  -85.188  -26.743 0.1000000015
16805  -38.104  -85.984  -27.527 0.1000000015
16807  -39.342  -84.949  -27.001 0.1000000015
17577  -54.118  -84.699  -13.539 0.2000000030
17578  -54.497  -84.463  -13.826 0.3000000119
17611  -53.740  -84.384  -15.391 0.1000000015
17645  -45.789  -84.383  -16.930 0.6000000238
17660  -49.793  -84.697  -18.681 0.1000000015
17728  -43.746  -84.883  -25.548 0.1000000015
17731  -51.359  -83.815  -25.682 0.1000000015
17749  -41.282  -84.754  -26.227 0.1000000015
17750  -42.686  -84.605  -26.516 0.1000000015
17755  -50.661  -84.156  -26.734 0.1000000015
17772  -40.550  -84.355  -27.365 0.1000000015
17773  -41.541  -84.312  -27.496 0.1000000015
17788  -38.534  -84.577  -28.398 0.1000000015
17794  -44.071  -84.748  -29.042 0.1000000015
17811  -42.378  -84.145  -29.436 0.1000000015
17816  -46.684  -84.240  -29.365 0.1000000015
17856  -38.319  -84.172  -32.538 0.1000000015
18631  -52.125  -84.177  -14.132 0.4000000060
18632  -52.857  -84.161  -13.636 0.4000000060
18633  -54.650  -83.676  -14.265 0.2000000030
18652  -42.621  -83.855  -14.044 0.3000000119
18678  -43.702  -83.902  -16.036 0.5000000000
18718  -37.627  -83.723  -18.594 0.1000000015
18874  -43.201  -83.986  -30.816 0.1000000015
18876  -46.082  -84.347  -31.294 0.1000000015
18877  -46.305  -84.191  -30.562 0.1000000015
18895  -45.815  -84.222  -32.055 0.1000000015
19671  -53.978  -83.149  -13.624 0.2000000030
19690  -50.411  -82.279  -14.309 0.4000000060
19885  -50.450  -83.260  -26.742 0.1000000015
19930  -46.530  -83.174  -31.574 0.1000000015
19940  -46.676  -82.852  -32.553 0.1000000015
20664  -54.249  -82.273  -13.996 0.2000000030
20739  -44.107  -81.048  -17.421 0.4000000060
20741  -46.048  -81.950  -17.257 0.4000000060
20894  -46.791  -81.669  -32.946 0.1000000015
21584  -38.567  -80.499  -13.836 0.3000000119
21634  -43.439  -80.383  -17.364 0.5000000000
21720  -40.291  -80.760  -23.345 0.1000000015
21815  -46.686  -79.846  -33.742 0.1000000015
22436  -39.541  -79.091  -4.124 0.1000000015
22517  -46.063  -78.879  -13.749 0.3000000119
22540  -49.133  -80.331  -14.505 0.5000000000
22555  -45.623  -79.588  -15.024 0.4000000060
22575  -45.294  -79.761  -16.088 0.5000000000
22576  -51.367  -79.433  -16.130 0.3000000119
22577  -52.284  -79.319  -16.253 0.2000000030
22587  -42.996  -78.968  -16.992 0.5000000000
22778  -46.051  -79.342  -33.683 0.1000000015
23431  -38.964  -77.894  -5.642 0.1000000015
23502  -45.791  -78.293  -13.749 0.3000000119
23517  -47.645  -79.192  -14.364 0.4000000060
23529  -37.976  -78.418  -15.445 0.3000000119
23548  -38.395  -77.844  -16.011 0.4000000060
23551  -41.324  -78.667  -16.661 0.5000000000
23677  -39.179  -78.776  -25.586 0.1000000015
23687  -38.946  -78.112  -25.635 0.1000000015
24331  -39.919  -77.712  -2.516 0.1000000015
24344  -38.490  -77.329  -3.583 0.1000000015
24456  -46.010  -77.837  -13.743 0.4000000060
24473  -37.538  -77.600  -14.520 0.3000000119
24474  -44.331  -77.753  -14.363 0.4000000060
24505  -40.737  -77.461  -16.424 0.4000000060
24512  -50.458  -76.914  -16.826 0.2000000030
24635  -39.077  -77.513  -26.034 0.1000000015
25399  -43.628  -76.364  -13.572 0.3000000119
26280  -44.084  -75.034  -5.125 0.1000000015
26365  -37.195  -75.234  -11.657 0.3000000119
26393  -44.521  -76.138  -13.547 0.3000000119
26409  -42.170  -75.476  -13.831 0.5000000000
26425  -39.270  -75.926  -15.355 0.4000000060
26426  -40.071  -75.703  -15.264 0.5000000000
26428  -42.127  -75.851  -14.606 0.5000000000
26528  -39.448  -75.293  -21.198 0.1000000015
27263  -41.940  -73.746  -5.239 0.1000000015
27266  -44.126  -74.593  -5.719 0.1000000015
27276  -36.759  -74.159  -5.795 0.3000000119
27291  -36.558  -74.692  -7.406 0.3000000119
27294  -46.340  -74.556  -7.464 0.1000000015
27402  -44.067  -74.596  -14.688 0.3000000119
27435  -49.430  -74.815  -17.396 0.1000000015
27436  -50.966  -74.678  -17.355 0.1000000015
27439  -54.589  -73.827  -17.422 0.1000000015
27503  -38.927  -74.902  -21.902 0.1000000015
28265  -43.068  -73.702  -5.807 0.1000000015
28276  -41.949  -72.702  -6.221 0.1000000015
28321  -37.382  -72.710  -9.904 0.3000000119
28351  -39.305  -72.867  -11.707 0.4000000060
29151  -37.454  -72.451  -6.091 0.3000000119
29169  -37.720  -71.789  -6.313 0.3000000119
29190  -44.256  -72.698  -7.530 0.1000000015
29321  -56.884  -72.388  -18.392 0.1000000015
29336  -57.027  -72.622  -19.494 0.1000000015
30065  -38.367  -71.356  -6.344 0.3000000119
30099  -37.375  -71.412  -8.712 0.3000000119
30153  -39.366  -71.705  -11.704 0.4000000060
30180  -42.000  -71.828  -14.970 0.2000000030
30207  -44.669  -71.375  -17.541 0.1000000015
31014  -37.845  -70.573  -7.618 0.3000000119
31018  -41.274  -70.644  -7.000 0.2000000030
31031  -44.216  -70.884  -8.660 0.1000000015
31049  -45.418  -70.772  -9.497 0.1000000015
31063  -38.222  -69.997  -10.470 0.3000000119
31128  -43.360  -70.548  -17.166 0.2000000030
32026  -39.649  -69.661  -7.776 0.2000000030
32050  -38.564  -69.408  -8.821 0.2000000030
32053  -41.834  -69.270  -8.181 0.3000000119
32091  -38.442  -69.408  -10.361 0.3000000119
32092  -44.249  -68.932  -10.034 0.2000000030
32165  -43.594  -69.441  -17.325 0.1000000015
32166  -44.390  -69.431  -17.510 0.2000000030
32168  -46.187  -69.333  -17.476 0.1000000015
32169  -46.929  -69.245  -17.464 0.1000000015
33044  -40.535  -68.646  -8.767 0.3000000119
33080  -41.676  -67.836  -9.958 0.2000000030
33114  -39.211  -68.653  -12.727 0.3000000119
33126  -39.602  -68.442  -13.349 0.2000000030
33127  -40.069  -68.316  -14.020 0.1000000015
33164  -45.569  -68.037  -17.394 0.1000000015
35211  -41.656  -66.742  -15.505 0.1000000015
36238  -42.703  -65.454  -13.517 0.1000000015
36239  -43.171  -65.007  -14.085 0.1000000015
36275  -43.104  -65.994  -16.087 0.1000000015
36276  -43.942  -65.683  -16.342 0.1000000015
37257  -45.549  -64.515  -12.544 0.1000000015
37258  -46.901  -64.604  -11.967 0.1000000015
37305  -45.650  -64.224  -15.737 0.1000000015
38294  -45.963  -63.949  -12.856 0.1000000015
38296  -47.496  -63.924  -12.313 0.1000000015
117279  -40.105  -69.131  -8.283 0.2000000030
117490  -44.851  -68.072  -11.435 0.1000000015
117784  -42.905  -75.080  -13.157 0.3000000119
117802  -44.682  -81.637  -17.423 0.4000000060
117981  -43.069  -68.025  -17.035 0.1000000015
118076  -48.342  -83.923  -28.147 0.1000000015
118269  -45.046  -84.885  -28.145 0.1000000015
119097  -35.717  -93.221  -28.388 0.1000000015
119995  -38.446  -72.680  -11.003 0.3000000119
120396  -47.384  -86.908  -17.510 0.2000000030
120436  -36.978  -88.169  -28.135 0.1000000015
121228  -50.653  -86.103  -17.883 0.1000000015
121248  -48.206  -82.470  -24.115 0.1000000015
121256  -45.061  -75.756  -14.361 0.4000000060
121666  -43.321  -92.444  -25.484 0.2000000030
122012  -48.729  -87.879  -15.063 0.4000000060
122349  -50.746  -87.182  -21.729 0.1000000015
122653  -37.100  -93.984  -32.298 0.1000000015
124632  -38.457  -84.251  -29.939 0.1000000015
125593  -44.895  -82.703  -28.884 0.1000000015
126386  -46.063  -83.233  -29.651 0.1000000015
126617  -36.481  -87.429  -14.250 0.1000000015
127008  -48.420  -69.892  -17.496 0.1000000015
127161  -50.923  -86.915  -22.529 0.1000000015
130153  -43.274  -69.983  -17.184 0.1000000015
130522  -51.165  -84.410  -24.323 0.1000000015
131091  -47.848  -79.838  -14.366 0.5000000000
132534  -38.776  -77.182  -16.052 0.4000000060
132536  -47.235  -92.935  -22.427 0.2000000030
133117  -36.330  -87.936  -29.135 0.1000000015
133274  -39.679  -83.477  -30.437 0.1000000015
133936  -42.243  -71.725  -6.978 0.1000000015
134036  -41.402  -72.535  -13.175 0.3000000119
134195  -42.419  -82.047  -25.238 0.1000000015
134757  -43.020  -86.225  -25.227 0.1000000015
134944  -50.355  -83.771  -27.067 0.1000000015
135083  -38.923  -85.709  -19.801 0.1000000015
135171  -55.214  -71.054  -17.510 0.1000000015
135491  -38.596  -77.236  -8.191 0.2000000030
135902  -46.153  -80.218  -32.295 0.1000000015
135920  -45.164  -74.445  -17.062 0.2000000030
136096  -38.527  -72.763  -5.271 0.3000000119
136560  -53.109  -83.339  -13.774 0.3000000119
136704  -53.548  -80.035  -15.697 0.1000000015
137197  -50.288  -84.103  -27.205 0.1000000015
137264  -47.966  -84.602  -16.545 0.5000000000
137433  -50.774  -84.411  -17.409 0.2000000030
137633  -35.948  -85.073  -16.616 0.1000000015
138070  -38.807  -83.649  -33.011 0.1000000015
138114  -42.942  -86.782  -18.922 0.1000000015
138651  -36.169  -89.617  -29.675 0.1000000015
139104  -50.239  -86.941  -19.768 0.1000000015
139553  -44.682  -84.935  -30.573 0.1000000015
139603  -46.945  -72.854  -17.704 0.1000000015
139770  -47.842  -92.686  -22.966 0.2000000030
139835  -36.745  -86.547  -29.086 0.1000000015
139899  -38.033  -93.661  -29.715 0.1000000015
140529  -38.654  -76.228  -15.310 0.4000000060
