#!ascii label  , from subject sub-v1s12x0050102_ses-1 vox2ras=TkReg
736
29609  26.993  -74.312  -25.436 0.6000000238
28550  18.405  -74.197  -28.726 0.6999999881
27359  19.161  -75.204  -27.131 0.6999999881
26203  22.818  -76.516  -25.526 0.8999999762
130503  23.598  -75.879  -25.502 0.8000000119
116029  25.035  -75.150  -25.510 0.8000000119
138812  26.386  -73.741  -25.456 0.6000000238
134087  27.000  -73.415  -25.390 0.6999999881
30618  27.830  -72.906  -25.443 0.6999999881
29664  18.202  -73.379  -29.074 0.6999999881
29689  17.753  -73.442  -30.864 0.6999999881
28533  19.046  -74.388  -27.193 0.6999999881
29638  20.323  -73.987  -26.554 0.6000000238
28516  20.536  -74.954  -26.464 0.6999999881
27343  21.117  -75.616  -26.172 0.6999999881
124726  21.657  -75.091  -26.028 0.8000000119
123111  22.867  -74.305  -25.747 0.8000000119
28493  23.192  -74.954  -25.630 0.8000000119
116028  24.198  -74.863  -25.526 0.8000000119
28492  25.162  -74.335  -25.501 0.6000000238
133356  26.833  -72.557  -25.403 0.6000000238
124429  27.436  -72.081  -25.405 0.6999999881
30617  28.892  -72.733  -25.524 0.6999999881
30691  17.730  -72.522  -30.523 0.5000000000
29703  17.863  -72.612  -31.229 0.6000000238
30668  18.575  -72.676  -28.671 0.4000000060
29655  18.606  -73.476  -28.283 0.6000000238
30652  19.378  -72.933  -27.194 0.5000000000
129032  20.982  -73.367  -26.444 0.6000000238
28495  21.745  -74.460  -26.158 0.8000000119
29613  22.344  -74.007  -26.020 0.6999999881
29612  22.970  -73.598  -25.755 0.6999999881
30621  24.396  -72.513  -25.569 0.6999999881
124428  25.961  -72.245  -25.475 0.5000000000
31609  26.696  -71.589  -25.441 0.6000000238
31608  27.682  -71.312  -25.429 0.6000000238
123301  28.259  -72.005  -25.426 0.6000000238
30616  29.770  -72.574  -25.685 0.5000000000
118414  19.154  -70.783  -31.729 0.5000000000
31701  19.166  -71.621  -32.135 0.6000000238
31718  20.082  -71.531  -33.191 0.6000000238
31689  18.187  -71.761  -31.200 0.5000000000
30640  20.118  -72.949  -26.647 0.5000000000
130720  21.621  -72.982  -26.301 0.6000000238
30637  21.911  -72.274  -26.152 0.6000000238
30622  23.554  -72.325  -25.699 0.6000000238
31610  25.726  -71.393  -25.485 0.5000000000
124467  26.235  -70.760  -25.499 0.6000000238
32579  27.113  -70.643  -25.459 0.6000000238
31607  28.596  -71.166  -25.478 0.5000000000
124468  29.496  -71.099  -25.532 0.5000000000
31605  30.933  -71.713  -25.967 0.5000000000
31606  30.057  -71.807  -25.662 0.5000000000
32671  20.144  -70.610  -32.728 0.5000000000
31717  20.517  -70.423  -34.041 0.5000000000
31671  18.435  -71.424  -29.736 0.5000000000
31657  18.604  -71.844  -28.970 0.4000000060
124631  19.405  -70.879  -28.323 0.3000000119
31643  19.523  -71.597  -27.876 0.4000000060
31642  20.133  -71.453  -27.225 0.3000000119
32613  19.917  -70.770  -27.818 0.3000000119
30639  20.347  -72.094  -26.755 0.5000000000
31627  21.520  -71.511  -26.390 0.5000000000
32583  22.807  -70.695  -26.061 0.5000000000
31612  24.166  -71.557  -25.589 0.5000000000
31611  24.955  -71.093  -25.473 0.5000000000
124068  25.526  -70.726  -25.499 0.6000000238
131680  26.631  -70.020  -25.514 0.6000000238
32578  28.032  -70.431  -25.475 0.5000000000
122540  28.957  -70.336  -25.550 0.5000000000
32577  29.866  -70.360  -25.458 0.5000000000
32670  20.330  -69.591  -33.465 0.5000000000
32657  19.996  -69.672  -32.254 0.5000000000
114611  19.124  -70.112  -31.349 0.5000000000
32633  18.802  -70.491  -29.808 0.4000000060
133736  18.763  -71.154  -29.175 0.5000000000
32625  19.077  -70.610  -28.928 0.4000000060
32624  19.615  -70.052  -28.499 0.3000000119
32612  20.621  -70.674  -27.261 0.3000000119
32595  21.884  -70.573  -26.433 0.4000000060
32582  23.631  -70.755  -25.754 0.5000000000
135279  24.346  -70.721  -25.571 0.4000000060
33574  27.461  -69.813  -25.547 0.5000000000
123361  27.594  -68.996  -25.782 0.5000000000
33573  28.385  -69.485  -25.589 0.5000000000
126153  30.780  -70.302  -25.529 0.5000000000
33571  30.288  -69.644  -25.241 0.4000000060
33572  29.354  -69.630  -25.420 0.5000000000
33680  19.228  -68.618  -33.345 0.5000000000
32656  20.373  -69.001  -32.924 0.5000000000
33664  19.740  -68.811  -32.224 0.5000000000
33651  19.429  -69.289  -31.306 0.4000000060
33638  19.147  -69.491  -30.303 0.4000000060
33629  19.643  -69.134  -29.039 0.3000000119
32623  20.302  -70.008  -27.822 0.3000000119
33599  21.823  -69.760  -26.826 0.4000000060
32594  22.581  -69.779  -26.498 0.4000000060
32593  23.404  -69.390  -26.276 0.4000000060
132566  23.273  -70.104  -26.001 0.4000000060
33577  24.031  -69.933  -25.713 0.4000000060
127957  24.705  -69.481  -25.698 0.5000000000
34591  25.943  -68.764  -25.933 0.5000000000
33575  26.263  -69.425  -25.677 0.6000000238
34589  28.140  -68.574  -25.733 0.4000000060
34588  28.891  -68.901  -25.459 0.5000000000
34692  19.007  -68.050  -32.542 0.4000000060
126974  19.450  -68.437  -31.559 0.4000000060
34677  19.269  -67.998  -31.993 0.4000000060
33650  19.408  -68.570  -30.845 0.4000000060
33637  19.495  -68.713  -29.939 0.4000000060
33628  20.143  -69.278  -28.327 0.4000000060
34631  21.471  -68.625  -27.670 0.4000000060
33617  21.492  -69.391  -27.290 0.4000000060
33598  22.113  -69.144  -27.119 0.4000000060
121847  23.106  -68.304  -27.122 0.4000000060
33597  24.174  -69.027  -26.024 0.5000000000
34615  25.559  -68.143  -26.394 0.5000000000
131169  26.013  -67.542  -26.686 0.6000000238
34613  27.458  -68.229  -26.101 0.5000000000
35612  27.272  -67.486  -26.358 0.4000000060
34679  17.909  -67.775  -31.635 0.4000000060
35680  19.008  -67.464  -31.350 0.4000000060
34678  18.678  -67.604  -31.693 0.4000000060
126831  19.407  -67.849  -30.594 0.4000000060
121530  20.041  -68.634  -28.790 0.4000000060
35629  22.960  -67.621  -27.531 0.4000000060
34629  23.720  -67.893  -27.091 0.4000000060
34616  24.530  -68.191  -26.577 0.5000000000
35615  25.282  -67.491  -26.898 0.4000000060
35613  26.594  -67.203  -26.710 0.6000000238
35671  18.196  -67.463  -31.119 0.4000000060
35670  18.674  -67.260  -30.918 0.4000000060
35669  19.062  -67.377  -30.599 0.4000000060
34653  19.544  -67.658  -29.821 0.4000000060
34641  20.211  -67.847  -28.965 0.4000000060
35642  20.756  -67.194  -28.778 0.4000000060
35641  21.642  -67.187  -28.427 0.5000000000
35630  21.988  -67.769  -27.866 0.4000000060
35639  23.437  -66.899  -27.967 0.3000000119
35628  23.784  -67.305  -27.546 0.4000000060
35626  25.195  -66.834  -27.455 0.4000000060
36608  25.814  -66.336  -27.501 0.4000000060
35614  25.952  -66.974  -27.107 0.5000000000
34668  17.564  -67.886  -30.758 0.4000000060
35658  19.168  -66.972  -29.526 0.4000000060
35657  19.937  -67.086  -29.270 0.4000000060
124796  20.323  -66.589  -28.924 0.3000000119
36629  21.162  -66.462  -28.818 0.3000000119
35640  22.540  -67.051  -28.116 0.3000000119
36627  23.171  -66.464  -28.527 0.3000000119
36617  24.380  -66.721  -27.883 0.3000000119
37574  25.591  -65.613  -27.938 0.4000000060
37566  25.964  -65.293  -27.116 0.4000000060
35660  17.996  -67.439  -30.300 0.3000000119
35659  18.563  -67.189  -29.717 0.3000000119
36641  18.776  -66.331  -28.707 0.3000000119
36640  19.444  -66.354  -28.887 0.3000000119
36628  22.218  -66.518  -28.616 0.4000000060
122740  21.849  -65.943  -28.906 0.4000000060
37584  23.975  -66.000  -28.975 0.3000000119
36626  24.651  -66.121  -28.594 0.3000000119
36625  25.142  -65.786  -28.574 0.4000000060
38567  25.566  -64.765  -27.419 0.4000000060
37597  23.000  -64.965  -29.577 0.4000000060
37585  22.923  -65.835  -29.084 0.4000000060
37596  23.913  -65.306  -29.478 0.3000000119
38579  25.026  -64.866  -29.164 0.4000000060
39568  24.938  -64.221  -28.798 0.4000000060
39553  24.801  -63.389  -28.234 0.4000000060
38578  25.284  -64.899  -28.388 0.4000000060
39552  25.150  -64.113  -27.793 0.4000000060
38588  23.787  -64.526  -29.987 0.4000000060
38599  24.230  -64.035  -30.117 0.5000000000
120556  24.602  -64.160  -29.532 0.4000000060
39569  24.593  -63.428  -29.225 0.4000000060
39539  25.512  -63.951  -26.887 0.3000000119
116030  25.744  -75.017  -25.481 0.6999999881
27326  22.653  -75.697  -25.614 0.8000000119
29610  25.690  -73.644  -25.501 0.6000000238
121680  23.547  -74.126  -25.618 0.6999999881
130853  25.023  -73.580  -25.505 0.6999999881
127260  29.171  -71.894  -25.513 0.6000000238
30653  18.939  -72.843  -27.921 0.4000000060
30651  19.747  -72.208  -27.134 0.4000000060
29637  21.714  -73.699  -26.267 0.6999999881
138814  23.059  -72.893  -25.767 0.6999999881
30620  25.278  -72.883  -25.507 0.6999999881
31688  18.622  -70.923  -30.676 0.5000000000
31613  23.209  -71.526  -25.812 0.5000000000
32596  21.200  -70.872  -26.716 0.4000000060
33576  25.438  -69.461  -25.660 0.6000000238
34590  26.827  -68.787  -25.922 0.5000000000
34640  21.068  -67.845  -28.271 0.3000000119
35627  24.473  -67.400  -27.245 0.4000000060
35644  17.847  -67.472  -29.290 0.4000000060
131664  23.940  -66.437  -28.414 0.3000000119
37583  24.739  -65.479  -29.105 0.3000000119
38587  24.443  -64.726  -29.599 0.3000000119
120487  25.167  -63.254  -27.291 0.3000000119
19680  23.076  -82.149  -27.847 0.6000000238
19687  23.299  -82.487  -28.653 0.6000000238
20775  24.288  -81.624  -30.961 0.6000000238
21895  24.582  -80.189  -31.421 0.6000000238
17749  20.860  -84.000  -28.745 0.5000000000
19689  21.719  -82.677  -28.127 0.6000000238
21811  22.572  -81.133  -26.851 0.6999999881
20703  22.575  -81.753  -27.373 0.6999999881
18735  22.041  -83.257  -28.565 0.6000000238
20701  24.488  -81.131  -27.797 0.6000000238
20723  24.209  -81.619  -28.509 0.6000000238
21836  24.613  -81.006  -28.704 0.6000000238
21855  24.579  -80.726  -29.637 0.6000000238
21871  24.576  -80.421  -30.484 0.6000000238
123774  24.592  -79.090  -30.078 0.6000000238
25099  24.188  -77.198  -30.699 0.6999999881
130889  20.780  -81.924  -28.022 0.6000000238
22890  21.189  -79.822  -26.758 0.6999999881
18737  20.505  -83.245  -28.498 0.5000000000
21812  21.529  -80.733  -27.021 0.6999999881
20704  21.850  -81.555  -27.324 0.6999999881
21791  24.026  -80.344  -26.524 0.6999999881
21810  23.801  -81.076  -27.001 0.6999999881
117170  24.932  -80.429  -28.057 0.5000000000
22917  24.765  -79.290  -29.435 0.6000000238
124294  24.554  -78.278  -29.893 0.6000000238
25085  24.391  -77.183  -30.022 0.6999999881
26260  24.277  -75.979  -30.231 0.6999999881
114459  23.486  -75.998  -30.988 0.6999999881
27388  23.467  -74.635  -30.702 0.6999999881
28596  31.587  -74.615  -31.588 0.4000000060
135432  28.081  -73.470  -31.575 0.5000000000
127291  26.376  -73.436  -31.507 0.6000000238
28601  24.970  -73.770  -31.379 0.6000000238
29688  23.695  -73.595  -31.006 0.6999999881
20752  18.951  -80.800  -29.041 0.5000000000
21837  19.777  -80.681  -28.469 0.5000000000
22891  19.974  -79.932  -27.998 0.6000000238
20726  19.597  -81.525  -28.635 0.5000000000
22880  20.907  -78.921  -26.452 0.6999999881
21813  20.358  -80.700  -27.971 0.5000000000
20705  20.986  -81.235  -27.664 0.6000000238
22879  21.733  -79.347  -26.121 0.6999999881
21793  22.087  -80.224  -26.430 0.6999999881
22863  23.285  -79.077  -25.798 0.6999999881
21790  24.735  -80.393  -27.056 0.6999999881
22904  25.061  -79.588  -28.558 0.6000000238
23964  24.909  -77.976  -29.503 0.6000000238
26242  25.242  -77.194  -29.451 0.6999999881
27387  24.560  -74.986  -30.155 0.6999999881
28568  24.747  -74.107  -30.218 0.6999999881
29701  24.507  -73.252  -30.963 0.6000000238
29687  24.558  -73.280  -30.833 0.6000000238
132282  18.607  -78.240  -29.859 0.5000000000
22933  18.510  -79.887  -30.468 0.4000000060
22906  19.017  -79.149  -28.669 0.5000000000
23965  18.720  -78.729  -29.279 0.5000000000
21838  19.269  -79.921  -28.628 0.5000000000
25060  19.564  -77.896  -27.405 0.6000000238
23939  19.836  -78.714  -27.432 0.6000000238
25049  20.794  -77.183  -26.033 0.6999999881
23938  20.225  -78.381  -26.873 0.6000000238
23931  21.493  -78.463  -25.854 0.6999999881
23930  22.356  -78.804  -25.759 0.6999999881
22876  24.459  -79.748  -26.349 0.6999999881
23937  25.613  -78.985  -27.127 0.6999999881
22903  25.443  -78.965  -28.157 0.6999999881
25069  26.147  -77.697  -28.553 0.6999999881
26259  26.201  -76.862  -29.004 0.6999999881
27375  26.534  -76.034  -29.081 0.8000000119
28567  25.685  -73.878  -29.757 0.6999999881
117562  26.139  -72.363  -31.506 0.5000000000
30689  25.787  -71.971  -31.023 0.6000000238
29675  26.202  -73.159  -29.808 0.6000000238
23977  18.623  -78.204  -30.757 0.4000000060
116993  18.592  -76.923  -29.179 0.6000000238
23953  18.903  -78.456  -28.606 0.6000000238
122863  19.178  -77.286  -27.774 0.6000000238
25051  19.512  -76.924  -27.237 0.6000000238
26217  20.600  -76.453  -26.274 0.6000000238
25038  22.113  -77.031  -25.527 0.6999999881
23923  22.181  -77.924  -25.607 0.6999999881
25036  23.709  -77.700  -25.537 0.6999999881
22862  24.077  -79.294  -25.877 0.6999999881
26201  24.884  -77.132  -25.506 0.8000000119
23919  25.394  -78.236  -25.893 0.8000000119
25047  26.461  -77.381  -26.490 0.6000000238
119012  26.701  -77.170  -28.235 0.6000000238
28549  27.708  -75.002  -28.812 0.8000000119
27386  26.697  -74.990  -29.255 0.6999999881
30719  27.141  -71.700  -32.358 0.5000000000
115347  25.978  -71.581  -31.502 0.6000000238
30677  26.757  -72.654  -29.881 0.6999999881
31716  26.237  -71.024  -32.246 0.6000000238
27404  18.401  -75.965  -30.642 0.5000000000
117371  18.729  -75.997  -31.819 0.4000000060
27452  19.294  -76.194  -32.931 0.4000000060
117782  18.492  -76.237  -29.195 0.5000000000
25086  18.570  -77.434  -30.105 0.5000000000
26244  18.704  -76.369  -28.528 0.6000000238
115731  19.335  -76.049  -27.205 0.6000000238
27344  20.402  -75.778  -26.457 0.6000000238
26216  21.416  -76.539  -25.815 0.6999999881
25037  22.891  -77.369  -25.543 0.8000000119
115024  24.286  -76.544  -25.486 0.8000000119
26200  25.703  -76.879  -25.541 0.6000000238
26215  26.955  -76.720  -26.480 0.6000000238
117756  27.644  -76.141  -27.900 0.6999999881
27373  28.057  -75.632  -28.088 0.6999999881
130905  29.269  -73.353  -29.166 0.6999999881
31687  25.981  -71.632  -31.374 0.6000000238
30676  27.520  -72.273  -29.917 0.6000000238
31685  28.467  -72.021  -29.906 0.6000000238
31700  26.137  -71.185  -31.775 0.6000000238
30687  27.276  -71.534  -30.514 0.6000000238
28581  18.065  -74.455  -30.897 0.5000000000
116604  18.353  -75.263  -31.026 0.5000000000
128398  19.056  -75.351  -32.689 0.5000000000
27464  19.517  -75.861  -33.750 0.5000000000
28570  17.947  -74.166  -29.526 0.5000000000
114630  18.061  -74.969  -30.144 0.5000000000
26230  18.863  -75.672  -27.909 0.6000000238
27324  25.517  -75.857  -25.496 0.6999999881
129185  26.190  -75.554  -25.505 0.6000000238
26198  27.488  -75.717  -25.912 0.6000000238
27341  28.632  -75.170  -26.485 0.6000000238
28548  28.677  -74.959  -28.275 0.6999999881
28532  29.117  -74.982  -27.244 0.6000000238
29663  29.018  -74.133  -28.815 0.6000000238
29673  28.585  -72.692  -29.537 0.6999999881
32669  26.528  -70.475  -32.341 0.5000000000
123043  28.474  -71.353  -30.407 0.4000000060
29702  18.364  -73.223  -31.869 0.5000000000
29710  19.038  -73.392  -32.767 0.5000000000
118066  19.498  -73.920  -33.634 0.5000000000
29718  20.164  -73.431  -35.073 0.5000000000
29733  19.164  -73.081  -37.168 0.5000000000
28650  17.822  -74.403  -36.888 0.5000000000
29608  27.826  -73.925  -25.509 0.6000000238
28514  29.146  -74.735  -26.397 0.6000000238
29636  30.200  -73.752  -26.406 0.4000000060
29652  30.590  -73.361  -27.936 0.5000000000
30666  30.755  -72.791  -28.464 0.4000000060
31684  29.739  -71.216  -30.306 0.4000000060
30675  29.459  -72.586  -29.452 0.5000000000
30720  19.202  -72.523  -32.631 0.6000000238
29719  19.757  -73.027  -33.629 0.5000000000
30728  20.416  -72.332  -34.781 0.5000000000
30743  19.690  -72.202  -36.750 0.5000000000
29734  18.180  -72.851  -37.062 0.5000000000
29735  16.988  -73.484  -36.395 0.5000000000
29727  16.152  -73.469  -35.960 0.4000000060
28617  16.216  -74.727  -33.388 0.5000000000
28605  16.028  -74.786  -32.351 0.4000000060
27406  15.503  -75.509  -30.639 0.4000000060
26262  16.051  -77.056  -30.029 0.4000000060
29606  29.609  -73.387  -25.749 0.6000000238
29605  30.236  -73.087  -25.970 0.4000000060
120968  31.076  -72.814  -27.776 0.4000000060
31668  31.195  -71.575  -29.265 0.4000000060
31730  20.589  -71.296  -34.539 0.5000000000
127516  20.253  -71.261  -35.901 0.4000000060
31746  18.838  -71.155  -37.074 0.4000000060
30737  17.805  -71.911  -36.719 0.5000000000
30739  15.407  -72.522  -35.748 0.4000000060
29728  15.339  -73.177  -35.681 0.5000000000
29729  14.479  -72.874  -35.410 0.4000000060
28629  14.196  -73.971  -34.521 0.5000000000
28618  15.231  -74.420  -33.363 0.5000000000
28607  13.944  -74.264  -32.194 0.3000000119
28582  14.857  -74.753  -31.258 0.3000000119
122538  14.913  -76.209  -29.220 0.3000000119
30615  30.559  -72.452  -25.972 0.4000000060
32698  20.234  -70.002  -35.826 0.5000000000
31738  19.534  -70.595  -36.395 0.5000000000
31739  18.281  -70.861  -35.931 0.4000000060
32686  20.204  -69.346  -34.907 0.4000000060
32687  19.087  -69.166  -34.940 0.4000000060
32700  18.428  -69.905  -35.265 0.4000000060
31732  15.555  -71.227  -34.137 0.4000000060
33698  18.469  -68.985  -33.747 0.4000000060
32688  17.840  -69.724  -34.335 0.4000000060
32689  16.661  -70.406  -33.593 0.4000000060
134375  17.774  -68.891  -32.933 0.4000000060
32673  16.554  -70.186  -32.533 0.4000000060
31719  15.686  -70.647  -32.865 0.4000000060
137026  14.798  -70.935  -33.165 0.4000000060
32672  17.352  -69.625  -33.212 0.4000000060
33681  18.473  -68.414  -32.849 0.3000000119
32674  15.837  -70.568  -31.970 0.4000000060
134051  15.303  -70.670  -31.646 0.4000000060
32659  14.544  -70.706  -31.627 0.4000000060
33665  17.679  -68.488  -32.184 0.4000000060
31702  13.660  -70.633  -32.162 0.4000000060
114293  13.709  -70.881  -31.509 0.4000000060
34655  17.085  -68.778  -30.364 0.3000000119
33652  16.637  -69.516  -30.939 0.4000000060
33640  16.646  -69.572  -30.074 0.4000000060
32647  16.207  -70.241  -30.574 0.4000000060
32648  15.450  -70.682  -31.088 0.4000000060
31690  14.813  -71.138  -30.879 0.4000000060
31673  15.416  -71.547  -29.910 0.3000000119
116031  27.296  -75.110  -25.593 0.6000000238
120578  18.515  -75.652  -28.789 0.5000000000
29607  28.726  -73.653  -25.599 0.6000000238
30650  31.109  -72.893  -27.127 0.4000000060
114735  24.457  -81.253  -30.268 0.6000000238
122269  23.917  -76.324  -30.598 0.6999999881
121607  25.417  -76.038  -29.601 0.6999999881
29699  29.082  -73.746  -31.442 0.5000000000
127115  28.358  -72.814  -31.803 0.5000000000
29700  27.246  -73.524  -31.571 0.5000000000
30705  27.073  -72.548  -31.848 0.4000000060
116501  25.411  -72.782  -31.173 0.6000000238
21839  18.724  -79.720  -29.403 0.5000000000
23929  25.405  -78.802  -26.415 0.6999999881
30678  25.869  -72.462  -30.511 0.6000000238
25050  20.153  -77.325  -26.647 0.6000000238
25058  26.442  -77.705  -27.472 0.6999999881
27374  27.371  -75.776  -28.601 0.8000000119
135214  27.217  -73.469  -29.461 0.6999999881
25100  18.679  -77.546  -31.292 0.4000000060
25034  25.935  -77.577  -25.862 0.6000000238
26229  26.886  -77.029  -27.320 0.6000000238
28565  28.030  -74.229  -29.082 0.6999999881
31715  26.735  -70.687  -32.723 0.5000000000
126114  27.943  -71.315  -32.849 0.5000000000
29674  28.091  -73.273  -29.382 0.6999999881
26199  26.977  -76.285  -25.877 0.6999999881
27358  27.869  -75.927  -27.271 0.6999999881
27357  28.490  -75.478  -27.339 0.6999999881
32644  27.224  -70.858  -31.089 0.6000000238
28604  18.509  -74.895  -31.732 0.5000000000
28616  18.783  -74.226  -32.523 0.5000000000
28624  19.775  -74.521  -34.777 0.4000000060
27321  28.580  -74.572  -25.824 0.6000000238
29653  30.211  -73.993  -27.441 0.6000000238
27405  16.164  -75.939  -30.991 0.3000000119
127987  30.705  -73.434  -27.107 0.5000000000
30665  31.305  -72.196  -28.424 0.4000000060
29736  16.115  -72.940  -36.218 0.5000000000
28606  15.063  -74.534  -32.243 0.4000000060
26263  15.597  -76.745  -29.379 0.4000000060
33666  17.063  -69.267  -31.650 0.4000000060
125546  16.562  -69.956  -31.716 0.4000000060
17831  25.586  -84.383  -32.236 0.3000000119
19748  26.376  -82.434  -31.392 0.3000000119
27500  27.279  -74.860  -36.578 0.4000000060
136059  29.017  -75.005  -37.484 0.4000000060
27520  29.172  -75.773  -37.945 0.4000000060
26340  29.338  -76.564  -38.302 0.4000000060
27487  28.164  -74.822  -35.261 0.4000000060
28646  26.856  -74.625  -36.016 0.4000000060
27489  26.111  -74.683  -35.611 0.4000000060
27477  25.227  -74.967  -34.922 0.5000000000
131941  24.510  -75.357  -34.963 0.5000000000
119475  24.239  -75.444  -34.230 0.5000000000
135695  30.691  -74.648  -36.051 0.4000000060
28657  28.945  -74.242  -36.837 0.5000000000
28645  27.716  -74.526  -36.027 0.5000000000
24066  24.375  -77.964  -34.636 0.5000000000
28642  31.157  -74.357  -36.577 0.5000000000
28656  29.740  -74.100  -37.047 0.5000000000
28655  31.541  -74.094  -37.277 0.5000000000
27513  29.714  -74.965  -37.684 0.4000000060
114540  30.030  -75.959  -38.153 0.4000000060
25230  29.868  -77.077  -38.345 0.4000000060
25215  30.364  -77.647  -37.848 0.4000000060
24087  28.805  -78.425  -36.224 0.3000000119
137665  27.914  -78.464  -34.866 0.4000000060
27457  31.208  -75.632  -33.319 0.4000000060
119658  29.291  -75.619  -33.305 0.4000000060
119657  28.333  -75.567  -33.251 0.4000000060
27472  30.726  -75.405  -34.337 0.4000000060
27486  29.131  -74.836  -35.322 0.4000000060
27474  28.731  -75.351  -34.264 0.4000000060
27475  27.600  -75.375  -34.208 0.4000000060
27459  26.618  -75.487  -33.512 0.5000000000
118282  24.565  -75.174  -34.435 0.5000000000
125309  31.252  -75.024  -35.401 0.4000000060
27485  30.154  -74.826  -35.505 0.4000000060
28644  28.581  -74.455  -36.154 0.4000000060
120306  25.552  -75.259  -32.910 0.5000000000
27462  24.099  -75.034  -33.699 0.5000000000
116967  24.256  -76.315  -34.153 0.5000000000
25141  24.290  -76.858  -33.282 0.6000000238
117788  24.356  -77.384  -32.415 0.6000000238
24045  24.519  -78.069  -33.160 0.6000000238
26280  22.917  -74.298  -31.100 0.6000000238
26291  23.106  -75.091  -31.330 0.6000000238
24026  24.562  -78.567  -32.310 0.5000000000
26333  30.624  -76.777  -38.151 0.4000000060
119261  24.481  -78.529  -30.666 0.5000000000
24129  30.054  -78.226  -37.346 0.4000000060
122815  30.262  -78.402  -36.581 0.4000000060
24086  29.755  -78.386  -35.792 0.4000000060
27448  28.815  -75.458  -32.394 0.4000000060
27429  28.209  -75.025  -31.791 0.5000000000
27450  26.674  -75.358  -32.363 0.5000000000
129538  25.947  -74.746  -31.794 0.5000000000
123787  23.849  -74.863  -32.961 0.5000000000
27431  24.592  -74.348  -31.728 0.5000000000
26300  23.455  -75.110  -32.223 0.6000000238
28602  23.783  -73.649  -31.243 0.6000000238
27432  23.439  -74.116  -31.771 0.6000000238
136767  25.526  -85.136  -32.676 0.3000000119
20774  27.077  -82.285  -30.622 0.3000000119
130584  29.301  -78.828  -32.353 0.3000000119
27444  32.513  -75.328  -32.461 0.4000000060
27445  31.646  -75.456  -32.465 0.4000000060
27426  31.177  -75.183  -31.872 0.4000000060
27447  29.775  -75.484  -32.462 0.4000000060
28598  29.664  -74.566  -31.560 0.4000000060
27430  27.141  -74.950  -31.808 0.5000000000
28599  28.480  -74.417  -31.538 0.4000000060
129301  26.183  -74.120  -31.555 0.5000000000
115387  23.761  -76.412  -31.647 0.6000000238
22957  24.601  -79.079  -31.470 0.5000000000
27427  30.224  -75.135  -31.872 0.4000000060
27488  27.163  -74.949  -35.352 0.4000000060
115157  24.450  -77.528  -33.998 0.5000000000
114471  29.484  -78.581  -33.085 0.3000000119
27446  30.726  -75.519  -32.468 0.4000000060
27449  27.842  -75.400  -32.356 0.5000000000
135473  25.479  -75.059  -32.102 0.5000000000
27451  24.175  -74.667  -32.573 0.6000000238
36616  25.222  -66.266  -28.091 0.3000000119
18736  21.285  -83.315  -28.445 0.5000000000
18794  25.751  -84.051  -31.296 0.3000000119
19681  22.187  -82.174  -27.733 0.6000000238
19682  21.409  -82.032  -27.810 0.6999999881
19688  22.519  -82.655  -28.272 0.6000000238
19690  20.975  -82.607  -28.160 0.6000000238
19706  24.119  -82.121  -30.073 0.6000000238
20702  23.798  -81.659  -27.780 0.6000000238
20724  23.706  -82.047  -28.369 0.6000000238
20725  20.302  -81.388  -28.207 0.6000000238
20753  18.459  -81.449  -29.557 0.5000000000
20773  27.810  -82.020  -30.019 0.3000000119
21792  23.124  -80.398  -26.427 0.6999999881
21872  18.251  -80.553  -30.787 0.4000000060
22875  25.130  -79.504  -26.679 0.6999999881
22877  23.625  -79.777  -26.124 0.6999999881
22878  22.671  -79.613  -26.069 0.6999999881
22889  25.262  -79.720  -27.541 0.5000000000
22905  19.491  -79.383  -28.216 0.5000000000
22932  24.599  -79.535  -30.662 0.6000000238
22994  24.431  -78.674  -33.973 0.5000000000
23920  24.784  -78.940  -25.990 0.6999999881
23921  23.955  -78.588  -25.624 0.6999999881
23922  23.048  -78.246  -25.628 0.6999999881
23932  20.756  -77.999  -26.165 0.6999999881
23951  25.044  -78.758  -29.098 0.6000000238
23952  19.344  -78.686  -27.999 0.5000000000
24112  29.501  -78.436  -36.792 0.4000000060
25033  26.453  -76.905  -25.827 0.6000000238
25035  24.644  -77.958  -25.573 0.8000000119
25048  25.942  -78.193  -26.630 0.6000000238
25059  25.955  -78.368  -27.790 0.6999999881
25070  25.553  -78.248  -28.856 0.6999999881
25071  18.994  -77.892  -28.153 0.6000000238
25072  18.681  -77.833  -29.049 0.6000000238
25087  15.841  -77.643  -29.590 0.4000000060
25113  24.391  -77.904  -31.515 0.6000000238
25158  24.397  -77.036  -34.878 0.5000000000
25216  29.571  -77.791  -38.083 0.4000000060
25231  29.057  -77.284  -38.394 0.4000000060
26202  23.570  -76.859  -25.509 0.8000000119
26204  22.157  -76.290  -25.583 0.8000000119
26214  27.477  -76.146  -26.499 0.6999999881
26218  19.926  -76.355  -26.716 0.6000000238
26228  27.380  -76.469  -27.250 0.6000000238
26241  27.173  -76.579  -28.197 0.6000000238
26243  18.837  -77.146  -28.393 0.6000000238
26261  18.447  -76.517  -29.918 0.5000000000
26279  23.305  -75.307  -30.861 0.6999999881
26281  18.580  -76.797  -30.798 0.5000000000
26282  16.295  -76.838  -30.721 0.3000000119
26283  15.892  -76.357  -30.232 0.4000000060
26292  18.770  -76.899  -31.731 0.4000000060
26301  19.172  -76.874  -32.731 0.4000000060
26305  23.917  -75.504  -33.301 0.5000000000
26309  24.264  -75.895  -35.143 0.5000000000
26341  28.519  -76.584  -38.294 0.4000000060
27322  28.028  -75.196  -25.896 0.6000000238
27323  26.822  -75.672  -25.612 0.6999999881
27325  24.581  -75.780  -25.494 0.8000000119
27327  21.879  -75.681  -25.803 0.8000000119
27342  28.026  -75.620  -26.527 0.6000000238
27345  19.802  -75.505  -26.719 0.6000000238
27360  18.817  -74.891  -27.657 0.6000000238
27376  18.581  -74.932  -28.359 0.6999999881
27389  18.319  -75.723  -29.639 0.5000000000
27390  15.225  -75.917  -29.870 0.4000000060
27391  14.300  -75.636  -29.728 0.3000000119
27407  14.563  -75.214  -30.462 0.3000000119
27425  32.081  -75.112  -31.897 0.4000000060
27428  29.232  -75.082  -31.805 0.4000000060
27433  23.049  -74.277  -31.635 0.6000000238
27435  15.789  -75.068  -31.453 0.4000000060
27456  32.115  -75.521  -33.271 0.4000000060
27458  30.254  -75.613  -33.336 0.4000000060
27460  25.622  -75.205  -33.968 0.5000000000
27461  24.539  -74.986  -33.694 0.5000000000
27471  31.708  -75.480  -34.247 0.4000000060
27473  29.726  -75.337  -34.318 0.4000000060
27476  26.414  -75.246  -34.636 0.4000000060
27490  25.271  -74.636  -35.824 0.4000000060
28489  29.447  -74.210  -25.965 0.6000000238
28490  27.767  -74.640  -25.617 0.6000000238
28491  26.078  -74.324  -25.480 0.6999999881
28494  22.334  -74.880  -25.854 0.8000000119
28515  21.240  -74.865  -26.243 0.8000000119
28517  19.682  -74.636  -26.736 0.6000000238
28531  29.702  -74.460  -26.863 0.4000000060
28534  18.678  -74.237  -27.916 0.6999999881
28547  29.528  -74.499  -27.933 0.6000000238
28566  26.957  -74.115  -29.350 0.6999999881
28569  23.903  -74.124  -30.582 0.6999999881
28571  17.760  -74.054  -30.220 0.6999999881
28579  24.040  -73.619  -30.735 0.6999999881
28580  23.242  -73.830  -30.938 0.6999999881
28600  27.345  -74.431  -31.603 0.5000000000
28603  23.140  -73.831  -31.241 0.6000000238
28619  13.964  -74.161  -33.477 0.5000000000
28625  19.375  -74.878  -33.632 0.5000000000
28628  15.463  -74.181  -34.445 0.5000000000
28637  15.823  -73.851  -35.329 0.4000000060
28643  29.424  -74.377  -36.362 0.5000000000
28647  26.032  -74.587  -36.255 0.4000000060
28648  19.261  -74.321  -36.994 0.5000000000
28658  28.228  -74.565  -36.542 0.4000000060
28668  30.188  -74.357  -37.357 0.4000000060
28669  29.358  -74.372  -37.190 0.5000000000
29611  24.367  -73.877  -25.548 0.6999999881
29635  30.735  -73.025  -26.504 0.4000000060
29639  19.535  -73.742  -26.859 0.5000000000
29654  18.955  -73.592  -27.488 0.5000000000
29661  30.126  -73.097  -28.859 0.6000000238
29662  29.866  -73.815  -28.427 0.6000000238
29676  25.344  -73.056  -30.415 0.6000000238
29677  24.821  -73.503  -30.445 0.6999999881
29678  17.698  -73.320  -29.930 0.6999999881
29686  25.435  -72.632  -31.002 0.6000000238
29720  14.687  -73.569  -35.160 0.4000000060
29732  19.884  -73.295  -36.498 0.5000000000
30619  26.187  -73.075  -25.468 0.6000000238
30623  22.725  -72.264  -25.882 0.6000000238
30638  21.043  -72.384  -26.482 0.5000000000
30667  19.009  -72.122  -28.298 0.4000000060
30674  30.461  -72.309  -29.229 0.4000000060
30679  18.030  -72.382  -29.572 0.5000000000
30688  26.280  -71.858  -30.664 0.6000000238
30690  18.021  -71.769  -30.361 0.5000000000
30704  29.462  -73.090  -31.646 0.5000000000
30706  26.236  -71.535  -31.879 0.5000000000
30707  25.829  -71.963  -31.264 0.6000000238
30708  18.461  -72.355  -31.759 0.6000000238
30729  20.054  -72.227  -33.646 0.5000000000
30736  20.295  -72.504  -35.925 0.5000000000
30744  18.913  -71.972  -37.208 0.5000000000
31626  22.317  -71.465  -26.054 0.5000000000
31628  20.801  -71.495  -26.733 0.4000000060
31656  19.023  -71.365  -28.570 0.3000000119
31669  30.393  -71.622  -29.740 0.4000000060
31670  29.528  -71.859  -29.839 0.6000000238
31686  26.269  -71.209  -31.268 0.6000000238
31729  20.732  -70.232  -35.269 0.5000000000
31745  19.480  -71.292  -36.972 0.4000000060
32580  25.825  -70.104  -25.542 0.6000000238
32581  24.957  -70.214  -25.537 0.6000000238
32611  21.216  -70.085  -27.069 0.3000000119
32632  19.256  -69.773  -29.402 0.4000000060
32646  18.888  -70.049  -30.657 0.4000000060
32658  16.035  -70.355  -31.283 0.4000000060
32675  14.722  -70.581  -32.276 0.4000000060
32699  19.462  -69.711  -35.736 0.5000000000
33596  25.033  -68.815  -25.913 0.5000000000
33618  20.832  -69.400  -27.673 0.3000000119
33679  19.719  -68.547  -32.810 0.5000000000
33682  17.177  -69.489  -32.315 0.4000000060
33696  19.922  -69.092  -33.612 0.5000000000
33697  19.403  -69.055  -34.145 0.4000000060
34614  26.583  -68.022  -26.378 0.6000000238
34617  23.605  -68.609  -26.634 0.4000000060
34618  22.865  -68.938  -26.856 0.4000000060
34630  22.412  -68.400  -27.374 0.4000000060
34632  20.596  -68.583  -28.258 0.3000000119
34642  19.770  -68.400  -29.351 0.4000000060
34667  19.253  -67.763  -31.259 0.4000000060
34680  17.293  -68.579  -31.248 0.3000000119
34693  18.366  -67.920  -32.220 0.4000000060
36606  27.035  -66.816  -26.546 0.4000000060
36607  26.396  -66.570  -26.941 0.5000000000
37582  25.203  -65.366  -28.714 0.4000000060
115025  24.989  -76.442  -25.494 0.6999999881
115026  26.317  -76.230  -25.597 0.6000000238
115028  25.358  -77.590  -25.652 0.8000000119
115165  24.205  -77.231  -25.506 0.8000000119
115608  25.611  -74.996  -29.636 0.6999999881
116048  24.751  -80.171  -29.041 0.6000000238
116760  17.011  -71.549  -35.945 0.4000000060
117093  30.620  -74.156  -37.181 0.5000000000
117282  20.713  -80.294  -27.438 0.5000000000
118031  21.113  -74.228  -26.387 0.6000000238
118466  17.136  -72.816  -36.657 0.5000000000
120992  17.680  -73.505  -36.901 0.5000000000
121472  31.615  -71.599  -28.632 0.4000000060
121490  18.266  -74.954  -29.181 0.5000000000
123285  28.763  -78.442  -35.059 0.4000000060
123395  30.392  -71.050  -25.649 0.5000000000
123950  24.636  -79.862  -29.887 0.6000000238
124427  25.071  -71.937  -25.471 0.5000000000
125393  22.344  -73.106  -26.041 0.6999999881
125704  24.509  -80.936  -30.976 0.6000000238
126160  23.772  -73.211  -25.651 0.6999999881
126418  23.180  -81.604  -27.318 0.6999999881
128040  26.019  -83.189  -31.353 0.3000000119
128490  18.453  -73.851  -37.158 0.5000000000
129457  26.520  -74.995  -25.476 0.6000000238
130431  18.209  -74.055  -31.570 0.5000000000
131240  19.062  -76.578  -27.819 0.6000000238
131425  19.782  -79.223  -27.756 0.6000000238
131837  24.561  -73.204  -25.557 0.6999999881
132510  30.225  -74.289  -36.613 0.4000000060
132617  23.867  -76.216  -32.595 0.6000000238
132811  21.409  -77.543  -25.738 0.6999999881
133915  27.479  -75.549  -33.106 0.5000000000
134483  19.334  -72.343  -27.709 0.4000000060
134949  20.343  -79.340  -27.229 0.6000000238
135140  26.679  -76.675  -28.628 0.6999999881
135240  30.886  -73.143  -27.452 0.4000000060
135960  30.557  -78.373  -36.960 0.4000000060
136416  20.759  -70.039  -27.463 0.3000000119
136556  18.598  -76.420  -31.226 0.4000000060
137741  26.964  -69.403  -25.668 0.5000000000
138887  23.493  -74.506  -32.248 0.6000000238
