#!ascii label  , from subject sub-v1s12x0050131_ses-1 vox2ras=TkReg
548
82339  -25.396  3.792  -27.438 0.0000000000
78700  -21.108  -0.756  -24.668 0.0000000000
78718  -28.181  -0.598  -26.080 0.0000000000
146447  -23.438  -5.709  -24.094 0.0000000000
95308  -25.897  16.741  -30.563 0.0000000000
92454  -28.394  14.003  -27.180 0.0000000000
87078  -21.994  8.675  -27.607 0.0000000000
136988  -22.021  -9.698  -21.491 0.0000000000
75932  -22.140  -3.493  -24.453 0.0000000000
75002  -20.812  -4.787  -23.051 0.0000000000
93421  -26.911  15.286  -29.448 0.0000000000
90676  -22.715  12.650  -28.454 0.0000000000
82324  -20.779  4.179  -25.818 0.0000000000
85284  -19.483  6.330  -24.043 0.0000000000
129791  -23.398  6.239  -27.799 0.0000000000
152188  -27.110  8.804  -27.518 0.0000000000
86175  -28.434  6.892  -25.904 0.0000000000
84377  -30.465  5.068  -25.135 0.0000000000
140721  -19.512  2.250  -23.466 0.0000000000
140607  -22.717  1.430  -26.423 0.0000000000
146339  -27.608  2.113  -26.624 0.0000000000
78730  -24.645  -0.518  -26.442 0.0000000000
75952  -26.382  -3.018  -25.607 0.0000000000
135353  -27.268  -6.063  -24.598 0.0000000000
88804  -20.569  11.275  -26.654 0.0000000000
88824  -25.558  10.450  -28.483 0.0000000000
90633  -30.683  12.467  -25.188 0.0000000000
133915  -20.389  -6.977  -21.758 0.0000000000
72125  -23.155  -7.797  -22.997 0.0000000000
75001  -20.397  -4.096  -22.860 0.0000000000
74994  -19.644  -4.798  -21.709 0.0000000000
91596  -23.083  13.527  -28.395 0.0000000000
91564  -20.849  13.630  -26.737 0.0000000000
82336  -23.463  4.139  -27.372 0.0000000000
145653  -22.055  5.046  -27.050 0.0000000000
138841  -24.885  5.085  -27.623 0.0000000000
85320  -25.571  6.246  -27.311 0.0000000000
84388  -27.194  5.122  -26.746 0.0000000000
131517  -30.075  5.926  -25.038 0.0000000000
83382  -27.456  4.465  -26.746 0.0000000000
79538  -20.222  0.572  -23.986 0.0000000000
143896  -20.485  1.878  -25.072 0.0000000000
79567  -21.283  0.596  -25.426 0.0000000000
152008  -23.290  0.431  -26.325 0.0000000000
78716  -22.270  -0.598  -25.636 0.0000000000
75025  -22.746  -4.195  -24.557 0.0000000000
75043  -24.119  -3.727  -25.424 0.0000000000
145395  -25.035  -4.663  -25.220 0.0000000000
75047  -27.189  -4.385  -24.958 0.0000000000
74087  -25.550  -5.571  -24.760 0.0000000000
94421  -23.764  16.387  -27.975 0.0000000000
94404  -23.825  17.035  -28.376 0.0000000000
95314  -24.887  17.115  -31.104 0.0000000000
96207  -25.515  18.537  -31.874 0.0000000000
96189  -27.592  17.934  -30.331 0.0000000000
92468  -27.793  14.589  -28.386 0.0000000000
86172  -20.193  7.446  -25.447 0.0000000000
87043  -19.719  8.807  -24.828 0.0000000000
146667  -20.883  9.855  -26.648 0.0000000000
88823  -22.897  10.373  -28.596 0.0000000000
87972  -22.919  9.638  -28.511 0.0000000000
87942  -29.479  9.490  -25.585 0.0000000000
132592  -28.453  10.069  -26.915 0.0000000000
136675  -31.165  11.102  -24.943 0.0000000000
79586  -27.723  0.603  -26.404 0.0000000000
81332  -29.269  2.536  -25.938 0.0000000000
70197  -20.765  -9.225  -21.110 0.0000000000
71166  -20.862  -8.431  -21.437 0.0000000000
72123  -21.684  -7.610  -22.402 0.0000000000
71175  -22.441  -8.317  -22.451 0.0000000000
131170  -20.567  -1.776  -23.669 0.0000000000
77864  -21.928  -1.968  -24.985 0.0000000000
76908  -20.972  -2.658  -23.795 0.0000000000
75012  -21.875  -4.276  -23.954 0.0000000000
74072  -21.973  -5.094  -23.659 0.0000000000
93401  -24.356  15.278  -28.826 0.0000000000
130574  -26.581  15.930  -29.717 0.0000000000
92467  -24.309  14.318  -28.970 0.0000000000
91613  -25.604  13.575  -29.270 0.0000000000
91599  -27.275  13.154  -28.690 0.0000000000
83336  -19.224  4.470  -23.271 0.0000000000
84359  -19.596  5.615  -24.242 0.0000000000
85306  -20.801  6.381  -26.247 0.0000000000
153285  -22.986  7.240  -27.973 0.0000000000
87091  -24.452  8.425  -28.539 0.0000000000
86197  -25.298  7.468  -27.745 0.0000000000
87070  -27.588  7.930  -26.725 0.0000000000
141592  -31.077  8.787  -24.809 0.0000000000
86178  -31.382  7.392  -24.658 0.0000000000
68205  -23.531  -11.423  -21.413 0.0000000000
70209  -23.802  -9.901  -22.301 0.0000000000
82301  -19.898  3.571  -24.460 0.0000000000
81340  -21.518  2.573  -26.206 0.0000000000
81351  -24.339  3.087  -27.269 0.0000000000
82327  -26.611  3.195  -27.094 0.0000000000
80464  -25.288  1.549  -26.853 0.0000000000
79583  -25.855  0.637  -26.727 0.0000000000
78732  -26.486  -0.454  -26.527 0.0000000000
76939  -23.760  -2.136  -25.829 0.0000000000
152561  -25.147  -1.818  -26.154 0.0000000000
76959  -27.003  -1.754  -26.135 0.0000000000
75954  -28.188  -3.043  -25.392 0.0000000000
75029  -28.730  -4.653  -24.748 0.0000000000
95297  -28.538  17.420  -29.093 0.0000000000
136562  -21.433  12.031  -27.653 0.0000000000
141771  -23.985  11.820  -28.877 0.0000000000
90680  -27.029  12.340  -28.338 0.0000000000
87964  -26.567  9.642  -28.058 0.0000000000
138891  -28.139  11.244  -27.332 0.0000000000
91566  -29.404  13.484  -25.933 0.0000000000
82316  -28.871  3.344  -26.191 0.0000000000
82318  -31.107  3.626  -25.114 0.0000000000
74051  -19.615  -5.508  -21.297 0.0000000000
73115  -20.517  -6.261  -22.245 0.0000000000
73116  -21.351  -6.237  -22.844 0.0000000000
73129  -23.514  -6.420  -23.767 0.0000000000
71177  -24.011  -9.040  -22.834 0.0000000000
72139  -24.606  -7.992  -23.500 0.0000000000
72148  -25.279  -6.948  -24.223 0.0000000000
91563  -20.181  13.441  -26.235 0.0000000000
83390  -24.228  4.319  -27.508 0.0000000000
83389  -23.623  4.923  -27.572 0.0000000000
83392  -25.452  4.580  -27.491 0.0000000000
84400  -25.609  5.248  -27.428 0.0000000000
83393  -26.133  4.629  -27.280 0.0000000000
146905  -27.759  4.956  -26.700 0.0000000000
83381  -26.696  4.083  -27.035 0.0000000000
78684  -20.145  -0.206  -23.549 0.0000000000
78699  -20.592  -0.139  -24.335 0.0000000000
79552  -20.670  0.556  -24.751 0.0000000000
78714  -21.005  -0.023  -24.931 0.0000000000
79568  -22.092  0.197  -25.812 0.0000000000
77878  -21.755  -1.085  -25.160 0.0000000000
74084  -23.177  -5.004  -24.351 0.0000000000
75026  -23.628  -4.449  -24.886 0.0000000000
74085  -24.037  -5.312  -24.631 0.0000000000
74086  -24.859  -5.209  -24.919 0.0000000000
73141  -24.795  -6.037  -24.528 0.0000000000
94439  -24.716  16.487  -29.558 0.0000000000
94451  -24.904  16.695  -30.543 0.0000000000
96198  -25.937  17.865  -31.337 0.0000000000
96199  -26.985  18.204  -30.908 0.0000000000
95316  -26.607  17.403  -30.570 0.0000000000
92469  -28.324  14.646  -27.687 0.0000000000
93385  -28.666  15.290  -27.506 0.0000000000
142454  -28.913  14.783  -26.900 0.0000000000
92440  -29.533  14.458  -26.123 0.0000000000
142823  -20.916  8.050  -26.490 0.0000000000
86171  -19.926  8.058  -25.128 0.0000000000
87054  -20.592  9.013  -26.235 0.0000000000
87962  -21.502  9.674  -27.371 0.0000000000
87963  -22.279  9.468  -28.097 0.0000000000
144071  -22.998  8.989  -28.436 0.0000000000
87943  -30.435  9.557  -25.041 0.0000000000
88796  -29.854  10.303  -25.400 0.0000000000
131667  -28.384  0.113  -26.094 0.0000000000
79569  -28.601  0.909  -26.059 0.0000000000
151600  -29.058  0.416  -25.803 0.0000000000
70198  -21.288  -9.657  -21.220 0.0000000000
71167  -21.535  -9.004  -21.597 0.0000000000
71174  -21.596  -8.265  -21.941 0.0000000000
137460  -22.340  -9.091  -21.962 0.0000000000
76906  -20.017  -1.789  -22.880 0.0000000000
76907  -20.334  -2.593  -23.141 0.0000000000
75011  -21.064  -4.128  -23.456 0.0000000000
149962  -21.405  -4.734  -23.475 0.0000000000
74062  -21.358  -5.382  -23.202 0.0000000000
92452  -23.436  15.013  -27.626 0.0000000000
141800  -24.759  14.916  -29.406 0.0000000000
92466  -23.553  14.245  -28.307 0.0000000000
91583  -22.287  13.657  -27.814 0.0000000000
91597  -23.844  13.450  -29.007 0.0000000000
90677  -23.445  12.836  -28.901 0.0000000000
91614  -26.520  13.338  -29.041 0.0000000000
90694  -24.975  12.747  -29.085 0.0000000000
132586  -19.593  4.347  -24.088 0.0000000000
83366  -19.805  4.966  -24.568 0.0000000000
84396  -22.944  5.596  -27.622 0.0000000000
84386  -21.374  5.728  -26.647 0.0000000000
84395  -22.083  6.045  -27.260 0.0000000000
85315  -21.892  6.937  -27.338 0.0000000000
85316  -22.764  6.655  -27.741 0.0000000000
85325  -24.026  7.129  -27.960 0.0000000000
85309  -27.090  6.581  -26.659 0.0000000000
86186  -26.794  7.276  -26.947 0.0000000000
86187  -27.600  7.111  -26.415 0.0000000000
87060  -28.807  7.823  -25.721 0.0000000000
140895  -29.675  7.970  -25.211 0.0000000000
139984  -30.641  8.046  -24.772 0.0000000000
86177  -30.257  7.287  -24.886 0.0000000000
84376  -29.471  5.306  -25.532 0.0000000000
84378  -31.370  5.276  -24.726 0.0000000000
68204  -22.803  -11.188  -21.166 0.0000000000
67241  -23.893  -12.149  -21.274 0.0000000000
81302  -19.261  3.132  -23.138 0.0000000000
81319  -19.668  2.903  -23.969 0.0000000000
151056  -21.204  1.649  -25.742 0.0000000000
81331  -20.780  2.573  -25.601 0.0000000000
81341  -22.409  2.706  -26.611 0.0000000000
139703  -22.786  2.141  -26.592 0.0000000000
81343  -24.809  2.421  -27.099 0.0000000000
80463  -24.341  1.750  -26.802 0.0000000000
136889  -23.960  0.213  -26.437 0.0000000000
79582  -25.052  0.435  -26.651 0.0000000000
78731  -25.709  -0.303  -26.589 0.0000000000
146278  -26.300  0.119  -26.653 0.0000000000
76924  -21.678  -2.733  -24.402 0.0000000000
76925  -22.433  -2.809  -24.946 0.0000000000
75950  -24.962  -3.230  -25.761 0.0000000000
76940  -24.320  -2.757  -25.803 0.0000000000
75967  -25.718  -2.729  -25.783 0.0000000000
133074  -26.328  -1.607  -26.178 0.0000000000
76941  -26.931  -2.475  -25.776 0.0000000000
76942  -27.543  -2.333  -25.765 0.0000000000
75953  -27.257  -3.294  -25.413 0.0000000000
74105  -27.165  -5.315  -24.679 0.0000000000
75028  -27.945  -4.908  -24.685 0.0000000000
74090  -28.541  -5.473  -24.543 0.0000000000
74091  -29.221  -5.273  -24.422 0.0000000000
94423  -27.272  16.003  -29.270 0.0000000000
94443  -27.875  16.663  -29.229 0.0000000000
84345  -19.072  5.773  -23.076 0.0000000000
89733  -19.990  11.750  -25.676 0.0000000000
89750  -20.151  11.861  -26.168 0.0000000000
90645  -20.061  12.574  -26.211 0.0000000000
89751  -20.470  11.897  -26.878 0.0000000000
88833  -23.521  10.488  -28.653 0.0000000000
89772  -22.955  11.222  -28.686 0.0000000000
89789  -25.123  11.173  -28.518 0.0000000000
90679  -26.299  12.078  -28.473 0.0000000000
89773  -26.012  11.133  -28.456 0.0000000000
87092  -25.097  8.372  -28.319 0.0000000000
87976  -25.726  9.114  -28.335 0.0000000000
87965  -27.196  9.321  -27.648 0.0000000000
132440  -29.499  11.034  -25.805 0.0000000000
154231  -28.344  10.665  -27.132 0.0000000000
89754  -29.271  11.800  -26.164 0.0000000000
89753  -28.669  11.865  -26.903 0.0000000000
90632  -29.756  12.563  -25.668 0.0000000000
140457  -31.233  13.009  -25.144 0.0000000000
81346  -26.903  2.266  -26.892 0.0000000000
143100  -28.076  3.272  -26.587 0.0000000000
81347  -28.342  2.492  -26.388 0.0000000000
81333  -30.083  2.601  -25.625 0.0000000000
73091  -19.909  -6.922  -20.977 0.0000000000
73105  -19.966  -6.221  -21.557 0.0000000000
72124  -22.366  -7.389  -22.842 0.0000000000
128968  -21.736  -6.971  -22.723 0.0000000000
73117  -22.203  -6.620  -23.119 0.0000000000
72137  -22.975  -6.979  -23.307 0.0000000000
136563  -24.534  -9.666  -22.714 0.0000000000
72140  -25.324  -7.762  -23.804 0.0000000000
75909  -20.100  -3.362  -22.626 0.0000000000
75000  -19.836  -4.099  -22.135 0.0000000000
136747  -20.193  -4.802  -22.408 0.0000000000
92450  -21.886  14.568  -27.316 0.0000000000
92438  -21.282  14.462  -26.746 0.0000000000
91582  -21.517  13.725  -27.298 0.0000000000
90662  -21.903  12.780  -27.758 0.0000000000
138259  -21.570  4.173  -26.506 0.0000000000
83379  -21.118  4.940  -26.322 0.0000000000
147157  -22.912  4.767  -27.427 0.0000000000
84397  -23.768  5.636  -27.736 0.0000000000
85318  -24.418  6.461  -27.752 0.0000000000
84399  -24.987  5.753  -27.607 0.0000000000
137548  -27.092  5.852  -26.719 0.0000000000
85310  -27.771  6.337  -26.451 0.0000000000
85297  -29.133  6.175  -25.505 0.0000000000
84389  -27.924  5.478  -26.577 0.0000000000
84375  -28.670  5.403  -26.030 0.0000000000
154153  -28.974  4.818  -25.971 0.0000000000
79537  -19.677  0.601  -23.110 0.0000000000
80416  -19.825  1.373  -23.726 0.0000000000
80433  -19.953  2.043  -24.297 0.0000000000
80434  -20.328  1.260  -24.501 0.0000000000
80448  -20.755  1.168  -25.143 0.0000000000
79580  -21.934  1.030  -26.084 0.0000000000
135995  -23.573  1.056  -26.498 0.0000000000
79581  -22.727  0.649  -26.229 0.0000000000
78728  -22.969  -0.114  -26.083 0.0000000000
78729  -23.657  -0.703  -26.172 0.0000000000
75949  -23.340  -2.996  -25.396 0.0000000000
75934  -23.304  -3.779  -25.064 0.0000000000
75044  -24.946  -4.069  -25.483 0.0000000000
75046  -26.378  -3.944  -25.315 0.0000000000
75045  -25.592  -4.377  -25.286 0.0000000000
74104  -26.242  -4.924  -24.907 0.0000000000
74088  -26.439  -5.969  -24.647 0.0000000000
94395  -22.548  16.754  -26.260 0.0000000000
131647  -24.239  16.948  -29.025 0.0000000000
96197  -24.982  17.905  -31.512 0.0000000000
96200  -28.020  18.555  -30.601 0.0000000000
93402  -27.504  15.363  -28.753 0.0000000000
94424  -27.883  16.104  -28.450 0.0000000000
94405  -28.699  16.070  -27.759 0.0000000000
87032  -19.451  8.661  -24.260 0.0000000000
87935  -19.809  9.722  -25.201 0.0000000000
87936  -20.314  10.088  -25.908 0.0000000000
87950  -20.613  10.661  -26.451 0.0000000000
88805  -21.058  11.190  -27.253 0.0000000000
88813  -21.614  10.430  -27.714 0.0000000000
88822  -22.268  10.336  -28.297 0.0000000000
87983  -24.106  9.926  -28.656 0.0000000000
87957  -28.827  9.359  -26.386 0.0000000000
87966  -27.871  9.665  -27.400 0.0000000000
88809  -29.129  10.199  -26.149 0.0000000000
138850  -30.334  11.079  -25.224 0.0000000000
89741  -30.939  11.746  -25.020 0.0000000000
80466  -27.257  1.435  -26.639 0.0000000000
80449  -28.077  1.543  -26.377 0.0000000000
80450  -29.790  1.888  -25.709 0.0000000000
71165  -20.332  -8.623  -20.774 0.0000000000
72116  -20.345  -7.732  -21.250 0.0000000000
72117  -20.964  -7.672  -21.887 0.0000000000
77847  -20.089  -1.026  -23.217 0.0000000000
139735  -20.548  -0.896  -23.973 0.0000000000
145821  -21.395  -1.440  -24.680 0.0000000000
76923  -21.230  -2.002  -24.318 0.0000000000
75915  -20.663  -3.389  -23.333 0.0000000000
75916  -21.411  -3.440  -23.885 0.0000000000
75013  -22.495  -4.816  -24.071 0.0000000000
74073  -22.724  -5.520  -23.825 0.0000000000
94389  -21.386  17.427  -25.655 0.0000000000
93374  -23.077  16.154  -26.566 0.0000000000
93384  -23.456  15.835  -27.296 0.0000000000
94440  -25.457  16.115  -29.907 0.0000000000
94441  -25.940  16.285  -30.055 0.0000000000
93418  -24.869  15.699  -29.403 0.0000000000
93419  -25.434  15.087  -29.737 0.0000000000
138253  -26.022  14.855  -29.792 0.0000000000
92483  -25.076  14.286  -29.435 0.0000000000
92485  -26.553  14.613  -29.534 0.0000000000
91615  -27.025  13.878  -29.152 0.0000000000
139401  -27.547  13.810  -28.669 0.0000000000
91584  -27.724  13.227  -28.237 0.0000000000
83367  -20.396  5.036  -25.496 0.0000000000
84374  -20.341  5.892  -25.537 0.0000000000
140717  -19.880  6.183  -24.814 0.0000000000
141166  -20.588  7.294  -26.068 0.0000000000
86185  -21.202  7.147  -26.696 0.0000000000
86194  -21.627  7.878  -27.143 0.0000000000
87089  -23.389  8.381  -28.444 0.0000000000
86204  -23.727  7.752  -28.290 0.0000000000
146012  -24.664  7.878  -28.239 0.0000000000
86198  -26.261  7.805  -27.650 0.0000000000
150265  -25.990  7.028  -27.261 0.0000000000
87082  -27.017  8.216  -27.380 0.0000000000
87071  -28.401  8.529  -26.461 0.0000000000
87061  -30.018  8.766  -25.114 0.0000000000
87063  -32.104  8.669  -24.729 0.0000000000
142054  -32.322  7.930  -24.756 0.0000000000
85298  -30.699  6.610  -24.734 0.0000000000
77883  -28.649  -1.223  -25.634 0.0000000000
69193  -22.455  -10.415  -21.342 0.0000000000
69194  -23.345  -10.638  -21.666 0.0000000000
70199  -22.862  -9.795  -21.846 0.0000000000
82280  -19.411  3.743  -23.599 0.0000000000
82313  -20.485  3.427  -25.316 0.0000000000
81320  -20.225  2.726  -24.791 0.0000000000
82314  -21.119  3.359  -26.066 0.0000000000
134702  -21.971  3.401  -26.594 0.0000000000
82326  -23.698  3.464  -27.262 0.0000000000
82338  -24.793  3.640  -27.429 0.0000000000
82340  -26.012  3.894  -27.349 0.0000000000
81353  -25.361  3.126  -27.360 0.0000000000
80471  -25.367  2.490  -27.187 0.0000000000
80465  -25.853  2.018  -27.069 0.0000000000
137520  -24.493  1.021  -26.638 0.0000000000
135205  -26.003  1.296  -26.847 0.0000000000
79585  -26.944  0.673  -26.620 0.0000000000
143899  -27.255  -0.045  -26.514 0.0000000000
78734  -27.525  -0.634  -26.349 0.0000000000
77879  -22.469  -1.365  -25.513 0.0000000000
77895  -24.191  -1.367  -26.166 0.0000000000
76955  -24.626  -1.965  -26.068 0.0000000000
77896  -25.161  -1.257  -26.336 0.0000000000
77897  -26.061  -1.042  -26.384 0.0000000000
77899  -27.288  -1.128  -26.293 0.0000000000
77882  -27.887  -1.216  -26.085 0.0000000000
76943  -28.266  -2.033  -25.668 0.0000000000
75955  -28.927  -2.852  -25.149 0.0000000000
75048  -28.082  -4.006  -25.063 0.0000000000
95309  -27.725  17.334  -29.861 0.0000000000
96190  -28.506  18.174  -29.770 0.0000000000
95298  -29.183  17.495  -28.317 0.0000000000
90646  -20.499  12.761  -26.784 0.0000000000
90661  -21.081  12.860  -27.326 0.0000000000
153691  -22.823  11.898  -28.622 0.0000000000
89761  -21.662  11.167  -27.938 0.0000000000
89762  -22.240  11.781  -28.291 0.0000000000
90692  -23.400  12.029  -28.800 0.0000000000
90678  -25.458  11.973  -28.632 0.0000000000
91585  -28.088  13.263  -27.491 0.0000000000
134265  -23.527  9.019  -28.585 0.0000000000
150906  -24.627  9.577  -28.639 0.0000000000
129262  -25.966  9.992  -28.377 0.0000000000
88814  -27.312  10.073  -27.808 0.0000000000
88815  -27.957  10.409  -27.476 0.0000000000
88826  -27.368  10.923  -27.806 0.0000000000
89763  -27.477  11.916  -27.765 0.0000000000
90647  -28.343  12.601  -27.053 0.0000000000
91565  -28.584  13.326  -26.700 0.0000000000
91549  -30.297  14.073  -25.590 0.0000000000
82328  -27.391  3.650  -26.785 0.0000000000
82329  -28.183  3.967  -26.543 0.0000000000
83368  -29.615  3.765  -25.759 0.0000000000
83369  -30.405  4.127  -25.354 0.0000000000
74052  -19.999  -5.535  -22.020 0.0000000000
74061  -20.679  -5.511  -22.652 0.0000000000
73106  -21.061  -6.979  -22.374 0.0000000000
73127  -22.059  -5.854  -23.370 0.0000000000
73128  -22.758  -6.235  -23.541 0.0000000000
70208  -23.113  -9.122  -22.418 0.0000000000
71176  -23.326  -8.503  -22.776 0.0000000000
71189  -24.531  -8.644  -23.268 0.0000000000
71188  -23.906  -8.236  -23.165 0.0000000000
72138  -23.878  -7.360  -23.514 0.0000000000
73130  -24.363  -6.690  -24.006 0.0000000000
148134  -25.635  -6.290  -24.543 0.0000000000
73104  -19.718  -6.121  -20.924 0.0000000000
73140  -24.029  -6.037  -24.215 0.0000000000
73144  -27.795  -6.512  -24.547 0.0000000000
74089  -27.863  -5.742  -24.581 0.0000000000
74103  -25.436  -4.957  -25.024 0.0000000000
75027  -24.431  -4.587  -25.124 0.0000000000
75933  -22.774  -3.464  -24.902 0.0000000000
75935  -28.863  -3.773  -25.012 0.0000000000
75951  -25.644  -3.583  -25.574 0.0000000000
76938  -22.841  -2.142  -25.460 0.0000000000
76956  -25.167  -2.331  -25.986 0.0000000000
76957  -25.859  -2.081  -25.985 0.0000000000
76958  -26.388  -2.230  -25.900 0.0000000000
77863  -20.946  -1.386  -24.282 0.0000000000
77880  -23.297  -1.443  -25.845 0.0000000000
77881  -27.581  -1.654  -26.038 0.0000000000
77898  -26.741  -1.059  -26.354 0.0000000000
78715  -21.550  -0.294  -25.299 0.0000000000
78717  -22.911  -0.860  -25.873 0.0000000000
78733  -27.015  -0.550  -26.477 0.0000000000
79570  -29.704  0.361  -25.462 0.0000000000
79584  -26.405  0.707  -26.690 0.0000000000
80461  -22.023  1.889  -26.338 0.0000000000
80462  -23.490  1.926  -26.698 0.0000000000
81342  -23.414  2.762  -26.944 0.0000000000
81344  -25.715  2.664  -27.277 0.0000000000
81345  -26.207  2.474  -27.164 0.0000000000
81352  -24.981  2.976  -27.300 0.0000000000
81354  -25.868  3.179  -27.356 0.0000000000
82315  -28.918  4.196  -26.122 0.0000000000
82317  -30.313  3.320  -25.497 0.0000000000
82325  -22.919  3.457  -27.007 0.0000000000
82337  -24.153  3.750  -27.410 0.0000000000
83354  -20.168  4.253  -24.943 0.0000000000
83380  -22.497  4.171  -27.028 0.0000000000
83383  -28.291  4.761  -26.482 0.0000000000
83391  -24.863  4.400  -27.540 0.0000000000
84373  -19.993  5.533  -24.919 0.0000000000
84385  -20.767  5.581  -26.093 0.0000000000
84387  -26.343  5.409  -27.015 0.0000000000
84398  -24.373  5.706  -27.714 0.0000000000
85273  -19.229  6.395  -23.408 0.0000000000
85295  -20.262  6.703  -25.489 0.0000000000
85296  -28.378  6.047  -26.114 0.0000000000
85307  -21.468  6.434  -26.842 0.0000000000
85308  -26.399  6.370  -26.898 0.0000000000
85317  -23.909  6.352  -27.840 0.0000000000
85319  -24.910  6.629  -27.609 0.0000000000
86176  -29.327  7.126  -25.326 0.0000000000
86195  -23.472  7.028  -27.912 0.0000000000
86196  -24.536  7.256  -27.879 0.0000000000
86203  -23.154  7.731  -28.169 0.0000000000
86205  -24.193  7.809  -28.342 0.0000000000
87053  -20.122  8.995  -25.488 0.0000000000
87062  -31.526  8.137  -24.688 0.0000000000
87069  -21.274  8.880  -26.909 0.0000000000
87072  -29.162  8.679  -25.715 0.0000000000
87079  -22.731  8.472  -28.164 0.0000000000
87080  -25.799  8.282  -28.082 0.0000000000
87081  -26.534  8.747  -27.848 0.0000000000
87090  -23.928  8.386  -28.596 0.0000000000
87951  -21.046  10.579  -27.007 0.0000000000
87955  -27.671  8.850  -27.175 0.0000000000
87956  -28.291  9.295  -26.946 0.0000000000
87973  -23.532  9.728  -28.617 0.0000000000
87974  -24.155  9.113  -28.681 0.0000000000
87975  -25.261  9.724  -28.565 0.0000000000
88797  -30.863  10.394  -24.933 0.0000000000
88808  -28.807  10.977  -26.680 0.0000000000
88825  -26.589  10.519  -28.185 0.0000000000
88834  -24.064  10.610  -28.635 0.0000000000
88835  -24.738  10.346  -28.592 0.0000000000
89740  -30.035  11.795  -25.439 0.0000000000
89764  -28.092  12.052  -27.322 0.0000000000
89771  -22.367  10.944  -28.457 0.0000000000
89774  -26.786  11.465  -28.189 0.0000000000
89787  -23.701  11.222  -28.717 0.0000000000
89788  -24.354  11.193  -28.628 0.0000000000
90648  -28.948  12.583  -26.372 0.0000000000
90663  -27.479  12.710  -28.176 0.0000000000
90664  -27.826  12.633  -27.633 0.0000000000
90693  -24.107  12.607  -29.132 0.0000000000
90695  -25.899  12.746  -28.847 0.0000000000
91598  -26.661  12.733  -28.685 0.0000000000
91612  -24.642  13.461  -29.255 0.0000000000
92439  -28.878  14.033  -26.498 0.0000000000
92451  -22.789  14.374  -27.655 0.0000000000
92453  -27.949  13.901  -27.975 0.0000000000
92484  -25.856  14.404  -29.567 0.0000000000
92486  -27.232  14.562  -29.030 0.0000000000
93383  -22.591  15.280  -27.049 0.0000000000
93386  -29.291  15.589  -27.163 0.0000000000
93400  -23.861  15.610  -28.084 0.0000000000
93403  -28.115  15.363  -28.049 0.0000000000
93420  -26.144  15.423  -29.842 0.0000000000
94422  -24.281  16.238  -28.713 0.0000000000
94442  -26.818  16.615  -29.906 0.0000000000
94452  -25.358  16.674  -30.671 0.0000000000
95315  -25.509  17.115  -31.115 0.0000000000
97067  -28.338  19.364  -30.900 0.0000000000
131872  -26.736  4.722  -26.927 0.0000000000
132416  -29.622  4.528  -25.631 0.0000000000
133768  -24.872  9.033  -28.592 0.0000000000
133909  -27.467  2.842  -26.758 0.0000000000
134732  -24.306  5.018  -27.613 0.0000000000
134960  -29.625  3.113  -25.792 0.0000000000
136362  -24.633  11.922  -28.771 0.0000000000
136800  -22.484  7.646  -27.763 0.0000000000
138617  -28.190  7.642  -26.230 0.0000000000
139602  -26.750  0.049  -26.606 0.0000000000
140008  -28.541  16.785  -28.380 0.0000000000
141250  -26.357  13.975  -29.348 0.0000000000
143716  -20.376  8.137  -25.816 0.0000000000
144264  -27.776  -0.150  -26.340 0.0000000000
145367  -26.482  1.546  -26.841 0.0000000000
145613  -25.643  -1.676  -26.173 0.0000000000
146146  -24.116  2.409  -27.002 0.0000000000
147375  -29.885  6.617  -25.075 0.0000000000
147669  -21.056  11.657  -27.380 0.0000000000
149070  -19.590  9.404  -24.675 0.0000000000
149239  -28.922  1.746  -26.006 0.0000000000
150224  -23.904  14.879  -28.324 0.0000000000
150597  -24.688  -7.349  -23.794 0.0000000000
152154  -22.000  -8.654  -21.972 0.0000000000
152578  -23.111  -5.969  -23.799 0.0000000000
152874  -25.231  5.134  -27.563 0.0000000000
152891  -20.823  12.184  -27.247 0.0000000000
153038  -23.827  -11.071  -21.682 0.0000000000
154967  -26.049  10.501  -28.399 0.0000000000
