#!ascii label  , from subject sub-v1s12x0050131_ses-1 vox2ras=TkReg
1118
144051  16.877  3.366  -25.262 0.2500000000
77019  17.142  2.919  -25.816 0.2500000000
76064  17.281  2.173  -25.895 0.7500000000
127398  16.715  6.361  -25.404 0.2500000000
79790  17.061  6.288  -26.211 0.3750000000
78867  16.875  5.545  -25.650 0.2500000000
147081  16.839  4.118  -25.406 0.2500000000
132189  17.505  3.629  -26.989 0.7500000000
77030  17.133  3.709  -26.144 0.3750000000
75125  17.726  1.787  -26.676 0.8750000000
76070  17.493  2.811  -26.661 0.8750000000
150905  18.064  1.684  -27.282 0.8750000000
78866  17.244  5.426  -26.542 0.3750000000
77950  17.759  4.673  -27.767 0.8750000000
77943  17.428  4.484  -26.925 0.7500000000
77050  19.475  3.251  -28.973 1.0000000000
144433  18.178  3.647  -28.149 1.0000000000
77038  17.781  3.989  -27.648 0.8750000000
76075  18.673  2.256  -28.226 1.0000000000
126238  17.867  3.207  -27.557 0.8750000000
75153  19.230  1.967  -28.565 1.0000000000
80790  16.828  7.135  -25.950 0.2500000000
79789  17.400  6.154  -27.136 0.7500000000
128670  17.697  6.005  -28.055 0.8750000000
126338  17.965  5.224  -28.293 0.8750000000
78873  17.574  5.322  -27.465 0.7500000000
77070  20.067  3.757  -29.463 1.0000000000
77051  18.724  3.780  -28.741 1.0000000000
77959  18.753  4.411  -29.073 1.0000000000
76105  21.013  2.992  -29.409 1.0000000000
76106  20.289  3.092  -29.235 1.0000000000
75168  20.438  2.441  -29.173 1.0000000000
76089  19.178  2.581  -28.654 1.0000000000
80776  16.601  7.188  -25.334 0.1250000000
80806  17.208  7.011  -26.817 0.6250000000
134169  18.195  5.878  -28.906 1.0000000000
78882  18.488  5.061  -29.062 1.0000000000
77971  21.605  4.361  -29.607 1.0000000000
77972  20.554  4.198  -29.641 1.0000000000
77973  19.872  4.496  -29.736 1.0000000000
77974  19.125  4.806  -29.608 1.0000000000
77067  22.199  3.740  -29.567 1.0000000000
77069  20.660  3.573  -29.461 1.0000000000
77065  24.309  3.645  -29.551 1.0000000000
76104  21.886  3.181  -29.520 1.0000000000
83589  16.629  10.842  -27.769 0.2500000000
127844  16.617  7.975  -25.803 0.2500000000
126354  16.935  7.862  -26.555 0.3750000000
80814  17.565  7.462  -28.366 1.0000000000
80805  17.274  7.700  -27.475 0.6250000000
79808  17.845  6.673  -28.638 1.0000000000
78915  19.526  6.007  -30.383 1.0000000000
78897  18.382  6.605  -29.509 1.0000000000
78893  22.859  4.823  -29.528 1.0000000000
77979  21.039  5.031  -29.926 1.0000000000
79834  20.655  6.364  -30.454 1.0000000000
135312  23.196  5.290  -29.538 1.0000000000
77968  24.272  4.258  -29.554 1.0000000000
78891  24.455  4.913  -29.687 1.0000000000
131696  24.866  4.610  -29.731 1.0000000000
83605  16.834  10.915  -28.380 0.5000000000
82685  16.809  10.170  -27.674 0.3750000000
81780  17.094  9.336  -27.837 0.5000000000
82695  17.383  9.327  -28.870 0.5000000000
129413  18.019  8.036  -29.499 0.8750000000
80828  18.499  7.409  -29.914 1.0000000000
81809  19.185  8.468  -30.789 1.0000000000
143655  20.262  6.809  -30.616 1.0000000000
139685  19.418  7.363  -30.607 1.0000000000
143780  22.786  6.571  -29.628 1.0000000000
79833  21.262  6.489  -30.230 1.0000000000
79830  24.642  6.237  -30.039 1.0000000000
78909  24.527  5.524  -29.844 1.0000000000
137818  24.878  5.107  -29.856 0.8750000000
83615  17.182  11.113  -29.255 0.5000000000
82696  17.100  10.073  -28.340 0.5000000000
82708  17.242  10.463  -29.105 0.6250000000
82737  18.598  10.227  -31.217 0.6250000000
82723  18.591  9.285  -30.770 1.0000000000
81792  17.809  8.837  -29.669 0.7500000000
81808  19.828  8.389  -30.924 1.0000000000
81788  24.155  8.320  -29.744 1.0000000000
81789  23.159  8.378  -29.568 1.0000000000
81806  21.579  7.796  -30.209 1.0000000000
128696  20.901  7.855  -30.593 1.0000000000
147177  24.376  7.603  -29.912 1.0000000000
80842  23.125  7.008  -29.665 1.0000000000
80843  22.102  7.162  -29.844 1.0000000000
81804  25.637  8.250  -30.507 0.8750000000
80841  24.851  7.085  -30.193 1.0000000000
127434  26.022  6.991  -30.442 0.8750000000
83614  17.346  10.944  -29.977 0.5000000000
83644  17.857  11.224  -31.422 0.8750000000
83625  20.540  10.377  -30.538 1.0000000000
141249  20.315  9.699  -31.006 1.0000000000
82703  23.840  9.132  -29.612 1.0000000000
82705  21.671  9.273  -29.754 1.0000000000
81807  20.507  8.483  -30.776 1.0000000000
83623  24.967  10.520  -30.326 1.0000000000
82718  26.084  8.854  -30.859 1.0000000000
82719  25.474  8.942  -30.447 1.0000000000
134882  25.224  9.755  -30.296 1.0000000000
83621  26.433  9.724  -30.977 1.0000000000
83627  17.179  11.828  -30.058 0.5000000000
132601  17.814  11.657  -32.102 0.8750000000
83643  18.596  11.107  -31.671 1.0000000000
85478  20.691  12.105  -30.226 1.0000000000
84557  20.779  11.132  -29.765 1.0000000000
129904  19.408  11.236  -31.647 1.0000000000
85475  24.842  12.175  -30.748 1.0000000000
84555  23.646  11.310  -29.834 1.0000000000
84582  26.591  11.620  -31.820 1.0000000000
85474  25.481  11.722  -31.108 1.0000000000
83624  24.169  10.635  -29.866 1.0000000000
83639  26.790  10.403  -31.324 1.0000000000
84553  25.442  10.973  -30.903 1.0000000000
88330  19.504  15.246  -31.518 1.0000000000
87359  18.868  14.005  -31.286 0.3750000000
88329  20.067  14.660  -31.307 0.8750000000
86401  20.744  13.459  -30.607 1.0000000000
85488  25.644  12.494  -31.217 1.0000000000
86398  24.136  12.906  -30.352 1.0000000000
147692  20.202  16.684  -31.686 0.8750000000
129703  20.340  15.784  -31.381 1.0000000000
88328  21.377  15.872  -30.938 1.0000000000
88318  20.901  14.987  -30.888 1.0000000000
88327  22.399  16.035  -30.630 1.0000000000
87346  22.629  14.483  -30.157 1.0000000000
146382  25.024  12.926  -30.786 1.0000000000
86410  24.293  13.716  -30.746 1.0000000000
86408  26.175  12.830  -31.726 1.0000000000
90311  19.717  17.262  -31.884 0.7500000000
89277  21.859  16.696  -30.936 1.0000000000
148145  23.232  16.205  -30.560 1.0000000000
88324  25.729  14.997  -31.661 1.0000000000
131523  24.109  15.308  -30.591 1.0000000000
87354  24.895  14.632  -31.088 1.0000000000
89276  22.821  16.848  -30.678 1.0000000000
88326  24.011  15.955  -30.680 1.0000000000
96001  18.508  23.551  -31.529 0.1250000000
96000  18.752  24.683  -31.745 0.1250000000
95070  20.047  23.745  -33.274 0.2500000000
96012  19.282  24.417  -32.732 0.1250000000
95069  21.233  23.515  -33.578 0.3750000000
96967  20.871  24.615  -33.223 0.2500000000
96021  21.826  23.692  -33.843 0.5000000000
96033  21.673  24.190  -34.242 0.2500000000
96976  21.347  24.608  -35.622 0.3750000000
96958  20.283  24.872  -32.676 0.2500000000
96966  21.165  24.803  -33.903 0.2500000000
97855  21.067  25.427  -34.443 0.2500000000
134597  20.685  26.059  -34.764 0.2500000000
96971  21.368  24.762  -34.777 0.2500000000
97865  20.409  25.755  -36.246 0.2500000000
96977  20.914  25.064  -36.097 0.3750000000
97861  20.857  25.457  -35.331 0.2500000000
96987  20.532  25.044  -36.830 0.3750000000
77003  16.688  3.990  -24.678 0.1250000000
77031  16.999  4.690  -25.958 0.2500000000
78851  16.664  5.609  -24.940 0.1250000000
129583  22.413  2.753  -29.556 1.0000000000
83642  19.163  10.899  -31.647 0.8750000000
84545  22.591  11.122  -29.443 1.0000000000
76034  16.816  2.940  -24.544 0.1250000000
75124  18.143  1.120  -27.015 0.7500000000
74113  18.765  0.756  -27.608 1.0000000000
77931  16.741  4.823  -25.143 0.1250000000
75152  19.926  1.745  -28.901 1.0000000000
150984  21.136  1.927  -29.269 1.0000000000
76103  23.160  2.723  -29.596 1.0000000000
140145  16.666  8.642  -26.378 0.3750000000
145336  16.619  10.158  -27.129 0.2500000000
140132  16.692  9.393  -26.951 0.2500000000
80839  26.877  7.558  -30.209 0.8750000000
78907  25.550  5.681  -30.076 0.8750000000
82716  28.145  9.162  -30.621 0.8750000000
129792  18.355  14.404  -30.678 0.1250000000
84559  17.198  11.883  -30.626 0.3750000000
84584  18.043  12.298  -33.299 0.6250000000
145485  26.450  10.999  -31.510 1.0000000000
82734  27.331  9.680  -30.997 0.8750000000
88331  18.877  15.154  -31.389 0.5000000000
132200  19.593  16.373  -31.646 0.8750000000
86412  19.044  13.132  -33.046 0.8750000000
128612  26.525  12.764  -32.373 1.0000000000
86422  26.556  13.145  -33.057 1.0000000000
89278  20.944  16.616  -31.390 1.0000000000
141950  25.841  14.182  -31.754 1.0000000000
91352  20.501  18.422  -32.152 0.8750000000
91350  22.384  18.604  -31.153 1.0000000000
90307  24.496  17.258  -31.292 1.0000000000
88339  25.615  15.889  -31.689 1.0000000000
94127  18.944  23.154  -29.544 0.1250000000
94131  18.305  22.159  -31.035 0.1250000000
94144  21.269  21.841  -33.094 0.6250000000
96047  22.336  23.218  -35.155 0.5000000000
96061  21.767  23.280  -36.284 0.5000000000
97840  21.001  25.319  -32.627 0.2500000000
97856  21.018  26.069  -34.146 0.2500000000
131137  21.601  23.879  -36.014 0.5000000000
96071  21.285  23.502  -36.900 0.5000000000
98664  20.491  26.911  -34.553 0.1250000000
98669  20.184  26.536  -35.484 0.2500000000
97870  19.936  25.835  -37.224 0.2500000000
96997  20.625  24.254  -37.262 0.3750000000
97871  19.401  26.035  -38.357 0.2500000000
129405  19.831  27.497  -35.113 0.1250000000
75136  18.045  2.303  -27.544 0.8750000000
75135  18.557  1.597  -27.838 1.0000000000
77052  18.203  4.394  -28.418 1.0000000000
77037  18.558  2.982  -28.294 1.0000000000
74143  20.613  1.860  -29.109 1.0000000000
146688  20.937  2.353  -29.302 1.0000000000
127865  17.463  6.826  -27.763 0.8750000000
78896  18.847  5.720  -29.813 1.0000000000
77970  22.518  4.242  -29.560 1.0000000000
77980  20.363  4.947  -30.029 1.0000000000
78914  20.023  5.586  -30.355 1.0000000000
77066  23.099  3.714  -29.593 1.0000000000
126960  22.763  3.248  -29.592 1.0000000000
81773  17.007  8.570  -27.203 0.5000000000
150642  17.674  7.922  -28.865 0.8750000000
79818  19.006  6.732  -30.296 1.0000000000
78892  23.778  4.775  -29.549 1.0000000000
78911  22.142  5.703  -29.609 1.0000000000
78912  21.178  5.718  -30.081 1.0000000000
136291  22.990  5.942  -29.563 1.0000000000
78908  25.041  5.612  -30.038 1.0000000000
151346  17.611  8.480  -29.044 0.6250000000
82707  17.539  9.823  -29.810 0.6250000000
136982  19.146  7.884  -30.612 1.0000000000
81820  19.268  9.244  -31.076 1.0000000000
80844  21.350  7.200  -30.314 1.0000000000
80845  20.019  7.475  -30.756 1.0000000000
151591  19.591  7.902  -30.746 1.0000000000
79831  23.772  6.193  -29.743 1.0000000000
80840  25.491  7.447  -30.415 0.8750000000
147588  25.767  5.249  -29.928 0.8750000000
82736  19.251  10.093  -31.384 1.0000000000
82721  20.565  9.007  -30.799 1.0000000000
82720  24.752  9.034  -29.948 1.0000000000
80826  23.583  7.641  -29.685 1.0000000000
81790  22.048  8.415  -29.774 1.0000000000
82704  22.745  9.179  -29.463 1.0000000000
81803  26.112  7.930  -30.580 0.8750000000
84546  21.600  10.867  -29.363 1.0000000000
83641  19.755  10.059  -31.345 1.0000000000
83612  22.352  10.146  -29.319 1.0000000000
82706  20.881  9.461  -30.423 1.0000000000
83611  23.531  9.942  -29.492 1.0000000000
81791  21.142  8.572  -30.443 1.0000000000
83640  26.044  10.504  -31.116 1.0000000000
83622  25.831  9.696  -30.739 1.0000000000
84558  17.246  11.857  -31.734 0.6250000000
147987  18.596  11.866  -32.361 0.7500000000
84569  19.723  11.502  -31.502 1.0000000000
141561  20.270  11.315  -30.838 1.0000000000
85479  19.870  12.053  -31.332 1.0000000000
85465  21.632  11.670  -29.563 1.0000000000
135055  20.994  12.963  -30.230 1.0000000000
85476  23.046  12.861  -29.872 1.0000000000
84556  22.821  11.954  -29.692 1.0000000000
85487  26.159  12.126  -31.727 1.0000000000
129397  23.907  12.069  -30.142 1.0000000000
133611  19.255  14.341  -31.463 0.7500000000
87357  19.725  13.588  -31.268 1.0000000000
87358  19.224  13.282  -31.548 0.7500000000
140880  20.197  12.749  -30.952 1.0000000000
86400  22.017  13.522  -30.041 1.0000000000
86402  19.884  13.129  -31.213 1.0000000000
86399  23.184  13.701  -30.273 1.0000000000
90310  20.548  17.460  -31.808 0.8750000000
87348  20.380  14.033  -30.883 1.0000000000
88317  21.971  15.195  -30.510 1.0000000000
87347  21.422  14.292  -30.493 1.0000000000
86409  25.596  13.406  -31.358 1.0000000000
87356  23.153  15.415  -30.348 1.0000000000
89275  23.803  16.748  -30.766 1.0000000000
90309  22.216  17.581  -30.886 1.0000000000
136712  21.402  17.261  -31.333 1.0000000000
95024  18.776  23.283  -30.487 0.1250000000
95056  18.565  22.822  -32.599 0.1250000000
95035  18.378  22.645  -31.643 0.1250000000
96944  19.533  25.177  -32.012 0.2500000000
96022  21.180  24.201  -33.640 0.2500000000
95055  19.181  23.168  -33.201 0.3750000000
95054  20.600  22.852  -33.440 0.5000000000
96048  21.939  24.018  -35.110 0.5000000000
96032  22.209  23.506  -34.352 0.7500000000
98674  19.743  26.614  -36.610 0.2500000000
96998  19.915  25.014  -37.849 0.2500000000
76049  16.999  2.543  -25.197 0.2500000000
148913  16.830  2.872  -24.222 0.1250000000
76048  16.988  2.145  -24.297 0.1250000000
127161  17.163  1.754  -25.183 0.6250000000
75116  17.533  1.288  -25.842 0.7500000000
74128  19.269  1.250  -28.332 1.0000000000
87360  18.574  13.100  -31.105 0.5000000000
84585  17.424  12.434  -33.201 0.6250000000
84570  19.103  12.195  -32.140 0.8750000000
85511  17.566  13.010  -33.982 0.7500000000
85490  19.114  12.841  -33.196 0.8750000000
86413  18.708  12.875  -32.221 0.7500000000
86425  18.473  13.334  -33.664 0.8750000000
86424  18.929  13.240  -33.887 1.0000000000
86411  19.044  12.792  -31.756 1.0000000000
130773  21.398  18.048  -31.490 1.0000000000
91349  23.337  18.596  -31.247 1.0000000000
89287  25.395  16.769  -31.823 1.0000000000
94134  18.425  21.869  -32.551 0.3750000000
95053  21.878  22.472  -33.306 0.7500000000
94145  19.884  22.076  -33.404 0.5000000000
95068  22.337  22.924  -33.727 0.7500000000
131080  20.201  24.203  -38.001 0.3750000000
70252  19.605  -3.434  -25.302 0.7500000000
70264  21.318  -3.905  -26.725 0.7500000000
70253  19.084  -2.960  -24.869 0.7500000000
71148  18.850  -2.271  -25.054 0.7500000000
70280  20.939  -2.993  -26.935 0.7500000000
70266  19.979  -3.105  -25.899 0.7500000000
71159  19.804  -2.406  -26.257 0.7500000000
131551  18.858  -1.748  -25.546 0.7500000000
71171  21.510  -2.669  -27.603 0.7500000000
71158  20.303  -2.322  -26.820 0.7500000000
73107  18.308  -0.224  -26.043 0.7500000000
74098  17.984  0.677  -26.262 0.6250000000
72082  19.673  -1.646  -26.756 0.7500000000
73120  19.289  -0.807  -27.105 0.8750000000
148178  18.756  -0.396  -26.751 0.8750000000
71180  21.921  -2.391  -28.057 0.7500000000
71172  20.841  -2.221  -27.404 0.7500000000
72093  20.672  -1.540  -27.819 0.7500000000
73131  19.639  -0.383  -27.862 0.8750000000
74112  19.395  0.454  -28.105 0.8750000000
72104  22.032  -1.792  -28.366 0.7500000000
72105  21.286  -1.149  -28.416 0.7500000000
73147  20.889  -0.196  -28.704 0.8750000000
74127  19.795  0.981  -28.604 0.8750000000
74124  22.352  -0.006  -28.961 0.7500000000
74125  21.527  0.554  -28.980 0.8750000000
74142  21.690  1.549  -29.290 0.8750000000
130854  24.222  2.003  -29.518 0.8750000000
75165  23.486  2.039  -29.524 0.8750000000
126829  23.910  2.695  -29.588 0.8750000000
76102  24.337  3.131  -29.589 0.8750000000
77048  27.084  3.420  -29.027 0.3750000000
77049  25.930  3.430  -29.512 0.6250000000
77063  25.322  3.731  -29.629 0.7500000000
76101  24.820  3.426  -29.614 0.7500000000
77957  28.260  4.265  -28.757 0.5000000000
77958  27.318  3.994  -29.103 0.5000000000
77965  26.575  4.485  -29.550 0.7500000000
126489  25.801  4.720  -29.782 0.7500000000
78887  30.517  5.475  -29.150 0.1250000000
78880  29.484  5.513  -28.928 0.3750000000
78888  27.774  5.484  -29.245 0.6250000000
79816  27.001  5.879  -29.688 0.6250000000
78905  32.084  5.451  -30.224 0.1250000000
79812  31.008  6.107  -29.580 0.1250000000
137215  29.953  6.875  -29.456 0.1250000000
80835  31.065  7.468  -30.071 0.1250000000
80837  29.683  8.069  -29.928 0.6250000000
81801  28.918  8.614  -30.253 0.6250000000
81802  27.757  8.377  -30.224 0.7500000000
79843  32.010  7.062  -31.493 0.1250000000
80860  31.804  7.684  -32.724 0.1250000000
81799  30.893  8.766  -30.704 0.1250000000
81800  29.994  8.771  -30.366 0.5000000000
82715  29.217  9.352  -30.624 0.6250000000
82732  29.496  10.009  -31.079 0.7500000000
79850  32.172  6.117  -31.896 0.1250000000
81818  31.211  9.321  -31.452 0.5000000000
82748  31.140  10.109  -32.003 0.5000000000
82733  28.417  9.875  -30.995 0.7500000000
90321  19.833  18.074  -32.249 0.6250000000
92355  19.190  19.277  -32.728 0.5000000000
83651  30.127  11.062  -32.062 0.6250000000
84580  28.545  11.639  -32.328 0.6250000000
84581  27.426  11.731  -32.272 0.8750000000
84590  31.333  11.544  -33.834 0.5000000000
84579  29.562  11.651  -32.397 0.6250000000
84593  29.000  12.163  -32.798 0.6250000000
85497  28.079  12.034  -32.766 0.7500000000
92336  20.452  19.215  -32.564 0.7500000000
87366  26.435  13.726  -33.187 0.8750000000
87367  26.212  14.371  -32.462 0.8750000000
85498  27.310  12.378  -32.905 0.7500000000
86434  26.732  12.938  -34.092 0.8750000000
86435  26.319  13.209  -33.948 0.8750000000
87375  26.144  13.800  -33.973 0.8750000000
88358  25.941  14.548  -34.321 0.8750000000
84607  31.364  12.019  -34.568 0.3750000000
84608  31.042  12.181  -33.921 0.5000000000
85506  30.364  12.498  -33.627 0.5000000000
85520  28.753  12.917  -34.041 0.6250000000
84622  31.474  11.685  -35.386 0.2500000000
85518  30.767  12.763  -34.496 0.3750000000
85519  29.808  13.066  -34.125 0.5000000000
92354  19.728  19.631  -33.026 0.6250000000
93248  21.529  20.226  -32.308 0.7500000000
91351  21.339  18.943  -31.781 0.8750000000
92335  21.198  19.617  -32.169 0.7500000000
92333  22.879  19.265  -31.557 0.8750000000
89274  24.795  16.375  -31.115 0.8750000000
89298  25.749  16.523  -33.594 0.7500000000
88347  26.053  15.455  -33.419 0.8750000000
86433  27.666  12.821  -34.094 0.6250000000
86447  26.400  13.293  -34.701 0.7500000000
86442  30.803  13.216  -35.333 0.3750000000
86455  29.468  13.882  -35.406 0.5000000000
87382  26.153  13.756  -35.319 0.7500000000
85517  31.265  12.503  -35.351 0.2500000000
93260  19.519  20.470  -33.303 0.6250000000
92334  21.996  19.496  -31.680 0.8750000000
91364  23.891  18.982  -31.950 0.8750000000
91363  24.634  18.407  -32.226 0.8750000000
92373  23.971  19.651  -32.736 0.7500000000
90333  25.483  17.616  -33.143 0.8750000000
147605  25.604  15.041  -35.250 0.7500000000
86457  26.923  13.485  -35.351 0.5000000000
87421  29.721  13.808  -37.136 0.2500000000
87406  29.338  14.091  -36.582 0.5000000000
87393  28.864  14.025  -35.933 0.5000000000
86471  30.605  12.833  -37.125 0.2500000000
140478  19.316  21.290  -33.441 0.5000000000
93259  20.646  21.066  -32.956 0.5000000000
94143  22.323  21.553  -32.955 0.6250000000
93257  22.759  20.748  -32.628 0.7500000000
93273  24.265  20.016  -33.626 0.7500000000
93285  23.961  20.947  -33.858 0.7500000000
93284  24.466  20.238  -34.559 0.7500000000
91390  25.245  18.842  -34.886 0.7500000000
129655  24.828  19.446  -34.245 0.7500000000
142940  24.108  20.854  -34.811 0.7500000000
91389  25.422  18.084  -34.684 0.7500000000
131996  25.724  16.733  -35.835 0.7500000000
147417  25.578  17.513  -35.934 0.7500000000
88379  26.317  14.903  -37.153 0.5000000000
88369  25.748  15.299  -36.473 0.3750000000
89321  25.687  15.749  -35.834 0.6250000000
87422  28.901  13.865  -37.353 0.2500000000
87423  27.219  13.849  -37.715 0.3750000000
87424  26.787  14.329  -37.923 0.3750000000
94152  22.738  22.010  -33.441 0.6250000000
94142  23.175  21.253  -33.206 0.7500000000
93296  23.776  21.007  -35.532 0.7500000000
93295  24.366  20.349  -35.646 0.7500000000
91406  25.096  18.984  -37.006 0.7500000000
128782  25.345  17.646  -37.480 0.6250000000
88397  25.934  15.569  -38.541 0.3750000000
132014  25.513  16.713  -37.455 0.3750000000
86482  28.181  13.120  -39.235 0.1250000000
87433  26.302  13.535  -39.661 0.1250000000
87429  26.196  13.843  -38.812 0.2500000000
147952  23.101  22.240  -34.001 0.6250000000
94160  23.341  21.506  -35.487 0.7500000000
132708  23.834  20.632  -36.318 0.6250000000
92391  24.790  19.638  -36.365 0.7500000000
129616  25.392  17.302  -38.382 0.3750000000
149039  25.180  18.404  -37.505 0.3750000000
91405  25.367  18.124  -36.580 0.7500000000
88403  25.829  15.404  -39.343 0.2500000000
89339  25.610  16.351  -38.145 0.3750000000
90360  25.557  17.149  -36.634 0.6250000000
86505  27.783  13.838  -41.752 0.1250000000
87437  26.723  13.780  -40.540 0.1250000000
86490  28.051  12.851  -40.237 0.1250000000
95087  22.651  22.749  -34.533 0.6250000000
95105  22.608  22.477  -35.495 0.6250000000
93311  22.885  20.736  -37.473 0.3750000000
94173  23.279  21.088  -36.423 0.3750000000
92398  24.010  20.138  -37.904 0.3750000000
90378  24.862  18.136  -39.711 0.2500000000
90365  25.119  18.255  -38.247 0.3750000000
92397  24.573  19.589  -37.471 0.3750000000
88413  26.202  15.085  -41.363 0.1250000000
89351  25.801  16.478  -39.758 0.3750000000
89344  25.653  16.430  -38.895 0.3750000000
87442  28.446  14.215  -42.204 0.1250000000
88402  25.790  14.339  -39.750 0.1250000000
95130  21.288  22.518  -37.735 0.3750000000
96060  22.190  22.909  -35.990 0.3750000000
94174  22.648  21.442  -36.911 0.3750000000
139487  22.463  20.536  -38.253 0.3750000000
94189  22.310  21.061  -37.843 0.3750000000
91425  23.522  19.674  -39.643 0.3750000000
92411  23.164  20.104  -39.047 0.3750000000
93319  23.070  20.316  -38.209 0.3750000000
91424  24.283  18.901  -39.991 0.3750000000
90370  25.092  18.235  -39.025 0.3750000000
91418  24.056  19.663  -39.095 0.3750000000
89363  26.318  16.434  -42.475 0.1250000000
89356  25.700  16.450  -40.619 0.1250000000
90384  25.104  17.158  -40.902 0.2500000000
88418  27.674  15.414  -42.552 0.1250000000
95146  20.846  21.695  -38.655 0.2500000000
93329  21.273  20.093  -39.231 0.2500000000
94205  21.803  20.551  -38.593 0.3750000000
94190  21.604  21.363  -38.189 0.3750000000
91432  23.550  19.514  -40.379 0.1250000000
92412  22.474  20.085  -39.514 0.3750000000
93328  22.214  20.322  -38.934 0.3750000000
91431  24.188  18.781  -40.691 0.1250000000
143501  25.762  17.996  -43.039 0.1250000000
90385  24.643  17.960  -40.410 0.1250000000
95131  20.502  22.827  -38.544 0.3750000000
93330  20.674  20.100  -39.728 0.2500000000
92428  22.052  20.377  -40.746 0.1250000000
92420  21.066  20.092  -40.986 0.1250000000
92434  23.287  20.153  -41.462 0.1250000000
92435  22.561  20.568  -41.241 0.1250000000
91445  25.763  18.766  -43.702 0.1250000000
92441  24.426  20.020  -42.660 0.1250000000
95185  20.882  22.330  -42.555 0.1250000000
92442  23.788  20.454  -42.102 0.1250000000
149920  21.930  21.626  -41.700 0.1250000000
147676  25.800  20.134  -44.282 0.1250000000
92445  26.293  19.473  -44.392 0.1250000000
132417  20.764  0.615  -28.855 0.8750000000
75163  25.123  2.349  -29.527 0.6250000000
83635  30.572  10.537  -31.843 0.6250000000
85508  27.225  12.691  -33.540 0.8750000000
86456  28.240  13.584  -35.227 0.5000000000
142191  30.324  13.874  -35.824 0.3750000000
92353  20.470  19.998  -32.860 0.6250000000
92352  22.471  20.033  -32.127 0.8750000000
92351  23.302  19.620  -32.121 0.8750000000
151170  23.226  20.101  -32.492 0.7500000000
92372  24.646  18.907  -32.779 0.8750000000
143940  25.244  18.552  -33.738 0.7500000000
90343  25.557  17.423  -34.202 0.7500000000
89311  25.761  16.348  -34.892 0.7500000000
87395  26.718  13.912  -36.025 0.5000000000
87409  26.788  14.300  -36.870 0.5000000000
87396  25.848  14.456  -36.032 0.7500000000
131580  27.953  13.834  -37.273 0.5000000000
90394  25.423  17.604  -42.345 0.1250000000
92419  21.776  20.071  -40.146 0.2500000000
136294  23.181  20.744  -41.615 0.1250000000
92447  24.832  20.281  -43.375 0.1250000000
80822  29.393  7.324  -29.563 0.5000000000
80823  28.430  7.098  -29.510 0.6250000000
80825  26.516  6.534  -30.106 0.7500000000
83649  31.402  10.314  -32.786 0.3750000000
83664  31.241  11.171  -33.038 0.3750000000
83684  31.391  10.747  -35.552 0.2500000000
87384  25.784  14.189  -35.143 0.7500000000
91437  24.333  18.853  -41.507 0.1250000000
84630  31.295  11.311  -36.195 0.1250000000
68415  20.094  -5.081  -24.899 0.7500000000
69336  19.844  -4.257  -25.092 0.7500000000
70239  18.805  -3.257  -24.178 0.7500000000
71133  18.635  -2.441  -24.420 0.7500000000
68424  21.150  -5.117  -25.859 0.7500000000
70251  20.220  -3.894  -25.690 0.7500000000
69358  22.119  -4.266  -27.106 0.7500000000
73108  18.064  -0.369  -25.269 0.6250000000
70278  22.717  -3.748  -27.578 0.6250000000
71179  22.592  -2.377  -28.235 0.7500000000
72103  22.883  -1.636  -28.596 0.6250000000
150442  23.815  0.154  -29.098 0.6250000000
74139  24.713  1.185  -29.375 0.5000000000
75151  26.658  2.077  -28.895 0.3750000000
75162  25.920  1.990  -29.290 0.5000000000
77047  28.010  3.375  -28.598 0.1250000000
78879  30.109  4.790  -28.813 0.1250000000
151322  31.408  5.300  -29.529 0.1250000000
77978  32.387  4.705  -30.568 0.1250000000
78928  32.169  5.093  -32.317 0.1250000000
78929  31.781  5.650  -33.204 0.1250000000
79856  31.484  6.370  -33.888 0.1250000000
91366  19.408  18.547  -32.437 0.3750000000
80865  31.562  7.299  -33.573 0.1250000000
81837  31.668  8.153  -33.261 0.1250000000
82760  31.596  9.581  -33.356 0.1250000000
83663  31.542  10.512  -33.827 0.2500000000
138214  31.514  11.154  -34.648 0.2500000000
129399  19.095  20.064  -33.172 0.5000000000
85559  30.663  12.175  -37.536 0.1250000000
126229  31.160  11.734  -36.709 0.2500000000
85567  30.160  11.705  -39.246 0.1250000000
86489  28.905  12.347  -40.166 0.1250000000
86499  28.236  12.915  -41.084 0.1250000000
86504  28.545  13.341  -41.916 0.1250000000
87445  29.334  15.013  -42.738 0.1250000000
87441  29.488  14.122  -42.571 0.1250000000
90392  27.104  17.187  -43.435 0.1250000000
90395  29.374  17.991  -45.141 0.1250000000
96931  19.754  24.898  -31.086 0.1250000000
96084  19.813  23.229  -39.440 0.2500000000
94218  19.960  22.252  -40.831 0.1250000000
96104  20.210  23.656  -41.351 0.1250000000
93362  23.649  21.002  -42.050 0.1250000000
94230  21.349  21.836  -42.383 0.1250000000
93361  24.257  20.799  -42.924 0.1250000000
91446  27.501  19.465  -45.018 0.1250000000
93365  24.719  20.951  -43.664 0.1250000000
77064  24.826  4.009  -29.640 0.7500000000
84566  28.078  11.073  -31.864 0.7500000000
83638  27.711  10.431  -31.401 0.7500000000
127387  19.020  16.121  -31.445 0.3750000000
88338  26.055  15.255  -32.502 0.8750000000
75166  22.553  1.992  -29.509 0.8750000000
74097  18.446  0.290  -26.867 0.7500000000
73121  19.006  -0.039  -27.402 0.8750000000
139937  21.005  1.321  -29.035 0.8750000000
77967  25.305  4.376  -29.721 0.7500000000
137819  27.801  7.595  -29.812 0.6250000000
85499  26.708  12.287  -32.360 0.8750000000
91348  24.175  18.132  -31.549 0.8750000000
90320  25.126  17.683  -32.132 0.8750000000
89286  25.867  16.179  -32.564 0.8750000000
95120  21.827  22.721  -36.780 0.3750000000
96072  20.657  23.495  -37.788 0.3750000000
97009  19.656  24.566  -38.746 0.1250000000
71147  19.335  -2.558  -25.586 0.7500000000
70238  19.295  -3.776  -24.649 0.7500000000
70265  20.601  -3.514  -26.283 0.7500000000
69346  20.883  -4.338  -26.107 0.7500000000
69345  21.675  -4.827  -26.497 0.7500000000
70279  21.783  -3.443  -27.344 0.7500000000
72053  18.448  -1.589  -24.786 0.7500000000
129986  20.311  -2.870  -26.428 0.7500000000
72068  19.299  -1.899  -26.077 0.7500000000
72081  20.286  -1.775  -27.250 0.7500000000
72069  18.434  -0.986  -25.458 0.7500000000
74087  17.742  0.397  -25.397 0.6250000000
72083  18.920  -1.114  -26.249 0.7500000000
72094  19.955  -1.167  -27.514 0.8750000000
73130  20.381  -0.744  -28.196 0.8750000000
73148  20.105  0.220  -28.570 0.8750000000
73146  22.217  -0.985  -28.714 0.7500000000
73145  23.211  -0.572  -28.836 0.7500000000
74140  23.870  1.098  -29.397 0.7500000000
74141  22.398  0.988  -29.260 0.8750000000
73155  24.548  0.248  -29.164 0.6250000000
144774  24.813  2.942  -29.597 0.7500000000
76086  27.161  2.712  -28.806 0.2500000000
76087  26.237  2.747  -29.272 0.5000000000
76100  25.414  2.976  -29.534 0.6250000000
77966  25.858  4.083  -29.641 0.7500000000
78881  28.469  5.068  -28.895 0.5000000000
145769  29.234  4.603  -28.689 0.2500000000
77046  29.112  3.775  -28.535 0.1250000000
79813  30.154  6.223  -29.288 0.2500000000
79814  29.172  6.475  -29.208 0.3750000000
79815  28.069  6.293  -29.325 0.6250000000
79842  32.039  6.350  -30.720 0.1250000000
78922  32.334  5.391  -31.181 0.1250000000
79827  31.437  6.722  -30.039 0.1250000000
137901  30.272  7.475  -29.758 0.5000000000
81798  31.273  8.052  -30.632 0.1250000000
80853  31.713  7.872  -31.306 0.1250000000
80836  30.587  8.129  -30.206 0.5000000000
79851  31.882  6.846  -32.673 0.1250000000
81831  31.730  8.479  -32.126 0.1250000000
82714  30.301  9.455  -30.819 0.6250000000
82747  31.511  9.472  -32.417 0.1250000000
83636  29.781  10.581  -31.563 0.6250000000
83652  29.135  11.116  -31.901 0.6250000000
134223  29.394  12.582  -33.427 0.6250000000
87383  26.017  13.661  -34.632 0.7500000000
86445  28.212  13.166  -34.557 0.5000000000
93258  21.857  20.954  -32.530 0.6250000000
87405  29.988  14.097  -36.453 0.3750000000
149314  25.522  15.041  -35.918 0.6250000000
87394  27.753  13.862  -35.944 0.5000000000
86473  29.209  13.344  -38.189 0.1250000000
86480  29.807  12.556  -38.639 0.1250000000
86462  30.359  13.624  -36.731 0.2500000000
85560  30.319  12.362  -38.044 0.1250000000
94157  23.582  21.485  -34.583 0.7500000000
92384  24.907  19.623  -35.262 0.7500000000
89331  25.683  16.219  -36.608 0.6250000000
88389  26.413  14.901  -38.236 0.3750000000
88390  25.909  15.757  -37.493 0.3750000000
86474  28.058  13.558  -38.077 0.1250000000
127377  26.658  13.733  -38.534 0.3750000000
93309  24.223  20.172  -36.835 0.3750000000
88396  25.872  14.399  -39.036 0.3750000000
86483  27.054  13.290  -39.486 0.1250000000
87434  25.976  13.867  -40.086 0.1250000000
86491  27.317  13.377  -40.307 0.1250000000
90369  25.453  17.375  -39.316 0.3750000000
91417  24.686  18.976  -38.784 0.3750000000
88409  25.854  15.491  -40.203 0.2500000000
87444  26.804  14.728  -41.730 0.1250000000
88412  27.606  14.468  -42.006 0.1250000000
87438  26.440  14.347  -40.901 0.1250000000
95119  22.398  22.217  -36.431 0.3750000000
88419  26.588  15.581  -42.108 0.1250000000
89358  25.949  15.920  -41.729 0.1250000000
95129  22.070  21.910  -37.357 0.3750000000
92418  22.671  19.910  -40.210 0.3750000000
135109  24.467  18.991  -39.420 0.3750000000
89362  27.373  16.300  -43.039 0.1250000000
89364  25.672  16.734  -42.039 0.1250000000
90393  26.034  17.265  -42.794 0.1250000000
90397  26.535  17.961  -43.672 0.1250000000
89359  25.573  16.477  -41.341 0.1250000000
90389  24.572  17.887  -41.165 0.1250000000
88417  29.104  15.825  -43.199 0.1250000000
143580  28.436  16.283  -43.403 0.1250000000
94217  20.035  21.620  -40.036 0.2500000000
95147  20.216  22.173  -39.342 0.2500000000
138567  20.735  19.990  -40.499 0.2500000000
91438  23.687  19.480  -41.125 0.1250000000
92440  25.073  19.445  -43.100 0.1250000000
91436  24.844  18.133  -41.958 0.1250000000
92446  25.397  19.752  -43.855 0.1250000000
94224  20.202  21.161  -40.891 0.1250000000
93348  20.664  20.526  -41.157 0.1250000000
93356  20.974  21.192  -41.851 0.1250000000
92433  24.003  19.699  -41.893 0.1250000000
91444  26.997  18.725  -44.437 0.1250000000
91441  24.634  19.102  -42.339 0.1250000000
96110  20.673  22.961  -41.991 0.1250000000
146781  20.217  22.045  -41.478 0.1250000000
69335  20.469  -4.711  -25.510 0.7500000000
68414  20.758  -5.529  -25.327 0.7500000000
69324  19.474  -4.613  -24.462 0.7500000000
72070  18.135  -0.828  -24.867 0.5000000000
73144  24.233  -0.565  -28.774 0.6250000000
73154  25.339  0.298  -29.153 0.5000000000
81840  31.303  7.815  -34.311 0.1250000000
80869  30.835  7.410  -35.389 0.1250000000
145833  31.671  8.897  -32.982 0.1250000000
86481  29.206  12.700  -39.247 0.1250000000
89365  28.619  17.090  -44.322 0.1250000000
90396  28.006  18.050  -44.667 0.1250000000
69325  18.982  -4.092  -23.953 0.7500000000
71134  18.321  -1.837  -23.948 0.5000000000
68402  20.360  -5.940  -24.743 0.6250000000
67486  21.161  -6.415  -25.158 0.6250000000
68412  22.598  -5.864  -25.962 0.3750000000
68423  21.702  -5.467  -26.081 0.6250000000
69334  24.001  -4.611  -26.005 0.2500000000
69344  22.507  -4.934  -26.797 0.3750000000
148854  26.029  1.205  -29.134 0.3750000000
93261  18.691  20.915  -33.280 0.2500000000
94146  18.931  21.992  -33.216 0.2500000000
70277  23.533  -3.528  -27.593 0.5000000000
71178  23.469  -2.279  -28.254 0.5000000000
71177  24.382  -2.076  -28.144 0.3750000000
67484  22.922  -6.178  -25.281 0.5000000000
67485  22.233  -6.412  -25.555 0.6250000000
139605  20.824  -7.648  -24.332 0.6250000000
71122  18.340  -2.144  -23.198 0.3750000000
70228  18.522  -3.551  -23.454 0.3750000000
67476  20.625  -6.786  -24.557 0.6250000000
69309  19.089  -4.956  -23.798 0.6250000000
66478  22.724  -7.053  -23.928 0.3750000000
66479  22.167  -7.333  -24.571 0.5000000000
67475  21.223  -7.110  -24.770 0.6250000000
143760  23.362  -6.127  -24.520 0.3750000000
69355  24.075  -4.175  -26.722 0.2500000000
144505  24.038  -5.030  -25.355 0.2500000000
128196  17.340  1.063  -25.112 0.3750000000
70276  24.123  -3.644  -27.259 0.2500000000
71169  24.063  -2.918  -27.767 0.3750000000
71176  25.087  -1.868  -28.134 0.2500000000
73143  25.101  -0.574  -28.866 0.2500000000
151152  26.128  0.407  -28.937 0.2500000000
82670  16.536  9.612  -26.565 0.1250000000
151797  16.906  11.825  -29.381 0.2500000000
75150  27.507  1.678  -28.428 0.2500000000
86414  17.929  12.485  -31.920 0.3750000000
130424  17.232  11.949  -31.199 0.2500000000
93249  18.276  20.995  -32.196 0.2500000000
83576  16.590  10.459  -27.215 0.1250000000
135576  16.498  8.730  -25.943 0.2500000000
86426  17.736  13.112  -33.125 0.3750000000
136386  23.099  -3.012  -27.955 0.5000000000
71121  18.464  -2.697  -23.675 0.5000000000
68413  21.426  -5.827  -25.662 0.6250000000
68422  22.224  -5.454  -26.321 0.5000000000
69357  22.849  -4.433  -27.156 0.5000000000
74123  26.630  1.198  -28.727 0.2500000000
74081  17.502  0.608  -24.724 0.2500000000
68403  19.665  -5.470  -24.307 0.6250000000
72054  18.099  -1.002  -24.251 0.3750000000
72101  24.737  -1.323  -28.473 0.2500000000
144657  21.758  -6.378  -25.540 0.5000000000
68411  23.369  -5.403  -25.864 0.2500000000
68401  23.684  -5.570  -24.930 0.2500000000
69356  23.483  -4.109  -27.213 0.3750000000
67474  22.354  -6.770  -25.103 0.5000000000
67473  22.785  -6.657  -24.546 0.3750000000
70229  18.291  -3.007  -22.955 0.3750000000
67477  19.913  -6.336  -24.152 0.6250000000
144391  22.313  -7.728  -23.631 0.3750000000
66480  21.523  -7.519  -24.555 0.5000000000
70275  24.692  -3.115  -27.201 0.2500000000
72100  25.481  -1.273  -28.395 0.2500000000
82659  15.907  9.954  -24.480 0.1250000000
135116  18.968  -6.913  -22.780 0.5000000000
66471  21.718  -7.833  -24.161 0.2500000000
65503  20.768  -8.361  -23.838 0.3750000000
67465  19.505  -6.819  -23.470 0.5000000000
66463  18.781  -7.583  -22.371 0.3750000000
68375  18.265  -5.598  -22.354 0.5000000000
68388  19.267  -5.836  -23.628 0.5000000000
67466  18.813  -6.168  -22.920 0.5000000000
68389  18.659  -5.291  -23.106 0.3750000000
66446  17.778  -7.515  -21.045 0.1250000000
66445  18.195  -7.260  -21.705 0.3750000000
69298  18.260  -4.730  -22.549 0.2500000000
64559  17.741  -9.075  -20.794 0.1250000000
65485  17.930  -8.330  -21.107 0.2500000000
65497  18.928  -8.589  -22.232 0.3750000000
65495  21.917  -8.801  -22.722 0.2500000000
64570  20.284  -9.472  -22.941 0.3750000000
65504  20.211  -8.731  -23.283 0.5000000000
65475  17.560  -8.210  -20.503 0.1250000000
65484  18.318  -8.021  -21.670 0.3750000000
65496  19.513  -8.244  -22.895 0.3750000000
67441  17.591  -6.058  -20.809 0.1250000000
68376  17.918  -5.021  -21.810 0.1250000000
133679  31.432  10.141  -34.962 0.1250000000
69310  18.594  -4.419  -23.272 0.3750000000
65511  21.254  -8.021  -24.177 0.3750000000
66481  20.209  -7.107  -24.041 0.5000000000
66472  20.075  -7.828  -23.620 0.5000000000
70222  18.305  -3.862  -22.741 0.2500000000
67451  18.348  -6.568  -22.155 0.5000000000
65502  21.503  -8.431  -23.578 0.3750000000
64577  20.814  -8.993  -23.339 0.3750000000
68369  17.860  -5.844  -21.575 0.1250000000
66436  17.532  -7.388  -20.220 0.1250000000
144988  17.615  -6.796  -20.677 0.1250000000
67440  17.837  -6.657  -21.323 0.1250000000
148890  17.320  -8.816  -20.131 0.1250000000
64558  18.348  -8.892  -21.565 0.3750000000
136438  20.908  -9.572  -22.830 0.2500000000
64557  18.958  -9.618  -22.096 0.2500000000
63588  19.722  -10.005  -22.585 0.2500000000
73087  17.925  -0.480  -23.973 0.2500000000
149603  21.299  -9.071  -23.041 0.2500000000
134018  18.317  -9.742  -21.398 0.1250000000
64571  19.622  -9.151  -22.713 0.2500000000
63578  19.250  -10.500  -21.958 0.1250000000
74065  17.639  0.393  -24.188 0.1250000000
91353  19.264  17.899  -32.106 0.1250000000
130133  19.207  17.098  -31.606 0.1250000000
91354  18.969  18.606  -32.233 0.1250000000
91340  18.807  18.547  -31.005 0.1250000000
92337  18.604  19.999  -32.597 0.1250000000
152406  18.715  18.715  -31.899 0.1250000000
92323  18.329  19.381  -29.669 0.1250000000
126372  18.646  19.206  -30.541 0.1250000000
93244  18.395  21.026  -30.874 0.1250000000
89279  18.770  16.855  -31.113 0.1250000000
93245  18.480  20.103  -30.486 0.1250000000
92321  17.875  20.157  -28.064 0.1250000000
89280  18.502  15.914  -31.030 0.1250000000
144751  17.147  12.052  -29.320 0.1250000000
139331  18.287  -1.184  -23.030 0.1250000000
139526  18.121  12.600  -30.900 0.1250000000
88319  17.960  15.576  -30.450 0.1250000000
90291  18.078  17.004  -29.933 0.1250000000
90299  18.507  17.575  -30.529 0.1250000000
131114  18.207  18.678  -29.201 0.1250000000
92318  17.305  19.948  -27.191 0.1250000000
93230  17.614  20.958  -27.478 0.1250000000
93235  18.075  20.916  -28.296 0.1250000000
88332  18.476  15.080  -31.006 0.1250000000
75106  17.245  1.367  -24.540 0.1250000000
73098  17.824  -0.177  -24.632 0.1250000000
92327  18.608  19.419  -31.596 0.1250000000
92326  18.444  20.286  -31.578 0.1250000000
146373  18.198  -1.230  -23.487 0.1250000000
72035  18.366  -1.730  -22.801 0.1250000000
133427  17.309  12.125  -30.523 0.1250000000
74053  18.096  0.966  -22.649 0.1250000000
73074  18.057  -0.551  -23.594 0.1250000000
91334  18.445  18.505  -30.047 0.1250000000
131188  18.122  19.515  -28.740 0.1250000000
91331  18.308  19.004  -28.435 0.1250000000
93240  18.073  20.368  -29.189 0.1250000000
91329  18.109  19.236  -27.656 0.1250000000
93224  17.037  20.925  -26.693 0.1250000000
66470  23.163  -7.215  -23.231 0.1250000000
67463  24.441  -6.219  -23.394 0.1250000000
68400  24.575  -5.125  -24.603 0.1250000000
69343  24.696  -3.959  -26.103 0.1250000000
143806  24.546  -3.654  -26.790 0.1250000000
70263  25.091  -3.301  -26.557 0.1250000000
71168  24.914  -2.473  -27.722 0.1250000000
71155  26.980  -1.990  -26.651 0.1250000000
71156  26.161  -2.278  -26.876 0.1250000000
71167  25.689  -1.932  -27.715 0.1250000000
73129  27.759  -0.761  -27.463 0.1250000000
73142  25.848  -0.535  -28.764 0.1250000000
73128  28.414  -0.307  -27.390 0.1250000000
132016  27.189  -0.400  -27.940 0.1250000000
74122  27.408  0.814  -28.266 0.1250000000
64569  21.587  -9.478  -22.478 0.1250000000
63587  20.430  -10.112  -22.558 0.1250000000
66461  22.873  -7.835  -22.774 0.1250000000
66469  24.015  -6.806  -22.898 0.1250000000
68387  24.893  -5.591  -23.741 0.1250000000
68399  25.493  -5.018  -24.017 0.1250000000
69331  25.808  -3.935  -25.081 0.1250000000
70262  25.821  -2.924  -26.310 0.1250000000
127355  26.613  -2.577  -26.082 0.1250000000
149964  27.994  -1.217  -26.914 0.1250000000
75149  28.396  1.639  -28.127 0.1250000000
75134  28.988  1.219  -27.858 0.1250000000
74110  28.820  0.372  -27.561 0.1250000000
76085  28.199  2.398  -28.335 0.1250000000
67464  23.466  -6.502  -23.762 0.1250000000
73140  26.935  0.254  -28.323 0.1250000000
69333  24.620  -4.524  -25.372 0.1250000000
132631  26.192  -1.183  -28.125 0.1250000000
146620  22.222  -8.239  -23.008 0.1250000000
65494  22.716  -8.525  -22.430 0.1250000000
63586  21.151  -10.112  -22.314 0.1250000000
66460  23.703  -7.508  -22.525 0.1250000000
70250  25.462  -3.544  -25.809 0.1250000000
69332  25.176  -4.078  -25.433 0.1250000000
71157  25.381  -2.661  -27.071 0.1250000000
72091  26.554  -1.648  -27.402 0.1250000000
127466  27.359  -1.422  -27.140 0.1250000000
72090  26.944  -1.015  -27.770 0.1250000000
74121  28.167  0.946  -28.018 0.1250000000
64556  21.877  -9.970  -21.851 0.1250000000
64568  22.504  -9.316  -22.043 0.1250000000
146328  25.190  -6.036  -23.181 0.1250000000
75148  29.796  1.604  -27.869 0.1250000000
66462  19.375  -7.479  -23.030 0.5000000000
66488  21.832  -6.966  -25.135 0.5000000000
67472  24.037  -5.804  -24.119 0.1250000000
67493  21.992  -5.978  -25.939 0.6250000000
68421  22.833  -5.362  -26.398 0.2500000000
69323  25.299  -4.490  -24.780 0.1250000000
71170  22.241  -2.977  -27.871 0.7500000000
72092  21.357  -1.994  -27.982 0.7500000000
72102  23.833  -1.409  -28.490 0.6250000000
73119  28.470  -0.802  -26.963 0.1250000000
73141  26.541  -0.454  -28.341 0.1250000000
73156  23.132  0.515  -29.208 0.7500000000
74111  27.822  0.099  -27.858 0.1250000000
74126  20.361  1.158  -28.869 0.8750000000
74138  25.431  1.352  -29.317 0.5000000000
75133  29.637  0.854  -27.543 0.1250000000
75164  24.519  2.584  -29.579 0.8750000000
75167  21.638  2.413  -29.449 1.0000000000
76088  19.810  2.517  -28.945 1.0000000000
77062  26.506  3.762  -29.403 0.6250000000
77068  21.265  3.796  -29.553 1.0000000000
77071  19.362  4.064  -29.317 1.0000000000
77963  30.831  4.837  -29.025 0.1250000000
77964  27.551  4.721  -29.179 0.5000000000
77969  23.446  4.215  -29.545 1.0000000000
78889  27.028  5.126  -29.538 0.7500000000
78890  25.291  5.036  -29.880 0.8750000000
78894  21.840  4.968  -29.595 1.0000000000
78895  19.614  5.242  -30.082 1.0000000000
78906  31.648  6.013  -29.989 0.1250000000
78910  23.890  5.393  -29.638 1.0000000000
78913  20.550  5.647  -30.300 1.0000000000
79817  26.123  5.752  -30.027 0.8750000000
79828  25.880  6.241  -30.254 0.8750000000
79829  25.345  6.423  -30.258 0.8750000000
79832  22.002  6.557  -29.765 1.0000000000
79835  19.729  6.749  -30.593 1.0000000000
80821  30.685  6.831  -29.653 0.1250000000
80824  27.430  6.840  -29.758 0.6250000000
80827  22.514  7.699  -29.711 1.0000000000
80838  28.669  7.885  -29.808 0.6250000000
80846  18.915  7.513  -30.416 1.0000000000
80847  18.530  8.314  -30.283 1.0000000000
80854  20.346  7.988  -30.762 1.0000000000
81779  17.381  8.397  -28.228 0.6250000000
81805  24.990  8.094  -30.176 1.0000000000
81817  31.433  8.539  -31.182 0.1250000000
81819  20.146  8.599  -30.959 1.0000000000
82717  27.325  8.972  -30.721 0.8750000000
82722  20.182  9.105  -31.062 1.0000000000
82724  17.887  10.349  -30.650 0.6250000000
82731  30.496  10.050  -31.393 0.5000000000
82735  19.774  9.199  -31.159 1.0000000000
83610  24.480  9.868  -29.827 1.0000000000
83613  21.189  10.180  -29.664 1.0000000000
83626  17.419  11.509  -30.786 0.8750000000
83637  28.755  10.519  -31.450 0.6250000000
83650  30.959  10.816  -32.347 0.6250000000
84532  17.042  11.629  -28.730 0.2500000000
84544  23.318  10.641  -29.526 1.0000000000
84547  16.872  11.985  -30.158 0.1250000000
84554  24.672  11.346  -30.465 1.0000000000
84567  27.118  11.061  -31.712 1.0000000000
84568  26.001  11.338  -31.393 1.0000000000
84571  17.549  12.013  -32.668 0.6250000000
84578  30.526  11.516  -32.613 0.6250000000
84583  18.879  12.554  -33.368 0.6250000000
84591  30.860  11.929  -33.251 0.5000000000
84592  30.012  12.162  -32.922 0.6250000000
84594  18.411  12.714  -33.919 0.7500000000
84595  17.627  12.681  -33.732 0.7500000000
84609  18.001  12.880  -34.112 0.7500000000
85477  21.841  12.583  -29.784 1.0000000000
85480  17.161  11.961  -30.416 0.2500000000
85489  19.320  12.478  -31.717 1.0000000000
85491  17.389  12.318  -32.396 0.6250000000
85500  17.451  12.865  -33.468 0.7500000000
85507  28.191  12.467  -33.384 0.7500000000
85509  18.952  12.991  -34.021 0.7500000000
85510  18.496  12.980  -34.129 0.7500000000
85521  18.476  13.299  -34.121 0.7500000000
85522  18.274  13.061  -34.181 0.7500000000
85533  31.367  12.140  -36.123 0.2500000000
85547  31.016  12.306  -36.829 0.2500000000
86421  26.703  12.845  -33.185 0.8750000000
86423  26.312  13.469  -32.264 1.0000000000
86436  17.798  13.316  -33.880 0.7500000000
86443  30.137  13.553  -34.887 0.3750000000
86444  29.136  13.412  -34.677 0.5000000000
86446  27.249  13.154  -34.701 0.5000000000
86448  17.926  13.170  -34.183 0.7500000000
86454  31.007  13.034  -36.210 0.2500000000
86472  30.037  13.188  -37.615 0.2500000000
86475  27.056  13.452  -38.706 0.3750000000
86500  27.587  13.548  -41.160 0.1250000000
87355  23.593  14.547  -30.393 1.0000000000
87376  26.268  14.532  -33.294 0.8750000000
87392  29.717  14.204  -36.028 0.3750000000
87407  28.378  14.005  -36.603 0.5000000000
87408  27.429  13.969  -36.697 0.5000000000
87428  26.270  13.420  -39.080 0.1250000000
87443  27.111  14.093  -41.332 0.1250000000
88325  24.870  15.546  -31.132 1.0000000000
88408  25.968  14.707  -40.575 0.1250000000
88414  25.839  15.629  -41.043 0.1250000000
90308  23.328  17.746  -30.846 0.8750000000
90312  18.902  17.882  -31.569 0.1250000000
90319  25.616  16.996  -32.607 0.7500000000
90334  25.095  18.259  -32.784 0.8750000000
90352  25.559  17.371  -35.165 0.7500000000
90377  25.390  17.319  -40.131 0.2500000000
90388  25.169  17.251  -41.608 0.1250000000
91365  19.843  18.848  -32.651 0.7500000000
91398  25.396  18.150  -35.516 0.7500000000
91399  25.226  18.944  -35.947 0.7500000000
91440  25.236  18.497  -42.756 0.1250000000
91442  29.190  18.740  -45.321 0.1250000000
92338  18.723  19.190  -32.323 0.1250000000
92404  24.347  19.591  -38.409 0.3750000000
92405  23.761  20.041  -38.641 0.3750000000
92427  22.864  19.947  -40.893 0.1250000000
93239  18.240  21.000  -29.935 0.1250000000
93274  23.598  20.471  -33.037 0.7500000000
93310  23.521  20.499  -37.200 0.3750000000
93339  21.628  20.125  -39.476 0.2500000000
93340  21.033  19.842  -39.995 0.2500000000
93341  20.467  20.296  -40.472 0.2500000000
93354  22.710  21.255  -41.515 0.1250000000
93355  21.709  21.034  -41.449 0.1250000000
93364  25.245  20.511  -43.909 0.1250000000
93369  25.272  21.235  -44.145 0.1250000000
93370  24.797  21.531  -44.037 0.1250000000
94161  22.866  21.773  -35.939 0.3750000000
94206  21.001  20.538  -38.870 0.3750000000
94207  20.446  21.019  -39.367 0.2500000000
94231  20.981  21.880  -42.684 0.1250000000
94232  20.614  21.623  -41.993 0.1250000000
95104  23.075  22.070  -34.963 0.6250000000
95163  19.735  22.730  -40.186 0.1250000000
95176  20.121  22.700  -41.453 0.1250000000
95184  21.080  22.238  -42.663 0.1250000000
95186  20.459  22.507  -41.972 0.1250000000
96013  18.625  23.822  -32.503 0.1250000000
96023  20.408  24.307  -33.194 0.2500000000
96105  19.830  23.301  -41.033 0.1250000000
96111  20.245  23.066  -41.634 0.1250000000
96957  21.051  25.083  -33.210 0.2500000000
96986  21.088  24.389  -36.448 0.5000000000
97010  19.229  24.942  -39.708 0.1250000000
97826  20.420  25.173  -32.084 0.2500000000
98678  19.367  26.721  -37.761 0.2500000000
126116  30.812  11.669  -37.434 0.1250000000
126499  17.982  7.335  -29.155 1.0000000000
126598  23.095  1.355  -29.429 0.8750000000
126961  23.654  3.286  -29.582 1.0000000000
127298  18.062  9.304  -30.256 1.0000000000
127401  20.132  6.190  -30.530 1.0000000000
127433  26.313  5.169  -29.797 0.7500000000
127614  24.093  6.929  -29.888 1.0000000000
127643  28.604  5.791  -29.045 0.6250000000
128047  23.800  3.791  -29.522 1.0000000000
128149  31.523  8.714  -33.905 0.1250000000
128343  31.660  7.302  -30.650 0.1250000000
129275  23.345  -4.786  -26.662 0.3750000000
129680  20.670  7.186  -30.578 1.0000000000
132573  24.793  1.955  -29.508 0.6250000000
133288  25.884  15.578  -34.302 0.8750000000
133724  19.611  14.204  -31.350 0.8750000000
134378  25.911  13.680  -39.371 0.1250000000
135324  26.758  8.490  -30.600 0.8750000000
137480  31.908  7.609  -32.036 0.1250000000
140447  20.033  10.645  -31.298 1.0000000000
140502  21.139  25.438  -33.803 0.2500000000
141071  20.279  20.703  -40.041 0.1250000000
141682  21.982  23.458  -35.707 0.5000000000
141728  26.715  9.141  -30.902 0.8750000000
143752  24.837  18.958  -37.973 0.3750000000
144477  16.987  2.146  -24.678 0.1250000000
145681  25.534  10.321  -30.669 1.0000000000
146403  21.631  -0.394  -28.793 0.8750000000
147301  20.957  4.485  -29.733 1.0000000000
147644  20.033  23.735  -38.613 0.3750000000
149083  16.540  9.133  -26.330 0.2500000000
149529  17.830  1.213  -26.446 0.7500000000
150142  28.390  14.992  -42.445 0.1250000000
150331  17.367  12.195  -31.421 0.1250000000
150758  26.533  3.223  -29.246 0.3750000000
150794  24.636  19.339  -33.411 0.7500000000
151650  23.375  21.618  -33.734 0.7500000000
