#!ascii label  , from subject sub-v1s12x0050130_ses-1 vox2ras=TkReg
1967
36685  -29.903  -42.723  -29.960 0.5000000000
37511  -30.841  -42.380  -29.785 0.5000000000
38471  -30.718  -41.426  -29.094 0.4000000060
128187  -31.032  -41.885  -29.475 0.5000000000
40402  -31.701  -40.376  -28.190 0.5000000000
56465  -34.971  -22.502  -31.437 0.5000000000
123924  -35.099  -21.681  -31.638 0.4000000060
57433  -35.641  -21.046  -31.545 0.4000000060
57432  -35.263  -21.026  -31.662 0.4000000060
127196  -35.745  -20.408  -31.623 0.6000000238
126255  -34.963  -20.676  -31.680 0.5000000000
130233  -36.633  -19.611  -31.374 0.5000000000
59331  -35.322  -19.905  -31.600 0.5000000000
130163  -36.046  -19.800  -31.650 0.4000000060
121936  -36.661  -19.082  -31.283 0.4000000060
60243  -35.585  -18.576  -31.520 0.5000000000
60244  -36.224  -18.663  -31.452 0.5000000000
60236  -37.010  -18.862  -30.720 0.4000000060
35880  -30.465  -44.135  -30.635 0.5000000000
130618  -30.662  -42.927  -30.142 0.4000000060
37512  -31.714  -42.111  -29.762 0.5000000000
38480  -32.309  -41.556  -29.655 0.5000000000
39434  -32.290  -40.851  -28.867 0.5000000000
40388  -32.129  -39.765  -27.673 0.5000000000
54567  -33.818  -24.389  -30.612 0.5000000000
127701  -34.353  -23.979  -30.654 0.5000000000
55500  -34.783  -23.320  -30.963 0.5000000000
55501  -35.440  -22.710  -30.849 0.5000000000
57419  -35.610  -21.822  -31.260 0.5000000000
57434  -36.180  -20.547  -31.476 0.6000000238
62001  -37.715  -16.487  -26.929 0.3000000119
59324  -37.076  -19.539  -30.866 0.4000000060
133144  -37.618  -16.920  -27.515 0.3000000119
61119  -36.696  -17.546  -29.931 0.4000000060
61127  -36.850  -18.222  -30.370 0.3000000119
128282  -37.038  -17.450  -29.113 0.4000000060
125105  -30.117  -43.462  -30.376 0.5000000000
39433  -31.368  -41.029  -28.723 0.5000000000
38479  -31.583  -41.574  -29.323 0.5000000000
40387  -31.110  -39.592  -27.689 0.5000000000
118693  -36.165  -21.523  -30.919 0.6000000238
62893  -37.252  -15.474  -26.811 0.3000000119
62908  -37.212  -16.251  -27.597 0.3000000119
33149  -45.651  -47.884  -29.911 0.3000000119
33150  -46.228  -47.666  -30.474 0.3000000119
123372  -46.134  -46.986  -29.855 0.4000000060
33151  -46.745  -47.027  -30.695 0.4000000060
34083  -47.241  -46.272  -30.987 0.4000000060
126478  -46.920  -45.788  -30.713 0.4000000060
34096  -48.079  -46.105  -31.577 0.4000000060
35049  -47.408  -44.736  -31.623 0.4000000060
35897  -46.830  -44.334  -31.525 0.4000000060
33141  -45.458  -47.314  -29.222 0.3000000119
35012  -45.276  -46.071  -28.693 0.4000000060
34073  -46.179  -46.235  -29.703 0.4000000060
34082  -46.607  -46.332  -30.298 0.4000000060
35022  -46.382  -45.737  -30.164 0.4000000060
35036  -46.751  -45.135  -30.933 0.4000000060
35890  -46.200  -44.565  -30.968 0.4000000060
36713  -46.028  -42.751  -31.942 0.4000000060
127498  -46.988  -43.679  -32.103 0.4000000060
34993  -44.242  -46.054  -26.971 0.3000000119
35003  -44.456  -45.920  -27.575 0.3000000119
35010  -43.925  -45.462  -27.985 0.3000000119
35020  -44.965  -45.457  -29.076 0.4000000060
35021  -45.734  -45.737  -29.489 0.4000000060
35875  -45.216  -45.035  -29.853 0.4000000060
35889  -45.442  -44.307  -30.647 0.4000000060
35896  -46.200  -43.727  -31.502 0.4000000060
37531  -44.481  -42.781  -30.832 0.4000000060
36708  -45.370  -43.342  -31.193 0.4000000060
38494  -43.806  -41.426  -31.083 0.4000000060
38495  -44.538  -41.849  -31.359 0.4000000060
37533  -45.246  -42.396  -31.539 0.4000000060
34992  -43.862  -45.849  -26.312 0.3000000119
34056  -44.476  -46.484  -27.319 0.3000000119
35002  -43.859  -45.650  -27.157 0.3000000119
35862  -43.378  -44.879  -28.439 0.3000000119
35874  -44.504  -44.807  -29.474 0.3000000119
35888  -44.742  -44.437  -30.129 0.4000000060
36695  -44.127  -44.128  -29.894 0.4000000060
37530  -43.683  -42.426  -30.558 0.4000000060
36706  -43.889  -43.346  -30.272 0.4000000060
36707  -44.670  -43.649  -30.565 0.4000000060
37529  -43.097  -41.895  -30.490 0.4000000060
38493  -43.015  -41.119  -30.733 0.4000000060
35848  -43.228  -45.326  -26.609 0.3000000119
122641  -42.761  -44.795  -26.128 0.3000000119
35857  -43.051  -45.112  -27.551 0.3000000119
35856  -42.271  -44.453  -27.435 0.3000000119
35861  -42.651  -44.575  -28.145 0.4000000060
35872  -42.892  -44.236  -28.893 0.4000000060
36694  -42.582  -43.353  -29.358 0.4000000060
117089  -43.392  -43.793  -29.600 0.4000000060
38472  -40.631  -41.347  -28.227 0.3000000119
37520  -41.569  -42.265  -29.294 0.4000000060
38488  -41.404  -41.359  -29.620 0.3000000119
38489  -42.263  -41.862  -30.083 0.4000000060
37521  -42.810  -42.566  -30.036 0.4000000060
36648  -43.307  -43.577  -23.609 0.3000000119
35837  -43.400  -44.439  -24.607 0.3000000119
37462  -43.139  -42.802  -23.254 0.3000000119
115367  -43.351  -45.308  -25.739 0.3000000119
35843  -43.131  -44.627  -25.331 0.3000000119
35842  -42.481  -44.146  -25.786 0.3000000119
36668  -41.856  -43.639  -26.231 0.3000000119
35847  -42.186  -44.286  -26.592 0.3000000119
37504  -41.110  -42.771  -27.339 0.3000000119
36678  -41.615  -43.714  -27.200 0.3000000119
37497  -40.799  -41.964  -27.021 0.3000000119
36679  -42.053  -43.891  -28.311 0.3000000119
37507  -41.183  -42.583  -28.386 0.3000000119
36681  -41.422  -43.272  -28.027 0.4000000060
39436  -40.596  -40.609  -28.583 0.3000000119
39448  -40.965  -40.608  -29.420 0.4000000060
40418  -40.737  -39.813  -29.050 0.4000000060
39449  -41.349  -39.915  -29.882 0.4000000060
134606  -43.352  -42.914  -24.023 0.3000000119
120668  -43.227  -42.131  -23.709 0.3000000119
36660  -43.003  -43.907  -25.015 0.3000000119
36659  -42.333  -43.408  -25.485 0.3000000119
38451  -41.936  -41.353  -25.735 0.3000000119
37483  -41.726  -42.130  -25.794 0.3000000119
38465  -40.704  -41.303  -26.937 0.3000000119
38466  -41.199  -41.522  -26.357 0.3000000119
37498  -41.250  -42.423  -26.465 0.3000000119
121308  -41.179  -40.000  -26.465 0.3000000119
38468  -40.655  -41.492  -27.472 0.3000000119
128373  -40.592  -39.938  -27.032 0.3000000119
40391  -40.571  -39.145  -27.435 0.3000000119
40406  -40.721  -38.874  -28.468 0.3000000119
40407  -41.262  -39.006  -29.623 0.4000000060
118521  -43.072  -41.421  -23.324 0.3000000119
129309  -42.823  -41.388  -22.582 0.3000000119
37477  -42.958  -42.208  -24.538 0.3000000119
119142  -43.227  -41.431  -24.125 0.3000000119
40336  -42.744  -40.181  -22.131 0.3000000119
41346  -43.084  -38.599  -22.115 0.3000000119
38453  -42.927  -41.335  -24.829 0.3000000119
39390  -43.175  -40.705  -24.514 0.3000000119
41338  -43.396  -38.308  -21.380 0.3000000119
39418  -41.997  -40.065  -26.010 0.3000000119
39404  -42.335  -40.687  -25.655 0.3000000119
137150  -42.559  -41.185  -25.339 0.3000000119
39417  -41.557  -40.726  -26.130 0.3000000119
40378  -41.569  -39.350  -26.309 0.3000000119
40377  -40.847  -39.238  -26.717 0.3000000119
41418  -40.623  -38.463  -27.669 0.3000000119
41425  -41.280  -37.952  -29.304 0.4000000060
41432  -41.920  -38.234  -30.431 0.5000000000
39379  -43.121  -40.741  -23.671 0.3000000119
39370  -42.870  -40.787  -22.811 0.3000000119
128994  -43.019  -39.436  -23.359 0.3000000119
118994  -42.885  -40.067  -23.072 0.3000000119
40359  -43.306  -39.965  -24.975 0.3000000119
43263  -43.984  -36.760  -21.702 0.3000000119
138034  -44.092  -37.226  -21.365 0.3000000119
40371  -43.170  -39.421  -25.544 0.3000000119
39405  -42.956  -40.671  -25.173 0.3000000119
43264  -44.561  -36.226  -21.761 0.3000000119
40379  -42.504  -39.486  -25.945 0.3000000119
44182  -45.252  -35.691  -21.879 0.3000000119
42356  -42.726  -37.493  -26.239 0.3000000119
123677  -42.410  -38.258  -26.191 0.3000000119
45133  -46.408  -34.213  -22.669 0.3000000119
41390  -41.149  -38.569  -26.561 0.3000000119
42354  -41.083  -37.913  -26.692 0.3000000119
42373  -41.095  -37.270  -26.996 0.3000000119
41419  -40.778  -37.916  -28.208 0.3000000119
120745  -41.134  -37.202  -28.760 0.4000000060
135144  -41.402  -37.222  -29.492 0.5000000000
40347  -43.293  -39.217  -24.243 0.3000000119
118804  -43.078  -38.631  -23.079 0.3000000119
117072  -43.244  -37.917  -22.305 0.3000000119
127694  -43.438  -39.247  -25.147 0.3000000119
114947  -43.622  -37.935  -24.299 0.3000000119
130741  -43.339  -38.437  -23.958 0.3000000119
41356  -43.277  -37.783  -23.281 0.3000000119
41380  -43.544  -38.659  -25.640 0.3000000119
43281  -43.912  -36.196  -22.327 0.3000000119
42357  -43.474  -38.348  -26.082 0.3000000119
45131  -45.022  -35.081  -22.490 0.3000000119
45148  -44.952  -34.591  -23.160 0.3000000119
45132  -45.648  -34.621  -22.609 0.3000000119
46048  -46.307  -33.132  -24.359 0.3000000119
134508  -46.494  -33.206  -23.729 0.3000000119
43346  -42.513  -36.429  -26.430 0.3000000119
115809  -41.719  -36.817  -26.646 0.3000000119
43362  -41.277  -36.563  -27.477 0.3000000119
41368  -43.628  -38.685  -24.863 0.3000000119
41392  -42.981  -38.938  -25.999 0.3000000119
42326  -44.507  -37.858  -25.702 0.3000000119
42325  -44.016  -38.184  -25.330 0.3000000119
43311  -44.088  -37.391  -24.710 0.3000000119
127634  -44.262  -36.320  -24.470 0.3000000119
136631  -43.785  -36.491  -23.853 0.3000000119
114398  -44.054  -37.867  -26.341 0.3000000119
42338  -44.323  -38.096  -26.097 0.3000000119
43328  -45.421  -37.213  -26.316 0.3000000119
44248  -44.856  -36.171  -25.209 0.3000000119
43297  -43.970  -35.739  -23.530 0.3000000119
43347  -43.421  -37.043  -26.352 0.3000000119
45171  -45.494  -34.747  -25.401 0.3000000119
44233  -44.979  -35.123  -25.006 0.3000000119
45172  -46.050  -34.283  -25.979 0.3000000119
46047  -45.713  -33.756  -24.912 0.3000000119
45162  -45.241  -34.363  -24.491 0.3000000119
130453  -46.389  -33.409  -26.099 0.3000000119
44263  -42.441  -35.603  -26.743 0.4000000060
47009  -46.551  -32.553  -25.620 0.3000000119
44278  -41.956  -35.338  -27.338 0.4000000060
49016  -47.604  -30.435  -25.918 0.3000000119
122750  -41.461  -35.735  -27.991 0.3000000119
44294  -41.333  -35.730  -29.193 0.4000000060
49925  -47.910  -29.719  -26.378 0.3000000119
42392  -41.357  -36.507  -29.669 0.5000000000
43387  -41.598  -36.321  -31.117 0.5000000000
42358  -44.970  -37.677  -26.490 0.3000000119
43349  -45.903  -37.412  -27.115 0.3000000119
44266  -46.093  -36.887  -26.693 0.3000000119
45187  -46.605  -35.598  -26.836 0.3000000119
44264  -43.397  -36.039  -26.501 0.4000000060
46077  -46.699  -34.345  -26.738 0.3000000119
46092  -47.303  -34.407  -27.430 0.3000000119
138444  -42.411  -35.159  -27.033 0.4000000060
45198  -42.366  -34.728  -27.442 0.5000000000
47030  -46.803  -33.040  -26.640 0.3000000119
48041  -47.177  -31.217  -26.414 0.4000000060
48052  -47.301  -31.708  -27.450 0.4000000060
45197  -41.757  -35.032  -27.981 0.5000000000
45217  -41.504  -35.083  -28.817 0.6000000238
49015  -47.416  -30.477  -26.978 0.3000000119
126414  -41.308  -35.651  -30.507 0.6000000238
134013  -45.279  -37.280  -27.120 0.3000000119
43364  -45.884  -37.351  -27.294 0.3000000119
44281  -46.617  -36.928  -27.702 0.3000000119
44265  -44.469  -36.332  -26.903 0.3000000119
43350  -46.177  -37.220  -27.410 0.3000000119
120438  -46.831  -36.646  -27.547 0.3000000119
45202  -47.213  -35.716  -27.528 0.3000000119
45203  -47.724  -35.636  -28.066 0.4000000060
45185  -43.713  -35.221  -26.827 0.4000000060
46108  -47.924  -34.663  -28.159 0.4000000060
46089  -43.584  -33.911  -27.506 0.5000000000
47043  -47.402  -33.068  -27.551 0.4000000060
47058  -48.017  -33.468  -28.508 0.4000000060
46088  -42.682  -33.968  -27.777 0.5000000000
45218  -41.922  -34.380  -28.456 0.6000000238
136807  -47.578  -32.485  -27.976 0.4000000060
128119  -47.418  -30.970  -27.883 0.4000000060
48061  -47.707  -31.936  -28.465 0.4000000060
131198  -41.522  -34.539  -29.367 0.6000000238
49027  -47.540  -30.242  -27.802 0.4000000060
44307  -41.253  -34.962  -30.065 0.6000000238
44315  -41.112  -35.106  -31.326 0.6000000238
44279  -45.391  -36.770  -27.396 0.3000000119
44280  -46.247  -37.007  -27.711 0.3000000119
44295  -47.032  -36.607  -28.348 0.3000000119
45200  -44.579  -35.483  -27.252 0.3000000119
134834  -47.472  -36.417  -28.430 0.3000000119
44296  -47.779  -36.369  -29.147 0.4000000060
133876  -43.940  -34.595  -27.154 0.5000000000
45221  -48.214  -35.954  -28.720 0.4000000060
46109  -48.499  -35.081  -28.927 0.4000000060
46105  -44.986  -33.608  -28.154 0.5000000000
47059  -48.609  -34.255  -29.317 0.4000000060
46104  -44.036  -33.311  -27.884 0.5000000000
120347  -43.117  -33.295  -28.074 0.6000000238
47074  -48.353  -32.977  -29.335 0.4000000060
48076  -48.174  -31.596  -29.436 0.4000000060
46117  -41.741  -33.942  -29.377 0.6000000238
49036  -47.742  -30.660  -28.666 0.4000000060
49959  -47.954  -29.887  -29.134 0.4000000060
45239  -41.076  -34.412  -31.082 0.6999999881
44322  -40.846  -35.154  -31.654 0.6999999881
44323  -41.089  -35.597  -31.872 0.6999999881
46091  -45.652  -34.973  -28.205 0.4000000060
45219  -46.464  -36.344  -28.337 0.4000000060
45220  -47.178  -36.294  -28.974 0.4000000060
45230  -47.754  -36.184  -29.569 0.4000000060
46090  -44.633  -34.415  -27.586 0.4000000060
46106  -45.859  -34.173  -28.711 0.4000000060
44308  -48.255  -36.258  -29.569 0.4000000060
45222  -48.496  -36.013  -29.400 0.4000000060
45232  -48.580  -35.989  -29.876 0.4000000060
46121  -48.776  -35.316  -29.722 0.4000000060
136438  -48.941  -35.323  -30.434 0.4000000060
47075  -48.935  -34.219  -30.183 0.4000000060
137608  -49.129  -34.627  -30.920 0.4000000060
47055  -42.815  -32.949  -28.921 0.6000000238
125769  -48.703  -32.574  -30.229 0.4000000060
46118  -42.076  -33.291  -29.569 0.6000000238
132684  -41.597  -33.661  -30.131 0.6999999881
46128  -41.252  -33.701  -30.929 0.6999999881
49046  -48.252  -30.481  -29.723 0.4000000060
46140  -40.787  -33.830  -31.488 0.6999999881
128848  -41.164  -36.057  -32.122 0.6999999881
46107  -46.825  -35.089  -29.339 0.4000000060
47057  -45.225  -32.978  -28.830 0.4000000060
46119  -46.065  -33.533  -29.349 0.4000000060
45231  -48.295  -35.969  -30.018 0.4000000060
133454  -43.537  -32.851  -28.451 0.6000000238
47071  -44.499  -32.244  -29.289 0.5000000000
45240  -48.705  -35.419  -30.429 0.4000000060
47070  -43.454  -32.337  -29.260 0.6999999881
46132  -48.989  -34.957  -31.084 0.4000000060
47069  -42.425  -32.614  -29.904 0.6999999881
117993  -49.288  -34.188  -31.701 0.4000000060
46129  -41.688  -33.082  -30.549 0.6999999881
48089  -49.116  -32.028  -31.118 0.4000000060
123665  -49.617  -32.889  -31.967 0.4000000060
49047  -48.883  -30.113  -30.895 0.4000000060
45245  -40.765  -34.726  -31.509 0.6999999881
138434  -40.522  -35.424  -31.757 0.6999999881
50975  -49.000  -28.710  -30.780 0.4000000060
51900  -49.359  -28.236  -31.170 0.4000000060
47072  -45.390  -32.409  -29.684 0.4000000060
47073  -46.306  -33.103  -30.074 0.4000000060
46130  -47.250  -34.023  -30.440 0.4000000060
46120  -47.599  -35.295  -30.045 0.4000000060
48074  -44.636  -31.819  -29.948 0.5000000000
46131  -48.241  -35.182  -30.658 0.4000000060
47082  -42.840  -31.882  -30.332 0.6999999881
46141  -48.766  -34.723  -31.429 0.4000000060
46142  -49.075  -34.364  -32.216 0.4000000060
47081  -41.886  -32.282  -30.964 0.6999999881
46148  -48.935  -34.399  -32.926 0.4000000060
46149  -49.564  -34.370  -33.823 0.4000000060
119874  -41.217  -32.934  -31.535 0.6999999881
47099  -49.775  -33.771  -33.015 0.4000000060
48104  -49.957  -31.992  -33.129 0.4000000060
48103  -49.546  -31.314  -32.061 0.4000000060
49054  -49.465  -30.234  -31.943 0.4000000060
45244  -40.675  -34.060  -31.497 0.6999999881
119017  -48.973  -29.244  -31.023 0.4000000060
52816  -50.204  -28.715  -32.426 0.4000000060
47084  -46.650  -32.941  -30.894 0.4000000060
47085  -47.716  -33.978  -31.296 0.4000000060
48075  -45.076  -31.768  -30.333 0.6000000238
47083  -45.772  -32.205  -30.531 0.5000000000
47097  -46.932  -32.841  -31.895 0.5000000000
47098  -48.001  -33.795  -32.364 0.4000000060
41385  -32.162  -38.224  -26.788 0.4000000060
41386  -33.183  -38.397  -26.828 0.5000000000
48086  -44.373  -31.354  -30.751 0.6000000238
47108  -48.118  -33.702  -33.644 0.4000000060
48084  -42.378  -31.559  -31.365 0.6000000238
46154  -48.934  -34.306  -34.095 0.4000000060
47096  -41.480  -31.948  -31.803 0.6000000238
46159  -49.778  -34.224  -35.319 0.4000000060
47095  -41.120  -32.336  -31.868 0.6999999881
125232  -50.436  -33.714  -34.723 0.4000000060
48118  -50.033  -31.622  -34.331 0.4000000060
46139  -40.306  -33.200  -31.707 0.6999999881
49064  -49.713  -30.678  -32.818 0.4000000060
50986  -49.346  -29.093  -31.741 0.4000000060
51921  -49.950  -29.474  -32.940 0.4000000060
51927  -50.924  -29.559  -33.840 0.4000000060
48088  -46.032  -32.023  -31.452 0.5000000000
48100  -44.572  -31.019  -31.850 0.6000000238
48087  -45.205  -31.521  -31.094 0.5000000000
48102  -46.180  -31.967  -32.652 0.5000000000
42348  -31.727  -37.342  -26.607 0.3000000119
42349  -32.783  -37.557  -26.516 0.4000000060
42350  -33.781  -37.769  -26.557 0.5000000000
48098  -42.115  -31.214  -32.179 0.6000000238
48099  -43.776  -30.866  -31.702 0.6000000238
47107  -47.109  -32.763  -33.118 0.4000000060
47114  -47.285  -32.584  -34.218 0.5000000000
47106  -40.764  -31.632  -32.087 0.6999999881
48097  -41.423  -31.534  -32.089 0.6000000238
47120  -48.398  -33.079  -34.903 0.4000000060
48096  -39.474  -31.403  -32.207 0.8000000119
47094  -40.578  -32.434  -31.855 0.6999999881
114608  -49.055  -32.922  -35.172 0.4000000060
48126  -50.362  -31.785  -34.497 0.4000000060
49077  -49.631  -30.571  -33.269 0.4000000060
49978  -49.495  -30.094  -32.191 0.4000000060
51912  -48.919  -28.428  -32.387 0.4000000060
51926  -50.065  -29.997  -33.498 0.4000000060
51928  -50.681  -29.974  -34.588 0.4000000060
48101  -45.340  -31.378  -32.214 0.5000000000
43341  -32.393  -36.664  -26.397 0.4000000060
43342  -33.412  -36.884  -26.330 0.4000000060
49062  -43.065  -30.483  -32.562 0.6000000238
48117  -46.364  -31.866  -33.858 0.5000000000
43343  -34.400  -37.119  -26.403 0.5000000000
48112  -39.519  -30.484  -32.486 0.6999999881
48111  -38.117  -30.252  -32.944 0.6999999881
48123  -46.726  -31.654  -34.658 0.5000000000
115641  -36.041  -36.644  -26.587 0.6999999881
44258  -35.052  -36.473  -26.373 0.6000000238
48109  -36.469  -30.972  -32.945 0.6999999881
48110  -37.160  -30.468  -33.056 0.6999999881
47105  -38.167  -31.088  -32.674 0.6999999881
48129  -46.450  -31.044  -34.850 0.5000000000
43345  -37.457  -35.689  -26.836 0.6999999881
43344  -36.941  -36.418  -26.884 0.6999999881
47104  -37.270  -31.492  -32.743 0.6999999881
48124  -47.789  -32.128  -34.711 0.4000000060
47103  -35.987  -31.489  -32.719 0.6999999881
46147  -36.198  -32.074  -32.820 0.8000000119
49085  -47.737  -31.482  -34.397 0.4000000060
136973  -48.940  -31.192  -33.888 0.4000000060
49988  -48.848  -30.177  -33.039 0.4000000060
124308  -48.504  -28.910  -32.176 0.4000000060
51920  -48.984  -28.778  -33.081 0.4000000060
52820  -49.748  -28.920  -34.209 0.4000000060
49063  -44.025  -30.505  -32.850 0.6000000238
48115  -44.742  -30.815  -33.205 0.6000000238
48116  -45.527  -31.265  -33.625 0.5000000000
116283  -33.021  -36.009  -26.293 0.4000000060
115642  -34.041  -36.130  -26.274 0.6999999881
49071  -41.280  -29.732  -32.583 0.6999999881
48114  -42.002  -30.774  -32.501 0.6000000238
49074  -44.374  -30.156  -34.202 0.5000000000
126670  -38.382  -29.589  -32.913 0.6999999881
120519  -39.366  -29.576  -32.768 0.6999999881
48113  -40.727  -30.527  -32.383 0.6999999881
49075  -45.137  -30.522  -34.598 0.5000000000
48122  -45.927  -31.062  -34.716 0.5000000000
44259  -35.570  -35.756  -26.366 0.6999999881
49083  -45.677  -30.252  -35.019 0.5000000000
49050  -37.495  -29.831  -32.436 0.6999999881
49059  -37.334  -29.908  -32.971 0.6999999881
49084  -46.561  -30.698  -34.728 0.4000000060
44260  -36.567  -35.650  -26.520 0.6999999881
48081  -37.108  -30.377  -31.933 0.6999999881
48080  -36.356  -30.859  -32.333 0.6999999881
47080  -38.145  -31.248  -30.952 0.6000000238
47079  -36.952  -31.463  -31.449 0.6000000238
130035  -47.415  -30.170  -32.925 0.4000000060
44261  -38.002  -34.899  -26.730 0.6999999881
46127  -38.022  -32.328  -30.514 0.6000000238
49076  -47.881  -30.804  -33.557 0.4000000060
46115  -37.985  -33.365  -30.164 0.6000000238
49976  -47.875  -29.511  -32.305 0.4000000060
128489  -47.613  -28.305  -31.593 0.4000000060
51911  -48.426  -28.536  -32.249 0.4000000060
52815  -48.856  -28.154  -33.053 0.4000000060
49073  -43.682  -29.750  -33.551 0.6000000238
44256  -32.729  -35.145  -26.509 0.6000000238
44257  -33.473  -35.440  -26.363 0.6000000238
119063  -34.136  -35.185  -26.345 0.6999999881
49982  -39.075  -28.153  -33.080 0.6000000238
49984  -41.760  -29.015  -32.755 0.6999999881
49072  -42.582  -29.908  -32.830 0.6000000238
49060  -38.483  -29.360  -32.688 0.6000000238
115112  -38.976  -28.780  -32.977 0.6000000238
49070  -39.856  -29.171  -32.823 0.6999999881
131346  -34.764  -35.718  -26.324 0.6999999881
49051  -38.407  -29.359  -31.936 0.6000000238
45179  -35.874  -34.927  -26.367 0.6999999881
45178  -34.969  -34.985  -26.328 0.6999999881
48082  -38.197  -30.207  -31.526 0.6000000238
49994  -45.851  -29.855  -34.950 0.4000000060
136876  -37.245  -35.119  -26.588 0.6999999881
45180  -36.691  -34.768  -26.439 0.6999999881
45181  -37.383  -34.457  -26.477 0.6999999881
49986  -45.558  -29.302  -34.369 0.4000000060
49987  -46.474  -30.086  -34.097 0.4000000060
47067  -39.193  -32.277  -30.132 0.6000000238
49975  -46.399  -29.493  -32.846 0.4000000060
45183  -38.736  -34.206  -26.742 0.6999999881
46086  -39.287  -34.197  -27.329 0.6999999881
45216  -39.293  -34.315  -28.263 0.6999999881
45228  -39.105  -33.898  -29.241 0.6000000238
50984  -46.668  -28.892  -31.700 0.4000000060
51910  -47.725  -28.034  -31.593 0.4000000060
52806  -48.326  -27.678  -32.264 0.4000000060
53706  -48.440  -26.596  -32.441 0.4000000060
53709  -48.739  -27.177  -33.127 0.4000000060
53707  -48.653  -25.888  -32.948 0.3000000119
129840  -32.606  -34.276  -26.735 0.5000000000
49974  -39.387  -28.231  -32.530 0.6000000238
136355  -39.280  -28.100  -33.033 0.6000000238
49983  -40.315  -28.400  -32.969 0.6000000238
117918  -42.861  -28.886  -33.080 0.6000000238
45177  -33.398  -34.667  -26.509 0.6000000238
49061  -38.959  -28.703  -32.284 0.6000000238
49973  -39.047  -28.105  -33.146 0.6000000238
49081  -43.931  -28.945  -33.987 0.5000000000
49082  -44.437  -29.576  -34.452 0.4000000060
119209  -44.888  -29.845  -35.002 0.5000000000
49992  -44.709  -29.230  -34.698 0.4000000060
49993  -45.244  -29.528  -34.995 0.4000000060
122175  -35.255  -34.148  -26.357 0.8000000119
48083  -39.342  -30.190  -30.988 0.6000000238
50997  -44.968  -28.964  -34.634 0.4000000060
137028  -36.804  -34.127  -26.390 0.6999999881
48070  -39.454  -31.289  -30.412 0.6000000238
133766  -45.584  -28.931  -33.502 0.4000000060
45182  -38.081  -34.012  -26.435 0.6999999881
47068  -39.996  -32.234  -29.581 0.6000000238
135718  -45.899  -28.236  -31.208 0.4000000060
46075  -39.421  -33.604  -26.686 0.6999999881
47054  -40.498  -32.492  -28.513 0.6999999881
51899  -46.969  -27.565  -30.884 0.4000000060
46087  -39.911  -33.544  -27.249 0.6999999881
51898  -46.263  -27.258  -30.647 0.4000000060
53694  -47.189  -25.884  -30.749 0.3000000119
52805  -47.719  -27.252  -31.497 0.4000000060
54590  -48.439  -25.200  -32.117 0.4000000060
50980  -39.257  -27.939  -33.042 0.6000000238
51905  -40.035  -27.533  -32.888 0.6000000238
50991  -40.352  -27.374  -33.090 0.6000000238
50992  -41.480  -27.865  -33.046 0.6000000238
50993  -42.856  -27.661  -33.144 0.5000000000
46068  -33.235  -33.788  -26.710 0.6000000238
46069  -34.197  -34.149  -26.465 0.6000000238
49965  -39.483  -28.671  -31.728 0.6000000238
50981  -39.885  -27.666  -32.648 0.6000000238
49052  -39.429  -29.343  -31.380 0.6000000238
119181  -43.305  -27.177  -33.050 0.5000000000
49985  -44.225  -28.428  -33.876 0.4000000060
122189  -36.122  -34.160  -26.360 0.6999999881
46070  -35.652  -33.409  -26.383 0.6999999881
129416  -40.265  -30.974  -30.220 0.6000000238
49043  -40.385  -30.240  -30.503 0.6000000238
50994  -45.009  -28.559  -33.887 0.5000000000
46071  -36.443  -33.515  -26.338 0.8000000119
50982  -44.160  -27.544  -32.967 0.4000000060
46072  -37.287  -33.609  -26.315 0.8000000119
48071  -40.507  -31.710  -29.508 0.6000000238
50983  -44.973  -27.446  -31.741 0.4000000060
46073  -38.053  -33.168  -26.127 0.6999999881
54569  -44.045  -22.659  -31.963 0.5000000000
129542  -44.202  -23.266  -32.170 0.5000000000
52792  -44.586  -24.749  -31.729 0.5000000000
51909  -44.783  -26.204  -31.429 0.4000000060
46074  -38.823  -33.469  -26.302 0.6999999881
46102  -40.190  -33.235  -28.012 0.6999999881
55493  -44.400  -22.541  -31.537 0.5000000000
53692  -44.893  -23.358  -31.594 0.5000000000
116978  -45.358  -24.951  -30.954 0.4000000060
52793  -45.588  -26.349  -30.719 0.4000000060
50973  -45.720  -27.435  -30.828 0.4000000060
56453  -45.282  -22.124  -31.133 0.4000000060
54570  -44.624  -22.714  -31.651 0.5000000000
54571  -45.834  -23.681  -30.915 0.4000000060
121713  -46.844  -24.683  -30.500 0.4000000060
54573  -47.506  -24.786  -30.790 0.4000000060
56454  -45.819  -21.929  -31.013 0.4000000060
55504  -46.004  -22.289  -31.073 0.4000000060
54572  -46.709  -23.570  -30.655 0.4000000060
54584  -48.143  -24.489  -31.336 0.4000000060
51906  -40.471  -26.807  -32.881 0.6000000238
46085  -32.924  -33.034  -27.039 0.5000000000
49966  -40.062  -28.239  -31.733 0.6000000238
50971  -40.689  -27.281  -31.947 0.6000000238
51917  -40.583  -26.710  -33.034 0.5000000000
132564  -41.343  -26.456  -33.282 0.5000000000
47022  -33.778  -33.111  -26.739 0.6000000238
117356  -34.735  -33.251  -26.526 0.6999999881
49053  -40.536  -29.337  -30.883 0.6000000238
52812  -41.825  -25.450  -33.347 0.5000000000
51918  -42.326  -26.006  -33.347 0.5000000000
47041  -34.321  -32.222  -26.823 0.6000000238
48072  -41.109  -31.009  -29.511 0.6000000238
49044  -41.216  -30.219  -30.047 0.6000000238
51919  -43.070  -25.902  -33.037 0.5000000000
47024  -36.076  -32.784  -26.354 0.8000000119
53699  -43.547  -23.615  -32.367 0.5000000000
52813  -42.383  -24.899  -33.237 0.5000000000
47025  -36.736  -32.907  -26.253 0.8000000119
48060  -41.057  -31.750  -28.456 0.6000000238
53676  -43.733  -23.306  -31.243 0.5000000000
52780  -43.752  -24.670  -30.419 0.5000000000
53691  -43.706  -23.213  -32.114 0.5000000000
52804  -43.640  -24.635  -32.526 0.5000000000
52814  -43.050  -24.789  -33.067 0.5000000000
51908  -43.815  -26.045  -32.470 0.4000000060
136110  -37.369  -32.824  -26.130 0.8000000119
47027  -38.749  -32.703  -25.910 0.8000000119
46076  -40.009  -33.174  -26.663 0.6999999881
47042  -40.478  -32.869  -27.248 0.6999999881
53663  -44.473  -24.101  -29.733 0.5000000000
54554  -44.587  -22.616  -30.720 0.4000000060
55494  -44.711  -22.341  -31.241 0.4000000060
47039  -32.431  -32.282  -27.501 0.5000000000
49967  -41.228  -28.632  -30.860 0.6000000238
52801  -41.253  -25.850  -33.088 0.5000000000
47040  -33.358  -32.331  -27.114 0.5000000000
51907  -41.705  -25.108  -32.845 0.5000000000
52802  -41.894  -25.017  -33.159 0.5000000000
48046  -32.389  -31.375  -27.849 0.5000000000
131508  -32.991  -31.733  -27.444 0.5000000000
49958  -41.674  -29.628  -30.023 0.6000000238
51897  -42.438  -25.613  -31.599 0.5000000000
130135  -42.216  -24.489  -33.006 0.5000000000
49045  -41.804  -30.368  -29.114 0.6000000238
52779  -43.167  -24.792  -31.243 0.5000000000
52791  -42.528  -24.321  -32.658 0.5000000000
52803  -42.797  -24.109  -32.848 0.5000000000
117712  -36.009  -31.947  -26.426 0.6999999881
53690  -43.274  -23.664  -32.303 0.5000000000
135555  -36.415  -32.440  -26.316 0.6999999881
48050  -40.887  -32.231  -27.639 0.6999999881
116019  -44.244  -24.727  -29.778 0.5000000000
120957  -36.878  -32.149  -26.183 0.6999999881
54544  -44.791  -23.537  -29.516 0.4000000060
138263  -39.600  -32.902  -26.151 0.6999999881
56445  -45.127  -22.207  -30.388 0.5000000000
56437  -45.390  -22.419  -28.835 0.5000000000
47026  -37.846  -32.249  -25.883 0.6999999881
56446  -45.640  -21.864  -30.573 0.5000000000
58383  -48.175  -20.231  -29.009 0.4000000060
137827  -49.234  -19.397  -29.473 0.5000000000
59312  -49.279  -18.894  -29.039 0.5000000000
58398  -49.263  -20.323  -30.900 0.5000000000
59319  -49.138  -19.898  -29.965 0.5000000000
60232  -49.547  -18.311  -29.571 0.5000000000
117999  -41.032  -26.189  -32.726 0.5000000000
132476  -42.141  -28.983  -30.040 0.6000000238
50972  -41.955  -27.950  -30.747 0.6000000238
51896  -41.654  -26.466  -31.751 0.5000000000
118522  -33.094  -31.066  -27.632 0.5000000000
48047  -33.661  -31.591  -27.249 0.5000000000
120399  -42.479  -29.607  -29.004 0.6000000238
51886  -43.816  -26.072  -29.674 0.5000000000
49021  -32.539  -30.614  -28.122 0.5000000000
48048  -34.353  -31.221  -27.069 0.6000000238
49035  -41.630  -31.085  -28.203 0.6000000238
51885  -43.283  -26.565  -30.172 0.5000000000
48036  -35.115  -31.584  -26.711 0.6999999881
49026  -42.377  -30.385  -27.845 0.6000000238
52765  -44.361  -25.791  -29.142 0.5000000000
48037  -35.777  -30.971  -26.604 0.6999999881
53656  -45.094  -24.738  -28.270 0.6000000238
120329  -45.250  -23.903  -28.228 0.5000000000
47029  -40.924  -32.223  -26.813 0.6999999881
47028  -40.349  -32.596  -26.412 0.6999999881
57395  -46.037  -20.938  -27.946 0.4000000060
58373  -47.146  -20.088  -27.616 0.4000000060
47007  -40.131  -32.192  -25.874 0.6999999881
58382  -47.534  -20.327  -28.511 0.4000000060
48022  -38.953  -31.379  -25.582 0.6999999881
59310  -48.257  -19.837  -28.533 0.4000000060
48039  -37.271  -31.493  -26.027 0.6999999881
59325  -49.566  -19.535  -30.600 0.5000000000
60245  -49.946  -18.769  -30.822 0.5000000000
60237  -49.840  -18.127  -30.280 0.5000000000
51884  -42.655  -27.237  -30.476 0.5000000000
50961  -42.842  -28.534  -29.517 0.5000000000
49022  -33.313  -30.257  -27.851 0.6000000238
119401  -33.748  -30.897  -27.425 0.6000000238
51870  -43.923  -27.373  -29.062 0.5000000000
49023  -34.266  -30.333  -27.398 0.6000000238
133074  -42.983  -29.711  -28.043 0.5000000000
120944  -44.753  -26.360  -28.095 0.5000000000
48049  -34.997  -30.689  -26.911 0.6999999881
49025  -41.863  -31.118  -27.070 0.6000000238
53655  -44.713  -25.350  -28.689 0.5000000000
52760  -45.074  -25.785  -27.605 0.6000000238
54536  -45.364  -24.533  -27.279 0.5000000000
48040  -41.343  -31.591  -26.527 0.6999999881
56421  -45.451  -22.256  -26.610 0.5000000000
134035  -45.525  -21.403  -26.750 0.4000000060
48038  -36.579  -31.238  -26.330 0.6999999881
47008  -40.757  -31.932  -26.154 0.6999999881
129214  -40.525  -31.600  -25.748 0.6999999881
126644  -45.405  -23.829  -27.339 0.5000000000
56427  -45.439  -22.437  -27.674 0.5000000000
58365  -46.037  -20.403  -26.769 0.4000000060
58372  -46.338  -20.489  -27.403 0.4000000060
47006  -39.359  -32.168  -25.737 0.6999999881
59298  -47.474  -19.236  -27.213 0.4000000060
60216  -47.885  -18.379  -27.358 0.4000000060
49012  -37.177  -30.694  -26.126 0.6999999881
131292  -38.498  -30.673  -25.606 0.6999999881
59302  -47.914  -19.637  -27.934 0.4000000060
60217  -48.490  -18.366  -27.914 0.4000000060
48021  -38.005  -31.252  -25.733 0.6999999881
59303  -48.628  -19.153  -28.322 0.4000000060
61111  -48.791  -17.571  -28.357 0.4000000060
61120  -49.156  -17.195  -29.133 0.4000000060
60238  -50.194  -17.909  -31.142 0.5000000000
61121  -49.518  -17.513  -29.758 0.5000000000
49947  -43.677  -28.436  -28.531 0.5000000000
135620  -43.166  -29.180  -28.545 0.5000000000
50951  -44.309  -27.819  -28.087 0.5000000000
135062  -33.854  -29.698  -27.827 0.6000000238
133944  -43.540  -29.153  -26.980 0.5000000000
51871  -44.396  -26.883  -28.593 0.5000000000
49024  -34.976  -30.007  -27.188 0.6999999881
49934  -42.979  -29.757  -27.072 0.5000000000
52759  -44.907  -26.615  -27.086 0.6000000238
137539  -45.289  -25.262  -27.189 0.5000000000
49014  -42.292  -30.473  -26.509 0.6000000238
49013  -41.715  -31.044  -26.298 0.6999999881
127288  -45.471  -21.531  -25.965 0.4000000060
49010  -35.615  -30.125  -26.836 0.6999999881
48024  -41.179  -31.252  -25.827 0.8000000119
54526  -45.475  -24.107  -26.401 0.5000000000
55460  -45.507  -23.216  -25.949 0.5000000000
59296  -46.019  -19.938  -26.182 0.4000000060
59297  -46.644  -19.804  -26.819 0.4000000060
60210  -47.319  -18.411  -26.788 0.4000000060
49011  -36.410  -30.356  -26.508 0.6999999881
125547  -40.769  -30.042  -25.057 0.6000000238
61101  -47.610  -17.639  -27.036 0.4000000060
48023  -39.845  -31.521  -25.566 0.6999999881
48996  -39.333  -30.569  -25.398 0.6999999881
115180  -39.976  -30.061  -25.138 0.6000000238
49907  -40.162  -29.208  -24.957 0.6000000238
61102  -48.186  -17.609  -27.629 0.4000000060
49904  -37.820  -29.543  -25.954 0.6999999881
48994  -37.810  -30.273  -25.849 0.6000000238
48995  -38.444  -29.893  -25.629 0.6999999881
49906  -39.164  -29.400  -25.377 0.6000000238
62004  -48.327  -16.833  -27.958 0.4000000060
49921  -37.111  -29.702  -26.323 0.6999999881
50909  -39.409  -28.490  -25.280 0.6000000238
50910  -40.064  -28.332  -24.946 0.6000000238
124423  -49.314  -16.982  -29.632 0.5000000000
51835  -38.882  -27.807  -25.685 0.6000000238
51836  -39.627  -27.687  -25.250 0.6000000238
61128  -49.794  -17.341  -30.645 0.5000000000
62027  -49.484  -16.694  -31.046 0.5000000000
51858  -44.626  -27.214  -27.625 0.6000000238
50948  -33.555  -28.520  -28.528 0.5000000000
49935  -43.456  -29.194  -27.746 0.5000000000
50938  -44.435  -27.869  -27.255 0.6000000238
49931  -34.568  -29.548  -27.577 0.6000000238
49932  -35.410  -29.341  -27.268 0.6000000238
50937  -44.014  -28.550  -27.357 0.6000000238
52748  -45.207  -25.930  -26.498 0.5000000000
53646  -45.387  -25.045  -26.422 0.5000000000
50933  -34.794  -28.806  -27.770 0.6000000238
50934  -35.556  -28.478  -27.532 0.6000000238
49924  -43.231  -29.298  -26.286 0.6000000238
49910  -42.892  -29.344  -25.628 0.6000000238
127326  -45.396  -24.759  -25.675 0.5000000000
55454  -45.375  -23.242  -24.973 0.5000000000
58356  -45.438  -20.854  -25.455 0.4000000060
58364  -45.660  -20.736  -26.295 0.4000000060
49920  -36.216  -29.505  -26.772 0.6999999881
49933  -36.056  -28.851  -27.109 0.6000000238
48999  -42.187  -30.154  -25.692 0.6999999881
49909  -42.358  -29.618  -25.336 0.6000000238
54520  -45.435  -24.069  -25.332 0.5000000000
56415  -45.436  -22.386  -25.518 0.5000000000
59290  -46.419  -19.183  -26.166 0.4000000060
60209  -46.751  -18.425  -26.257 0.4000000060
61090  -47.062  -17.667  -26.442 0.4000000060
48997  -40.450  -30.860  -25.406 0.6999999881
49908  -41.625  -29.966  -25.185 0.6999999881
50900  -41.408  -28.483  -24.592 0.6999999881
53638  -44.865  -25.944  -24.821 0.5000000000
61990  -47.343  -16.887  -26.706 0.4000000060
50920  -36.791  -28.727  -26.711 0.6000000238
51827  -41.774  -27.565  -24.326 0.6999999881
62003  -47.838  -16.901  -27.335 0.4000000060
49905  -38.279  -29.049  -25.797 0.6000000238
50899  -40.658  -28.605  -24.747 0.6000000238
51837  -40.556  -27.647  -24.714 0.6000000238
52730  -41.735  -26.724  -24.070 0.6000000238
137024  -47.936  -16.303  -27.663 0.4000000060
50922  -38.146  -28.145  -26.134 0.6000000238
50908  -38.735  -28.559  -25.632 0.6000000238
52739  -40.253  -26.621  -24.859 0.6000000238
126203  -40.593  -26.171  -24.516 0.6000000238
62013  -48.161  -16.021  -28.347 0.4000000060
131207  -39.823  -27.017  -25.198 0.6000000238
62925  -48.370  -15.818  -29.777 0.5000000000
138047  -48.256  -15.933  -31.162 0.5000000000
62946  -47.410  -15.764  -31.351 0.5000000000
51848  -44.615  -27.377  -26.694 0.6000000238
50913  -43.837  -28.230  -25.701 0.6000000238
50924  -44.242  -28.090  -26.510 0.6000000238
52747  -44.836  -26.751  -26.097 0.6000000238
52741  -45.021  -26.203  -25.603 0.5000000000
50949  -34.277  -28.449  -28.217 0.6000000238
138266  -43.501  -28.334  -25.229 0.6000000238
52740  -44.638  -26.711  -25.151 0.5000000000
56409  -45.229  -22.432  -24.565 0.5000000000
123871  -45.611  -20.135  -25.590 0.4000000060
51855  -35.797  -27.686  -27.713 0.6000000238
50935  -36.296  -28.182  -27.257 0.6000000238
50902  -43.120  -28.426  -24.862 0.6000000238
52733  -44.273  -26.473  -24.360 0.5000000000
54504  -43.825  -24.934  -23.459 0.5000000000
138430  -44.293  -24.847  -23.686 0.5000000000
54513  -44.694  -24.616  -23.970 0.5000000000
60199  -46.241  -18.481  -25.690 0.4000000060
50911  -42.708  -29.031  -25.045 0.6999999881
51828  -42.868  -27.772  -24.341 0.5000000000
53621  -44.388  -25.515  -23.934 0.5000000000
53632  -45.128  -24.958  -24.754 0.5000000000
50936  -36.961  -27.843  -26.957 0.6000000238
53618  -41.719  -25.456  -23.552 0.6000000238
62897  -47.565  -16.147  -27.088 0.4000000060
50921  -37.437  -28.194  -26.554 0.6000000238
51846  -38.459  -27.200  -26.245 0.6000000238
53617  -40.920  -25.198  -23.753 0.6000000238
62910  -47.667  -15.618  -27.698 0.4000000060
62917  -47.964  -15.544  -29.126 0.4000000060
129597  -47.598  -15.258  -28.479 0.4000000060
51847  -39.167  -26.903  -25.762 0.6000000238
52738  -39.643  -26.265  -25.466 0.6000000238
62937  -47.981  -15.664  -30.559 0.5000000000
62924  -47.575  -15.351  -29.915 0.4000000060
62945  -46.285  -15.666  -31.568 0.5000000000
124314  -44.345  -27.489  -25.657 0.6000000238
51829  -44.174  -27.165  -24.745 0.5000000000
56408  -44.723  -22.453  -23.617 0.5000000000
57374  -45.087  -21.613  -24.158 0.5000000000
59278  -45.431  -19.649  -25.013 0.4000000060
51856  -36.515  -27.425  -27.423 0.6000000238
51838  -43.685  -27.830  -24.882 0.6000000238
54485  -43.426  -24.283  -23.072 0.5000000000
132331  -44.741  -23.931  -23.850 0.5000000000
55453  -44.976  -23.256  -24.138 0.5000000000
59289  -45.854  -19.280  -25.535 0.4000000060
61077  -45.996  -17.726  -25.352 0.4000000060
61089  -46.527  -17.718  -25.875 0.4000000060
53620  -43.470  -25.618  -23.561 0.5000000000
61989  -46.751  -16.922  -26.105 0.4000000060
51857  -37.086  -27.186  -27.157 0.6000000238
51845  -37.661  -27.372  -26.691 0.6000000238
52746  -38.124  -26.530  -26.724 0.6000000238
54500  -40.755  -24.425  -23.568 0.6000000238
63838  -46.548  -14.332  -28.340 0.4000000060
53636  -39.522  -25.322  -25.780 0.6000000238
54512  -40.314  -24.745  -24.251 0.6000000238
63848  -47.226  -15.021  -29.274 0.4000000060
54519  -39.918  -25.006  -25.030 0.6000000238
53637  -40.055  -25.816  -25.021 0.6000000238
62923  -46.648  -15.014  -30.082 0.4000000060
63858  -45.605  -14.941  -30.310 0.4000000060
63857  -44.517  -15.071  -30.657 0.3000000119
62936  -47.012  -15.424  -30.703 0.5000000000
62935  -45.970  -15.342  -30.859 0.4000000060
63855  -43.042  -14.850  -31.254 0.3000000119
57367  -44.622  -21.512  -23.328 0.5000000000
58348  -44.914  -20.789  -23.820 0.5000000000
60185  -45.373  -18.504  -24.643 0.5000000000
61063  -45.520  -17.769  -24.799 0.5000000000
55444  -43.799  -23.571  -22.969 0.5000000000
56382  -43.697  -22.221  -22.502 0.6000000238
60198  -45.736  -18.463  -25.180 0.4000000060
61973  -45.725  -16.869  -25.052 0.5000000000
62882  -46.246  -16.091  -25.713 0.4000000060
52757  -37.468  -26.602  -27.155 0.6000000238
52758  -37.898  -25.887  -27.200 0.6000000238
54484  -42.620  -24.245  -22.902 0.6000000238
137893  -46.643  -15.422  -26.328 0.4000000060
53645  -38.552  -25.737  -26.721 0.6000000238
54483  -41.827  -24.162  -22.930 0.6999999881
63825  -46.014  -13.812  -27.868 0.3000000119
54525  -39.161  -24.593  -26.414 0.6000000238
55426  -41.372  -23.436  -22.760 0.6000000238
131939  -39.025  -25.285  -26.418 0.6000000238
54518  -39.550  -24.399  -25.734 0.6000000238
55442  -40.666  -23.667  -23.313 0.6000000238
63847  -46.309  -14.569  -29.365 0.4000000060
56407  -40.035  -23.165  -23.825 0.6000000238
63845  -44.019  -14.643  -30.330 0.3000000119
63844  -43.080  -14.655  -30.815 0.3000000119
64780  -42.584  -14.361  -31.196 0.3000000119
57352  -44.028  -21.392  -22.540 0.6000000238
58340  -44.489  -20.697  -23.004 0.5000000000
60170  -44.748  -18.411  -23.592 0.5000000000
61062  -45.096  -17.981  -24.181 0.5000000000
56381  -43.407  -22.948  -22.579 0.6000000238
121892  -45.632  -16.032  -25.064 0.4000000060
62895  -46.197  -15.017  -25.927 0.4000000060
116988  -37.186  -25.972  -27.602 0.6000000238
53654  -38.215  -25.234  -27.219 0.6000000238
135677  -42.784  -23.022  -22.404 0.6000000238
63813  -46.548  -14.726  -26.625 0.3000000119
122385  -46.250  -14.099  -27.029 0.3000000119
54524  -38.672  -24.872  -26.908 0.6000000238
118332  -38.783  -24.011  -27.038 0.6000000238
55464  -39.202  -23.739  -26.375 0.6000000238
55459  -39.491  -23.575  -25.594 0.6000000238
56378  -40.573  -22.786  -22.994 0.6000000238
63837  -45.682  -14.025  -28.947 0.3000000119
55451  -39.727  -23.396  -24.737 0.6000000238
64771  -44.627  -14.039  -29.477 0.3000000119
64769  -42.636  -14.089  -30.637 0.3000000119
65745  -41.400  -13.293  -31.565 0.3000000119
58322  -43.964  -20.532  -22.360 0.6000000238
120355  -44.331  -19.887  -22.701 0.6000000238
134030  -44.620  -19.547  -23.190 0.5000000000
61051  -44.641  -17.465  -23.531 0.5000000000
127677  -45.186  -17.138  -24.320 0.4000000060
57333  -42.812  -20.920  -21.747 0.6000000238
128107  -43.512  -20.949  -22.063 0.6000000238
62866  -45.276  -15.537  -24.709 0.4000000060
62881  -45.702  -15.329  -25.319 0.4000000060
57350  -42.492  -21.789  -21.928 0.6000000238
63800  -45.643  -14.496  -25.593 0.4000000060
63812  -46.005  -14.236  -26.346 0.3000000119
54535  -38.130  -24.446  -27.532 0.6000000238
57349  -41.678  -21.911  -22.074 0.6000000238
118706  -45.744  -13.527  -27.010 0.3000000119
57348  -40.846  -21.971  -22.479 0.6000000238
136380  -44.605  -13.006  -28.430 0.3000000119
56396  -39.895  -22.468  -23.671 0.6000000238
132499  -44.197  -13.467  -29.188 0.3000000119
124009  -39.443  -22.904  -25.357 0.6000000238
56406  -39.564  -22.529  -24.594 0.6000000238
65729  -42.153  -12.540  -29.858 0.3000000119
65735  -41.513  -13.218  -30.888 0.3000000119
59240  -43.839  -19.350  -22.055 0.6000000238
60155  -44.050  -18.351  -22.189 0.5000000000
61952  -44.299  -16.625  -23.046 0.5000000000
61962  -44.758  -16.502  -23.859 0.4000000060
62865  -44.825  -15.705  -24.157 0.4000000060
58321  -43.432  -20.210  -21.862 0.6000000238
134940  -44.908  -15.081  -24.402 0.4000000060
63799  -45.116  -13.971  -25.184 0.4000000060
58306  -42.726  -20.145  -21.614 0.6000000238
64740  -45.509  -13.688  -26.002 0.4000000060
116569  -44.749  -12.301  -27.087 0.3000000119
121657  -38.834  -23.070  -26.999 0.6000000238
58320  -41.099  -21.220  -22.046 0.6000000238
56420  -39.151  -22.785  -26.167 0.6000000238
65720  -43.691  -12.095  -28.428 0.3000000119
57347  -40.265  -21.255  -22.590 0.6000000238
56414  -39.282  -22.208  -25.525 0.6000000238
57373  -39.304  -21.668  -24.960 0.6000000238
57365  -39.520  -21.805  -24.019 0.6000000238
60141  -43.331  -18.456  -21.544 0.6000000238
61947  -44.094  -15.773  -22.532 0.4000000060
62856  -44.467  -15.794  -23.457 0.4000000060
122907  -44.754  -14.354  -24.388 0.4000000060
60140  -42.439  -18.791  -21.337 0.5000000000
59230  -43.038  -19.452  -21.545 0.5000000000
64724  -44.976  -13.156  -25.612 0.4000000060
126023  -42.048  -19.670  -21.474 0.5000000000
65708  -44.717  -12.399  -26.111 0.3000000119
58304  -41.342  -20.378  -21.723 0.5000000000
66692  -43.896  -10.833  -27.149 0.3000000119
56419  -38.806  -22.143  -26.885 0.6000000238
58318  -39.741  -20.589  -22.722 0.5000000000
121232  -39.035  -21.817  -26.238 0.6000000238
57383  -39.155  -21.512  -25.691 0.6000000238
123720  -39.556  -21.086  -23.398 0.6000000238
127003  -39.096  -20.900  -25.382 0.6000000238
125800  -39.246  -21.009  -24.436 0.6000000238
58363  -38.904  -20.020  -25.966 0.5000000000
58355  -39.031  -20.218  -24.933 0.5000000000
128300  -43.409  -16.806  -21.346 0.4000000060
61946  -43.644  -16.016  -21.628 0.3000000119
63766  -44.051  -14.872  -22.515 0.4000000060
63767  -44.351  -14.409  -23.217 0.4000000060
136737  -44.528  -14.408  -23.837 0.3000000119
61025  -43.076  -17.548  -21.216 0.4000000060
65668  -44.318  -12.972  -23.726 0.3000000119
65678  -44.349  -12.397  -24.528 0.3000000119
65693  -44.607  -12.617  -25.265 0.3000000119
126503  -41.046  -19.532  -21.589 0.5000000000
116071  -43.953  -11.088  -25.237 0.3000000119
66671  -44.300  -11.805  -25.469 0.3000000119
59229  -40.187  -19.426  -21.783 0.5000000000
66693  -44.350  -11.641  -26.589 0.3000000119
59239  -39.874  -19.999  -22.250 0.5000000000
68448  -42.879  -9.913  -28.366 0.3000000119
59260  -39.233  -19.930  -22.996 0.5000000000
58347  -39.171  -20.306  -23.885 0.5000000000
61932  -43.085  -16.095  -20.999 0.3000000119
62838  -43.330  -15.481  -21.273 0.3000000119
137196  -43.754  -14.576  -21.910 0.3000000119
119955  -41.865  -16.798  -20.757 0.3000000119
126613  -42.733  -16.818  -20.913 0.4000000060
64701  -44.254  -13.514  -22.987 0.3000000119
65677  -44.088  -12.094  -23.646 0.3000000119
116013  -40.873  -16.741  -20.830 0.3000000119
66654  -44.052  -11.555  -24.488 0.3000000119
60137  -39.790  -18.750  -21.734 0.4000000060
66670  -43.974  -10.982  -26.103 0.3000000119
136764  -43.671  -10.208  -27.215 0.3000000119
116626  -39.398  -19.288  -22.309 0.5000000000
68436  -42.960  -8.989  -28.163 0.3000000119
60169  -38.835  -18.931  -23.264 0.5000000000
60183  -38.793  -18.942  -24.502 0.4000000060
59276  -38.961  -19.577  -23.818 0.5000000000
132173  -43.172  -14.233  -21.121 0.3000000119
125460  -43.502  -13.954  -21.573 0.3000000119
124709  -43.815  -13.236  -22.154 0.3000000119
61930  -41.392  -16.043  -20.647 0.3000000119
61931  -42.330  -16.104  -20.720 0.3000000119
65667  -44.045  -12.624  -22.833 0.3000000119
62837  -41.125  -15.225  -20.627 0.3000000119
67550  -43.776  -10.681  -24.492 0.3000000119
67560  -43.772  -10.423  -25.541 0.3000000119
124717  -39.851  -16.730  -21.160 0.3000000119
61929  -40.264  -15.807  -20.794 0.3000000119
68424  -43.560  -9.298  -26.615 0.3000000119
67578  -43.724  -10.143  -26.555 0.3000000119
61945  -38.943  -16.795  -21.932 0.3000000119
60154  -39.116  -18.480  -22.319 0.4000000060
68437  -43.349  -9.045  -27.401 0.3000000119
60153  -38.691  -17.966  -23.030 0.4000000060
69288  -42.423  -8.514  -28.715 0.3000000119
60168  -38.625  -18.137  -24.043 0.4000000060
117773  -41.885  -8.211  -29.379 0.3000000119
137227  -41.461  -8.233  -30.024 0.3000000119
64660  -42.043  -13.905  -20.694 0.3000000119
61909  -41.920  -15.500  -20.638 0.3000000119
64677  -42.966  -13.775  -20.964 0.3000000119
65656  -43.601  -12.229  -21.938 0.3000000119
120105  -43.822  -11.768  -22.785 0.3000000119
63736  -41.124  -14.398  -20.628 0.3000000119
67546  -43.661  -10.469  -23.475 0.3000000119
116335  -43.632  -9.893  -24.135 0.3000000119
132440  -43.676  -9.976  -24.964 0.3000000119
61928  -39.268  -15.934  -21.446 0.3000000119
62836  -40.260  -14.790  -20.747 0.3000000119
68405  -43.635  -9.641  -25.725 0.3000000119
69264  -43.446  -8.517  -26.758 0.3000000119
61037  -38.653  -17.144  -22.829 0.4000000060
70148  -43.159  -7.615  -27.846 0.3000000119
70147  -42.735  -7.756  -28.447 0.3000000119
61061  -38.588  -17.464  -24.636 0.4000000060
70160  -42.368  -7.789  -28.893 0.3000000119
71050  -41.967  -6.701  -29.855 0.3000000119
70173  -41.705  -7.518  -29.900 0.3000000119
71065  -40.774  -6.717  -32.025 0.3000000119
65641  -42.880  -12.200  -21.200 0.3000000119
66592  -43.233  -11.413  -21.653 0.3000000119
132781  -43.571  -11.422  -22.166 0.3000000119
66621  -43.663  -10.985  -22.740 0.3000000119
65640  -42.121  -12.499  -20.894 0.3000000119
67523  -43.518  -10.226  -22.648 0.3000000119
127962  -43.573  -9.702  -23.283 0.3000000119
117245  -40.350  -13.930  -20.740 0.3000000119
68388  -43.588  -9.262  -23.839 0.3000000119
68398  -43.586  -9.203  -24.741 0.3000000119
70132  -43.382  -7.778  -27.002 0.3000000119
63750  -39.531  -14.236  -21.073 0.3000000119
70115  -43.478  -7.838  -25.923 0.3000000119
116218  -43.361  -7.044  -27.193 0.3000000119
136345  -38.582  -16.469  -22.742 0.4000000060
71020  -43.205  -6.831  -27.924 0.3000000119
61951  -38.493  -16.583  -23.500 0.4000000060
118730  -42.893  -6.604  -28.521 0.3000000119
138200  -42.932  -7.214  -28.320 0.3000000119
61961  -38.479  -16.715  -24.359 0.4000000060
119367  -41.508  -6.936  -30.498 0.3000000119
133513  -38.496  -16.928  -25.173 0.4000000060
71066  -41.233  -6.222  -31.177 0.3000000119
71938  -40.956  -5.821  -32.295 0.3000000119
67498  -42.952  -10.626  -21.606 0.3000000119
67499  -43.434  -10.765  -22.048 0.3000000119
126590  -42.135  -11.907  -21.019 0.3000000119
66591  -42.565  -11.329  -21.279 0.3000000119
115450  -43.581  -7.766  -23.982 0.3000000119
65639  -41.187  -12.229  -20.876 0.3000000119
69241  -43.560  -8.256  -24.859 0.3000000119
64674  -39.632  -13.254  -21.023 0.3000000119
71890  -43.207  -6.074  -28.076 0.3000000119
71905  -42.888  -5.791  -28.736 0.3000000119
71919  -42.539  -5.396  -29.415 0.3000000119
71051  -42.488  -6.416  -29.228 0.3000000119
71918  -42.113  -5.848  -29.952 0.3000000119
71932  -41.669  -5.497  -30.679 0.3000000119
61972  -38.272  -16.512  -25.732 0.3000000119
72856  -40.339  -4.486  -33.449 0.3000000119
71943  -40.675  -5.329  -33.285 0.3000000119
66590  -41.683  -11.313  -21.066 0.3000000119
68361  -43.029  -9.246  -21.972 0.3000000119
69199  -43.189  -8.531  -22.462 0.3000000119
70110  -43.529  -7.061  -24.011 0.3000000119
115201  -43.593  -8.577  -23.931 0.3000000119
66589  -40.693  -11.337  -21.055 0.3000000119
121455  -41.173  -10.561  -21.144 0.3000000119
70988  -43.507  -6.913  -25.623 0.3000000119
71002  -43.476  -6.412  -26.359 0.3000000119
71875  -43.480  -5.629  -26.650 0.3000000119
71021  -43.382  -6.279  -27.328 0.3000000119
72790  -43.174  -5.254  -28.177 0.3000000119
72810  -42.877  -4.907  -28.844 0.3000000119
72827  -42.583  -4.508  -29.507 0.3000000119
71933  -42.179  -4.862  -30.202 0.3000000119
72845  -41.700  -4.655  -31.116 0.3000000119
73754  -41.470  -3.831  -31.734 0.3000000119
71939  -41.344  -5.268  -31.596 0.3000000119
71944  -40.948  -4.942  -32.560 0.3000000119
72857  -40.735  -4.175  -32.640 0.3000000119
117989  -39.663  -4.076  -33.991 0.3000000119
122185  -41.597  -9.786  -21.305 0.3000000119
68342  -42.001  -8.990  -21.489 0.3000000119
70070  -43.159  -7.592  -22.684 0.3000000119
70093  -43.406  -7.286  -23.336 0.3000000119
120498  -40.188  -10.597  -21.230 0.3000000119
69183  -42.077  -8.274  -21.638 0.3000000119
70053  -42.551  -7.826  -22.057 0.3000000119
70958  -43.338  -6.479  -23.568 0.3000000119
70979  -43.523  -6.417  -24.568 0.3000000119
66588  -39.622  -11.385  -21.257 0.3000000119
71891  -43.384  -5.521  -27.473 0.3000000119
66587  -38.714  -11.892  -21.510 0.3000000119
73727  -42.639  -3.705  -29.603 0.3000000119
73740  -42.120  -4.027  -30.787 0.3000000119
124424  -39.730  -3.124  -33.523 0.3000000119
70921  -41.211  -6.932  -21.764 0.3000000119
68341  -40.030  -9.126  -21.374 0.3000000119
70051  -40.813  -7.608  -21.555 0.3000000119
69180  -39.447  -8.426  -21.469 0.3000000119
121501  -39.658  -9.913  -21.397 0.3000000119
119241  -41.006  -9.054  -21.328 0.3000000119
66620  -37.988  -11.500  -21.853 0.3000000119
67496  -38.684  -11.034  -21.578 0.3000000119
52721  -43.794  -26.235  -23.859 0.5000000000
52719  -42.136  -26.204  -23.751 0.6000000238
31391  -45.403  -49.475  -30.642 0.3000000119
32239  -45.890  -48.465  -30.601 0.3000000119
32247  -46.830  -47.927  -31.271 0.4000000060
124506  -47.530  -46.876  -31.342 0.4000000060
34097  -48.610  -46.062  -32.215 0.4000000060
35051  -48.309  -45.438  -32.145 0.4000000060
35050  -47.890  -44.744  -32.248 0.4000000060
35898  -47.462  -44.113  -32.251 0.4000000060
36715  -47.292  -43.359  -32.872 0.4000000060
37535  -46.556  -42.254  -32.731 0.4000000060
36717  -46.890  -42.508  -33.313 0.4000000060
40427  -42.018  -39.224  -30.437 0.4000000060
39369  -42.688  -40.943  -21.986 0.3000000119
118246  -43.220  -39.142  -20.924 0.3000000119
42275  -44.126  -37.788  -20.987 0.3000000119
44183  -46.137  -35.652  -21.820 0.3000000119
44199  -46.339  -34.926  -22.243 0.3000000119
42399  -42.359  -37.496  -31.445 0.5000000000
126465  -41.747  -37.207  -30.436 0.5000000000
50926  -49.113  -28.600  -26.521 0.3000000119
118213  -48.270  -29.002  -26.836 0.3000000119
130847  -41.318  -35.758  -31.647 0.6000000238
49948  -47.775  -29.711  -28.276 0.4000000060
42407  -41.564  -36.450  -32.286 0.6000000238
51872  -48.749  -27.742  -28.894 0.4000000060
132798  -48.592  -28.971  -30.108 0.4000000060
51887  -48.999  -28.040  -30.152 0.4000000060
52807  -49.922  -27.128  -31.471 0.4000000060
41400  -31.598  -38.883  -27.254 0.4000000060
41401  -32.626  -39.053  -27.242 0.5000000000
41402  -33.548  -39.111  -27.378 0.5000000000
44321  -39.326  -35.464  -31.556 0.6999999881
52817  -50.741  -28.712  -33.137 0.4000000060
115640  -38.403  -34.852  -31.675 0.6999999881
52821  -51.335  -28.982  -34.179 0.4000000060
42351  -34.675  -37.979  -26.715 0.5000000000
116762  -35.303  -37.345  -26.618 0.6000000238
42353  -36.530  -37.023  -27.041 0.8000000119
46138  -39.122  -33.219  -31.811 0.8000000119
47092  -37.613  -32.718  -32.359 0.8000000119
124056  -38.295  -33.893  -31.836 0.6999999881
51929  -51.401  -29.771  -35.044 0.4000000060
47090  -35.773  -31.811  -32.480 0.8000000119
46137  -35.705  -32.873  -32.418 0.8000000119
52822  -50.356  -28.775  -35.408 0.4000000060
46125  -35.742  -33.036  -31.561 0.8000000119
44277  -38.628  -34.823  -27.265 0.6999999881
119581  -38.823  -34.714  -28.780 0.6999999881
45238  -36.639  -33.694  -30.583 0.8000000119
121876  -49.076  -25.604  -34.152 0.3000000119
55505  -47.255  -22.892  -30.717 0.4000000060
55522  -48.810  -23.962  -31.995 0.4000000060
54591  -48.804  -24.782  -32.863 0.4000000060
54594  -49.048  -24.672  -33.712 0.3000000119
56455  -46.587  -22.095  -30.786 0.4000000060
55506  -48.292  -23.301  -31.164 0.4000000060
57421  -46.288  -21.793  -30.570 0.4000000060
57435  -48.867  -21.712  -31.278 0.4000000060
57423  -48.644  -21.050  -30.872 0.5000000000
57412  -46.197  -21.543  -29.758 0.5000000000
58391  -48.421  -20.393  -29.673 0.5000000000
57424  -49.270  -21.080  -31.408 0.5000000000
58405  -49.730  -20.457  -31.695 0.4000000060
59333  -49.930  -19.545  -31.424 0.5000000000
57394  -45.781  -21.421  -28.150 0.5000000000
57403  -46.165  -21.243  -28.720 0.4000000060
60246  -50.319  -18.557  -31.683 0.5000000000
61137  -49.995  -17.220  -31.561 0.5000000000
62035  -49.454  -16.695  -32.060 0.5000000000
62041  -48.508  -16.492  -32.530 0.5000000000
50947  -32.720  -28.605  -28.939 0.5000000000
62951  -46.707  -16.076  -32.290 0.5000000000
121533  -45.162  -15.545  -31.626 0.4000000060
51883  -33.707  -27.070  -29.117 0.6000000238
51866  -34.025  -27.834  -28.587 0.6000000238
50950  -34.910  -27.943  -28.069 0.6000000238
51868  -35.361  -27.142  -28.185 0.6000000238
132878  -43.239  -14.991  -31.419 0.3000000119
129044  -35.698  -26.509  -28.290 0.6000000238
51869  -36.094  -26.926  -27.860 0.6000000238
52756  -36.786  -26.693  -27.534 0.6000000238
64783  -41.882  -13.548  -31.482 0.3000000119
65756  -41.465  -13.308  -31.703 0.3000000119
53653  -37.624  -25.233  -27.605 0.6000000238
55474  -38.253  -23.340  -27.695 0.6000000238
56426  -38.456  -22.353  -27.559 0.6000000238
57393  -38.537  -21.539  -27.431 0.6000000238
57387  -38.774  -21.275  -26.840 0.6000000238
57388  -38.955  -20.976  -26.181 0.6000000238
58370  -38.544  -20.819  -27.427 0.6000000238
59288  -38.898  -19.412  -25.274 0.5000000000
60197  -38.808  -18.711  -25.407 0.4000000060
137993  -38.622  -17.593  -25.363 0.4000000060
61076  -38.519  -17.284  -25.881 0.4000000060
73755  -42.104  -3.230  -31.173 0.3000000119
74628  -41.379  -2.918  -31.898 0.3000000119
75498  -39.899  -2.313  -33.497 0.3000000119
74637  -39.027  -2.686  -34.216 0.3000000119
134976  -39.235  -3.335  -34.366 0.3000000119
68340  -39.085  -9.255  -21.506 0.3000000119
68338  -37.776  -9.908  -21.803 0.3000000119
52808  -50.336  -27.528  -32.246 0.4000000060
59334  -50.374  -19.140  -32.192 0.5000000000
35037  -47.605  -45.452  -31.401 0.4000000060
34065  -44.847  -46.343  -28.008 0.3000000119
35011  -44.704  -45.726  -28.300 0.3000000119
35035  -45.965  -45.124  -30.302 0.4000000060
35863  -44.209  -45.168  -28.753 0.3000000119
131908  -41.533  -40.610  -30.007 0.4000000060
131132  -43.516  -44.978  -24.294 0.3000000119
36693  -41.770  -43.043  -28.864 0.4000000060
38452  -42.417  -41.826  -25.265 0.3000000119
44198  -45.689  -35.183  -22.186 0.3000000119
44196  -43.930  -35.717  -22.855 0.3000000119
44232  -44.538  -35.057  -24.087 0.3000000119
46059  -46.210  -33.190  -25.271 0.3000000119
48025  -46.832  -31.879  -25.996 0.3000000119
43327  -44.735  -37.279  -25.520 0.3000000119
44249  -45.517  -36.016  -25.775 0.3000000119
45186  -46.029  -35.659  -26.266 0.3000000119
49926  -49.713  -29.121  -26.032 0.3000000119
43363  -45.518  -37.457  -26.930 0.3000000119
123974  -46.509  -36.572  -26.954 0.3000000119
46103  -42.359  -33.596  -28.654 0.6000000238
49936  -47.760  -29.629  -27.307 0.4000000060
45229  -41.371  -34.225  -30.178 0.6000000238
45201  -45.527  -35.902  -27.749 0.3000000119
49949  -48.123  -29.087  -29.050 0.4000000060
129732  -46.431  -35.455  -28.720 0.4000000060
47086  -49.165  -33.523  -31.040 0.4000000060
48073  -43.864  -31.716  -29.989 0.6000000238
116042  -40.918  -33.148  -31.704 0.6999999881
45243  -39.879  -34.657  -31.624 0.6999999881
48085  -43.368  -31.314  -30.909 0.6000000238
49968  -49.396  -29.551  -31.760 0.4000000060
50976  -49.232  -28.780  -31.437 0.4000000060
115121  -42.939  -31.005  -31.737 0.6000000238
130935  -39.842  -33.838  -31.655 0.6999999881
47119  -47.516  -32.280  -34.610 0.5000000000
47093  -39.035  -32.258  -32.071 0.6999999881
49058  -36.751  -30.337  -32.953 0.6999999881
50985  -48.031  -28.879  -31.973 0.4000000060
47078  -35.883  -31.832  -32.012 0.6999999881
46126  -36.699  -32.584  -31.027 0.6999999881
46116  -38.943  -33.050  -29.886 0.6000000238
53712  -49.507  -26.817  -34.986 0.4000000060
53710  -48.997  -26.851  -33.778 0.3000000119
50990  -39.403  -27.958  -32.932 0.6000000238
45215  -39.004  -34.715  -27.870 0.6999999881
46101  -39.702  -33.781  -28.162 0.6999999881
45227  -38.017  -34.355  -29.684 0.8000000119
47053  -39.770  -33.048  -29.110 0.6999999881
129671  -45.512  -28.519  -32.439 0.3000000119
52795  -47.190  -27.033  -30.902 0.3000000119
53700  -47.919  -25.932  -31.524 0.3000000119
47023  -35.306  -32.529  -26.531 0.6999999881
55503  -45.190  -22.547  -31.388 0.4000000060
54543  -44.169  -22.833  -31.032 0.5000000000
53693  -46.235  -24.948  -30.580 0.4000000060
123264  -47.707  -23.866  -30.807 0.4000000060
47005  -38.598  -31.979  -25.708 0.8000000119
48051  -41.351  -31.723  -27.386 0.6999999881
57402  -45.696  -21.793  -29.307 0.5000000000
61112  -49.328  -17.982  -28.987 0.5000000000
60225  -48.964  -18.404  -28.479 0.4000000060
58397  -48.677  -20.569  -30.346 0.5000000000
49034  -32.653  -29.967  -28.364 0.5000000000
50962  -43.340  -27.728  -29.478 0.5000000000
125378  -45.364  -23.193  -28.012 0.5000000000
58381  -46.637  -20.665  -28.198 0.4000000060
58371  -45.743  -20.978  -27.277 0.4000000060
49945  -33.177  -29.362  -28.364 0.5000000000
55465  -45.440  -23.187  -26.968 0.5000000000
62014  -48.679  -16.700  -28.707 0.4000000060
62026  -48.842  -16.179  -30.513 0.5000000000
49946  -34.041  -29.068  -28.058 0.5000000000
49923  -42.685  -29.798  -26.069 0.6000000238
121890  -41.183  -30.582  -25.418 0.6999999881
49898  -41.115  -29.291  -24.799 0.6999999881
49922  -37.595  -28.888  -26.254 0.6000000238
62034  -48.816  -16.288  -31.513 0.5000000000
54514  -45.132  -24.032  -24.459 0.5000000000
57375  -45.365  -21.614  -25.055 0.4000000060
49899  -41.955  -29.196  -24.814 0.6999999881
52731  -42.521  -26.957  -23.999 0.6999999881
50901  -42.343  -28.454  -24.599 0.6999999881
52729  -41.016  -26.803  -24.388 0.6000000238
53631  -41.213  -26.036  -24.018 0.6000000238
53630  -40.465  -25.523  -24.398 0.6000000238
58349  -45.233  -20.858  -24.653 0.4000000060
52732  -43.527  -27.009  -24.174 0.5000000000
123899  -44.213  -24.251  -23.442 0.5000000000
52720  -43.035  -26.309  -23.724 0.6000000238
62909  -47.178  -15.246  -26.990 0.4000000060
54502  -42.196  -24.869  -23.214 0.6999999881
54501  -41.414  -24.713  -23.335 0.6000000238
63839  -47.234  -14.847  -27.863 0.4000000060
137083  -38.687  -26.458  -26.320 0.6000000238
62934  -44.173  -15.328  -31.466 0.4000000060
56398  -44.295  -22.093  -22.919 0.6000000238
59277  -45.140  -20.007  -24.319 0.4000000060
54503  -43.022  -24.951  -23.237 0.6999999881
53619  -42.590  -25.584  -23.485 0.6000000238
55452  -40.195  -23.949  -24.059 0.6000000238
63856  -43.617  -15.070  -30.957 0.3000000119
59261  -44.769  -20.034  -23.449 0.5000000000
60184  -45.071  -18.661  -24.143 0.5000000000
61963  -45.248  -16.295  -24.518 0.4000000060
55427  -42.237  -23.465  -22.576 0.6000000238
135241  -45.557  -13.400  -27.756 0.3000000119
64763  -45.159  -13.478  -28.490 0.3000000119
134719  -41.809  -23.052  -22.456 0.6000000238
56379  -41.414  -22.641  -22.445 0.6000000238
54511  -39.824  -24.192  -24.914 0.6000000238
64770  -43.553  -14.131  -30.031 0.3000000119
65755  -41.288  -13.164  -31.739 0.3000000119
125416  -42.994  -22.396  -22.195 0.6000000238
56380  -42.211  -22.624  -22.239 0.6000000238
60156  -44.379  -18.141  -22.978 0.6000000238
58305  -42.184  -20.455  -21.615 0.6000000238
64739  -45.210  -12.954  -26.565 0.4000000060
64753  -45.147  -12.949  -27.638 0.3000000119
64762  -43.881  -12.847  -28.836 0.3000000119
65730  -43.024  -12.685  -29.343 0.3000000119
61040  -44.182  -17.487  -22.567 0.5000000000
64709  -44.630  -13.342  -24.649 0.4000000060
58319  -40.476  -20.583  -22.162 0.5000000000
128396  -43.970  -16.724  -22.056 0.4000000060
120067  -44.299  -15.171  -23.141 0.4000000060
60139  -41.510  -18.865  -21.362 0.5000000000
67590  -43.448  -10.270  -27.815 0.3000000119
61024  -42.310  -17.499  -20.961 0.4000000060
61023  -41.417  -17.493  -20.947 0.4000000060
60138  -40.624  -18.827  -21.480 0.4000000060
66647  -43.834  -11.266  -23.598 0.3000000119
61022  -40.496  -17.487  -21.121 0.3000000119
61021  -39.614  -17.511  -21.530 0.3000000119
134287  -43.531  -9.716  -27.268 0.3000000119
70188  -41.026  -7.224  -31.219 0.3000000119
64678  -43.287  -13.066  -21.382 0.3000000119
61050  -38.564  -17.330  -23.742 0.4000000060
63735  -41.144  -13.704  -20.661 0.3000000119
69245  -43.559  -8.788  -25.791 0.3000000119
71069  -40.640  -6.322  -33.061 0.3000000119
69227  -43.517  -8.091  -23.192 0.3000000119
64675  -40.675  -13.143  -20.772 0.3000000119
118890  -42.562  -9.761  -21.595 0.3000000119
65637  -39.508  -12.312  -21.160 0.3000000119
73759  -39.882  -3.836  -33.521 0.3000000119
69198  -42.628  -8.663  -21.838 0.3000000119
71863  -43.510  -5.575  -25.736 0.3000000119
73710  -42.869  -4.032  -28.898 0.3000000119
114807  -42.402  -4.116  -30.083 0.3000000119
73760  -40.619  -3.423  -32.667 0.3000000119
73772  -39.346  -3.411  -34.835 0.3000000119
69182  -41.339  -8.315  -21.498 0.3000000119
70939  -43.060  -6.774  -22.873 0.3000000119
70957  -42.877  -5.948  -23.054 0.3000000119
67495  -37.898  -10.699  -21.802 0.3000000119
122068  -37.395  -11.196  -22.321 0.3000000119
74633  -40.654  -2.615  -32.702 0.3000000119
68339  -38.295  -9.404  -21.642 0.3000000119
35905  -47.470  -44.025  -33.386 0.4000000060
46136  -35.669  -32.484  -32.260 0.8000000119
58362  -38.743  -20.402  -26.822 0.5000000000
120533  -47.006  -21.392  -29.915 0.4000000060
57413  -47.933  -21.089  -30.252 0.4000000060
60266  -48.108  -18.392  -36.084 0.3000000119
61153  -49.448  -18.106  -34.565 0.4000000060
61166  -47.444  -17.635  -36.157 0.3000000119
59342  -50.643  -19.385  -33.069 0.4000000060
61146  -50.457  -17.828  -32.991 0.4000000060
129432  -50.549  -18.462  -32.579 0.4000000060
62058  -47.106  -17.182  -36.067 0.3000000119
61152  -48.932  -17.566  -34.296 0.4000000060
131578  -47.973  -17.757  -34.953 0.3000000119
58390  -47.638  -20.734  -29.410 0.3000000119
62042  -49.139  -16.939  -33.257 0.4000000060
121773  -49.862  -17.524  -33.535 0.4000000060
62045  -46.600  -16.945  -34.049 0.3000000119
119914  -47.872  -16.883  -33.649 0.4000000060
63875  -45.210  -15.532  -33.439 0.3000000119
62044  -45.843  -16.668  -34.296 0.3000000119
62040  -47.292  -16.494  -32.950 0.4000000060
130852  -44.896  -15.035  -33.068 0.3000000119
62954  -44.849  -15.405  -32.899 0.3000000119
115209  -44.396  -15.287  -32.461 0.3000000119
63868  -44.009  -15.110  -32.282 0.3000000119
62950  -45.454  -15.880  -32.601 0.3000000119
53672  -34.087  -25.454  -29.602 0.5000000000
52778  -34.619  -25.956  -29.089 0.5000000000
53673  -34.926  -25.169  -29.292 0.5000000000
123364  -43.079  -13.570  -31.580 0.3000000119
62943  -43.851  -15.234  -32.004 0.3000000119
53661  -36.241  -25.372  -28.454 0.5000000000
54542  -37.329  -24.563  -28.059 0.5000000000
55490  -35.652  -23.677  -29.820 0.5000000000
55491  -36.373  -23.360  -29.424 0.5000000000
54553  -36.130  -24.165  -29.166 0.5000000000
55492  -37.011  -22.912  -29.019 0.4000000060
55502  -35.907  -22.985  -30.160 0.5000000000
131556  -35.351  -23.333  -30.444 0.5000000000
55483  -37.591  -23.153  -28.387 0.5000000000
56443  -36.534  -22.535  -29.782 0.4000000060
57400  -37.693  -21.804  -28.796 0.5000000000
57410  -36.695  -21.603  -30.236 0.4000000060
57401  -38.193  -21.546  -28.112 0.5000000000
57411  -37.386  -21.289  -29.594 0.4000000060
123001  -36.776  -20.178  -31.180 0.4000000060
58388  -37.518  -20.500  -29.757 0.5000000000
58396  -37.077  -20.754  -30.444 0.4000000060
58380  -38.279  -20.613  -28.170 0.4000000060
59308  -37.733  -19.324  -29.194 0.5000000000
120185  -37.892  -20.149  -29.055 0.4000000060
59318  -37.478  -19.803  -29.951 0.3000000119
59295  -38.726  -19.405  -26.903 0.4000000060
59309  -38.240  -19.732  -28.326 0.3000000119
60231  -37.323  -18.724  -29.821 0.3000000119
60215  -38.461  -18.749  -27.466 0.3000000119
60208  -38.665  -18.484  -26.694 0.3000000119
60224  -38.170  -19.001  -28.256 0.3000000119
123842  -37.212  -18.057  -29.452 0.3000000119
60223  -37.677  -18.556  -28.863 0.3000000119
60196  -38.748  -18.119  -25.894 0.3000000119
61110  -38.018  -18.304  -28.002 0.3000000119
61100  -38.327  -18.001  -27.261 0.3000000119
61088  -38.476  -17.674  -26.543 0.3000000119
61109  -37.528  -17.826  -28.571 0.3000000119
61099  -37.796  -17.574  -27.756 0.3000000119
62002  -38.071  -17.259  -27.066 0.3000000119
61988  -38.210  -16.880  -26.414 0.3000000119
53689  -33.562  -25.036  -30.015 0.5000000000
59354  -49.052  -19.172  -37.052 0.3000000119
60254  -50.575  -18.552  -33.538 0.4000000060
54551  -34.369  -24.581  -29.984 0.5000000000
54568  -34.950  -23.878  -30.257 0.4000000060
56452  -36.063  -22.207  -30.558 0.5000000000
57420  -36.495  -20.913  -31.010 0.5000000000
121002  -48.124  -21.686  -30.870 0.4000000060
58389  -46.842  -20.999  -29.070 0.3000000119
58406  -50.228  -19.910  -32.254 0.4000000060
61145  -50.031  -17.227  -32.560 0.4000000060
51867  -34.557  -27.184  -28.580 0.5000000000
52763  -35.020  -26.529  -28.616 0.5000000000
52764  -36.362  -26.089  -28.071 0.5000000000
53662  -36.890  -25.320  -28.042 0.5000000000
55473  -37.696  -23.870  -28.070 0.5000000000
56436  -37.970  -22.450  -28.202 0.5000000000
127811  -38.521  -20.035  -27.554 0.4000000060
59287  -38.905  -18.990  -26.069 0.3000000119
60272  -48.229  -18.303  -36.358 0.3000000119
60262  -48.797  -18.770  -35.832 0.4000000060
134410  -50.272  -18.028  -33.828 0.4000000060
60263  -50.027  -18.663  -34.717 0.4000000060
60261  -48.369  -18.185  -35.339 0.3000000119
58415  -50.462  -20.237  -32.918 0.4000000060
62053  -47.105  -17.421  -34.882 0.3000000119
119896  -47.067  -17.469  -35.781 0.3000000119
62039  -45.420  -16.175  -33.700 0.3000000119
116376  -46.090  -16.444  -33.376 0.3000000119
64797  -43.897  -14.695  -32.176 0.3000000119
52776  -33.178  -26.535  -29.564 0.5000000000
53671  -33.357  -25.797  -29.710 0.5000000000
119322  -33.858  -26.229  -29.379 0.5000000000
54552  -35.288  -24.389  -29.563 0.5000000000
53660  -35.527  -25.791  -28.669 0.5000000000
53674  -35.771  -24.919  -28.916 0.5000000000
54541  -36.559  -24.692  -28.527 0.5000000000
56444  -37.168  -22.115  -29.360 0.4000000060
55482  -36.954  -23.816  -28.632 0.4000000060
58379  -37.863  -20.970  -28.909 0.5000000000
59301  -38.462  -19.363  -27.694 0.3000000119
58422  -50.596  -20.267  -33.917 0.4000000060
43371  -36.424  -37.143  -28.752 0.6999999881
45226  -36.795  -34.792  -30.147 0.6999999881
44305  -36.986  -35.882  -29.568 0.6999999881
43372  -37.269  -36.602  -28.567 0.6999999881
43360  -36.976  -36.894  -27.684 0.6999999881
44306  -38.061  -35.296  -29.170 0.6999999881
44292  -38.011  -35.995  -28.396 0.6999999881
43361  -37.554  -36.243  -27.543 0.6999999881
55514  -49.315  -23.144  -32.366 0.3000000119
56467  -48.993  -22.968  -31.674 0.3000000119
56476  -49.713  -22.360  -32.633 0.3000000119
134085  -49.357  -22.539  -31.984 0.3000000119
134300  -49.096  -22.305  -31.584 0.3000000119
57453  -50.375  -21.250  -34.084 0.3000000119
126681  -50.337  -21.529  -34.983 0.3000000119
44293  -38.596  -35.278  -28.096 0.6000000238
44276  -38.106  -35.536  -27.377 0.6999999881
56456  -47.713  -22.304  -30.841 0.3000000119
56466  -48.550  -22.377  -31.254 0.3000000119
57445  -50.331  -20.952  -33.145 0.3000000119
58430  -50.464  -20.815  -35.068 0.3000000119
134491  -49.711  -21.119  -31.934 0.3000000119
128028  -50.490  -20.055  -35.150 0.3000000119
57422  -47.237  -21.739  -30.542 0.3000000119
59346  -50.584  -19.364  -34.367 0.3000000119
122656  -36.432  -33.323  -32.395 0.6999999881
45236  -35.462  -33.705  -31.919 0.6999999881
42386  -35.898  -37.616  -28.499 0.6999999881
118364  -35.411  -34.767  -31.377 0.6999999881
44314  -35.718  -35.179  -30.631 0.6999999881
43380  -36.471  -36.539  -29.399 0.6999999881
45237  -35.619  -34.173  -31.109 0.6999999881
42371  -36.363  -37.420  -27.707 0.6999999881
55523  -49.215  -23.909  -32.968 0.3000000119
124419  -49.568  -23.121  -33.219 0.3000000119
56481  -49.847  -22.476  -33.510 0.3000000119
56482  -50.064  -22.137  -34.362 0.3000000119
117161  -50.239  -21.303  -36.011 0.3000000119
58433  -49.884  -20.409  -36.384 0.3000000119
59353  -49.550  -19.511  -35.993 0.3000000119
121077  -49.955  -21.475  -32.508 0.3000000119
57444  -50.118  -21.796  -33.327 0.3000000119
40443  -44.099  -39.121  -33.232 0.4000000060
41448  -43.295  -38.632  -33.354 0.4000000060
41439  -43.620  -38.597  -33.072 0.4000000060
40435  -43.367  -39.120  -31.769 0.4000000060
39469  -43.006  -39.655  -33.456 0.4000000060
130338  -42.012  -36.804  -31.628 0.5000000000
42408  -42.242  -36.968  -32.471 0.4000000060
118072  -42.754  -37.676  -32.419 0.4000000060
41444  -42.976  -37.976  -33.203 0.4000000060
41438  -43.313  -38.420  -32.484 0.4000000060
42413  -42.362  -37.291  -33.134 0.5000000000
41447  -42.681  -38.280  -33.464 0.4000000060
40446  -42.676  -38.922  -33.586 0.4000000060
42416  -42.323  -37.745  -33.438 0.5000000000
39468  -42.191  -39.665  -33.345 0.5000000000
43395  -41.950  -36.818  -33.020 0.5000000000
42412  -41.994  -37.162  -33.252 0.5000000000
120775  -41.506  -39.704  -32.921 0.5000000000
38502  -40.906  -41.085  -32.339 0.5000000000
38499  -40.751  -41.700  -31.868 0.5000000000
41443  -41.810  -37.960  -33.428 0.5000000000
42411  -41.508  -37.213  -32.898 0.6000000238
41442  -40.984  -38.153  -32.603 0.5000000000
128013  -40.788  -39.711  -32.503 0.5000000000
39461  -39.875  -40.055  -32.130 0.6000000238
39462  -40.798  -40.368  -32.455 0.5000000000
39456  -39.189  -40.586  -31.649 0.5000000000
43394  -41.024  -36.614  -32.437 0.6000000238
40440  -40.394  -39.152  -32.244 0.5000000000
40433  -38.978  -39.874  -31.747 0.6000000238
40426  -38.384  -39.977  -31.282 0.5000000000
39447  -36.875  -40.543  -29.545 0.5000000000
39451  -37.629  -40.198  -30.448 0.5000000000
40425  -37.503  -39.344  -30.995 0.5000000000
137065  -37.042  -39.442  -30.499 0.5000000000
40414  -33.658  -39.883  -29.716 0.4000000060
41437  -40.611  -37.420  -32.198 0.6000000238
40405  -33.857  -39.374  -29.350 0.5000000000
132032  -40.180  -36.869  -31.803 0.6000000238
116577  -39.593  -37.590  -31.595 0.6000000238
40415  -34.064  -39.033  -29.925 0.5000000000
41436  -38.912  -38.410  -31.550 0.6000000238
40432  -38.280  -39.143  -31.493 0.6000000238
39446  -35.915  -40.156  -29.551 0.5000000000
41431  -37.184  -38.497  -31.182 0.5000000000
39435  -32.991  -40.462  -29.348 0.4000000060
40404  -33.296  -39.950  -28.968 0.5000000000
39442  -32.697  -41.030  -29.546 0.4000000060
41403  -34.433  -39.058  -28.385 0.5000000000
41416  -34.213  -38.650  -29.748 0.5000000000
116869  -40.166  -36.111  -31.737 0.6000000238
41424  -34.357  -37.936  -29.965 0.5000000000
115553  -37.765  -38.125  -31.509 0.6000000238
135778  -35.773  -38.972  -30.188 0.5000000000
39450  -36.480  -39.567  -29.990 0.5000000000
40424  -36.347  -38.711  -30.553 0.5000000000
40390  -33.798  -39.541  -28.124 0.5000000000
41404  -35.150  -38.550  -27.982 0.5000000000
42370  -35.749  -37.947  -27.754 0.5000000000
42385  -35.139  -38.004  -29.029 0.5000000000
42391  -35.406  -37.370  -29.445 0.5000000000
130497  -38.933  -36.144  -31.451 0.6000000238
41423  -34.262  -38.334  -30.064 0.5000000000
44320  -37.640  -35.600  -31.676 0.6000000238
42405  -37.305  -37.174  -31.504 0.6000000238
40417  -35.268  -39.302  -30.032 0.5000000000
41435  -36.761  -37.634  -31.260 0.5000000000
40423  -34.910  -38.452  -30.303 0.5000000000
41388  -34.722  -38.596  -27.336 0.5000000000
116051  -38.011  -36.625  -31.586 0.6000000238
116419  -34.759  -37.566  -30.176 0.5000000000
41429  -34.635  -37.799  -30.179 0.5000000000
43393  -36.721  -36.215  -31.579 0.6000000238
42404  -36.213  -36.765  -31.279 0.5000000000
41430  -35.354  -37.798  -30.564 0.5000000000
132213  -35.761  -37.233  -30.897 0.5000000000
40389  -33.063  -39.783  -27.878 0.4000000060
41389  -35.344  -38.056  -27.095 0.4000000060
40403  -32.579  -40.317  -28.433 0.4000000060
43379  -35.566  -36.699  -29.881 0.6000000238
116789  -35.937  -35.128  -31.759 0.6000000238
43378  -35.142  -37.070  -30.293 0.5000000000
42398  -35.166  -37.169  -30.452 0.5000000000
44319  -35.443  -35.255  -31.331 0.6000000238
42403  -35.409  -36.513  -30.975 0.5000000000
128046  -34.201  -39.050  -27.557 0.5000000000
42352  -35.976  -37.484  -26.982 0.5000000000
41387  -34.087  -38.555  -26.959 0.4000000060
44304  -35.774  -35.994  -30.262 0.6000000238
43385  -35.391  -36.553  -30.731 0.5000000000
44313  -35.340  -35.560  -31.003 0.5000000000
119083  -33.961  -39.529  -30.037 0.5000000000
40416  -34.292  -38.989  -30.110 0.5000000000
129254  -42.743  -38.468  -31.375 0.4000000060
43399  -41.670  -36.785  -32.707 0.6000000238
115565  -36.817  -34.485  -32.016 0.6000000238
45242  -35.625  -33.979  -32.142 0.6000000238
114871  -35.474  -34.536  -31.710 0.6000000238
40442  -41.955  -38.911  -33.521 0.5000000000
40441  -41.320  -38.946  -32.881 0.5000000000
39457  -40.093  -40.847  -32.069 0.5000000000
40434  -39.358  -39.264  -31.838 0.6000000238
41441  -40.024  -38.386  -31.817 0.6000000238
41417  -34.588  -38.494  -29.112 0.5000000000
114545  -39.261  -36.819  -31.498 0.6000000238
42406  -38.461  -37.508  -31.512 0.6000000238
136059  -36.293  -37.954  -30.904 0.5000000000
43392  -35.653  -35.910  -31.335 0.6000000238
50952  -48.403  -28.314  -28.388 0.3000000119
50939  -48.628  -28.334  -27.316 0.3000000119
51859  -48.925  -27.713  -27.839 0.3000000119
52766  -49.598  -26.666  -28.818 0.3000000119
51874  -50.135  -26.926  -27.904 0.3000000119
52782  -50.158  -26.073  -28.864 0.3000000119
54555  -50.860  -24.928  -29.572 0.3000000119
50963  -48.577  -28.428  -29.575 0.3000000119
52781  -49.672  -26.393  -29.662 0.3000000119
53678  -50.338  -25.586  -29.379 0.3000000119
54574  -50.702  -24.764  -30.325 0.3000000119
51888  -49.258  -27.267  -29.968 0.3000000119
53677  -49.864  -26.091  -30.365 0.3000000119
53714  -51.717  -27.427  -35.822 0.3000000119
52823  -51.758  -28.855  -35.487 0.3000000119
53717  -51.980  -27.253  -36.947 0.3000000119
52825  -50.915  -28.855  -36.465 0.3000000119
52826  -51.160  -27.895  -37.146 0.3000000119
52827  -52.050  -28.424  -37.223 0.3000000119
53715  -50.329  -27.433  -36.219 0.3000000119
39463  -41.616  -40.398  -32.785 0.4000000060
51860  -49.764  -27.455  -27.531 0.3000000119
52768  -51.390  -26.251  -28.270 0.3000000119
123082  -41.285  -41.520  -32.199 0.4000000060
53665  -51.710  -25.509  -28.644 0.3000000119
54545  -51.587  -24.800  -29.146 0.3000000119
53701  -50.365  -26.088  -31.719 0.3000000119
53708  -50.610  -26.728  -32.624 0.3000000119
53713  -51.438  -27.550  -34.582 0.3000000119
54598  -51.131  -26.134  -33.920 0.3000000119
54596  -51.252  -24.685  -33.681 0.3000000119
54599  -51.427  -25.811  -34.944 0.3000000119
54602  -51.717  -24.973  -36.100 0.3000000119
53719  -51.693  -26.081  -37.187 0.3000000119
53664  -50.864  -25.762  -28.613 0.3000000119
125836  -51.342  -24.338  -29.822 0.3000000119
30617  -32.519  -50.635  -34.374 0.4000000060
30604  -31.925  -50.030  -33.972 0.3000000119
31416  -32.480  -49.328  -33.572 0.3000000119
32252  -32.433  -48.065  -32.658 0.3000000119
37517  -36.643  -42.499  -28.975 0.4000000060
38485  -37.038  -41.500  -29.096 0.4000000060
36690  -37.235  -43.250  -29.146 0.4000000060
131147  -38.004  -43.180  -29.291 0.4000000060
122889  -35.872  -41.617  -29.058 0.4000000060
121120  -36.294  -40.927  -29.206 0.4000000060
38490  -37.626  -40.994  -29.716 0.4000000060
38491  -38.315  -41.101  -30.338 0.4000000060
39452  -38.537  -40.613  -30.994 0.4000000060
37519  -38.399  -42.520  -29.542 0.4000000060
37526  -38.882  -41.889  -30.250 0.4000000060
37525  -32.715  -42.722  -30.224 0.3000000119
38484  -35.583  -40.768  -29.397 0.4000000060
38481  -32.889  -41.360  -29.980 0.3000000119
37513  -32.504  -42.027  -30.013 0.3000000119
38496  -39.011  -41.208  -31.043 0.4000000060
137747  -37.689  -43.759  -29.295 0.4000000060
37518  -37.590  -42.444  -29.177 0.4000000060
38486  -38.036  -41.710  -29.573 0.4000000060
35054  -48.031  -44.806  -32.848 0.3000000119
136051  -47.639  -44.608  -33.199 0.3000000119
36718  -47.181  -43.067  -33.620 0.3000000119
37541  -46.439  -41.650  -33.516 0.3000000119
37540  -45.860  -40.846  -33.099 0.3000000119
37539  -45.415  -42.089  -33.852 0.3000000119
37538  -44.459  -42.350  -32.927 0.3000000119
36712  -44.344  -43.360  -32.619 0.3000000119
38506  -44.519  -41.367  -33.317 0.3000000119
125532  -43.743  -41.935  -32.712 0.3000000119
132149  -43.459  -42.836  -32.184 0.3000000119
38508  -44.383  -40.460  -33.409 0.3000000119
38505  -43.440  -41.084  -33.004 0.3000000119
39470  -44.054  -39.699  -33.370 0.3000000119
38504  -42.486  -41.096  -32.745 0.3000000119
38501  -45.385  -41.269  -32.259 0.3000000119
39464  -42.430  -40.381  -33.069 0.3000000119
39465  -43.335  -40.275  -33.299 0.3000000119
36721  -46.716  -42.105  -33.982 0.3000000119
29798  -31.958  -51.361  -34.743 0.4000000060
33161  -48.302  -46.558  -31.836 0.4000000060
34072  -45.684  -46.494  -29.214 0.4000000060
35059  -47.877  -45.244  -33.072 0.3000000119
35829  -43.488  -44.336  -23.926 0.3000000119
35873  -43.720  -44.533  -29.197 0.3000000119
35901  -47.669  -43.999  -32.951 0.4000000060
36652  -42.885  -43.134  -24.716 0.3000000119
36653  -43.364  -43.714  -24.299 0.3000000119
36658  -41.695  -42.927  -25.919 0.3000000119
36714  -46.736  -43.015  -32.406 0.4000000060
36720  -46.580  -42.609  -34.129 0.3000000119
37484  -42.329  -42.622  -25.306 0.3000000119
37522  -43.246  -43.110  -29.979 0.4000000060
37534  -46.027  -41.795  -32.514 0.4000000060
38424  -42.934  -42.034  -22.860 0.3000000119
38473  -40.934  -41.851  -28.794 0.3000000119
38487  -40.764  -41.199  -29.018 0.3000000119
38492  -42.179  -40.900  -30.355 0.4000000060
38498  -40.308  -41.367  -31.877 0.5000000000
39416  -40.858  -40.707  -26.659 0.3000000119
39423  -40.554  -40.751  -27.513 0.3000000119
39441  -32.123  -41.280  -29.220 0.5000000000
40315  -42.663  -40.455  -21.304 0.3000000119
40326  -42.851  -39.644  -21.392 0.3000000119
40337  -42.914  -39.338  -22.373 0.3000000119
40370  -42.813  -40.076  -25.566 0.3000000119
40447  -43.444  -39.171  -33.429 0.4000000060
41391  -42.005  -38.793  -26.188 0.3000000119
41405  -40.662  -38.555  -27.006 0.3000000119
41446  -42.272  -38.325  -33.583 0.5000000000
42284  -43.647  -37.446  -21.642 0.3000000119
42297  -43.476  -36.997  -22.528 0.3000000119
42310  -43.539  -37.095  -23.609 0.3000000119
42339  -44.970  -37.713  -26.284 0.3000000119
42340  -45.413  -37.486  -26.731 0.3000000119
42355  -41.680  -37.603  -26.439 0.3000000119
42372  -40.731  -37.898  -27.288 0.3000000119
42387  -40.909  -37.205  -27.840 0.3000000119
42390  -34.700  -37.512  -29.933 0.5000000000
43296  -43.649  -36.276  -23.090 0.3000000119
43348  -44.559  -37.286  -26.663 0.3000000119
43373  -41.201  -36.486  -28.443 0.4000000060
43386  -35.388  -36.285  -30.685 0.5000000000
43391  -35.365  -35.936  -31.031 0.5000000000
44197  -44.463  -35.625  -22.343 0.3000000119
44215  -44.303  -35.144  -23.053 0.3000000119
44262  -41.744  -35.999  -27.004 0.4000000060
44267  -46.387  -37.104  -27.309 0.3000000119
44297  -48.204  -36.326  -29.285 0.4000000060
44298  -48.384  -36.227  -29.577 0.4000000060
45184  -42.901  -35.112  -26.799 0.4000000060
45199  -43.181  -34.506  -27.158 0.4000000060
45248  -49.964  -34.624  -34.716 0.4000000060
45251  -49.996  -34.604  -35.073 0.4000000060
45252  -50.190  -34.849  -35.094 0.4000000060
45253  -50.188  -34.276  -35.260 0.4000000060
45255  -50.151  -34.274  -35.308 0.4000000060
45256  -50.242  -34.582  -35.319 0.4000000060
46034  -45.810  -33.687  -23.896 0.3000000119
46146  -35.787  -32.088  -32.567 0.8000000119
46150  -50.234  -34.222  -34.209 0.4000000060
46155  -49.699  -34.552  -34.845 0.4000000060
46156  -50.271  -34.321  -34.863 0.4000000060
46158  -49.019  -34.047  -35.034 0.4000000060
46160  -50.153  -34.183  -35.369 0.4000000060
46161  -50.194  -33.989  -35.418 0.4000000060
47031  -47.022  -32.117  -26.821 0.4000000060
47056  -44.322  -32.788  -28.539 0.6000000238
47091  -35.985  -31.339  -32.513 0.6999999881
47109  -50.396  -33.054  -34.082 0.4000000060
47115  -48.204  -33.398  -34.558 0.4000000060
47116  -50.380  -32.805  -34.897 0.4000000060
47117  -50.330  -33.823  -35.215 0.4000000060
47121  -49.835  -33.606  -35.439 0.4000000060
47122  -50.223  -33.648  -35.331 0.4000000060
47123  -49.935  -33.815  -35.522 0.4000000060
48077  -48.663  -31.225  -30.396 0.4000000060
48094  -36.392  -30.811  -32.749 0.6999999881
48095  -36.785  -30.228  -32.715 0.6999999881
48125  -49.175  -31.967  -34.531 0.4000000060
48130  -47.021  -31.596  -34.847 0.5000000000
48131  -50.053  -32.753  -35.166 0.4000000060
48998  -41.731  -30.619  -25.765 0.6999999881
49065  -49.788  -31.026  -33.590 0.4000000060
49086  -49.997  -31.122  -33.952 0.4000000060
49089  -47.024  -31.344  -34.867 0.5000000000
49937  -48.053  -28.956  -27.825 0.4000000060
49960  -48.418  -29.601  -29.990 0.4000000060
49977  -49.507  -29.279  -32.003 0.4000000060
50912  -43.323  -28.804  -25.558 0.6000000238
50923  -43.734  -28.717  -26.405 0.6000000238
50925  -48.706  -29.262  -26.035 0.3000000119
50940  -49.457  -27.989  -27.032 0.3000000119
50974  -46.632  -28.135  -31.076 0.4000000060
50998  -51.689  -29.211  -36.603 0.4000000060
50999  -51.886  -29.132  -37.181 0.3000000119
51873  -49.309  -27.229  -28.321 0.3000000119
51922  -50.531  -28.816  -32.944 0.4000000060
51925  -49.514  -29.666  -33.185 0.4000000060
51930  -51.142  -29.588  -35.929 0.4000000060
51931  -51.564  -29.063  -36.882 0.3000000119
51932  -52.068  -29.002  -37.213 0.3000000119
51933  -51.914  -28.727  -37.321 0.3000000119
52767  -50.545  -26.389  -28.278 0.3000000119
52777  -34.337  -26.586  -28.954 0.5000000000
52794  -46.456  -26.395  -30.549 0.4000000060
52796  -49.537  -27.282  -30.768 0.4000000060
52819  -49.239  -28.799  -33.437 0.4000000060
52824  -52.122  -28.583  -36.771 0.3000000119
52828  -51.584  -27.361  -37.208 0.3000000119
53639  -45.237  -25.505  -25.597 0.5000000000
53675  -43.366  -23.510  -31.655 0.5000000000
53679  -51.050  -25.230  -28.967 0.3000000119
53695  -50.236  -25.600  -30.836 0.3000000119
53716  -50.489  -26.603  -37.003 0.3000000119
53718  -50.968  -26.478  -37.526 0.3000000119
54575  -51.168  -24.112  -30.634 0.3000000119
55428  -43.054  -23.619  -22.669 0.6000000238
55443  -41.194  -24.097  -23.136 0.6000000238
55445  -44.449  -23.392  -23.462 0.5000000000
55484  -45.120  -23.021  -29.255 0.4000000060
55513  -34.406  -22.986  -31.413 0.5000000000
56397  -44.110  -22.800  -22.942 0.5000000000
56435  -37.499  -22.493  -28.733 0.5000000000
57332  -41.943  -21.135  -21.748 0.6000000238
57351  -43.276  -21.634  -22.072 0.6000000238
57366  -40.069  -21.917  -23.144 0.6000000238
57389  -45.524  -21.690  -27.463 0.5000000000
57436  -49.478  -21.819  -31.853 0.3000000119
58303  -40.575  -19.994  -21.865 0.5000000000
58339  -39.414  -20.495  -23.218 0.6000000238
58404  -36.322  -19.955  -31.555 0.5000000000
58414  -50.103  -20.707  -32.370 0.4000000060
59241  -44.437  -18.995  -22.894 0.6000000238
59311  -48.811  -19.717  -29.092 0.5000000000
59320  -49.573  -19.021  -29.925 0.5000000000
59332  -36.346  -19.412  -31.509 0.4000000060
60182  -38.715  -18.153  -25.021 0.4000000060
60267  -48.608  -18.672  -36.519 0.3000000119
60273  -48.708  -18.566  -36.619 0.3000000119
61038  -38.994  -17.687  -22.175 0.4000000060
61039  -43.717  -17.578  -21.717 0.4000000060
61138  -50.397  -17.792  -32.063 0.5000000000
61151  -48.244  -17.293  -34.199 0.4000000060
61158  -47.607  -17.937  -35.676 0.3000000119
61161  -47.656  -18.001  -36.121 0.3000000119
61167  -47.906  -17.817  -36.390 0.3000000119
61974  -46.272  -17.064  -25.582 0.4000000060
62012  -37.217  -16.990  -28.316 0.3000000119
62019  -48.943  -16.522  -29.548 0.5000000000
62020  -49.404  -16.821  -30.162 0.5000000000
62051  -45.610  -16.368  -34.293 0.3000000119
62063  -47.670  -17.410  -36.289 0.3000000119
62822  -41.957  -14.803  -20.656 0.3000000119
62835  -39.475  -15.094  -21.163 0.3000000119
62851  -43.738  -15.239  -21.844 0.3000000119
62896  -46.994  -16.098  -26.455 0.4000000060
62918  -48.462  -16.105  -29.081 0.4000000060
62932  -43.480  -15.015  -31.848 0.3000000119
62933  -43.444  -15.073  -31.594 0.3000000119
62944  -44.506  -15.462  -31.828 0.3000000119
62949  -44.971  -15.598  -32.980 0.3000000119
62955  -45.312  -15.920  -33.756 0.3000000119
63751  -42.741  -14.464  -20.852 0.3000000119
63752  -43.324  -14.751  -21.299 0.3000000119
63773  -44.560  -14.998  -23.836 0.4000000060
63784  -45.252  -14.791  -24.902 0.4000000060
63826  -46.682  -14.464  -27.413 0.3000000119
63846  -45.130  -14.529  -29.857 0.3000000119
64676  -41.632  -13.097  -20.747 0.3000000119
64695  -44.006  -14.085  -22.376 0.3000000119
64702  -44.474  -13.838  -23.808 0.3000000119
64761  -43.214  -13.481  -29.715 0.3000000119
64779  -41.950  -13.785  -31.195 0.3000000119
64785  -43.600  -13.814  -31.724 0.3000000119
65638  -40.224  -12.586  -20.904 0.3000000119
65721  -44.458  -12.424  -28.012 0.3000000119
66619  -37.561  -11.849  -22.359 0.3000000119
66730  -41.354  -12.899  -31.980 0.3000000119
67497  -42.135  -10.556  -21.289 0.3000000119
68343  -43.255  -9.996  -21.999 0.3000000119
68362  -43.377  -9.434  -22.552 0.3000000119
69181  -40.405  -8.349  -21.437 0.3000000119
69277  -42.929  -8.234  -28.170 0.3000000119
69278  -43.231  -8.359  -27.590 0.3000000119
70174  -42.204  -7.309  -29.325 0.3000000119
70184  -41.306  -7.794  -30.579 0.3000000119
71035  -42.594  -7.188  -28.769 0.3000000119
71850  -43.487  -5.524  -24.825 0.3000000119
72852  -41.303  -4.551  -31.918 0.3000000119
114636  -41.425  -43.127  -26.600 0.3000000119
117635  -39.509  -18.140  -21.763 0.3000000119
118092  -40.179  -18.166  -21.412 0.4000000060
118551  -49.230  -33.649  -35.254 0.4000000060
119136  -49.784  -28.618  -31.867 0.4000000060
119441  -46.242  -17.023  -34.745 0.3000000119
119446  -39.113  -25.981  -26.111 0.6000000238
121048  -41.021  -18.185  -21.176 0.4000000060
121189  -43.448  -7.213  -26.445 0.3000000119
121365  -42.667  -7.116  -22.410 0.3000000119
121615  -45.553  -21.900  -28.280 0.5000000000
122186  -40.620  -9.828  -21.249 0.3000000119
122423  -45.030  -15.367  -30.962 0.4000000060
122894  -46.953  -19.045  -26.614 0.4000000060
123168  -42.546  -13.084  -20.905 0.3000000119
123303  -48.151  -18.993  -27.680 0.4000000060
123756  -43.548  -7.378  -24.824 0.3000000119
124642  -42.945  -14.519  -31.407 0.3000000119
124942  -35.192  -19.177  -31.530 0.5000000000
125128  -38.656  -10.114  -21.577 0.3000000119
125234  -40.230  -11.967  -20.991 0.3000000119
125297  -51.859  -25.907  -36.863 0.3000000119
125370  -43.540  -8.921  -23.167 0.3000000119
125412  -48.848  -25.444  -33.497 0.3000000119
125542  -41.897  -18.165  -21.131 0.4000000060
125731  -42.721  -15.315  -20.828 0.3000000119
125741  -44.872  -19.260  -23.735 0.5000000000
126395  -40.519  -39.848  -28.010 0.3000000119
126415  -51.680  -26.215  -36.157 0.3000000119
126958  -35.941  -19.279  -31.630 0.5000000000
127574  -45.245  -19.177  -24.486 0.5000000000
127705  -43.480  -5.011  -26.863 0.3000000119
128092  -43.130  -40.021  -24.007 0.3000000119
128127  -45.521  -19.012  -24.987 0.4000000060
128133  -38.647  -15.921  -22.282 0.4000000060
128567  -43.509  -6.159  -25.423 0.3000000119
129509  -42.612  -44.835  -26.859 0.3000000119
129754  -37.338  -19.247  -30.160 0.3000000119
129856  -42.198  -42.618  -29.532 0.4000000060
131486  -40.775  -42.037  -27.844 0.3000000119
131863  -50.366  -25.310  -30.071 0.3000000119
132078  -47.892  -16.104  -31.945 0.5000000000
132155  -42.652  -18.097  -21.196 0.4000000060
132165  -47.045  -14.730  -28.643 0.4000000060
132175  -41.597  -38.190  -26.380 0.3000000119
132851  -46.822  -34.104  -29.813 0.4000000060
133099  -46.765  -16.679  -35.570 0.3000000119
133476  -36.019  -21.135  -31.339 0.6000000238
133593  -45.364  -20.298  -25.029 0.4000000060
133737  -49.082  -27.321  -29.228 0.3000000119
133988  -43.054  -38.966  -21.574 0.3000000119
134186  -38.950  -19.694  -24.497 0.5000000000
134261  -39.368  -10.602  -21.424 0.3000000119
134767  -43.271  -9.543  -27.839 0.3000000119
134910  -42.346  -14.013  -31.333 0.3000000119
135179  -45.697  -36.032  -21.632 0.3000000119
135257  -49.421  -29.413  -31.814 0.4000000060
135468  -40.824  -38.203  -26.839 0.3000000119
136095  -38.396  -21.121  -27.775 0.6000000238
136097  -37.235  -20.139  -30.513 0.4000000060
136361  -41.672  -6.221  -30.391 0.3000000119
136920  -49.134  -30.889  -31.267 0.4000000060
137074  -49.678  -34.592  -34.486 0.4000000060
137106  -43.897  -20.004  -22.210 0.6000000238
137122  -44.918  -43.050  -31.002 0.4000000060
137158  -42.594  -9.163  -21.701 0.3000000119
137796  -42.863  -40.664  -33.020 0.3000000119
