#!ascii label  , from subject sub-v1s12x0050115_ses-1 vox2ras=TkReg
1461
31049  -25.354  -50.478  -28.193 0.5000000000
110030  -25.271  -49.997  -27.891 0.4000000060
31050  -25.733  -50.456  -27.601 0.6000000238
31999  -25.030  -49.448  -27.848 0.6000000238
108371  -24.882  -49.089  -28.336 0.6000000238
32008  -25.091  -49.768  -28.217 0.5000000000
32956  -25.146  -48.424  -28.607 0.6000000238
32000  -25.691  -49.757  -27.412 0.6999999881
31040  -26.434  -50.194  -26.956 0.6999999881
31998  -24.737  -48.797  -27.790 0.6999999881
112838  -24.711  -49.159  -28.085 0.6999999881
123069  -24.674  -48.523  -28.303 0.6999999881
33850  -25.777  -47.340  -28.796 0.5000000000
106260  -24.575  -47.871  -28.330 0.6999999881
32966  -25.625  -49.118  -28.767 0.5000000000
29128  -23.030  -52.398  -22.890 0.5000000000
31990  -25.530  -48.994  -27.295 0.6999999881
32955  -24.488  -48.518  -28.097 0.6999999881
32947  -24.440  -48.062  -27.716 0.6999999881
33823  -24.139  -47.732  -27.976 0.6999999881
33822  -23.856  -47.074  -27.815 0.6999999881
34716  -25.859  -46.223  -28.867 0.6000000238
31972  -29.242  -49.533  -24.090 0.6999999881
115288  -28.420  -48.876  -25.143 0.6999999881
31991  -26.506  -49.317  -26.704 0.6999999881
32939  -26.264  -48.316  -26.580 0.6999999881
29145  -22.741  -51.802  -23.418 0.6000000238
28178  -21.339  -53.414  -23.741 0.4000000060
32938  -25.161  -48.223  -27.197 0.6999999881
33836  -24.823  -46.852  -28.534 0.6999999881
35514  -23.783  -45.716  -28.172 0.6999999881
32898  -29.401  -48.841  -23.604 0.6999999881
32926  -27.733  -48.638  -25.601 0.6999999881
32914  -29.003  -48.659  -24.533 0.6999999881
30990  -24.091  -50.587  -22.468 0.6000000238
113522  -27.779  -47.916  -25.496 0.6999999881
33808  -25.706  -47.541  -26.644 0.6999999881
32927  -28.396  -48.195  -25.134 0.6999999881
33783  -28.930  -47.693  -24.625 0.6999999881
29160  -21.886  -51.826  -24.199 0.5000000000
29143  -21.612  -52.646  -24.033 0.5000000000
34677  -24.074  -46.888  -27.361 0.6999999881
32937  -24.683  -47.443  -27.122 0.6999999881
33796  -28.243  -47.399  -25.193 0.6999999881
34704  -23.776  -46.429  -27.960 0.6999999881
33795  -27.439  -47.316  -25.648 0.6999999881
105185  -19.762  -54.079  -24.834 0.4000000060
34678  -24.704  -46.632  -26.829 0.6999999881
34668  -26.955  -46.634  -25.859 0.6999999881
35479  -27.137  -45.813  -25.629 0.6999999881
34705  -24.194  -46.331  -28.310 0.6999999881
34691  -23.762  -46.295  -27.633 0.6999999881
35477  -25.706  -45.442  -26.205 0.6999999881
114729  -26.382  -46.036  -26.071 0.6999999881
34706  -24.956  -46.073  -28.613 0.6999999881
36237  -24.692  -45.304  -26.491 0.6999999881
35517  -26.289  -45.483  -28.829 0.6000000238
35515  -24.501  -45.548  -28.507 0.6999999881
114581  -23.987  -45.100  -28.382 0.6999999881
37066  -26.395  -43.757  -27.565 0.5000000000
36251  -26.768  -44.442  -27.759 0.5000000000
105492  -28.490  -45.478  -27.302 0.4000000060
124705  -27.836  -45.133  -27.460 0.5000000000
33784  -29.358  -47.095  -24.085 0.6999999881
31942  -23.406  -49.362  -22.911 0.6000000238
33809  -26.639  -47.426  -26.176 0.6999999881
30062  -22.399  -51.201  -23.878 0.5000000000
34658  -28.773  -46.799  -24.721 0.6999999881
123457  -25.350  -46.963  -26.631 0.6999999881
35501  -23.504  -45.626  -27.835 0.6999999881
103887  -23.809  -45.159  -26.831 0.6999999881
37065  -25.600  -43.636  -28.008 0.6999999881
35516  -25.428  -45.428  -28.691 0.6999999881
113595  -25.496  -44.249  -28.442 0.6999999881
115939  -24.799  -44.642  -28.551 0.6999999881
32851  -26.471  -48.608  -20.721 0.6999999881
32852  -27.287  -48.232  -20.607 0.6999999881
32853  -27.938  -47.903  -20.657 0.8000000119
33748  -28.817  -47.362  -21.303 0.8000000119
32864  -25.205  -48.833  -21.397 0.6000000238
32865  -25.639  -48.113  -21.106 0.6000000238
33740  -26.472  -47.705  -20.736 0.6000000238
33749  -29.186  -47.426  -21.789 0.8000000119
122923  -24.937  -48.161  -21.583 0.6000000238
33746  -24.427  -47.733  -21.938 0.6000000238
33776  -29.522  -47.377  -23.256 0.6999999881
32863  -24.432  -48.696  -21.952 0.6000000238
111862  -23.080  -49.959  -23.339 0.6000000238
32881  -23.067  -48.407  -23.016 0.6000000238
112248  -22.239  -49.905  -23.884 0.6000000238
34659  -29.227  -46.206  -24.177 0.6999999881
34669  -27.890  -46.476  -25.321 0.6999999881
35489  -24.128  -45.998  -27.031 0.6999999881
35478  -26.527  -45.369  -25.816 0.6999999881
37080  -24.233  -43.846  -28.409 0.8000000119
35488  -23.527  -45.468  -27.375 0.6999999881
36222  -25.317  -44.620  -26.125 0.6999999881
37930  -24.770  -43.262  -28.252 0.8000000119
112616  -23.400  -45.026  -28.087 0.6999999881
36235  -22.875  -44.252  -27.075 0.6999999881
36252  -27.531  -44.505  -27.317 0.5000000000
35491  -29.115  -45.084  -26.819 0.5000000000
37053  -28.810  -43.749  -26.548 0.5000000000
35492  -29.876  -45.068  -26.585 0.4000000060
121589  -25.752  -47.138  -21.115 0.6000000238
33741  -27.361  -47.294  -20.607 0.6999999881
34613  -27.891  -46.561  -20.606 0.8000000119
33742  -28.251  -47.305  -20.801 0.8999999762
33747  -25.063  -47.427  -21.537 0.6000000238
34627  -29.259  -46.687  -21.682 0.8000000119
34641  -29.583  -46.464  -22.517 0.8000000119
32882  -23.818  -48.069  -22.402 0.6000000238
34653  -29.551  -46.486  -23.387 0.8000000119
31019  -21.956  -50.559  -24.258 0.6000000238
31957  -22.613  -49.205  -23.495 0.6000000238
35461  -29.513  -45.694  -23.641 0.6999999881
30074  -21.738  -51.124  -24.514 0.5000000000
122732  -28.406  -45.177  -24.806 0.6999999881
119835  -29.121  -45.239  -24.281 0.6999999881
29158  -20.338  -52.566  -25.382 0.5000000000
31018  -21.101  -50.564  -25.024 0.5000000000
35480  -27.854  -45.494  -25.214 0.6999999881
104015  -27.106  -44.928  -25.450 0.6999999881
37929  -23.795  -43.086  -28.264 0.8000000119
37079  -23.301  -43.731  -28.206 0.8000000119
35487  -23.072  -44.693  -27.581 0.6999999881
114646  -23.470  -44.443  -26.739 0.6999999881
37078  -22.683  -43.606  -27.767 0.6999999881
36238  -28.426  -44.612  -26.904 0.5000000000
34626  -25.751  -46.091  -21.119 0.6999999881
34611  -26.488  -46.788  -20.744 0.6999999881
34612  -27.130  -46.477  -20.542 0.8000000119
121521  -25.187  -46.659  -21.484 0.6999999881
110101  -26.574  -45.932  -20.647 0.8000000119
35436  -29.105  -45.875  -21.180 0.8000000119
33764  -23.907  -47.271  -22.322 0.6000000238
35450  -29.729  -45.700  -22.858 0.6999999881
31956  -21.599  -49.116  -24.192 0.6000000238
32897  -22.019  -48.346  -23.764 0.6000000238
36213  -29.278  -44.300  -24.149 0.8000000119
36204  -29.685  -44.842  -23.430 0.6999999881
31971  -21.289  -49.834  -24.645 0.6000000238
29178  -20.402  -51.721  -25.541 0.4000000060
107629  -26.214  -44.706  -25.787 0.6999999881
36211  -27.970  -44.032  -24.914 0.6999999881
27274  -18.598  -54.414  -24.851 0.4000000060
37038  -25.772  -43.857  -25.701 0.6999999881
36224  -27.393  -44.291  -25.237 0.6999999881
37064  -22.380  -43.528  -27.262 0.8000000119
37051  -24.018  -43.847  -26.316 0.6999999881
37912  -25.435  -42.648  -27.553 0.8000000119
107089  -26.095  -43.128  -27.383 0.6999999881
37914  -26.784  -43.085  -26.935 0.5000000000
37054  -29.655  -43.589  -26.514 0.5000000000
37068  -27.971  -43.826  -26.790 0.5000000000
35493  -30.779  -44.924  -26.676 0.4000000060
35418  -27.398  -45.717  -20.459 0.8000000119
107590  -28.331  -45.841  -20.681 0.8000000119
34625  -24.445  -46.717  -21.940 0.6999999881
34640  -23.465  -46.344  -22.571 0.6999999881
35419  -29.400  -45.079  -21.403 0.8000000119
110297  -28.757  -45.105  -20.744 0.8000000119
34639  -22.495  -46.487  -23.163 0.6000000238
36193  -29.803  -44.862  -22.319 0.8000000119
103025  -21.271  -47.484  -24.017 0.6000000238
37027  -28.713  -43.781  -24.520 0.8999999762
108748  -29.726  -43.893  -23.535 0.8000000119
37040  -27.309  -43.646  -25.206 0.8000000119
37026  -28.061  -43.194  -24.839 0.8000000119
31032  -20.176  -50.762  -25.532 0.5000000000
37885  -26.370  -42.578  -25.352 0.8000000119
37039  -26.522  -43.367  -25.391 0.6999999881
30089  -19.808  -51.380  -25.659 0.4000000060
37911  -23.443  -42.102  -27.846 0.8000000119
37927  -22.127  -42.974  -27.363 0.8000000119
105624  -21.827  -43.014  -27.009 0.8000000119
37897  -22.250  -42.962  -26.596 0.8000000119
37037  -24.808  -43.215  -25.802 0.6999999881
115127  -24.466  -42.553  -27.915 0.8000000119
37049  -22.361  -43.633  -26.975 0.8000000119
36221  -24.908  -43.986  -26.100 0.6999999881
37896  -21.579  -42.387  -26.814 0.8000000119
38882  -24.881  -41.643  -27.413 0.8000000119
37909  -21.435  -42.199  -27.047 0.8000000119
37052  -27.628  -43.091  -26.670 0.6000000238
37913  -26.331  -42.411  -27.008 0.6000000238
35435  -25.339  -45.001  -21.408 0.6000000238
35449  -24.072  -45.563  -22.171 0.6000000238
36165  -27.148  -44.739  -20.314 0.6999999881
35434  -24.507  -44.743  -21.803 0.6000000238
35448  -23.117  -45.057  -22.663 0.6000000238
36184  -29.652  -44.407  -21.589 0.8000000119
33775  -21.441  -46.551  -23.742 0.6000000238
111283  -22.558  -45.571  -22.991 0.6000000238
36167  -29.228  -44.399  -20.884 0.6999999881
32896  -20.844  -48.275  -24.428 0.5000000000
105335  -29.944  -44.193  -22.878 0.8000000119
31969  -19.772  -49.155  -25.063 0.3000000119
37873  -28.623  -42.529  -24.539 0.8000000119
37028  -29.374  -43.485  -24.118 0.8000000119
37886  -27.197  -42.877  -25.185 0.8000000119
37872  -27.828  -42.381  -24.883 0.8000000119
38860  -24.492  -41.477  -25.503 0.8000000119
37910  -22.127  -42.243  -27.537 0.8000000119
37036  -23.508  -43.117  -26.149 0.8000000119
37884  -25.364  -42.274  -25.504 0.8000000119
122025  -25.769  -43.070  -25.492 0.6999999881
37881  -21.882  -41.925  -26.282 0.8000000119
37895  -21.300  -41.601  -26.699 0.8000000119
106161  -25.839  -41.837  -27.127 0.6999999881
37899  -28.245  -42.511  -26.656 0.6000000238
37069  -31.027  -43.419  -27.148 0.3000000119
36163  -25.608  -44.140  -21.047 0.6000000238
36164  -26.370  -44.381  -20.599 0.6999999881
36152  -27.625  -44.001  -19.937 0.6999999881
33744  -20.088  -46.951  -22.108 0.5000000000
35433  -23.606  -44.351  -22.241 0.6000000238
36166  -28.516  -44.344  -20.292 0.6999999881
33774  -20.531  -46.706  -24.195 0.5000000000
34652  -21.389  -45.287  -23.536 0.5000000000
36192  -22.500  -43.823  -22.571 0.6000000238
122680  -29.551  -43.257  -20.833 0.6999999881
32911  -19.272  -47.864  -24.364 0.3000000119
32913  -20.159  -47.385  -24.427 0.5000000000
37000  -29.654  -43.693  -21.270 0.8000000119
37853  -30.133  -42.500  -22.333 0.8000000119
37013  -30.062  -43.377  -22.866 0.8000000119
38851  -29.099  -42.000  -24.330 0.8999999762
119390  -29.441  -42.649  -24.118 0.8000000119
37866  -30.014  -42.552  -23.373 0.8000000119
31031  -19.519  -50.889  -25.399 0.4000000060
38862  -26.278  -41.730  -25.333 0.8999999762
38850  -28.399  -41.849  -24.595 0.8999999762
38881  -23.874  -40.933  -27.502 0.8000000119
38880  -22.531  -41.255  -27.562 0.8000000119
38859  -22.762  -41.728  -25.805 0.8000000119
37883  -24.155  -42.391  -25.724 0.8000000119
107199  -25.861  -41.000  -27.138 0.6999999881
37898  -27.324  -42.201  -26.708 0.6000000238
37916  -29.711  -42.190  -26.974 0.6000000238
37901  -29.907  -42.904  -26.653 0.6000000238
36183  -24.842  -43.861  -21.436 0.6000000238
36151  -26.664  -43.689  -20.084 0.6999999881
36182  -23.971  -43.509  -21.765 0.6000000238
36181  -22.930  -43.164  -22.047 0.6000000238
36984  -28.346  -43.706  -19.841 0.8000000119
35445  -19.404  -44.702  -23.705 0.6000000238
35446  -20.730  -44.020  -23.322 0.5000000000
37012  -21.927  -42.891  -22.292 0.6000000238
34650  -19.088  -46.210  -24.330 0.4000000060
37844  -29.855  -42.839  -21.290 0.6999999881
106631  -19.781  -48.255  -24.669 0.4000000060
103847  -29.962  -43.276  -21.967 0.8000000119
103150  -28.117  -41.157  -24.621 0.8000000119
119824  -30.163  -41.885  -23.059 0.8000000119
39889  -25.145  -40.637  -25.337 0.8999999762
119458  -27.694  -41.735  -24.855 0.8000000119
38844  -29.698  -41.744  -23.818 0.8000000119
39890  -26.134  -40.830  -25.254 0.8000000119
38878  -21.038  -41.218  -26.871 0.8000000119
39886  -21.713  -40.208  -25.738 0.8000000119
117982  -23.585  -41.848  -25.673 0.6999999881
39906  -23.054  -40.182  -27.530 0.8000000119
109638  -23.336  -41.192  -25.564 0.8000000119
105933  -22.191  -41.106  -25.790 0.8000000119
39905  -21.851  -40.407  -27.354 0.8000000119
38884  -27.639  -41.095  -27.169 0.6999999881
38870  -28.139  -41.783  -26.854 0.6999999881
38896  -29.887  -40.904  -28.226 0.6000000238
39919  -30.444  -40.451  -28.953 0.6000000238
38897  -30.579  -41.296  -28.627 0.6000000238
36998  -23.233  -42.440  -21.373 0.6000000238
36971  -26.887  -43.073  -19.486 0.8000000119
33745  -21.741  -47.071  -21.137 0.5000000000
37011  -21.319  -42.768  -22.120 0.5000000000
36985  -29.125  -43.633  -20.398 0.6999999881
35432  -20.280  -44.933  -21.784 0.5000000000
36190  -20.577  -43.552  -22.616 0.5000000000
37822  -28.754  -43.007  -19.642 0.8000000119
34622  -19.801  -45.841  -22.472 0.5000000000
37832  -29.473  -42.849  -20.463 0.8000000119
104190  -29.922  -42.166  -20.758 0.8000000119
108689  -30.105  -42.095  -21.571 0.8000000119
38827  -30.225  -41.474  -22.290 0.8000000119
39878  -28.996  -41.314  -24.311 0.8000000119
119763  -27.123  -41.155  -25.000 0.8000000119
118404  -30.006  -41.238  -23.183 0.8000000119
40905  -21.369  -39.600  -26.918 0.8000000119
39888  -24.033  -40.492  -25.387 0.8000000119
39887  -22.818  -40.351  -25.473 0.8999999762
39907  -25.005  -40.483  -27.322 0.8000000119
122760  -23.422  -39.302  -27.544 0.8000000119
114439  -26.780  -40.542  -27.321 0.6999999881
39910  -29.069  -40.657  -27.961 0.6999999881
39909  -27.641  -40.169  -27.737 0.6999999881
39917  -28.665  -40.006  -28.297 0.6999999881
37818  -24.257  -41.876  -19.956 0.8000000119
36982  -24.597  -42.325  -20.538 0.6000000238
36969  -25.077  -42.177  -20.076 0.6000000238
36970  -25.906  -42.595  -19.812 0.8000000119
33724  -24.859  -47.699  -19.129 0.6000000238
33739  -23.520  -47.324  -20.267 0.5000000000
37843  -22.731  -42.102  -21.007 0.6000000238
37831  -22.842  -42.037  -20.504 0.6000000238
111265  -23.659  -49.141  -17.447 0.6000000238
32827  -24.856  -48.372  -18.455 0.6000000238
35415  -23.092  -44.842  -19.971 0.5000000000
36161  -21.566  -43.087  -20.770 0.5000000000
33702  -21.531  -47.650  -16.993 0.5000000000
32816  -23.070  -48.498  -16.996 0.5000000000
32817  -24.038  -48.350  -17.311 0.6000000238
33713  -25.137  -47.351  -18.269 0.6000000238
34624  -21.403  -45.782  -21.070 0.5000000000
114715  -22.015  -44.108  -20.416 0.5000000000
37812  -28.743  -42.273  -18.889 0.8000000119
37823  -29.525  -42.251  -19.839 0.8000000119
33703  -22.460  -47.794  -16.775 0.5000000000
36160  -20.905  -43.047  -21.404 0.5000000000
33701  -20.708  -47.495  -17.331 0.4000000060
36180  -20.357  -43.669  -22.148 0.5000000000
38806  -30.073  -41.411  -20.230 0.6999999881
39847  -29.945  -40.481  -22.760 0.8000000119
38816  -30.237  -41.467  -21.255 0.6999999881
39875  -26.774  -40.136  -24.901 0.8000000119
39876  -27.732  -40.352  -24.593 0.8000000119
39863  -29.473  -40.732  -23.731 0.8000000119
39862  -28.957  -40.046  -23.822 0.8000000119
115219  -24.229  -38.812  -27.556 0.8999999762
110044  -22.052  -38.569  -27.021 0.8999999762
40894  -22.388  -39.418  -25.438 0.8000000119
39874  -25.770  -39.878  -25.088 0.8000000119
124787  -21.176  -39.376  -26.150 1.0000000000
40895  -23.498  -39.526  -25.266 0.8000000119
39908  -25.980  -40.021  -27.471 0.8000000119
37809  -24.607  -41.936  -19.364 0.8000000119
37819  -25.098  -41.923  -19.595 0.8000000119
37820  -26.005  -42.178  -19.145 0.8000000119
34579  -24.980  -46.542  -17.465 0.6000000238
36968  -23.993  -42.015  -19.565 0.6000000238
36967  -23.398  -41.915  -20.110 0.6000000238
37821  -27.125  -42.689  -18.947 0.8000000119
37811  -27.577  -42.371  -18.499 0.8000000119
33704  -23.501  -47.735  -16.834 0.5000000000
32818  -24.649  -48.135  -17.807 0.6000000238
34600  -24.996  -46.648  -19.026 0.6000000238
120616  -23.184  -42.327  -19.808 0.6000000238
33695  -23.920  -46.870  -16.699 0.5000000000
35405  -24.635  -44.717  -18.911 0.6000000238
122990  -22.918  -42.001  -20.224 0.6000000238
33693  -22.024  -47.063  -16.573 0.4000000060
34568  -22.770  -46.420  -16.311 0.4000000060
34569  -23.875  -46.064  -16.469 0.4000000060
38800  -29.650  -41.590  -19.199 0.6999999881
34567  -21.619  -46.281  -16.402 0.4000000060
35378  -22.183  -45.616  -16.026 0.4000000060
105419  -25.388  -45.729  -17.835 0.4000000060
36120  -22.077  -44.142  -15.676 0.4000000060
111664  -23.712  -45.018  -16.106 0.5000000000
39836  -30.310  -40.699  -21.767 0.6999999881
122833  -21.176  -44.829  -16.122 0.3000000119
36121  -23.065  -43.877  -15.614 0.5000000000
36131  -24.488  -44.840  -16.535 0.5000000000
40883  -28.245  -39.745  -24.093 0.8000000119
40866  -29.388  -40.001  -23.348 0.8000000119
40833  -30.070  -39.832  -21.993 0.8000000119
114625  -23.116  -38.569  -27.381 0.8000000119
41787  -21.437  -38.741  -26.428 1.0000000000
121502  -23.066  -38.767  -25.237 0.8000000119
40879  -24.071  -38.529  -24.857 0.8000000119
40896  -24.673  -39.651  -25.173 0.8000000119
40881  -26.321  -39.187  -24.543 0.8000000119
40882  -27.315  -39.465  -24.353 0.8000000119
41788  -22.829  -37.894  -26.956 1.0000000000
41766  -25.807  -38.198  -24.021 0.8000000119
40907  -25.167  -39.395  -27.536 0.8000000119
41763  -22.606  -37.914  -25.471 0.8000000119
40880  -25.262  -38.862  -24.682 0.8000000119
40908  -26.062  -39.264  -27.619 0.8999999762
40909  -26.948  -39.544  -27.698 0.6999999881
117515  -28.152  -40.006  -28.093 0.6999999881
40915  -29.137  -39.398  -28.462 0.6999999881
40916  -30.133  -39.671  -28.777 0.6999999881
39918  -29.550  -40.141  -28.497 0.6999999881
39926  -31.202  -40.480  -29.826 0.6000000238
40923  -30.824  -39.824  -29.334 0.6999999881
41801  -29.994  -38.940  -28.509 0.6999999881
40924  -31.309  -39.734  -29.981 0.6000000238
34588  -25.298  -46.236  -18.396 0.5000000000
36144  -24.495  -42.381  -18.867 0.8000000119
36961  -24.856  -41.982  -18.709 0.8000000119
109920  -26.628  -42.201  -18.576 0.8000000119
33705  -24.488  -47.529  -17.344 0.5000000000
35399  -25.190  -45.284  -18.372 0.5000000000
35379  -23.193  -45.601  -16.114 0.4000000060
34570  -24.839  -45.582  -16.997 0.5000000000
35390  -24.868  -43.901  -18.365 0.6999999881
108047  -24.144  -43.153  -19.082 0.6999999881
38794  -28.039  -41.857  -18.169 0.6999999881
119448  -28.993  -41.518  -18.425 0.6999999881
39826  -30.166  -40.805  -19.437 0.6999999881
36933  -23.182  -43.180  -15.492 0.5000000000
40829  -30.433  -39.693  -20.525 0.6999999881
40865  -28.751  -39.311  -23.401 0.8000000119
39837  -30.377  -40.141  -21.175 0.6999999881
40864  -27.748  -38.884  -23.699 0.8000000119
41733  -28.497  -37.853  -22.557 0.6999999881
42619  -23.592  -37.603  -25.104 0.8000000119
41767  -26.768  -38.540  -23.900 0.8000000119
41790  -24.822  -38.275  -27.343 0.8999999762
117519  -24.974  -38.786  -27.534 0.8999999762
41789  -23.802  -38.031  -27.292 0.8999999762
42646  -23.568  -37.522  -26.713 0.8000000119
42638  -23.637  -37.295  -25.938 0.8000000119
42620  -24.397  -37.211  -24.609 0.8000000119
112684  -26.550  -38.804  -27.591 0.8999999762
41791  -25.768  -38.336  -27.198 0.8000000119
41798  -27.552  -38.973  -27.885 0.8000000119
38898  -31.219  -41.724  -29.107 0.4000000060
40914  -28.066  -39.504  -28.146 0.8000000119
41819  -31.899  -39.060  -30.887 0.5000000000
37801  -25.289  -41.901  -18.251 0.6999999881
37810  -25.167  -41.867  -18.989 0.8000000119
36958  -25.068  -42.216  -18.072 0.6999999881
38784  -26.453  -41.476  -17.609 0.6999999881
36129  -22.832  -44.820  -15.779 0.4000000060
108103  -24.918  -42.486  -16.713 0.6000000238
38783  -25.734  -41.722  -17.808 0.6999999881
38786  -28.998  -40.888  -17.954 0.6999999881
40816  -29.608  -40.260  -18.057 0.6999999881
39819  -29.717  -40.915  -18.613 0.6999999881
115978  -24.401  -42.747  -16.074 0.5000000000
40826  -30.239  -40.099  -18.754 0.6999999881
39827  -30.462  -40.012  -19.675 0.6999999881
111943  -22.186  -41.981  -15.362 0.3000000119
37769  -22.723  -42.623  -15.392 0.3000000119
114672  -23.816  -41.776  -15.564 0.5000000000
41752  -28.176  -38.332  -23.105 0.6999999881
124389  -30.488  -39.327  -19.948 0.6999999881
40846  -28.966  -38.688  -22.702 0.6999999881
40834  -30.159  -39.324  -21.296 0.6999999881
41723  -29.588  -38.906  -21.990 0.6999999881
112110  -23.973  -37.277  -25.202 0.8000000119
41764  -24.197  -37.634  -24.647 0.8000000119
41765  -24.923  -37.806  -24.258 0.8000000119
105388  -26.238  -37.721  -23.501 0.8000000119
41749  -24.938  -37.157  -24.088 0.8000000119
42647  -25.037  -37.756  -26.871 0.8000000119
41792  -27.267  -38.634  -27.513 0.8000000119
115245  -26.675  -38.293  -27.097 0.8000000119
41794  -28.939  -38.391  -27.756 0.8000000119
41800  -29.270  -38.786  -28.245 0.8000000119
41814  -31.701  -39.014  -30.035 0.6999999881
41802  -30.798  -38.396  -28.446 0.6999999881
41807  -30.799  -39.164  -28.906 0.6999999881
43518  -31.214  -36.660  -28.280 0.6999999881
37802  -25.911  -41.857  -18.366 0.6999999881
38767  -25.514  -41.441  -16.927 0.6000000238
124011  -25.649  -41.677  -17.423 0.6000000238
38768  -25.902  -41.397  -17.283 0.6999999881
39809  -27.171  -40.821  -17.322 0.6999999881
38785  -27.481  -41.386  -17.744 0.6999999881
36948  -24.593  -43.305  -16.424 0.5000000000
36957  -25.081  -42.959  -17.278 0.6000000238
39810  -28.111  -40.795  -17.554 0.6999999881
123978  -28.339  -41.317  -17.937 0.6999999881
37785  -25.194  -41.879  -16.867 0.6000000238
116550  -21.820  -42.671  -15.487 0.3000000119
37784  -24.544  -41.989  -16.060 0.5000000000
39797  -25.870  -40.788  -16.754 0.6000000238
40817  -29.993  -39.697  -18.076 0.6999999881
38765  -24.186  -41.189  -15.702 0.4000000060
38766  -24.892  -41.248  -16.329 0.6000000238
41719  -30.284  -38.826  -20.594 0.6999999881
40827  -30.520  -39.348  -19.190 0.6999999881
40761  -22.966  -39.492  -15.245 0.3000000119
107951  -29.435  -38.056  -21.633 0.6999999881
41750  -25.572  -37.326  -23.668 0.8000000119
42607  -26.250  -37.110  -23.223 0.8000000119
41732  -27.779  -37.525  -22.824 0.6999999881
42594  -28.925  -37.436  -22.126 0.6999999881
43496  -25.194  -36.753  -24.572 0.8000000119
42648  -25.945  -37.854  -26.590 0.8000000119
42639  -25.189  -37.331  -26.088 0.8000000119
42631  -24.559  -37.076  -25.396 0.8000000119
42621  -25.037  -36.869  -24.160 0.8000000119
42649  -27.584  -38.205  -27.023 0.8000000119
42641  -27.556  -37.093  -25.589 0.8000000119
43498  -27.063  -36.514  -24.746 0.8000000119
121425  -27.561  -36.273  -24.345 0.8000000119
43499  -28.120  -36.431  -25.148 0.8000000119
41815  -32.268  -38.420  -30.508 0.6000000238
41809  -32.163  -38.334  -29.729 0.6999999881
42656  -30.721  -37.494  -28.053 0.8000000119
44436  -31.519  -35.933  -28.637 0.6999999881
43523  -32.034  -36.707  -28.790 0.6000000238
42662  -32.227  -37.662  -29.203 0.6000000238
39796  -25.279  -40.584  -16.316 0.6000000238
40800  -27.872  -40.029  -17.065 0.6999999881
40801  -28.851  -40.172  -17.494 0.6999999881
40788  -28.905  -39.220  -17.056 0.6999999881
109513  -24.045  -39.527  -15.376 0.4000000060
39795  -24.570  -40.439  -15.748 0.4000000060
40785  -25.790  -39.888  -16.272 0.5000000000
41646  -25.777  -38.989  -15.834 0.5000000000
40818  -30.352  -39.252  -18.380 0.6999999881
39794  -23.660  -40.383  -15.380 0.3000000119
41734  -29.093  -38.188  -22.206 0.6999999881
41707  -30.632  -38.480  -18.744 0.6999999881
106902  -23.386  -38.589  -15.370 0.3000000119
117257  -23.877  -37.833  -15.623 0.3000000119
123908  -30.334  -38.138  -20.283 0.6999999881
42583  -29.566  -37.199  -21.436 0.6999999881
42579  -30.258  -37.441  -20.551 0.6999999881
43471  -25.602  -36.856  -23.604 0.8000000119
42593  -28.105  -37.072  -22.546 0.6999999881
43451  -29.684  -36.329  -21.685 0.6999999881
42632  -25.511  -36.867  -25.240 0.8000000119
43497  -26.062  -36.539  -24.534 0.8000000119
119974  -30.006  -35.578  -21.938 0.6999999881
42640  -26.018  -37.396  -25.875 0.8000000119
43483  -25.777  -36.588  -23.932 0.8000000119
104642  -26.464  -36.645  -23.363 0.8000000119
118187  -27.156  -36.582  -23.173 0.8000000119
104859  -29.294  -35.935  -22.392 0.8000000119
114060  -26.927  -37.693  -26.262 0.8000000119
43485  -27.617  -36.245  -23.732 0.8000000119
44399  -29.196  -35.624  -23.107 0.8000000119
110243  -28.004  -37.628  -26.392 0.8000000119
44409  -28.300  -36.024  -24.394 0.8000000119
113621  -29.354  -35.326  -23.835 0.8000000119
42650  -28.484  -38.019  -27.089 0.8000000119
43506  -28.448  -36.968  -25.991 0.8000000119
44417  -28.879  -35.806  -25.188 0.8000000119
45412  -29.676  -34.918  -24.521 0.8000000119
111066  -29.386  -37.571  -27.169 0.8000000119
42651  -30.154  -37.298  -27.545 0.8000000119
42668  -32.706  -37.698  -30.954 0.5000000000
42663  -32.597  -37.664  -30.060 0.6000000238
43517  -30.530  -36.580  -27.779 0.8000000119
43529  -33.024  -36.796  -30.555 0.6000000238
43524  -32.611  -36.689  -29.621 0.6000000238
40786  -26.439  -40.148  -16.625 0.6999999881
40799  -26.990  -40.331  -16.911 0.6999999881
41674  -28.024  -39.104  -16.677 0.6999999881
40789  -29.624  -38.916  -17.276 0.6999999881
41673  -26.533  -39.208  -16.281 0.5000000000
41675  -28.836  -38.343  -16.650 0.6999999881
41645  -25.147  -38.654  -15.636 0.4000000060
42495  -25.651  -38.068  -15.846 0.4000000060
40803  -30.046  -39.130  -17.678 0.6999999881
110003  -24.405  -37.233  -15.999 0.3000000119
115025  -25.146  -37.417  -15.951 0.3000000119
42496  -26.484  -37.731  -16.177 0.5000000000
42543  -30.282  -37.593  -17.193 0.6999999881
42573  -30.825  -37.544  -18.548 0.6999999881
43379  -25.065  -36.644  -16.337 0.3000000119
112154  -30.834  -37.011  -19.179 0.6999999881
43440  -30.955  -36.231  -19.318 0.6999999881
43457  -27.853  -36.644  -22.878 0.8000000119
43458  -28.802  -36.651  -22.270 0.6999999881
43448  -30.208  -36.633  -20.865 0.6999999881
44379  -30.467  -35.181  -21.465 0.6999999881
42633  -26.505  -36.953  -25.325 0.8000000119
44384  -28.529  -36.192  -22.870 0.6999999881
44385  -29.781  -35.275  -22.640 0.8000000119
45399  -29.746  -35.000  -23.329 0.8000000119
44410  -29.050  -35.544  -24.455 0.8000000119
120391  -29.870  -34.778  -23.936 0.8000000119
43507  -29.180  -36.788  -26.524 0.8000000119
42642  -28.735  -37.422  -26.611 0.8000000119
43500  -28.889  -36.180  -25.917 0.8000000119
45419  -29.502  -35.152  -25.210 0.8000000119
45413  -30.287  -34.262  -24.395 0.8000000119
43512  -29.876  -36.498  -27.150 0.8000000119
103393  -29.434  -35.482  -25.915 0.8000000119
46281  -30.552  -33.780  -25.120 0.8000000119
44435  -30.728  -35.697  -28.225 0.8000000119
114652  -27.332  -38.935  -16.465 0.6000000238
41672  -24.405  -38.670  -15.452 0.3000000119
41648  -27.943  -38.354  -16.489 0.6000000238
41647  -27.031  -38.327  -16.281 0.5000000000
42521  -28.642  -37.474  -16.481 0.6999999881
115335  -29.875  -37.674  -16.936 0.6999999881
42497  -27.658  -37.730  -16.370 0.6000000238
42498  -29.283  -36.672  -16.474 0.6999999881
42522  -29.521  -37.393  -16.653 0.6999999881
42519  -25.795  -37.227  -16.175 0.3000000119
42499  -29.757  -36.582  -16.488 0.6999999881
43378  -24.075  -36.530  -16.523 0.3000000119
44330  -26.280  -34.929  -17.024 0.3000000119
43385  -30.334  -36.618  -16.738 0.6999999881
113934  -30.740  -37.194  -17.658 0.6999999881
45344  -24.490  -34.046  -18.197 0.3000000119
45315  -24.850  -34.534  -17.658 0.3000000119
44329  -25.314  -35.189  -17.143 0.3000000119
45317  -26.582  -34.137  -17.361 0.3000000119
46210  -24.145  -33.542  -18.689 0.3000000119
43449  -30.683  -36.061  -20.301 0.6999999881
44374  -30.820  -35.177  -20.606 0.6999999881
45389  -30.154  -34.718  -22.867 0.8000000119
45400  -30.314  -34.368  -23.508 0.8000000119
44423  -29.501  -35.908  -26.558 0.8000000119
45426  -29.834  -35.114  -26.625 0.8000000119
45427  -29.927  -34.772  -25.939 0.8000000119
110505  -30.337  -33.963  -25.960 0.8000000119
45420  -30.067  -34.477  -25.201 0.8000000119
44429  -30.237  -35.851  -27.639 0.8000000119
46286  -30.034  -34.347  -26.673 0.8000000119
44442  -31.210  -35.121  -28.896 0.6000000238
43360  -28.902  -36.581  -16.431 0.6000000238
42523  -30.167  -37.117  -16.829 0.6999999881
43407  -26.408  -35.726  -16.641 0.4000000060
43384  -29.049  -36.112  -16.232 0.6000000238
43362  -29.985  -36.282  -16.317 0.6999999881
44333  -29.155  -35.479  -16.373 0.4000000060
114123  -30.534  -35.929  -16.852 0.6999999881
43410  -30.767  -36.453  -17.452 0.6999999881
43425  -30.956  -36.622  -18.381 0.6999999881
46184  -26.967  -33.438  -17.535 0.3000000119
45294  -29.664  -34.130  -16.484 0.4000000060
44334  -30.444  -35.107  -16.716 0.6000000238
44365  -31.174  -35.387  -18.805 0.6999999881
45373  -31.220  -34.800  -19.640 0.6999999881
45384  -30.827  -34.458  -21.382 0.6999999881
46273  -30.780  -33.606  -24.459 0.8000000119
123795  -30.760  -33.351  -25.682 0.8000000119
44428  -29.947  -35.475  -27.196 0.8000000119
118260  -30.235  -33.728  -26.689 0.8000000119
46291  -29.888  -33.862  -27.290 0.8000000119
44443  -32.132  -35.629  -29.331 0.6000000238
45438  -30.350  -34.783  -28.528 0.8000000119
45446  -31.689  -34.638  -29.732 0.6000000238
45445  -30.681  -34.367  -29.221 0.6999999881
43359  -28.130  -37.088  -16.402 0.6000000238
43383  -28.497  -36.528  -16.436 0.6000000238
43361  -29.389  -36.055  -16.308 0.6000000238
110868  -27.933  -34.554  -16.710 0.3000000119
44307  -30.065  -35.673  -16.189 0.6000000238
45318  -27.554  -33.976  -17.161 0.3000000119
45319  -28.944  -34.644  -16.420 0.3000000119
45320  -29.922  -34.977  -16.294 0.5000000000
46171  -29.564  -33.563  -16.746 0.3000000119
44350  -30.895  -34.748  -17.689 0.6999999881
120262  -26.183  -32.362  -18.409 0.3000000119
47016  -27.356  -32.817  -17.713 0.3000000119
45345  -30.766  -33.771  -17.665 0.4000000060
45359  -31.208  -34.368  -18.620 0.6999999881
47058  -26.020  -31.763  -18.900 0.3000000119
45360  -31.350  -33.827  -19.451 0.6000000238
118163  -31.265  -33.716  -21.025 0.6000000238
120346  -31.390  -33.604  -20.275 0.6000000238
123343  -30.707  -34.284  -22.035 0.8000000119
46248  -31.060  -33.733  -21.931 0.6999999881
47086  -31.460  -33.064  -21.448 0.6000000238
111773  -30.621  -34.142  -22.656 0.8000000119
115854  -30.687  -33.831  -23.918 0.8000000119
46263  -30.784  -33.764  -23.337 0.8000000119
46255  -31.146  -33.405  -22.785 0.6999999881
47095  -31.648  -32.556  -22.797 0.6999999881
106870  -31.420  -33.048  -22.172 0.6999999881
46264  -31.241  -33.106  -23.809 0.8000000119
47107  -31.783  -32.126  -23.565 0.6999999881
47114  -31.116  -33.023  -24.985 0.8000000119
47115  -31.577  -32.244  -24.440 0.6999999881
45433  -29.894  -34.588  -27.432 0.8000000119
46292  -30.229  -33.198  -27.091 0.8000000119
103165  -30.601  -33.246  -26.366 0.8000000119
45437  -29.781  -34.403  -28.203 0.8000000119
47138  -30.122  -32.620  -27.446 0.8000000119
44434  -30.079  -35.102  -27.890 0.8000000119
45444  -29.825  -34.147  -28.845 0.6999999881
45454  -31.620  -34.215  -30.494 0.6000000238
46309  -30.044  -33.792  -29.544 0.6999999881
45321  -30.265  -34.129  -16.757 0.5000000000
46185  -28.026  -33.319  -17.311 0.3000000119
46187  -29.588  -33.241  -16.998 0.4000000060
47017  -28.342  -32.671  -17.493 0.3000000119
45346  -31.121  -33.535  -18.458 0.5000000000
48058  -27.980  -31.549  -18.344 0.3000000119
47041  -29.476  -32.003  -17.784 0.3000000119
46214  -31.227  -32.920  -18.862 0.6000000238
46227  -31.449  -33.021  -19.782 0.6000000238
48074  -27.431  -31.054  -18.988 0.3000000119
48060  -29.774  -31.401  -18.326 0.3000000119
48073  -26.560  -31.214  -19.251 0.3000000119
46238  -31.498  -33.031  -20.620 0.6000000238
109044  -25.879  -31.324  -19.494 0.3000000119
105942  -31.668  -32.376  -21.856 0.6999999881
47131  -30.659  -32.424  -26.756 0.8000000119
47124  -31.419  -32.115  -25.317 0.6999999881
48138  -31.759  -31.557  -24.842 0.6999999881
48149  -31.213  -31.825  -26.126 0.6999999881
48167  -30.299  -31.885  -27.453 0.6999999881
103255  -29.615  -33.903  -27.990 0.8000000119
108194  -29.645  -33.212  -27.868 0.6999999881
46329  -32.264  -33.771  -32.264 0.6000000238
109159  -29.540  -33.847  -28.572 0.6999999881
46308  -29.213  -33.552  -29.149 0.6999999881
46300  -29.308  -33.386  -28.608 0.6999999881
46319  -30.413  -33.425  -30.324 0.6999999881
48208  -26.404  -31.896  -30.933 0.5000000000
108659  -27.103  -31.766  -31.187 0.5000000000
47059  -31.291  -32.275  -19.333 0.6000000238
110497  -31.324  -31.765  -19.698 0.6000000238
48098  -31.789  -31.544  -21.328 0.6000000238
106987  -31.975  -31.622  -22.340 0.6999999881
122123  -31.936  -31.945  -22.977 0.6999999881
48109  -24.072  -30.702  -22.056 0.3000000119
121070  -31.996  -31.433  -24.092 0.6999999881
47137  -29.696  -32.349  -28.005 0.6999999881
48159  -31.330  -30.931  -26.255 0.6999999881
48150  -31.620  -31.262  -25.514 0.6000000238
48158  -30.814  -31.432  -26.831 0.6999999881
48175  -29.121  -31.998  -28.540 0.6999999881
46299  -28.706  -33.029  -29.132 0.6999999881
46320  -31.205  -33.698  -30.806 0.6000000238
46328  -31.551  -33.386  -31.584 0.5000000000
46318  -29.400  -33.316  -29.938 0.6999999881
47159  -27.971  -32.664  -30.130 0.6999999881
112874  -28.867  -32.831  -30.358 0.6999999881
47168  -28.382  -32.317  -30.804 0.6000000238
48062  -30.976  -31.582  -19.161 0.5000000000
48076  -31.163  -31.236  -19.673 0.4000000060
48090  -31.510  -31.486  -20.361 0.6000000238
49055  -31.218  -30.666  -20.024 0.5000000000
49070  -31.649  -30.708  -20.817 0.6000000238
49084  -32.005  -30.772  -21.666 0.6000000238
49092  -24.533  -30.265  -22.638 0.3000000119
119027  -25.383  -30.281  -21.725 0.3000000119
48127  -32.135  -31.398  -23.200 0.6999999881
49123  -32.074  -30.702  -24.778 0.6000000238
49110  -32.305  -30.481  -23.606 0.6000000238
118760  -30.381  -31.016  -27.480 0.6000000238
47144  -29.110  -32.809  -28.578 0.6999999881
48166  -29.821  -31.492  -28.018 0.6000000238
48174  -28.420  -31.641  -28.998 0.6000000238
46317  -28.593  -33.041  -29.661 0.6999999881
47160  -29.861  -32.938  -30.696 0.6999999881
46327  -30.791  -33.094  -31.114 0.6000000238
47171  -31.297  -32.579  -31.869 0.5000000000
47170  -30.394  -32.454  -31.358 0.6000000238
48212  -30.840  -31.896  -31.857 0.5000000000
47169  -29.432  -32.367  -31.059 0.5000000000
48209  -28.034  -31.722  -31.302 0.5000000000
48210  -29.096  -31.696  -31.484 0.5000000000
49185  -26.503  -31.236  -31.328 0.5000000000
49964  -30.737  -30.160  -19.836 0.4000000060
122289  -31.161  -29.300  -20.736 0.4000000060
49972  -28.776  -29.418  -20.275 0.4000000060
49093  -25.228  -29.998  -22.346 0.3000000119
50001  -25.765  -29.456  -22.675 0.3000000119
107626  -27.026  -29.262  -21.499 0.3000000119
50909  -25.452  -28.527  -23.422 0.3000000119
105883  -32.277  -29.858  -24.321 0.6000000238
49140  -31.386  -30.076  -26.345 0.5000000000
50033  -32.090  -29.748  -25.130 0.6000000238
49139  -30.900  -30.529  -26.921 0.6000000238
123168  -29.931  -30.732  -27.997 0.6000000238
50053  -31.000  -29.635  -26.987 0.6000000238
106558  -29.295  -31.028  -28.500 0.6000000238
110275  -29.654  -30.117  -28.305 0.6000000238
47143  -28.433  -32.494  -29.076 0.6999999881
49153  -28.640  -30.254  -28.962 0.6000000238
47150  -27.361  -32.288  -30.038 0.6999999881
47158  -27.279  -32.202  -30.655 0.5000000000
48207  -25.780  -31.572  -31.019 0.5000000000
49963  -30.111  -29.859  -19.704 0.4000000060
49975  -31.303  -29.894  -20.525 0.4000000060
49974  -30.600  -29.421  -20.377 0.4000000060
105496  -31.751  -30.112  -21.199 0.5000000000
49990  -29.961  -28.698  -20.649 0.4000000060
103865  -32.087  -29.982  -21.861 0.4000000060
50003  -32.311  -29.777  -22.675 0.5000000000
50002  -26.385  -29.016  -22.591 0.3000000119
50892  -26.714  -28.359  -22.650 0.3000000119
50878  -26.950  -28.856  -22.137 0.4000000060
50019  -32.342  -29.391  -23.516 0.4000000060
50893  -27.612  -28.247  -22.110 0.4000000060
50044  -31.711  -29.670  -25.807 0.5000000000
49148  -30.375  -30.079  -27.622 0.6000000238
50942  -31.089  -28.733  -26.977 0.5000000000
107070  -28.767  -29.076  -28.910 0.6000000238
48186  -27.739  -32.169  -29.534 0.6000000238
123115  -27.597  -30.317  -29.370 0.6000000238
48185  -26.871  -31.860  -29.888 0.5000000000
48197  -26.565  -31.921  -30.421 0.5000000000
48195  -25.199  -31.272  -30.868 0.5000000000
49184  -25.428  -31.040  -31.180 0.5000000000
50101  -26.198  -30.146  -31.453 0.5000000000
49973  -29.622  -29.326  -20.225 0.4000000060
49992  -31.601  -29.343  -21.236 0.4000000060
105521  -31.653  -28.505  -21.769 0.4000000060
109297  -32.043  -29.274  -21.996 0.4000000060
49991  -30.954  -28.696  -20.973 0.4000000060
114378  -32.181  -28.870  -22.614 0.4000000060
50911  -32.180  -28.450  -23.400 0.4000000060
50910  -26.128  -28.100  -23.189 0.3000000119
109955  -31.897  -28.069  -24.841 0.4000000060
51813  -25.472  -27.590  -23.461 0.3000000119
50943  -31.446  -28.371  -26.261 0.4000000060
50063  -30.528  -29.117  -27.541 0.5000000000
51848  -31.071  -27.830  -26.865 0.4000000060
50069  -29.413  -29.274  -28.495 0.6000000238
50952  -30.553  -28.207  -27.493 0.5000000000
50951  -29.967  -28.644  -28.036 0.5000000000
49161  -26.520  -30.985  -29.643 0.6000000238
50979  -28.028  -29.364  -29.275 0.6000000238
50080  -27.002  -29.716  -29.485 0.6000000238
48183  -25.223  -31.219  -30.460 0.5000000000
49173  -24.679  -30.797  -30.574 0.5000000000
50999  -25.812  -29.096  -31.455 0.5000000000
54549  -23.476  -24.683  -24.424 0.3000000119
54551  -25.096  -24.255  -23.919 0.4000000060
55416  -25.933  -23.964  -23.705 0.4000000060
50978  -27.393  -28.655  -29.362 0.5000000000
55423  -23.815  -23.709  -24.477 0.4000000060
106577  -26.260  -28.975  -29.500 0.5000000000
52800  -28.447  -26.535  -28.402 0.5000000000
124307  -29.171  -26.415  -27.996 0.5000000000
109844  -27.828  -26.984  -28.791 0.5000000000
50078  -24.610  -30.097  -29.872 0.5000000000
113710  -25.035  -29.266  -29.659 0.6000000238
50099  -24.297  -29.790  -30.802 0.6000000238
50997  -23.874  -28.936  -30.632 0.5000000000
50998  -24.563  -29.055  -31.211 0.6000000238
114074  -25.352  -28.032  -31.341 0.4000000060
117802  -24.624  -23.784  -24.246 0.4000000060
54540  -26.560  -24.593  -23.375 0.4000000060
51887  -26.649  -27.955  -29.433 0.5000000000
51886  -25.815  -27.341  -29.500 0.5000000000
50977  -25.370  -28.295  -29.598 0.5000000000
115634  -25.142  -26.894  -29.648 0.5000000000
52812  -25.963  -26.482  -29.331 0.5000000000
50077  -23.896  -29.456  -30.018 0.5000000000
50976  -24.111  -28.719  -29.834 0.5000000000
114768  -24.868  -26.539  -31.320 0.4000000060
51897  -24.114  -27.989  -30.486 0.5000000000
115581  -24.302  -28.280  -30.953 0.5000000000
55426  -26.213  -23.056  -23.919 0.4000000060
56390  -24.519  -22.301  -24.572 0.4000000060
52813  -26.943  -26.958  -29.165 0.5000000000
51884  -24.508  -26.956  -29.993 0.4000000060
52824  -24.311  -26.968  -30.444 0.4000000060
52838  -24.430  -26.491  -30.918 0.5000000000
52839  -24.718  -25.977  -31.323 0.3000000119
53734  -27.121  -25.572  -28.716 0.4000000060
52811  -25.023  -26.184  -29.687 0.4000000060
120824  -24.354  -25.430  -30.822 0.5000000000
54637  -24.547  -24.961  -31.134 0.4000000060
54624  -24.428  -24.979  -30.704 0.4000000060
55529  -26.217  -22.895  -32.189 0.4000000060
52810  -24.468  -26.151  -30.218 0.4000000060
54638  -24.696  -24.155  -31.270 0.4000000060
55494  -26.273  -23.620  -29.238 0.4000000060
55527  -25.127  -22.694  -32.115 0.4000000060
55528  -25.381  -23.092  -32.238 0.4000000060
56490  -25.682  -22.152  -32.414 0.4000000060
56491  -26.702  -22.255  -32.237 0.4000000060
54626  -25.395  -23.944  -29.822 0.4000000060
55506  -24.873  -23.582  -30.877 0.3000000119
55519  -25.029  -22.796  -31.565 0.4000000060
55507  -25.574  -23.001  -30.285 0.4000000060
122105  -26.448  -22.947  -29.406 0.4000000060
56482  -25.380  -22.126  -31.500 0.3000000119
123401  -25.101  -22.346  -31.982 0.4000000060
57396  -25.745  -21.377  -32.059 0.4000000060
57404  -25.983  -21.379  -32.446 0.5000000000
56471  -26.216  -22.279  -30.154 0.4000000060
57386  -25.973  -21.568  -31.116 0.4000000060
108589  -29.301  -47.763  -22.103 0.6999999881
31004  -22.737  -50.586  -23.608 0.6000000238
109428  -24.905  -45.834  -21.658 0.6000000238
35416  -26.096  -45.149  -20.950 0.6000000238
35417  -26.723  -45.226  -20.554 0.6999999881
113737  -29.785  -43.188  -23.637 0.8000000119
113532  -19.133  -47.792  -23.530 0.4000000060
38879  -21.460  -41.401  -27.223 0.8000000119
34609  -22.529  -46.618  -20.640 0.5000000000
109306  -28.037  -42.860  -18.924 0.8000000119
123437  -24.458  -46.283  -16.864 0.5000000000
38793  -26.955  -41.885  -18.090 0.6999999881
41751  -27.100  -37.812  -23.197 0.6999999881
40787  -27.181  -39.637  -16.647 0.6999999881
41676  -29.519  -38.296  -16.953 0.6999999881
45295  -30.047  -34.559  -16.271 0.6000000238
108075  -31.020  -35.549  -19.756 0.6999999881
45374  -31.194  -34.295  -20.422 0.6000000238
43382  -27.715  -36.507  -16.452 0.6000000238
46188  -30.039  -33.320  -17.066 0.5000000000
49131  -31.733  -30.407  -25.656 0.6000000238
50100  -25.041  -30.065  -31.252 0.5000000000
32016  -25.389  -49.858  -28.601 0.5000000000
113779  -26.635  -46.590  -29.183 0.5000000000
30049  -23.514  -51.779  -22.774 0.5000000000
32915  -29.389  -47.981  -23.926 0.6999999881
34667  -26.151  -46.799  -26.337 0.6999999881
36236  -24.363  -44.564  -26.414 0.6999999881
34679  -25.569  -46.294  -26.440 0.6999999881
107033  -25.809  -44.813  -28.631 0.6999999881
35502  -27.187  -45.108  -27.936 0.5000000000
36268  -26.088  -44.320  -28.208 0.6000000238
37067  -27.165  -43.792  -27.141 0.5000000000
108614  -23.776  -48.844  -22.507 0.6000000238
109224  -28.587  -45.897  -24.783 0.6999999881
37081  -25.014  -43.898  -28.464 0.6999999881
33765  -29.445  -47.202  -22.396 0.8000000119
36239  -29.373  -44.387  -26.558 0.4000000060
34614  -28.660  -46.618  -21.007 0.8000000119
33763  -23.226  -47.377  -22.783 0.6000000238
32880  -22.333  -47.480  -23.396 0.6000000238
37928  -22.868  -42.894  -27.974 0.8000000119
35437  -29.586  -45.794  -21.933 0.6999999881
31970  -20.478  -49.070  -24.853 0.5000000000
115812  -28.869  -43.126  -24.441 0.8000000119
109904  -28.351  -43.198  -26.576 0.5000000000
104926  -27.950  -45.012  -20.356 0.6999999881
105656  -29.923  -43.971  -22.160 0.8000000119
38883  -26.631  -41.498  -26.974 0.6999999881
37900  -29.104  -42.847  -26.579 0.6000000238
35447  -21.918  -44.415  -23.021 0.6000000238
39885  -21.146  -40.052  -26.204 0.8000000119
37915  -28.882  -41.959  -26.864 0.6000000238
37918  -31.143  -42.816  -27.771 0.4000000060
33762  -19.912  -47.775  -22.434 0.3000000119
35460  -20.175  -44.675  -23.823 0.5000000000
117859  -19.291  -45.607  -24.396 0.5000000000
33773  -19.634  -46.398  -24.429 0.5000000000
32877  -18.973  -48.496  -23.821 0.4000000060
123585  -24.167  -39.851  -27.506 0.8000000119
36983  -25.664  -43.136  -20.489 0.6000000238
36999  -24.253  -42.646  -21.197 0.6000000238
36972  -27.789  -43.309  -19.346 0.8000000119
36997  -22.144  -42.419  -21.658 0.5000000000
34638  -19.093  -45.464  -23.671 0.4000000060
35431  -19.693  -44.602  -22.888 0.5000000000
36179  -19.808  -44.032  -23.055 0.5000000000
39877  -28.651  -40.530  -24.261 0.8000000119
105051  -28.305  -40.488  -27.762 0.6999999881
36981  -23.561  -41.951  -20.625 0.6000000238
33738  -22.705  -47.682  -20.803 0.5000000000
34623  -20.678  -46.416  -21.585 0.5000000000
36996  -21.527  -42.562  -21.607 0.5000000000
110573  -24.295  -48.010  -19.777 0.5000000000
34610  -23.425  -46.186  -20.117 0.6000000238
105343  -24.323  -46.973  -19.652 0.6000000238
36980  -22.367  -42.353  -20.558 0.5000000000
31882  -24.408  -48.882  -17.863 0.6000000238
35414  -22.244  -45.333  -20.500 0.5000000000
36162  -22.556  -43.318  -20.071 0.6000000238
35413  -21.005  -44.107  -21.073 0.5000000000
34578  -21.123  -46.901  -16.863 0.4000000060
38807  -30.356  -40.859  -20.955 0.6999999881
41776  -21.781  -38.351  -25.830 0.8999999762
122040  -25.023  -45.784  -18.863 0.6000000238
34599  -24.312  -45.677  -19.445 0.6000000238
35404  -23.670  -44.006  -19.441 0.6000000238
35380  -24.044  -45.452  -16.373 0.4000000060
35389  -25.298  -44.885  -17.711 0.5000000000
124519  -25.038  -44.677  -17.056 0.5000000000
39831  -30.361  -40.510  -20.329 0.6999999881
36130  -24.008  -44.208  -16.040 0.5000000000
40847  -29.501  -39.530  -22.729 0.6999999881
42637  -22.795  -37.560  -26.257 0.8000000119
109781  -31.256  -39.286  -29.453 0.6999999881
36140  -24.924  -42.778  -18.162 0.6999999881
37770  -23.713  -42.535  -15.589 0.5000000000
36932  -22.353  -43.349  -15.507 0.4000000060
37786  -25.468  -41.855  -17.532 0.6000000238
37800  -25.194  -42.144  -17.533 0.6000000238
116151  -24.841  -44.013  -16.759 0.5000000000
113929  -23.059  -41.900  -15.357 0.3000000119
118320  -29.879  -38.615  -21.304 0.6999999881
41716  -30.513  -38.664  -19.721 0.6999999881
38755  -23.334  -41.160  -15.360 0.3000000119
41793  -28.041  -38.577  -27.661 0.8999999762
42655  -29.928  -38.168  -27.932 0.8000000119
42657  -31.514  -37.631  -28.558 0.6000000238
41808  -31.572  -38.573  -29.117 0.6000000238
39808  -26.426  -40.876  -17.057 0.6999999881
40784  -25.046  -39.552  -15.693 0.4000000060
41718  -29.905  -38.022  -20.940 0.6999999881
42592  -27.132  -36.939  -22.902 0.8000000119
40802  -29.527  -39.596  -17.572 0.6999999881
114598  -26.290  -38.467  -16.051 0.5000000000
41694  -30.417  -38.606  -17.876 0.6999999881
42580  -30.645  -37.751  -19.576 0.6999999881
109602  -30.645  -36.865  -19.991 0.6999999881
43452  -30.329  -35.845  -21.165 0.6999999881
122622  -27.071  -36.425  -23.421 0.8000000119
43472  -27.720  -36.347  -23.236 0.8000000119
44398  -28.531  -35.920  -23.607 0.8000000119
42518  -24.782  -37.968  -15.673 0.3000000119
41677  -30.028  -38.359  -17.299 0.6999999881
42560  -30.671  -38.002  -17.877 0.6999999881
43358  -27.173  -37.203  -16.355 0.5000000000
42520  -26.443  -37.026  -16.326 0.4000000060
44331  -27.185  -35.151  -16.713 0.3000000119
110234  -27.086  -34.563  -17.020 0.3000000119
45316  -25.696  -34.342  -17.485 0.3000000119
43409  -28.357  -35.973  -16.473 0.6000000238
44292  -29.957  -36.073  -16.205 0.6000000238
44332  -28.156  -35.269  -16.543 0.4000000060
107667  -30.918  -35.761  -17.786 0.6999999881
123182  -31.039  -36.015  -18.606 0.6999999881
47123  -31.072  -32.709  -25.912 0.8000000119
106142  -31.032  -33.880  -29.939 0.6000000238
45293  -28.737  -33.846  -16.753 0.3000000119
46172  -29.819  -33.752  -16.575 0.5000000000
47039  -27.672  -32.212  -17.985 0.3000000119
46213  -30.600  -32.826  -17.906 0.5000000000
104702  -31.616  -32.313  -20.969 0.6000000238
47018  -29.219  -32.604  -17.331 0.3000000119
119341  -26.932  -31.793  -18.544 0.3000000119
49052  -27.891  -30.449  -19.495 0.3000000119
47075  -31.485  -32.322  -20.131 0.6000000238
49094  -32.249  -30.681  -22.553 0.6999999881
47151  -28.127  -32.604  -29.631 0.6999999881
48075  -30.677  -30.899  -19.357 0.4000000060
49162  -27.596  -31.310  -29.411 0.6000000238
48211  -30.092  -31.719  -31.626 0.6000000238
111343  -28.845  -30.673  -31.828 0.4000000060
115973  -30.280  -30.431  -19.384 0.4000000060
49988  -27.874  -29.288  -20.780 0.4000000060
49987  -26.420  -29.399  -22.098 0.3000000119
50018  -25.314  -29.212  -23.292 0.3000000119
50891  -25.996  -28.825  -23.044 0.3000000119
112126  -32.196  -28.916  -24.424 0.5000000000
50054  -31.441  -29.232  -26.339 0.5000000000
106805  -27.372  -27.671  -22.470 0.4000000060
113975  -31.822  -28.868  -25.507 0.5000000000
50894  -31.866  -28.016  -22.571 0.4000000060
124578  -31.656  -28.036  -25.601 0.4000000060
50079  -25.776  -30.066  -29.616 0.6000000238
54550  -24.320  -24.481  -24.218 0.3000000119
51872  -27.654  -27.705  -29.131 0.5000000000
54625  -24.758  -24.432  -30.366 0.4000000060
108679  -25.321  -24.700  -29.612 0.4000000060
114158  -26.278  -21.485  -32.507 0.4000000060
57406  -27.314  -20.413  -32.650 0.3000000119
28180  -28.125  -54.261  -23.877 0.5000000000
28195  -28.006  -54.043  -24.735 0.5000000000
27242  -27.385  -54.624  -21.346 0.4000000060
28166  -28.146  -53.810  -22.054 0.5000000000
27256  -27.924  -54.503  -22.127 0.5000000000
28181  -28.464  -53.698  -23.271 0.5000000000
114426  -28.690  -53.108  -23.780 0.6000000238
29162  -28.517  -52.898  -24.515 0.6000000238
28154  -27.779  -53.870  -21.529 0.5000000000
28153  -27.016  -53.673  -20.922 0.5000000000
28155  -28.174  -53.277  -21.756 0.5000000000
29146  -28.907  -52.925  -23.001 0.5000000000
29112  -27.079  -52.618  -20.993 0.5000000000
107882  -28.913  -52.316  -23.883 0.6000000238
30075  -28.796  -51.617  -24.490 0.6000000238
30091  -28.408  -51.384  -25.196 0.6000000238
31034  -28.276  -50.705  -25.370 0.6000000238
30090  -27.855  -51.075  -25.887 0.6000000238
31041  -27.221  -50.655  -26.517 0.6000000238
31033  -27.777  -50.163  -25.848 0.6000000238
29113  -27.990  -52.568  -21.350 0.5000000000
29114  -28.666  -52.705  -22.080 0.5000000000
115001  -29.134  -51.955  -22.689 0.6000000238
109019  -25.925  -52.779  -20.951 0.5000000000
30064  -29.143  -51.389  -23.707 0.6000000238
29111  -24.849  -52.446  -21.546 0.5000000000
113797  -26.332  -51.823  -20.954 0.5000000000
31020  -28.816  -50.819  -24.630 0.6000000238
30033  -28.582  -51.866  -21.581 0.5000000000
30032  -27.468  -51.644  -20.993 0.5000000000
108209  -29.118  -51.135  -21.945 0.5000000000
110958  -29.303  -51.079  -22.835 0.6000000238
118310  -25.376  -51.840  -21.359 0.5000000000
30973  -26.505  -50.859  -20.874 0.5000000000
116012  -28.943  -50.079  -24.499 0.6000000238
122726  -24.673  -51.768  -21.853 0.5000000000
30030  -24.868  -51.055  -21.787 0.5000000000
31982  -28.714  -49.449  -24.835 0.6000000238
115537  -28.452  -50.104  -25.142 0.6000000238
107148  -27.105  -49.917  -26.438 0.6000000238
31992  -27.393  -49.346  -26.051 0.6000000238
122315  -27.495  -50.744  -20.860 0.5000000000
30975  -28.868  -50.305  -21.557 0.5000000000
30992  -29.280  -50.389  -22.475 0.6000000238
31944  -29.210  -49.632  -22.083 0.6000000238
30050  -24.173  -51.406  -22.343 0.5000000000
115038  -23.661  -51.109  -22.790 0.5000000000
31981  -28.084  -49.424  -25.449 0.6000000238
32940  -27.047  -48.709  -26.203 0.6000000238
30954  -27.011  -50.080  -20.716 0.5000000000
30974  -28.038  -50.035  -20.930 0.5000000000
31931  -28.698  -49.494  -21.351 0.6000000238
30971  -25.470  -50.365  -21.328 0.5000000000
30991  -24.667  -50.243  -21.917 0.6000000238
31914  -27.373  -49.196  -20.679 0.6000000238
31930  -28.186  -49.234  -20.904 0.5000000000
32883  -29.096  -48.881  -21.798 0.6000000238
31928  -25.635  -49.535  -21.138 0.6000000238
31929  -26.398  -49.416  -20.772 0.6000000238
31945  -29.370  -48.933  -22.626 0.6000000238
31943  -24.139  -49.625  -22.340 0.5000000000
31927  -24.891  -49.555  -21.665 0.5000000000
30063  -23.117  -51.188  -23.278 0.4000000060
109116  -25.819  -48.911  -20.943 0.6000000238
32866  -28.037  -48.578  -20.739 0.6000000238
32867  -28.594  -48.733  -21.192 0.6000000238
32899  -29.477  -48.209  -23.082 0.6000000238
112762  -28.478  -48.012  -20.980 0.6999999881
38886  -29.412  -41.413  -27.490 0.5000000000
44386  -30.374  -34.816  -22.157 0.6000000238
45455  -32.312  -34.761  -30.632 0.5000000000
57405  -26.593  -20.757  -32.507 0.4000000060
58252  -27.462  -19.727  -32.708 0.3000000119
59084  -28.814  -18.761  -33.008 0.3000000119
26324  -26.893  -55.505  -21.243 0.4000000060
26325  -27.515  -55.233  -21.838 0.5000000000
27267  -28.080  -54.446  -23.036 0.5000000000
29179  -28.179  -52.780  -25.320 0.5000000000
27228  -26.643  -54.648  -20.826 0.4000000060
29180  -28.526  -52.161  -24.890 0.6000000238
107418  -28.035  -51.945  -25.704 0.5000000000
27227  -25.810  -54.707  -20.679 0.4000000060
105831  -25.020  -53.311  -21.176 0.5000000000
28165  -24.124  -52.954  -21.837 0.3000000119
123748  -23.626  -52.463  -22.432 0.4000000060
29144  -22.366  -52.448  -23.467 0.4000000060
37917  -30.514  -42.617  -27.218 0.4000000060
37931  -30.898  -42.090  -28.177 0.4000000060
38887  -30.212  -41.695  -27.723 0.4000000060
43408  -27.417  -35.839  -16.549 0.4000000060
44444  -32.835  -35.677  -30.292 0.5000000000
45461  -31.873  -34.112  -31.263 0.5000000000
47043  -30.824  -32.125  -18.586 0.4000000060
26311  -26.267  -55.283  -20.769 0.4000000060
31006  -29.246  -50.432  -23.618 0.6000000238
114924  -23.631  -50.035  -22.821 0.5000000000
29129  -24.167  -52.130  -22.169 0.4000000060
28196  -28.382  -53.591  -24.196 0.6000000238
28167  -28.481  -53.414  -22.436 0.5000000000
110898  -27.639  -53.206  -21.282 0.5000000000
28141  -25.928  -53.862  -20.771 0.5000000000
106506  -28.318  -50.977  -21.230 0.5000000000
30031  -25.695  -51.189  -21.193 0.5000000000
30972  -26.191  -50.069  -20.894 0.5000000000
58251  -26.869  -20.095  -32.656 0.4000000060
27241  -25.112  -54.163  -20.833 0.4000000060
29191  -27.673  -52.648  -26.129 0.4000000060
30100  -27.344  -51.667  -26.592 0.4000000060
32849  -22.752  -48.696  -20.966 0.4000000060
32862  -21.998  -47.980  -21.222 0.3000000119
33761  -19.338  -46.755  -23.248 0.4000000060
32832  -24.208  -48.911  -19.854 0.4000000060
32850  -23.558  -48.294  -20.392 0.4000000060
30931  -22.657  -50.638  -17.559 0.4000000060
31881  -24.071  -49.829  -18.034 0.4000000060
31899  -24.454  -49.535  -19.262 0.4000000060
30929  -20.668  -50.289  -17.823 0.3000000119
31879  -22.193  -49.869  -17.463 0.3000000119
31890  -20.396  -49.572  -17.946 0.4000000060
31891  -24.604  -49.254  -18.550 0.4000000060
31878  -21.247  -49.717  -17.634 0.4000000060
113707  -22.656  -49.213  -17.262 0.5000000000
32814  -20.950  -48.881  -17.610 0.4000000060
32815  -21.911  -48.504  -17.130 0.4000000060
106548  -21.076  -48.134  -17.353 0.4000000060
43380  -25.985  -36.491  -16.447 0.3000000119
47019  -29.829  -32.599  -17.361 0.3000000119
47042  -30.150  -32.039  -18.050 0.3000000119
50963  -28.302  -28.391  -29.029 0.4000000060
49054  -29.668  -30.356  -19.265 0.3000000119
49962  -29.258  -29.810  -19.721 0.3000000119
50964  -29.167  -28.231  -28.486 0.4000000060
51873  -28.448  -27.487  -28.661 0.4000000060
50879  -27.619  -28.761  -21.539 0.3000000119
51859  -29.887  -27.699  -27.930 0.4000000060
52789  -29.769  -26.792  -27.680 0.3000000119
51874  -29.175  -27.171  -28.233 0.4000000060
52798  -26.719  -26.157  -28.963 0.3000000119
50881  -30.162  -28.143  -21.211 0.3000000119
122047  -28.154  -28.772  -21.137 0.3000000119
49989  -28.836  -28.799  -20.725 0.3000000119
109180  -29.295  -28.323  -21.114 0.3000000119
51789  -30.313  -27.470  -21.623 0.3000000119
50883  -31.455  -27.751  -22.010 0.3000000119
51788  -29.227  -27.718  -21.499 0.3000000119
124205  -27.970  -27.645  -22.149 0.3000000119
51798  -28.322  -27.831  -21.816 0.3000000119
51815  -27.294  -26.854  -22.623 0.3000000119
52743  -26.558  -26.691  -22.989 0.3000000119
53668  -26.318  -25.685  -23.255 0.3000000119
51849  -31.379  -27.504  -26.081 0.3000000119
52778  -30.953  -26.942  -26.624 0.3000000119
52777  -30.325  -26.328  -27.042 0.3000000119
51860  -30.467  -27.287  -27.318 0.3000000119
55424  -24.558  -23.101  -24.423 0.3000000119
56389  -23.820  -22.765  -24.672 0.3000000119
52799  -27.532  -26.307  -28.710 0.3000000119
53733  -25.966  -25.461  -29.237 0.3000000119
120482  -31.033  -27.399  -21.918 0.3000000119
113153  -28.664  -27.249  -21.931 0.3000000119
51799  -29.626  -26.961  -21.851 0.3000000119
51801  -31.450  -27.113  -22.598 0.3000000119
51816  -31.905  -27.606  -23.335 0.3000000119
50925  -32.042  -28.048  -24.040 0.3000000119
52726  -28.994  -26.388  -22.209 0.3000000119
51800  -30.615  -26.888  -22.088 0.3000000119
52729  -31.409  -26.330  -23.168 0.3000000119
110435  -31.684  -26.908  -23.400 0.3000000119
51830  -31.748  -27.265  -24.194 0.3000000119
52725  -28.042  -27.017  -22.300 0.3000000119
52744  -28.061  -26.133  -22.527 0.3000000119
53658  -29.676  -25.754  -22.490 0.3000000119
51839  -31.564  -27.340  -25.201 0.3000000119
53667  -25.359  -25.838  -23.548 0.3000000119
53669  -27.186  -25.932  -22.811 0.3000000119
52768  -31.244  -26.603  -25.717 0.3000000119
119158  -30.799  -26.234  -26.353 0.3000000119
55425  -25.327  -23.385  -24.125 0.3000000119
122571  -25.662  -22.877  -24.190 0.3000000119
117907  -25.916  -22.392  -24.275 0.3000000119
105803  -25.213  -22.643  -24.350 0.3000000119
53722  -28.821  -25.773  -27.992 0.3000000119
53735  -28.032  -25.666  -28.404 0.3000000119
54614  -27.609  -24.911  -28.464 0.3000000119
54612  -26.138  -24.457  -29.162 0.3000000119
115933  -26.791  -24.904  -28.799 0.3000000119
52728  -30.949  -26.306  -22.604 0.3000000119
53659  -30.459  -25.693  -22.730 0.3000000119
53673  -31.243  -25.725  -23.659 0.3000000119
52745  -31.539  -26.392  -23.890 0.3000000119
103347  -28.050  -25.144  -22.903 0.3000000119
53660  -31.084  -25.801  -23.054 0.3000000119
52757  -31.451  -26.555  -24.742 0.3000000119
53712  -30.400  -25.570  -26.470 0.3000000119
52767  -30.904  -25.795  -25.720 0.3000000119
55417  -26.822  -23.676  -23.516 0.3000000119
122328  -30.041  -25.715  -27.027 0.3000000119
56392  -26.762  -22.275  -24.061 0.3000000119
53723  -29.581  -25.905  -27.473 0.3000000119
114015  -29.187  -25.237  -27.567 0.3000000119
53683  -30.956  -25.020  -24.154 0.3000000119
54542  -28.657  -24.274  -23.286 0.3000000119
54543  -29.584  -24.347  -23.439 0.3000000119
109046  -30.387  -24.594  -23.705 0.3000000119
53684  -31.299  -25.801  -24.395 0.3000000119
53697  -31.217  -26.005  -25.108 0.3000000119
54541  -27.590  -24.250  -23.284 0.3000000119
54544  -30.467  -24.369  -24.303 0.3000000119
53696  -30.955  -25.369  -24.964 0.3000000119
55418  -27.600  -23.420  -23.514 0.3000000119
55419  -28.383  -23.522  -23.533 0.3000000119
56384  -27.178  -22.884  -23.714 0.3000000119
56393  -27.681  -22.219  -24.018 0.3000000119
57314  -28.213  -21.639  -24.472 0.3000000119
54601  -29.196  -24.498  -27.336 0.3000000119
53711  -29.797  -25.111  -26.988 0.3000000119
57312  -26.343  -21.634  -24.370 0.3000000119
57313  -27.320  -21.573  -24.302 0.3000000119
54600  -28.497  -24.913  -27.992 0.3000000119
55495  -27.971  -24.283  -28.231 0.3000000119
55420  -29.279  -23.638  -23.725 0.3000000119
54552  -30.604  -24.628  -24.881 0.3000000119
56385  -28.076  -22.830  -23.738 0.3000000119
55427  -28.935  -22.945  -23.968 0.3000000119
55428  -29.632  -23.255  -24.379 0.3000000119
112920  -30.574  -25.073  -25.650 0.3000000119
56394  -28.554  -22.317  -24.288 0.3000000119
54588  -29.735  -24.179  -26.447 0.3000000119
58168  -26.408  -20.011  -24.704 0.3000000119
58148  -26.925  -20.850  -24.495 0.3000000119
58149  -27.907  -20.914  -24.597 0.3000000119
55483  -29.139  -23.647  -27.019 0.3000000119
55482  -28.555  -24.019  -27.703 0.3000000119
55481  -27.944  -23.454  -28.152 0.3000000119
54613  -27.126  -24.120  -28.659 0.3000000119
56461  -27.085  -23.212  -28.761 0.3000000119
55429  -30.166  -23.815  -24.839 0.3000000119
54567  -30.247  -24.329  -25.616 0.3000000119
55445  -29.689  -22.987  -25.231 0.3000000119
120952  -29.927  -23.670  -25.644 0.3000000119
56395  -29.232  -22.584  -24.655 0.3000000119
55467  -29.536  -23.244  -26.169 0.3000000119
58169  -27.584  -20.131  -24.716 0.3000000119
57315  -28.880  -21.861  -24.903 0.3000000119
58170  -28.333  -20.376  -24.994 0.3000000119
57334  -28.516  -21.121  -24.954 0.3000000119
56414  -29.289  -22.333  -25.209 0.3000000119
121353  -28.596  -23.307  -27.469 0.3000000119
56450  -27.669  -22.584  -28.325 0.3000000119
56472  -26.918  -21.585  -29.990 0.3000000119
117923  -26.990  -22.444  -29.117 0.3000000119
56437  -29.310  -22.507  -25.858 0.3000000119
56413  -29.029  -21.908  -25.603 0.3000000119
123852  -28.946  -22.099  -26.265 0.3000000119
55466  -28.939  -22.766  -26.772 0.3000000119
56436  -28.579  -21.996  -26.960 0.3000000119
56451  -28.326  -22.663  -27.603 0.3000000119
57364  -28.065  -21.879  -27.798 0.3000000119
57376  -27.494  -21.806  -28.669 0.3000000119
58221  -27.495  -21.142  -29.199 0.3000000119
59011  -27.239  -19.253  -24.893 0.3000000119
59012  -28.119  -19.593  -25.128 0.3000000119
111777  -28.617  -20.780  -25.551 0.3000000119
58189  -28.531  -20.544  -26.396 0.3000000119
57349  -28.753  -21.389  -26.167 0.3000000119
103892  -28.342  -21.195  -27.126 0.3000000119
103941  -28.201  -20.310  -28.224 0.3000000119
57377  -27.897  -21.037  -28.141 0.3000000119
58222  -27.883  -20.512  -29.121 0.3000000119
57397  -26.377  -20.923  -31.515 0.3000000119
58241  -26.457  -20.798  -32.426 0.3000000119
59772  -27.940  -18.794  -25.322 0.3000000119
59013  -28.463  -20.011  -25.676 0.3000000119
59773  -28.445  -19.150  -25.792 0.3000000119
108885  -28.516  -19.647  -26.641 0.3000000119
58207  -28.316  -20.415  -27.363 0.3000000119
58233  -27.924  -20.035  -30.130 0.3000000119
58243  -27.487  -19.736  -31.568 0.3000000119
58242  -26.771  -20.165  -32.222 0.3000000119
30099  -26.483  -51.017  -27.166 0.4000000060
30930  -21.625  -50.493  -17.568 0.3000000119
32833  -24.664  -48.653  -19.198 0.4000000060
31880  -23.198  -49.924  -17.542 0.4000000060
43381  -26.837  -36.461  -16.453 0.3000000119
50880  -28.387  -28.316  -21.417 0.3000000119
50882  -31.006  -27.932  -21.499 0.3000000119
54539  -25.666  -24.896  -23.579 0.3000000119
119088  -27.119  -25.125  -23.102 0.3000000119
29991  -22.088  -51.319  -17.512 0.4000000060
29992  -23.022  -51.451  -17.713 0.4000000060
30940  -24.032  -50.675  -18.496 0.4000000060
30941  -24.417  -50.004  -18.698 0.4000000060
30939  -19.989  -50.104  -18.137 0.3000000119
114474  -21.776  -49.237  -17.402 0.4000000060
53670  -28.930  -25.509  -22.596 0.3000000119
56391  -25.312  -21.772  -24.500 0.3000000119
57332  -24.394  -21.508  -24.788 0.3000000119
53672  -30.753  -25.261  -23.354 0.3000000119
118071  -29.004  -24.849  -23.013 0.3000000119
53671  -29.862  -25.072  -22.969 0.3000000119
54589  -30.184  -24.830  -26.262 0.3000000119
119948  -30.061  -23.893  -24.024 0.3000000119
58147  -25.867  -20.918  -24.558 0.3000000119
124516  -28.780  -21.392  -25.404 0.3000000119
58232  -27.322  -20.596  -30.523 0.3000000119
105117  -28.743  -19.077  -27.285 0.3000000119
29990  -21.541  -51.968  -17.480 0.4000000060
37055  -30.387  -43.456  -26.677 0.4000000060
27276  -19.367  -53.614  -25.351 0.3000000119
28193  -20.117  -53.368  -25.160 0.3000000119
28208  -19.095  -53.183  -25.529 0.3000000119
29159  -21.062  -52.183  -24.882 0.3000000119
32826  -20.001  -48.863  -18.049 0.3000000119
32813  -20.357  -48.151  -17.714 0.3000000119
30016  -23.666  -51.253  -19.762 0.3000000119
30003  -23.551  -51.453  -18.274 0.3000000119
30948  -24.165  -50.486  -19.327 0.3000000119
30932  -23.519  -50.698  -17.896 0.3000000119
31913  -23.208  -49.641  -20.704 0.3000000119
31898  -23.969  -49.714  -19.981 0.3000000119
30002  -23.137  -52.204  -17.994 0.3000000119
30010  -23.914  -51.422  -18.951 0.3000000119
36253  -30.798  -44.059  -26.720 0.3000000119
27257  -28.224  -53.973  -22.587 0.5000000000
27284  -18.820  -53.715  -25.310 0.4000000060
28179  -22.095  -53.132  -23.301 0.4000000060
28194  -20.859  -52.988  -24.620 0.3000000119
28209  -19.624  -52.906  -25.553 0.3000000119
29161  -28.222  -53.394  -24.898 0.5000000000
29177  -19.765  -52.090  -25.664 0.4000000060
30073  -21.116  -51.365  -25.090 0.5000000000
30088  -19.309  -51.553  -25.436 0.4000000060
31005  -23.406  -50.585  -23.058 0.4000000060
31017  -20.274  -49.830  -25.260 0.5000000000
31958  -29.365  -49.645  -23.077 0.6000000238
32868  -29.002  -48.081  -21.592 0.8000000119
32884  -29.326  -48.288  -22.274 0.6999999881
32895  -18.949  -48.036  -24.165 0.4000000060
32912  -19.458  -47.171  -24.376 0.5000000000
33694  -22.901  -47.193  -16.562 0.4000000060
33760  -18.820  -47.155  -24.022 0.4000000060
33772  -19.055  -47.095  -23.801 0.4000000060
33810  -27.143  -48.042  -25.922 0.6999999881
33835  -24.067  -47.129  -28.114 0.6999999881
34637  -18.832  -46.274  -24.088 0.4000000060
34651  -20.154  -45.623  -24.211 0.5000000000
35444  -19.009  -45.413  -24.251 0.4000000060
35459  -19.445  -44.914  -24.139 0.6000000238
35469  -27.880  -44.737  -25.059 0.6999999881
35490  -24.959  -45.934  -26.589 0.6999999881
36139  -25.121  -43.903  -17.527 0.6000000238
36191  -21.360  -43.343  -22.712 0.6000000238
36203  -19.872  -44.298  -23.452 0.6000000238
36212  -28.571  -44.547  -24.627 0.6999999881
36223  -26.720  -44.130  -25.456 0.6999999881
36240  -30.172  -44.251  -26.509 0.4000000060
36250  -22.698  -44.071  -27.194 0.8000000119
36265  -22.728  -44.022  -27.584 0.6999999881
36266  -23.027  -44.293  -28.012 0.6999999881
36267  -23.720  -44.466  -28.318 0.8000000119
36947  -23.888  -43.340  -15.789 0.5000000000
36979  -21.490  -42.616  -21.252 0.5000000000
37010  -20.898  -42.811  -21.851 0.5000000000
37050  -22.976  -43.758  -26.658 0.6999999881
37830  -22.150  -42.284  -21.098 0.5000000000
37882  -22.969  -42.377  -25.981 0.8000000119
38858  -21.486  -41.013  -26.146 0.8000000119
38861  -25.513  -41.409  -25.411 0.8999999762
38863  -27.078  -42.084  -25.136 0.8999999762
38869  -21.127  -40.843  -26.571 0.8000000119
38885  -28.585  -41.224  -27.341 0.6999999881
38905  -30.945  -41.047  -29.362 0.6000000238
39897  -21.004  -40.334  -26.617 0.8000000119
39904  -21.195  -40.583  -27.043 0.8000000119
40878  -23.259  -38.080  -25.093 0.8000000119
40892  -21.322  -38.870  -26.097 1.0000000000
40893  -21.486  -39.205  -25.804 1.0000000000
40901  -21.091  -39.483  -26.346 0.8000000119
40906  -22.415  -39.378  -27.397 0.8000000119
41777  -22.337  -38.545  -25.477 0.8000000119
41781  -21.594  -38.271  -26.085 1.0000000000
41782  -22.025  -38.015  -26.419 1.0000000000
41799  -28.456  -38.925  -28.164 0.8000000119
42629  -22.175  -37.834  -25.937 0.8000000119
42630  -23.076  -37.549  -25.650 0.8000000119
43482  -24.589  -36.975  -24.714 0.8000000119
43484  -26.738  -36.362  -23.919 0.8000000119
44306  -29.859  -35.813  -16.247 0.6000000238
45447  -32.341  -35.099  -29.947 0.5000000000
48184  -25.985  -31.540  -30.190 0.5000000000
48196  -25.823  -31.624  -30.714 0.5000000000
49159  -24.267  -30.176  -30.266 0.5000000000
49160  -25.333  -30.957  -29.922 0.5000000000
49182  -24.356  -30.211  -30.549 0.5000000000
49183  -24.718  -30.680  -30.913 0.5000000000
50062  -30.017  -29.435  -28.021 0.6000000238
50090  -23.926  -29.540  -30.327 0.5000000000
50975  -23.676  -28.813  -30.168 0.5000000000
51885  -24.666  -27.669  -29.790 0.5000000000
51911  -24.541  -27.332  -31.032 0.5000000000
52727  -30.066  -26.290  -22.261 0.3000000119
53747  -24.372  -25.569  -30.481 0.4000000060
53748  -24.707  -25.320  -29.955 0.4000000060
53761  -24.315  -26.021  -30.670 0.5000000000
53771  -24.434  -25.666  -31.052 0.3000000119
56481  -25.434  -22.013  -32.191 0.4000000060
110550  -29.439  -47.775  -22.621 0.6999999881
111939  -24.316  -37.369  -26.388 0.8000000119
112258  -23.584  -49.061  -20.417 0.3000000119
113844  -24.127  -27.938  -30.155 0.5000000000
115168  -25.576  -38.787  -27.523 0.8999999762
117707  -25.034  -43.165  -20.985 0.6000000238
118846  -24.291  -37.713  -27.025 0.8999999762
119735  -24.867  -23.331  -31.699 0.4000000060
119764  -24.719  -30.746  -30.212 0.5000000000
121412  -24.132  -47.471  -27.665 0.6999999881
121990  -23.283  -44.831  -27.136 0.6999999881
122190  -24.369  -27.203  -30.653 0.5000000000
122787  -29.571  -46.884  -22.913 0.8000000119
122891  -27.072  -37.760  -16.290 0.6000000238
122966  -24.251  -29.412  -29.821 0.6000000238
123314  -30.366  -38.173  -17.540 0.6999999881
