#!ascii label  , from subject sub-v1s12x0050115_ses-1 vox2ras=TkReg
223
67550  29.137  -12.741  -25.964 0.0000000000
61227  26.176  -20.824  -25.912 0.0000000000
116861  28.026  -7.069  -25.566 0.0000000000
78748  28.331  2.433  -26.775 0.0000000000
59440  24.655  -22.159  -25.713 0.0000000000
73029  30.365  -5.888  -24.398 0.0000000000
75137  29.872  -2.499  -24.025 0.0000000000
66825  26.391  -13.735  -26.371 0.0000000000
65301  27.230  -16.407  -26.577 0.0000000000
66054  29.234  -15.574  -27.559 0.0000000000
69200  30.636  -11.114  -26.737 0.0000000000
66840  30.840  -14.953  -29.898 0.0000000000
69946  28.640  -9.492  -25.583 0.0000000000
71554  31.171  -7.851  -25.506 0.0000000000
77294  27.852  0.178  -25.955 0.0000000000
109935  30.048  0.148  -23.890 0.0000000000
105658  27.452  -19.004  -25.561 0.0000000000
124541  28.080  -3.759  -24.866 0.0000000000
75151  27.913  -2.282  -24.954 0.0000000000
67566  28.540  -13.214  -25.909 0.0000000000
113940  28.176  -15.345  -26.598 0.0000000000
67565  29.126  -13.560  -26.607 0.0000000000
59439  25.411  -21.871  -25.841 0.0000000000
70722  28.167  -8.667  -25.741 0.0000000000
70720  30.209  -9.144  -25.236 0.0000000000
71540  29.728  -7.701  -24.726 0.0000000000
73753  31.761  -4.117  -24.787 0.0000000000
73028  31.682  -5.570  -25.152 0.0000000000
78061  27.014  2.320  -28.320 0.0000000000
77301  27.317  0.628  -26.862 0.0000000000
77300  27.897  1.107  -26.502 0.0000000000
80762  30.735  5.506  -24.424 0.0000000000
79451  31.536  3.103  -24.152 0.0000000000
78036  30.382  1.554  -24.018 0.0000000000
78035  31.353  1.501  -23.977 0.0000000000
114484  31.541  -0.032  -23.998 0.0000000000
64513  28.411  -17.055  -26.851 0.0000000000
109663  27.714  -17.964  -26.585 0.0000000000
59441  23.824  -22.384  -25.408 0.0000000000
108551  29.151  -6.032  -24.557 0.0000000000
73031  28.744  -5.155  -24.629 0.0000000000
73756  29.830  -3.947  -24.267 0.0000000000
112059  31.670  -2.730  -24.427 0.0000000000
114355  26.101  -16.213  -26.631 0.0000000000
65302  26.461  -15.479  -26.487 0.0000000000
123104  28.300  -16.142  -26.947 0.0000000000
64512  28.952  -16.562  -27.255 0.0000000000
68414  30.050  -11.642  -26.103 0.0000000000
67577  30.107  -13.017  -27.932 0.0000000000
68427  30.587  -12.239  -28.170 0.0000000000
68415  27.646  -11.547  -25.801 0.0000000000
69203  27.360  -10.813  -26.103 0.0000000000
69186  28.828  -10.911  -25.536 0.0000000000
69201  30.294  -10.662  -25.756 0.0000000000
69961  31.180  -9.615  -26.495 0.0000000000
116056  31.656  -8.196  -27.395 0.0000000000
72294  30.899  -6.680  -24.658 0.0000000000
71553  31.576  -7.216  -26.071 0.0000000000
76554  27.610  -0.690  -25.929 0.0000000000
114743  29.323  2.913  -25.551 0.0000000000
78043  29.001  1.619  -25.315 0.0000000000
77293  28.598  0.143  -25.038 0.0000000000
75847  28.401  -1.461  -24.653 0.0000000000
116420  30.580  -1.193  -23.829 0.0000000000
75843  32.147  -1.311  -24.379 0.0000000000
62057  25.878  -19.608  -26.595 0.0000000000
64515  26.363  -17.098  -26.591 0.0000000000
66835  29.893  -14.852  -28.507 0.0000000000
65312  30.122  -15.624  -28.410 0.0000000000
108030  27.611  -3.197  -25.409 0.0000000000
58595  22.945  -23.405  -24.592 0.0000000000
58594  23.821  -23.741  -24.398 0.0000000000
60333  26.029  -21.604  -25.694 0.0000000000
71542  27.692  -7.843  -25.966 0.0000000000
71541  28.726  -7.955  -25.264 0.0000000000
74452  32.128  -3.605  -25.088 0.0000000000
73770  32.077  -4.290  -25.343 0.0000000000
78749  27.668  2.362  -27.616 0.0000000000
78051  27.245  1.491  -27.541 0.0000000000
78050  27.917  1.813  -26.907 0.0000000000
78034  32.212  1.463  -24.274 0.0000000000
64505  28.817  -17.057  -26.611 0.0000000000
111326  28.354  -17.433  -26.620 0.0000000000
61240  24.790  -20.554  -26.468 0.0000000000
122426  28.323  -5.594  -25.024 0.0000000000
73774  28.030  -4.944  -25.241 0.0000000000
74456  29.302  -3.178  -24.222 0.0000000000
74470  28.827  -3.839  -24.460 0.0000000000
74455  30.339  -3.268  -24.192 0.0000000000
74454  31.199  -3.342  -24.349 0.0000000000
75136  30.879  -2.620  -24.132 0.0000000000
79478  27.647  3.640  -28.330 0.0000000000
66056  25.948  -14.485  -26.723 0.0000000000
66055  26.945  -14.796  -26.125 0.0000000000
65300  28.960  -16.259  -27.440 0.0000000000
59429  24.629  -22.822  -25.150 0.0000000000
68413  30.306  -12.028  -27.018 0.0000000000
123514  30.631  -11.625  -27.471 0.0000000000
68416  26.808  -11.590  -26.278 0.0000000000
69947  27.694  -9.312  -26.072 0.0000000000
69202  28.103  -10.239  -25.782 0.0000000000
68401  28.153  -11.132  -25.683 0.0000000000
69185  29.565  -11.247  -25.614 0.0000000000
69945  29.342  -10.315  -25.461 0.0000000000
70719  30.501  -8.276  -25.055 0.0000000000
70739  31.090  -8.821  -25.808 0.0000000000
70738  31.512  -8.847  -26.903 0.0000000000
110956  31.561  -8.049  -26.458 0.0000000000
72295  29.959  -6.844  -24.439 0.0000000000
72293  31.564  -6.425  -25.445 0.0000000000
71561  31.709  -7.340  -27.332 0.0000000000
76564  27.100  -0.287  -26.764 0.0000000000
75872  26.644  -1.168  -27.009 0.0000000000
80143  30.575  4.573  -24.478 0.0000000000
78741  29.436  2.310  -25.024 0.0000000000
77282  29.785  0.848  -24.077 0.0000000000
77292  29.069  0.889  -24.741 0.0000000000
77283  29.353  0.126  -24.339 0.0000000000
76544  28.892  -0.640  -24.442 0.0000000000
75846  29.499  -1.524  -24.031 0.0000000000
76543  29.814  -0.568  -23.928 0.0000000000
125422  32.206  0.160  -24.292 0.0000000000
76541  31.480  -0.884  -23.988 0.0000000000
112468  32.580  -0.842  -24.730 0.0000000000
62960  25.179  -18.811  -26.919 0.0000000000
120499  27.012  -16.916  -26.623 0.0000000000
62952  27.587  -18.409  -26.194 0.0000000000
62958  27.150  -18.287  -26.496 0.0000000000
62049  27.120  -19.005  -26.250 0.0000000000
66834  30.272  -14.273  -28.786 0.0000000000
67578  29.613  -13.832  -27.713 0.0000000000
74472  27.746  -4.170  -25.386 0.0000000000
74471  28.330  -3.102  -24.620 0.0000000000
75138  28.821  -2.340  -24.344 0.0000000000
104950  27.578  -13.841  -25.881 0.0000000000
66824  28.647  -14.409  -26.601 0.0000000000
66053  29.378  -14.726  -27.627 0.0000000000
59428  25.460  -22.451  -25.311 0.0000000000
124556  25.835  -22.055  -25.540 0.0000000000
59414  26.199  -22.213  -24.204 0.0000000000
69199  31.154  -10.367  -27.166 0.0000000000
68426  31.101  -11.339  -28.174 0.0000000000
70740  27.344  -8.545  -26.317 0.0000000000
107196  29.539  -9.568  -25.362 0.0000000000
70721  29.139  -8.889  -25.305 0.0000000000
114153  29.651  -8.433  -24.995 0.0000000000
73014  31.189  -5.307  -24.563 0.0000000000
73771  31.734  -4.827  -24.916 0.0000000000
73027  32.033  -4.979  -25.656 0.0000000000
80142  31.348  4.768  -24.311 0.0000000000
79452  30.615  3.082  -24.286 0.0000000000
78734  30.090  2.327  -24.358 0.0000000000
77281  30.774  0.645  -23.832 0.0000000000
77280  31.801  0.746  -24.050 0.0000000000
77279  32.539  0.726  -24.494 0.0000000000
64514  27.826  -17.109  -26.808 0.0000000000
63744  28.023  -17.549  -26.735 0.0000000000
63737  28.084  -17.935  -26.400 0.0000000000
59431  23.004  -22.561  -25.058 0.0000000000
60341  24.671  -21.388  -26.141 0.0000000000
61228  25.495  -21.158  -26.166 0.0000000000
61239  25.631  -20.376  -26.426 0.0000000000
72309  27.563  -6.255  -26.042 0.0000000000
72297  28.238  -6.253  -25.240 0.0000000000
73030  29.587  -5.302  -24.399 0.0000000000
73773  28.382  -4.418  -24.774 0.0000000000
73772  29.277  -4.578  -24.406 0.0000000000
73015  30.372  -4.805  -24.342 0.0000000000
73754  31.273  -4.517  -24.508 0.0000000000
74453  31.763  -3.450  -24.646 0.0000000000
117470  32.160  -2.890  -24.854 0.0000000000
78757  27.442  2.949  -28.147 0.0000000000
78756  28.120  3.201  -27.590 0.0000000000
114059  27.562  -15.842  -26.536 0.0000000000
114986  28.308  -16.590  -26.936 0.0000000000
122850  29.195  -16.629  -26.916 0.0000000000
68399  29.390  -12.047  -25.816 0.0000000000
67564  29.666  -12.646  -26.596 0.0000000000
67588  30.783  -13.485  -29.244 0.0000000000
120402  31.169  -12.433  -29.072 0.0000000000
67594  31.314  -14.197  -30.105 0.0000000000
107455  26.625  -12.730  -26.198 0.0000000000
67567  27.753  -12.450  -25.714 0.0000000000
67551  28.703  -12.313  -25.686 0.0000000000
68400  28.860  -11.599  -25.578 0.0000000000
115740  30.832  -10.302  -26.286 0.0000000000
69963  30.105  -9.916  -25.445 0.0000000000
69962  30.645  -9.747  -25.780 0.0000000000
72296  28.946  -7.012  -24.804 0.0000000000
71539  30.645  -7.458  -24.801 0.0000000000
119692  31.230  -6.018  -24.696 0.0000000000
71538  31.230  -7.151  -25.226 0.0000000000
75856  27.723  -1.422  -25.452 0.0000000000
79463  28.814  3.230  -26.450 0.0000000000
78044  28.460  1.695  -26.177 0.0000000000
113731  28.466  0.937  -25.594 0.0000000000
78037  29.579  1.599  -24.509 0.0000000000
76553  28.134  -0.638  -25.222 0.0000000000
75845  30.464  -1.955  -23.911 0.0000000000
76542  30.704  -0.318  -23.815 0.0000000000
75844  31.411  -1.852  -24.107 0.0000000000
107017  32.172  -2.122  -24.591 0.0000000000
61238  26.266  -20.169  -26.205 0.0000000000
112068  25.780  -17.371  -26.651 0.0000000000
63745  27.326  -17.592  -26.647 0.0000000000
63746  26.457  -17.875  -26.586 0.0000000000
117932  25.608  -18.014  -26.739 0.0000000000
62959  26.336  -18.785  -26.603 0.0000000000
62050  26.669  -19.627  -26.272 0.0000000000
66065  29.993  -15.502  -28.501 0.0000000000
66075  30.708  -15.341  -29.292 0.0000000000
65313  29.682  -15.934  -27.872 0.0000000000
65299  29.389  -16.150  -27.613 0.0000000000
66841  30.561  -15.220  -29.201 0.0000000000
67552  28.238  -11.810  -25.646 0.0000000000
73032  27.772  -5.542  -25.668 0.0000000000
73755  30.800  -3.984  -24.298 0.0000000000
76540  32.177  -0.513  -24.322 0.0000000000
78731  32.619  2.132  -24.608 0.0000000000
78732  31.880  2.255  -24.171 0.0000000000
78742  28.939  2.350  -25.904 0.0000000000
114397  31.090  3.903  -24.210 0.0000000000
122093  31.393  -3.901  -24.502 0.0000000000
