#!ascii label  , from subject sub-v1s12x0050124_ses-1 vox2ras=TkReg
1681
46073  -50.289  -26.156  26.557 0.0000000000
54329  -54.931  -17.143  13.409 0.0000000000
52631  -38.942  -18.741  12.952 0.0000000000
33634  -20.685  -40.278  23.076 0.0000000000
40273  -39.369  -32.717  27.430 0.0000000000
37519  -15.778  -36.882  31.405 0.0000000000
32447  -21.929  -40.500  34.925 0.0000000000
53461  -48.298  -18.472  15.888 0.0000000000
41893  -21.514  -31.370  26.926 0.0000000000
31492  -26.014  -42.377  31.212 0.0000000000
47063  -50.347  -26.626  19.437 0.0000000000
41079  -47.402  -32.510  25.305 0.0000000000
44400  -46.049  -28.604  27.606 0.0000000000
56712  -57.357  -14.457  11.686 0.0000000000
54288  -44.648  -17.837  15.241 0.0000000000
36665  -34.780  -37.202  23.272 0.0000000000
122790  -17.212  -29.340  30.320 0.0000000000
33579  -16.991  -39.974  27.865 0.0000000000
37535  -15.805  -36.833  26.387 0.0000000000
33642  -16.568  -39.488  22.353 0.0000000000
30540  -33.501  -42.910  32.251 0.0000000000
33562  -30.447  -39.943  29.698 0.0000000000
49044  -39.251  -23.757  13.260 0.0000000000
43488  -43.589  -28.683  31.425 0.0000000000
42741  -40.454  -30.237  23.791 0.0000000000
33527  -17.626  -40.096  33.280 0.0000000000
33570  -21.451  -39.755  28.686 0.0000000000
53478  -52.098  -18.226  14.445 0.0000000000
29526  -34.952  -43.613  29.974 0.0000000000
32543  -34.496  -40.404  26.446 0.0000000000
39311  -19.010  -34.809  29.672 0.0000000000
108578  -17.474  -34.306  24.213 0.0000000000
33518  -26.634  -40.281  34.946 0.0000000000
35611  -26.328  -38.230  28.464 0.0000000000
31521  -23.448  -42.249  27.322 0.0000000000
46086  -49.218  -26.564  24.134 0.0000000000
44417  -51.100  -28.781  25.190 0.0000000000
46100  -51.099  -27.390  22.430 0.0000000000
119835  -49.669  -28.750  26.974 0.0000000000
40267  -50.001  -33.005  25.424 0.0000000000
43506  -48.387  -28.050  28.145 0.0000000000
108887  -56.308  -15.547  12.558 0.0000000000
53526  -52.820  -17.395  11.106 0.0000000000
55141  -54.821  -15.949  10.910 0.0000000000
55952  -56.061  -14.961  9.712 0.0000000000
53455  -42.146  -17.955  15.297 0.0000000000
50831  -39.688  -21.225  12.026 0.0000000000
54318  -39.692  -17.888  11.900 0.0000000000
54309  -42.781  -17.072  12.978 0.0000000000
125245  -19.003  -40.293  25.145 0.0000000000
33610  -17.167  -39.712  25.430 0.0000000000
110029  -18.445  -40.372  22.365 0.0000000000
31589  -15.857  -42.188  21.473 0.0000000000
31574  -18.647  -42.309  21.947 0.0000000000
26536  -32.352  -45.569  31.082 0.0000000000
29496  -30.790  -44.243  32.741 0.0000000000
47110  -41.093  -26.091  15.976 0.0000000000
46162  -47.212  -26.435  18.592 0.0000000000
48065  -47.563  -25.260  16.630 0.0000000000
47115  -45.354  -25.206  16.645 0.0000000000
48107  -43.106  -24.278  14.961 0.0000000000
45166  -44.667  -26.762  32.130 0.0000000000
42745  -44.626  -30.519  24.177 0.0000000000
43564  -43.406  -29.429  25.484 0.0000000000
58353  -59.534  -12.356  8.653 0.0000000000
124747  -60.547  -10.621  9.382 0.0000000000
32445  -19.505  -41.088  34.384 0.0000000000
107906  -19.186  -41.126  31.233 0.0000000000
33551  -21.692  -40.578  31.523 0.0000000000
53463  -50.929  -18.531  14.850 0.0000000000
54313  -46.726  -17.520  13.423 0.0000000000
53496  -48.983  -18.165  12.303 0.0000000000
53498  -50.757  -18.129  12.617 0.0000000000
108701  -36.108  -41.134  31.951 0.0000000000
32498  -36.709  -40.906  30.677 0.0000000000
39281  -17.761  -34.335  33.647 0.0000000000
40229  -18.854  -33.369  32.362 0.0000000000
38435  -17.630  -35.661  30.715 0.0000000000
37554  -15.457  -36.335  23.929 0.0000000000
39330  -16.225  -35.055  25.542 0.0000000000
39375  -15.979  -35.226  22.612 0.0000000000
34497  -28.694  -39.179  35.123 0.0000000000
31505  -27.897  -41.656  30.914 0.0000000000
33586  -28.507  -38.963  28.453 0.0000000000
32517  -26.955  -41.113  28.690 0.0000000000
33595  -25.909  -40.111  27.064 0.0000000000
31510  -24.605  -42.233  29.420 0.0000000000
46137  -49.548  -26.718  20.576 0.0000000000
45181  -45.948  -26.607  30.645 0.0000000000
44362  -47.439  -27.085  29.574 0.0000000000
43537  -47.511  -29.544  27.063 0.0000000000
57515  -58.753  -13.460  11.534 0.0000000000
56730  -58.151  -13.750  9.181 0.0000000000
53460  -46.417  -18.173  15.642 0.0000000000
54323  -44.472  -17.132  12.642 0.0000000000
40301  -35.834  -33.098  23.985 0.0000000000
107920  -36.383  -34.940  25.044 0.0000000000
42685  -19.811  -30.178  28.967 0.0000000000
34536  -16.298  -39.124  30.044 0.0000000000
37525  -16.087  -37.012  29.186 0.0000000000
35617  -15.948  -38.336  27.625 0.0000000000
114653  -16.260  -38.375  24.696 0.0000000000
34605  -15.427  -38.822  21.624 0.0000000000
34523  -33.590  -39.676  32.604 0.0000000000
35595  -31.588  -38.556  31.030 0.0000000000
32484  -31.790  -41.841  31.357 0.0000000000
31485  -28.978  -42.933  31.925 0.0000000000
51756  -37.976  -20.438  12.120 0.0000000000
49046  -41.409  -23.165  13.625 0.0000000000
105506  -41.679  -30.502  29.173 0.0000000000
44369  -44.605  -28.212  29.733 0.0000000000
43533  -42.788  -29.419  27.954 0.0000000000
41906  -40.034  -30.958  25.950 0.0000000000
37508  -17.187  -35.976  34.285 0.0000000000
36594  -18.068  -37.508  34.731 0.0000000000
35570  -16.361  -38.537  32.464 0.0000000000
32476  -17.277  -40.520  30.970 0.0000000000
126466  -19.246  -40.283  28.393 0.0000000000
34576  -21.233  -39.844  25.918 0.0000000000
53491  -53.807  -17.708  14.069 0.0000000000
53511  -51.617  -18.185  11.401 0.0000000000
32460  -34.446  -41.286  31.983 0.0000000000
28491  -34.728  -43.914  31.528 0.0000000000
27531  -32.980  -45.157  29.758 0.0000000000
36646  -36.564  -37.294  25.770 0.0000000000
34582  -36.341  -38.478  27.194 0.0000000000
33587  -36.906  -39.718  29.038 0.0000000000
31523  -34.812  -42.023  28.566 0.0000000000
29550  -32.646  -43.543  27.719 0.0000000000
41840  -17.480  -30.994  32.455 0.0000000000
41855  -19.718  -31.570  30.465 0.0000000000
40257  -20.725  -32.889  28.371 0.0000000000
38449  -16.982  -35.519  27.538 0.0000000000
39333  -17.902  -34.728  26.639 0.0000000000
40282  -19.994  -33.441  25.422 0.0000000000
33516  -24.412  -40.601  34.614 0.0000000000
35572  -28.570  -38.620  32.126 0.0000000000
34530  -26.525  -38.956  31.440 0.0000000000
33554  -23.991  -40.216  31.866 0.0000000000
34557  -23.829  -38.942  28.513 0.0000000000
34579  -23.774  -39.527  26.152 0.0000000000
32552  -22.611  -41.148  24.246 0.0000000000
29511  -23.470  -44.616  31.252 0.0000000000
29524  -22.315  -44.148  29.731 0.0000000000
30606  -20.188  -43.067  24.609 0.0000000000
47006  -50.123  -26.309  25.531 0.0000000000
46991  -49.853  -25.601  26.632 0.0000000000
44416  -50.823  -28.465  26.091 0.0000000000
46080  -50.767  -26.920  24.992 0.0000000000
44402  -50.346  -28.129  26.877 0.0000000000
41892  -50.517  -30.068  26.132 0.0000000000
46062  -50.238  -26.014  27.217 0.0000000000
45205  -50.045  -27.099  27.477 0.0000000000
114230  -55.583  -16.740  13.457 0.0000000000
54341  -54.007  -16.909  12.257 0.0000000000
113443  -54.050  -16.430  10.554 0.0000000000
55134  -54.726  -16.581  12.328 0.0000000000
55135  -55.103  -16.121  11.773 0.0000000000
53473  -40.321  -17.966  14.595 0.0000000000
52610  -41.420  -18.462  15.641 0.0000000000
52624  -39.791  -18.619  14.841 0.0000000000
52637  -39.224  -18.888  11.589 0.0000000000
53484  -39.483  -17.946  12.591 0.0000000000
54295  -40.682  -17.598  13.958 0.0000000000
34592  -19.984  -39.926  24.368 0.0000000000
33619  -18.651  -40.047  23.904 0.0000000000
33646  -19.284  -40.492  22.397 0.0000000000
32595  -18.505  -41.453  21.661 0.0000000000
108593  -19.389  -41.341  21.984 0.0000000000
26555  -31.847  -45.791  30.138 0.0000000000
26534  -31.022  -45.756  31.298 0.0000000000
105071  -45.692  -26.944  18.416 0.0000000000
47074  -46.424  -25.903  17.403 0.0000000000
46177  -44.002  -26.389  17.049 0.0000000000
47112  -42.729  -25.841  16.262 0.0000000000
58347  -59.751  -12.188  10.554 0.0000000000
58351  -59.985  -11.867  8.963 0.0000000000
60817  -59.776  -9.921  10.382 0.0000000000
32446  -21.059  -40.942  34.787 0.0000000000
32469  -20.344  -40.783  32.351 0.0000000000
32471  -21.904  -40.814  33.273 0.0000000000
125370  -49.796  -18.563  15.509 0.0000000000
113788  -50.443  -19.088  16.883 0.0000000000
54302  -47.634  -17.928  14.403 0.0000000000
53485  -48.357  -17.817  12.964 0.0000000000
53476  -48.564  -18.045  13.954 0.0000000000
105586  -49.678  -18.280  13.964 0.0000000000
33538  -37.038  -40.239  32.270 0.0000000000
33549  -37.314  -39.845  31.240 0.0000000000
125546  -40.357  -32.499  28.491 0.0000000000
39321  -38.974  -33.612  27.636 0.0000000000
114052  -20.704  -29.601  27.150 0.0000000000
38423  -16.397  -35.708  32.530 0.0000000000
121684  -17.624  -35.177  32.428 0.0000000000
38429  -16.340  -36.104  31.480 0.0000000000
37576  -15.239  -37.186  22.297 0.0000000000
38492  -15.425  -35.937  22.977 0.0000000000
37578  -15.464  -36.500  21.378 0.0000000000
34487  -28.975  -38.845  36.207 0.0000000000
34499  -30.447  -38.576  34.855 0.0000000000
31493  -26.837  -42.144  31.257 0.0000000000
32493  -27.493  -41.416  30.094 0.0000000000
31512  -26.114  -41.777  30.036 0.0000000000
32505  -25.855  -41.541  29.202 0.0000000000
31502  -24.880  -42.422  30.219 0.0000000000
46109  -49.723  -27.079  22.166 0.0000000000
107310  -50.862  -26.890  21.411 0.0000000000
46122  -48.952  -27.065  21.155 0.0000000000
46135  -47.773  -27.007  20.414 0.0000000000
42695  -48.180  -29.596  27.106 0.0000000000
108468  -47.753  -29.105  27.508 0.0000000000
41900  -47.479  -31.217  25.758 0.0000000000
41094  -46.355  -32.132  24.463 0.0000000000
56713  -58.177  -14.054  11.718 0.0000000000
56716  -56.681  -14.685  11.126 0.0000000000
56729  -57.562  -14.265  9.654 0.0000000000
56717  -57.475  -14.305  10.612 0.0000000000
57526  -58.678  -13.519  10.582 0.0000000000
53459  -45.542  -17.984  15.441 0.0000000000
122929  -45.683  -18.601  17.077 0.0000000000
53437  -44.860  -18.534  16.836 0.0000000000
54298  -43.548  -17.482  14.247 0.0000000000
106391  -43.661  -17.130  13.013 0.0000000000
54299  -44.442  -17.555  14.409 0.0000000000
54300  -45.363  -17.679  14.609 0.0000000000
43496  -17.142  -29.122  29.767 0.0000000000
43509  -18.122  -29.160  28.927 0.0000000000
43497  -17.812  -29.395  29.649 0.0000000000
33566  -16.477  -39.641  29.285 0.0000000000
35607  -15.928  -38.444  28.674 0.0000000000
33589  -16.732  -39.410  27.482 0.0000000000
118053  -17.044  -39.318  24.280 0.0000000000
33615  -16.898  -39.080  24.865 0.0000000000
33628  -16.931  -39.213  23.672 0.0000000000
35652  -15.821  -38.577  22.562 0.0000000000
34606  -15.794  -39.128  21.611 0.0000000000
33658  -15.362  -39.784  20.857 0.0000000000
32472  -33.851  -41.448  31.972 0.0000000000
33555  -33.005  -40.367  31.035 0.0000000000
31498  -32.458  -42.229  31.824 0.0000000000
29495  -29.954  -44.319  32.828 0.0000000000
122242  -30.036  -43.460  32.650 0.0000000000
30522  -29.420  -43.805  32.893 0.0000000000
30534  -27.882  -43.493  32.678 0.0000000000
49059  -38.761  -22.966  12.559 0.0000000000
48105  -41.572  -24.485  14.535 0.0000000000
49025  -41.905  -23.776  14.144 0.0000000000
49045  -40.385  -23.464  13.486 0.0000000000
49969  -39.211  -22.049  12.369 0.0000000000
43487  -43.096  -29.359  31.757 0.0000000000
42674  -41.732  -30.618  30.477 0.0000000000
42684  -42.206  -29.760  30.109 0.0000000000
44360  -45.926  -27.151  29.773 0.0000000000
44353  -45.468  -27.045  30.389 0.0000000000
108031  -45.322  -27.920  29.234 0.0000000000
43562  -41.843  -29.632  24.954 0.0000000000
43534  -42.934  -29.369  26.980 0.0000000000
42734  -41.320  -29.966  25.507 0.0000000000
42723  -41.702  -30.253  26.570 0.0000000000
42732  -39.606  -30.723  24.966 0.0000000000
41921  -37.561  -31.183  23.880 0.0000000000
34489  -18.079  -39.556  35.205 0.0000000000
35560  -17.537  -38.410  34.336 0.0000000000
35559  -16.926  -38.275  33.646 0.0000000000
34505  -16.879  -38.854  33.062 0.0000000000
33539  -16.959  -39.711  32.039 0.0000000000
32465  -17.314  -40.420  31.754 0.0000000000
32491  -20.426  -40.553  30.209 0.0000000000
106397  -19.075  -40.709  29.741 0.0000000000
33568  -20.024  -40.347  28.939 0.0000000000
33593  -20.492  -40.117  26.671 0.0000000000
120644  -20.841  -40.036  27.429 0.0000000000
53479  -52.757  -18.168  14.563 0.0000000000
53464  -53.886  -18.324  15.387 0.0000000000
52614  -52.947  -18.776  16.105 0.0000000000
53488  -51.745  -17.948  13.700 0.0000000000
104915  -51.048  -18.146  11.965 0.0000000000
124726  -51.913  -17.750  13.313 0.0000000000
111814  -52.704  -17.547  13.392 0.0000000000
33522  -34.267  -39.688  32.766 0.0000000000
30549  -35.949  -42.555  30.726 0.0000000000
30542  -35.531  -42.783  31.399 0.0000000000
28505  -34.838  -43.933  30.385 0.0000000000
28504  -33.689  -44.903  30.253 0.0000000000
28516  -34.034  -44.363  29.703 0.0000000000
37564  -35.377  -36.726  23.898 0.0000000000
37556  -36.973  -36.451  25.679 0.0000000000
36657  -35.649  -37.440  24.451 0.0000000000
33623  -34.439  -39.712  25.399 0.0000000000
34597  -35.546  -38.600  25.870 0.0000000000
33614  -35.507  -39.262  26.638 0.0000000000
125608  -36.724  -39.255  28.046 0.0000000000
32537  -35.542  -40.206  27.530 0.0000000000
31524  -35.504  -41.397  28.800 0.0000000000
32535  -34.643  -40.964  27.240 0.0000000000
29564  -32.201  -43.006  26.946 0.0000000000
41832  -17.549  -31.343  33.283 0.0000000000
39308  -18.951  -34.686  30.731 0.0000000000
41027  -19.083  -32.533  31.812 0.0000000000
40252  -19.795  -33.340  30.133 0.0000000000
41052  -20.080  -32.380  29.945 0.0000000000
40256  -19.640  -34.151  29.208 0.0000000000
36624  -15.779  -37.286  27.919 0.0000000000
37529  -16.340  -36.338  28.654 0.0000000000
38447  -16.079  -35.838  26.983 0.0000000000
40288  -16.743  -34.649  24.636 0.0000000000
39342  -16.914  -34.894  25.684 0.0000000000
40279  -17.384  -34.522  25.140 0.0000000000
109766  -19.205  -33.887  25.804 0.0000000000
40290  -17.942  -34.169  24.552 0.0000000000
40291  -18.805  -33.732  24.097 0.0000000000
106580  -25.880  -40.560  34.588 0.0000000000
110114  -31.198  -39.869  29.892 0.0000000000
106926  -30.219  -38.274  30.936 0.0000000000
35605  -30.162  -38.629  30.071 0.0000000000
35613  -28.041  -38.183  28.522 0.0000000000
112468  -28.076  -37.757  29.793 0.0000000000
35590  -26.558  -38.092  30.418 0.0000000000
34529  -25.747  -39.414  31.627 0.0000000000
35589  -25.170  -38.766  30.177 0.0000000000
34539  -23.693  -39.491  30.305 0.0000000000
35599  -24.884  -38.616  29.234 0.0000000000
32525  -24.720  -41.233  26.954 0.0000000000
34580  -24.609  -39.698  26.541 0.0000000000
32534  -24.294  -40.810  26.221 0.0000000000
33613  -22.949  -40.108  25.023 0.0000000000
31536  -23.229  -41.831  25.592 0.0000000000
111278  -22.377  -45.480  31.017 0.0000000000
29517  -22.618  -44.395  30.155 0.0000000000
107826  -48.369  -26.746  23.042 0.0000000000
41903  -51.672  -31.044  24.525 0.0000000000
43568  -52.513  -29.862  23.095 0.0000000000
44430  -51.980  -28.512  23.375 0.0000000000
46098  -50.106  -27.055  23.249 0.0000000000
41876  -48.373  -30.338  26.589 0.0000000000
41074  -49.648  -31.490  26.131 0.0000000000
41901  -50.804  -31.108  25.424 0.0000000000
42696  -48.777  -28.942  27.234 0.0000000000
55933  -56.956  -15.045  12.596 0.0000000000
55145  -54.269  -16.268  9.450 0.0000000000
118278  -54.749  -15.834  9.092 0.0000000000
126102  -55.509  -15.149  8.244 0.0000000000
55951  -55.340  -15.337  10.301 0.0000000000
114394  -56.032  -15.091  11.473 0.0000000000
53456  -43.020  -18.098  15.600 0.0000000000
53436  -44.043  -18.513  16.610 0.0000000000
53434  -42.252  -18.591  16.042 0.0000000000
52589  -42.315  -19.327  16.765 0.0000000000
49970  -41.374  -21.845  12.701 0.0000000000
51758  -40.155  -20.613  11.583 0.0000000000
111252  -40.044  -19.090  11.091 0.0000000000
53504  -40.609  -17.858  11.045 0.0000000000
53505  -41.358  -17.404  11.007 0.0000000000
54320  -40.935  -17.163  12.456 0.0000000000
54297  -42.622  -17.410  13.948 0.0000000000
32532  -18.213  -40.298  26.590 0.0000000000
32530  -17.424  -39.924  26.668 0.0000000000
33611  -17.520  -40.034  25.042 0.0000000000
105359  -17.483  -39.876  24.022 0.0000000000
33644  -16.844  -40.240  21.989 0.0000000000
33659  -16.346  -40.673  21.436 0.0000000000
33660  -17.154  -40.858  21.633 0.0000000000
31590  -17.058  -42.108  21.625 0.0000000000
121036  -32.984  -44.333  32.250 0.0000000000
30525  -32.081  -43.859  32.534 0.0000000000
27506  -31.429  -45.293  32.161 0.0000000000
47130  -40.244  -25.455  14.914 0.0000000000
121961  -48.601  -25.934  18.339 0.0000000000
48035  -49.158  -25.991  18.272 0.0000000000
48033  -47.949  -25.662  17.610 0.0000000000
48045  -46.540  -25.097  16.613 0.0000000000
107518  -46.006  -24.616  16.111 0.0000000000
48062  -44.247  -24.837  15.932 0.0000000000
48081  -41.765  -25.074  15.087 0.0000000000
44346  -43.901  -28.068  31.852 0.0000000000
43552  -45.526  -29.306  26.342 0.0000000000
44415  -45.038  -28.812  26.989 0.0000000000
43573  -44.007  -29.763  24.786 0.0000000000
112663  -42.823  -29.998  23.946 0.0000000000
58354  -59.875  -11.795  8.113 0.0000000000
59180  -60.288  -11.201  7.646 0.0000000000
60034  -61.050  -9.989  8.460 0.0000000000
61660  -60.979  -8.603  8.412 0.0000000000
33515  -18.167  -40.378  34.497 0.0000000000
32467  -18.600  -41.110  32.536 0.0000000000
109661  -19.294  -41.036  32.783 0.0000000000
32479  -20.135  -40.771  30.993 0.0000000000
105696  -21.138  -40.293  30.067 0.0000000000
52625  -51.722  -18.566  15.192 0.0000000000
114237  -51.578  -18.892  16.094 0.0000000000
53508  -47.707  -18.173  11.283 0.0000000000
52640  -48.943  -18.857  10.839 0.0000000000
52641  -49.925  -18.969  11.010 0.0000000000
53497  -49.914  -18.444  12.488 0.0000000000
105580  -50.652  -18.349  14.084 0.0000000000
33524  -35.559  -40.115  32.512 0.0000000000
33525  -36.122  -40.178  32.629 0.0000000000
126538  -36.539  -41.359  31.316 0.0000000000
30555  -35.916  -42.501  30.207 0.0000000000
33636  -33.223  -39.735  24.419 0.0000000000
31537  -33.385  -41.140  26.230 0.0000000000
40194  -18.174  -32.946  33.836 0.0000000000
41016  -18.195  -32.431  33.411 0.0000000000
39299  -18.482  -34.096  32.812 0.0000000000
39307  -18.347  -35.215  31.253 0.0000000000
38440  -18.294  -35.373  30.016 0.0000000000
37545  -15.682  -36.545  25.537 0.0000000000
38455  -15.808  -35.997  26.041 0.0000000000
39351  -15.670  -35.447  24.630 0.0000000000
39361  -15.931  -34.870  24.069 0.0000000000
39362  -16.326  -34.653  23.786 0.0000000000
35539  -28.504  -38.379  37.203 0.0000000000
34486  -28.209  -39.162  36.424 0.0000000000
121787  -28.271  -39.593  34.614 0.0000000000
32481  -29.181  -41.172  30.546 0.0000000000
33574  -29.608  -39.951  29.331 0.0000000000
109008  -28.157  -40.867  29.484 0.0000000000
33572  -27.960  -40.504  28.784 0.0000000000
115629  -27.326  -39.633  27.841 0.0000000000
34571  -26.393  -39.415  27.399 0.0000000000
33583  -26.217  -40.838  27.722 0.0000000000
32515  -24.970  -41.635  27.872 0.0000000000
31516  -24.393  -42.096  28.540 0.0000000000
109512  -51.814  -27.590  20.224 0.0000000000
45240  -52.072  -27.921  21.650 0.0000000000
46125  -51.312  -26.982  20.887 0.0000000000
107201  -49.965  -26.501  19.927 0.0000000000
47060  -48.940  -26.184  19.180 0.0000000000
46146  -46.217  -27.079  19.125 0.0000000000
118068  -47.291  -27.640  29.133 0.0000000000
44374  -48.289  -27.697  28.697 0.0000000000
43504  -47.614  -28.497  28.126 0.0000000000
43536  -46.810  -29.065  27.220 0.0000000000
42737  -46.327  -30.661  25.163 0.0000000000
56736  -57.363  -14.000  7.735 0.0000000000
57537  -58.674  -13.243  8.753 0.0000000000
57527  -59.345  -12.984  10.060 0.0000000000
107300  -47.341  -18.331  15.776 0.0000000000
53423  -48.087  -18.751  17.388 0.0000000000
53422  -47.171  -18.679  17.362 0.0000000000
54334  -42.244  -17.008  11.147 0.0000000000
110474  -45.978  -17.387  13.258 0.0000000000
54301  -46.884  -17.723  14.257 0.0000000000
126013  -37.791  -32.554  25.935 0.0000000000
39344  -38.096  -33.873  26.601 0.0000000000
39354  -36.051  -34.087  24.608 0.0000000000
39371  -34.994  -35.180  23.668 0.0000000000
43511  -20.021  -29.748  28.290 0.0000000000
41878  -21.054  -30.949  28.162 0.0000000000
35588  -15.987  -38.129  30.860 0.0000000000
36618  -16.112  -37.103  29.959 0.0000000000
121739  -15.930  -38.089  29.316 0.0000000000
110977  -15.823  -37.918  28.214 0.0000000000
35616  -15.854  -38.029  27.017 0.0000000000
33608  -16.894  -39.310  26.172 0.0000000000
34574  -16.236  -38.593  26.037 0.0000000000
121336  -15.852  -37.756  25.477 0.0000000000
36643  -15.634  -37.378  24.174 0.0000000000
35568  -31.549  -38.511  33.601 0.0000000000
121952  -32.618  -38.991  31.661 0.0000000000
34544  -32.494  -39.782  30.565 0.0000000000
32496  -30.948  -40.719  30.156 0.0000000000
30538  -31.480  -43.304  32.498 0.0000000000
31496  -30.318  -42.106  31.518 0.0000000000
32482  -30.104  -41.346  30.734 0.0000000000
109890  -28.393  -42.177  31.462 0.0000000000
30548  -27.329  -42.858  31.958 0.0000000000
30547  -26.453  -42.832  31.890 0.0000000000
52630  -38.370  -19.558  12.433 0.0000000000
52622  -38.383  -19.619  13.466 0.0000000000
51753  -37.707  -20.248  12.972 0.0000000000
48067  -49.108  -25.812  16.895 0.0000000000
49957  -41.880  -22.252  13.188 0.0000000000
50830  -38.502  -21.277  12.066 0.0000000000
41063  -41.099  -31.696  29.538 0.0000000000
41077  -40.665  -31.937  28.263 0.0000000000
122539  -45.413  -26.336  31.613 0.0000000000
44352  -44.761  -27.483  30.739 0.0000000000
43503  -43.929  -28.630  30.156 0.0000000000
44398  -44.640  -28.520  27.777 0.0000000000
44397  -43.892  -28.614  28.533 0.0000000000
43502  -42.731  -29.280  29.664 0.0000000000
42693  -42.160  -29.999  28.551 0.0000000000
41898  -41.066  -30.977  27.119 0.0000000000
121588  -39.072  -32.146  26.814 0.0000000000
41103  -37.442  -32.063  25.340 0.0000000000
61674  -60.314  -7.970  7.779 0.0000000000
62496  -59.444  -8.049  7.249 0.0000000000
62510  -58.480  -7.787  6.146 0.0000000000
38419  -17.110  -35.139  33.366 0.0000000000
37515  -15.952  -36.416  32.718 0.0000000000
115985  -17.564  -36.676  34.549 0.0000000000
36597  -16.489  -37.495  33.601 0.0000000000
117852  -15.975  -38.033  32.238 0.0000000000
35578  -16.107  -38.513  31.329 0.0000000000
33558  -16.537  -39.732  30.037 0.0000000000
32511  -17.303  -40.277  28.701 0.0000000000
111561  -18.393  -41.139  31.106 0.0000000000
116259  -18.311  -40.733  29.731 0.0000000000
112620  -17.996  -40.431  27.907 0.0000000000
33591  -18.976  -40.336  26.816 0.0000000000
33603  -20.435  -40.076  25.671 0.0000000000
34593  -20.757  -39.846  24.331 0.0000000000
54315  -54.182  -17.397  13.426 0.0000000000
52648  -50.606  -19.135  10.764 0.0000000000
52649  -51.192  -18.869  11.103 0.0000000000
53524  -51.612  -18.504  10.828 0.0000000000
53525  -52.210  -17.820  11.139 0.0000000000
114006  -53.372  -17.462  13.422 0.0000000000
33534  -33.936  -39.898  32.621 0.0000000000
30541  -34.224  -42.249  32.068 0.0000000000
32461  -35.045  -41.282  32.044 0.0000000000
116808  -34.621  -42.447  32.044 0.0000000000
29499  -33.768  -44.003  32.212 0.0000000000
27525  -32.572  -45.531  30.462 0.0000000000
39345  -38.320  -34.420  26.989 0.0000000000
37537  -38.259  -36.008  27.157 0.0000000000
36629  -37.774  -36.720  27.406 0.0000000000
35632  -35.510  -38.381  25.291 0.0000000000
116820  -36.282  -37.857  26.596 0.0000000000
36625  -38.144  -36.777  27.878 0.0000000000
35614  -38.059  -37.659  28.532 0.0000000000
34552  -37.569  -38.705  29.601 0.0000000000
115415  -37.261  -39.439  30.149 0.0000000000
32509  -36.688  -40.723  30.166 0.0000000000
31519  -35.735  -41.886  29.470 0.0000000000
30565  -34.735  -43.051  29.349 0.0000000000
30594  -33.379  -41.894  26.881 0.0000000000
30580  -33.691  -42.553  27.857 0.0000000000
29539  -33.661  -43.759  28.782 0.0000000000
28522  -32.572  -44.494  28.516 0.0000000000
42667  -17.401  -29.877  30.928 0.0000000000
41026  -18.508  -32.328  32.703 0.0000000000
41847  -18.411  -31.096  31.510 0.0000000000
42668  -18.010  -30.328  30.923 0.0000000000
42677  -19.567  -30.674  29.833 0.0000000000
41863  -20.529  -31.087  29.024 0.0000000000
41075  -21.081  -32.549  27.577 0.0000000000
37526  -16.451  -36.551  29.638 0.0000000000
38439  -17.412  -35.698  29.611 0.0000000000
39313  -17.696  -35.182  28.158 0.0000000000
38457  -16.251  -35.391  26.299 0.0000000000
39318  -17.388  -35.124  27.088 0.0000000000
109514  -18.457  -34.790  28.344 0.0000000000
40261  -19.781  -33.959  27.339 0.0000000000
40271  -20.167  -33.577  26.489 0.0000000000
41081  -20.834  -32.957  26.012 0.0000000000
41090  -20.705  -32.834  25.053 0.0000000000
105049  -30.192  -38.442  33.192 0.0000000000
35566  -28.894  -38.994  33.179 0.0000000000
34521  -28.111  -39.316  33.007 0.0000000000
35592  -28.689  -38.062  30.098 0.0000000000
35571  -27.832  -38.456  31.413 0.0000000000
34507  -26.406  -39.877  32.807 0.0000000000
33531  -25.803  -40.372  33.483 0.0000000000
33530  -24.382  -40.656  33.623 0.0000000000
33528  -22.872  -40.763  33.775 0.0000000000
33553  -23.343  -40.193  31.407 0.0000000000
34538  -23.030  -39.562  30.058 0.0000000000
34547  -22.144  -39.503  28.918 0.0000000000
35618  -25.143  -38.700  27.686 0.0000000000
106791  -23.499  -38.978  27.732 0.0000000000
34567  -22.258  -39.351  27.067 0.0000000000
34577  -22.033  -39.555  26.101 0.0000000000
34595  -22.241  -39.859  24.682 0.0000000000
32566  -22.061  -40.769  23.727 0.0000000000
30531  -25.010  -43.572  31.885 0.0000000000
112973  -23.855  -44.952  31.882 0.0000000000
106091  -24.352  -43.447  31.117 0.0000000000
30551  -23.693  -43.437  30.430 0.0000000000
30558  -23.341  -43.034  29.665 0.0000000000
31520  -22.919  -42.785  27.924 0.0000000000
30562  -21.723  -43.717  28.237 0.0000000000
31526  -22.662  -42.616  26.930 0.0000000000
31525  -22.093  -42.776  26.087 0.0000000000
31547  -21.684  -42.341  24.142 0.0000000000
32564  -21.025  -41.448  22.789 0.0000000000
31559  -19.344  -42.483  22.662 0.0000000000
30620  -17.766  -43.358  23.621 0.0000000000
46079  -50.329  -26.394  25.715 0.0000000000
47005  -49.933  -26.036  25.768 0.0000000000
46992  -50.069  -25.879  26.375 0.0000000000
46074  -50.784  -27.206  25.989 0.0000000000
117621  -50.599  -26.708  25.871 0.0000000000
46063  -50.463  -26.730  26.708 0.0000000000
45213  -50.701  -27.625  26.487 0.0000000000
45212  -50.295  -27.345  27.086 0.0000000000
46986  -50.048  -25.707  27.109 0.0000000000
55125  -55.926  -16.898  14.079 0.0000000000
54316  -55.347  -17.174  13.877 0.0000000000
54328  -54.473  -17.043  12.852 0.0000000000
55128  -55.137  -16.647  12.910 0.0000000000
53454  -40.593  -18.450  15.270 0.0000000000
126670  -39.037  -18.408  12.309 0.0000000000
53472  -39.677  -18.001  13.825 0.0000000000
34599  -20.345  -39.928  23.636 0.0000000000
33633  -19.849  -40.085  22.964 0.0000000000
33647  -20.126  -40.717  22.552 0.0000000000
26548  -31.307  -45.954  30.411 0.0000000000
46178  -44.692  -26.626  17.535 0.0000000000
32457  -21.356  -40.800  34.108 0.0000000000
116164  -49.063  -18.453  15.300 0.0000000000
53442  -49.251  -18.591  16.042 0.0000000000
105454  -48.122  -18.227  15.003 0.0000000000
53477  -49.081  -18.328  14.595 0.0000000000
36604  -37.361  -38.104  32.255 0.0000000000
118041  -37.410  -38.994  32.059 0.0000000000
34525  -37.578  -39.268  31.529 0.0000000000
41076  -40.053  -32.495  27.915 0.0000000000
40263  -39.406  -33.200  27.837 0.0000000000
40272  -39.026  -33.264  27.456 0.0000000000
42697  -21.343  -30.812  27.382 0.0000000000
42713  -21.191  -30.170  26.956 0.0000000000
109676  -15.875  -36.394  32.062 0.0000000000
37577  -15.220  -36.981  21.652 0.0000000000
31504  -26.808  -41.749  30.412 0.0000000000
126243  -26.295  -41.936  30.722 0.0000000000
31503  -25.636  -42.130  30.532 0.0000000000
111582  -48.532  -26.978  22.214 0.0000000000
117133  -49.199  -27.038  21.977 0.0000000000
46121  -47.971  -27.064  21.451 0.0000000000
41875  -48.097  -30.456  26.541 0.0000000000
41889  -47.758  -30.893  26.151 0.0000000000
109488  -47.605  -31.727  25.644 0.0000000000
109626  -58.011  -13.945  10.954 0.0000000000
53458  -44.798  -18.217  16.019 0.0000000000
54287  -43.756  -17.737  15.047 0.0000000000
43495  -16.953  -29.037  29.936 0.0000000000
43489  -17.568  -29.613  30.316 0.0000000000
33578  -16.527  -39.536  28.354 0.0000000000
33629  -16.886  -39.450  23.336 0.0000000000
34598  -16.315  -38.957  22.830 0.0000000000
125865  -16.047  -39.424  21.608 0.0000000000
105758  -15.862  -40.149  21.192 0.0000000000
31489  -33.739  -42.198  32.086 0.0000000000
31499  -33.249  -41.853  31.809 0.0000000000
31488  -33.026  -42.646  32.170 0.0000000000
123439  -38.381  -23.596  12.882 0.0000000000
46150  -51.414  -27.415  19.718 0.0000000000
49024  -40.927  -24.180  14.092 0.0000000000
43493  -43.064  -29.250  31.118 0.0000000000
42675  -42.363  -29.851  30.820 0.0000000000
106503  -43.030  -29.127  30.392 0.0000000000
44371  -46.202  -27.869  28.838 0.0000000000
44370  -45.716  -27.509  29.531 0.0000000000
44383  -45.571  -28.259  28.273 0.0000000000
42742  -41.045  -29.951  24.514 0.0000000000
43548  -42.113  -29.664  25.787 0.0000000000
42733  -40.507  -30.352  25.236 0.0000000000
123251  -40.259  -30.282  24.449 0.0000000000
41913  -38.938  -30.736  24.202 0.0000000000
42740  -39.725  -30.351  23.928 0.0000000000
33514  -17.767  -40.000  34.067 0.0000000000
108678  -17.745  -39.242  34.613 0.0000000000
117013  -17.652  -39.557  34.239 0.0000000000
34496  -17.380  -38.983  33.899 0.0000000000
34506  -17.426  -39.493  33.568 0.0000000000
33526  -17.134  -39.563  32.794 0.0000000000
33540  -17.433  -40.269  32.520 0.0000000000
33569  -20.721  -40.180  29.363 0.0000000000
32504  -19.841  -40.561  29.604 0.0000000000
33581  -20.599  -40.048  28.312 0.0000000000
33582  -21.456  -39.767  27.746 0.0000000000
52627  -53.184  -18.446  15.310 0.0000000000
52626  -52.499  -18.502  15.242 0.0000000000
53489  -52.327  -17.837  13.785 0.0000000000
30554  -35.305  -43.189  29.835 0.0000000000
121510  -35.278  -43.352  30.266 0.0000000000
29519  -34.923  -43.717  30.134 0.0000000000
29518  -34.564  -44.174  30.163 0.0000000000
29525  -34.459  -44.129  29.899 0.0000000000
37565  -35.882  -36.747  24.504 0.0000000000
36656  -35.228  -37.322  23.843 0.0000000000
122189  -34.699  -39.926  25.908 0.0000000000
32556  -35.012  -39.581  25.825 0.0000000000
32544  -35.052  -39.925  26.355 0.0000000000
33605  -35.331  -39.761  26.818 0.0000000000
32536  -35.064  -40.478  27.179 0.0000000000
41015  -17.882  -32.093  33.696 0.0000000000
114350  -19.424  -34.185  30.202 0.0000000000
37532  -15.822  -37.080  27.173 0.0000000000
37533  -15.910  -36.512  27.495 0.0000000000
37536  -15.916  -36.270  26.784 0.0000000000
112236  -17.091  -34.445  24.278 0.0000000000
121346  -16.941  -34.712  25.057 0.0000000000
40289  -17.225  -34.482  24.621 0.0000000000
40280  -18.212  -34.218  25.359 0.0000000000
40299  -18.020  -34.071  23.880 0.0000000000
33513  -27.053  -39.873  35.590 0.0000000000
34542  -30.783  -39.216  29.890 0.0000000000
35612  -27.249  -38.064  28.452 0.0000000000
35601  -26.651  -37.803  29.424 0.0000000000
115311  -25.946  -38.158  30.081 0.0000000000
35600  -25.705  -38.248  29.311 0.0000000000
31522  -24.196  -41.915  27.601 0.0000000000
32524  -23.941  -41.583  26.740 0.0000000000
32533  -23.746  -41.340  25.891 0.0000000000
31527  -23.323  -42.023  26.423 0.0000000000
28492  -21.318  -46.496  31.259 0.0000000000
28500  -21.889  -45.939  31.121 0.0000000000
114970  -21.421  -46.079  30.785 0.0000000000
46096  -48.860  -26.651  23.486 0.0000000000
42728  -51.737  -30.287  24.576 0.0000000000
43567  -52.126  -29.553  23.829 0.0000000000
44426  -51.662  -28.744  24.318 0.0000000000
46088  -50.269  -27.023  24.007 0.0000000000
123166  -50.711  -27.215  23.694 0.0000000000
46087  -49.712  -26.836  23.988 0.0000000000
46097  -49.578  -26.927  23.162 0.0000000000
41877  -49.075  -30.343  26.562 0.0000000000
41073  -48.852  -31.402  26.320 0.0000000000
41890  -49.733  -30.385  26.377 0.0000000000
42712  -50.790  -29.708  25.926 0.0000000000
42727  -51.155  -30.157  25.082 0.0000000000
116593  -51.136  -31.795  24.822 0.0000000000
43523  -49.512  -28.282  27.259 0.0000000000
43522  -49.075  -28.109  27.588 0.0000000000
115807  -49.197  -28.713  27.180 0.0000000000
115870  -48.596  -29.510  26.991 0.0000000000
112634  -56.585  -15.696  13.158 0.0000000000
53538  -52.663  -17.591  10.591 0.0000000000
54355  -53.067  -17.280  9.885 0.0000000000
107302  -53.259  -17.095  10.595 0.0000000000
55146  -54.766  -15.874  9.915 0.0000000000
55960  -55.351  -15.393  9.189 0.0000000000
55938  -55.775  -15.687  12.080 0.0000000000
55941  -55.431  -15.438  11.258 0.0000000000
55939  -56.485  -15.044  11.961 0.0000000000
117278  -41.497  -19.332  16.324 0.0000000000
50832  -40.789  -21.352  12.134 0.0000000000
53494  -39.212  -18.305  11.903 0.0000000000
53503  -39.900  -18.312  11.400 0.0000000000
54332  -40.197  -17.765  11.624 0.0000000000
54333  -40.771  -17.374  11.668 0.0000000000
54319  -40.186  -17.530  12.226 0.0000000000
54296  -41.631  -17.470  14.007 0.0000000000
54285  -42.104  -17.640  14.596 0.0000000000
54286  -42.882  -17.691  14.809 0.0000000000
33600  -17.894  -40.261  25.839 0.0000000000
33612  -18.367  -40.270  24.960 0.0000000000
33631  -17.968  -40.014  23.234 0.0000000000
33618  -17.924  -40.165  24.251 0.0000000000
33630  -17.087  -39.726  23.017 0.0000000000
33645  -17.567  -40.319  22.236 0.0000000000
31592  -18.854  -41.909  21.632 0.0000000000
31591  -18.139  -42.036  21.618 0.0000000000
31573  -17.658  -42.480  22.043 0.0000000000
28495  -32.825  -45.256  31.757 0.0000000000
27507  -32.048  -45.396  32.028 0.0000000000
107066  -32.239  -45.543  31.493 0.0000000000
124172  -48.189  -25.863  18.074 0.0000000000
47076  -47.736  -25.872  17.909 0.0000000000
47091  -45.969  -25.490  16.968 0.0000000000
47092  -46.682  -25.533  17.116 0.0000000000
48063  -45.814  -24.934  16.512 0.0000000000
112173  -45.213  -24.669  16.167 0.0000000000
47111  -41.885  -26.013  16.180 0.0000000000
47132  -42.306  -25.436  15.652 0.0000000000
44340  -43.827  -27.730  32.519 0.0000000000
45172  -44.321  -27.370  32.083 0.0000000000
42736  -45.710  -30.324  24.986 0.0000000000
43566  -45.189  -29.596  25.607 0.0000000000
42735  -44.889  -29.960  24.864 0.0000000000
57538  -59.102  -12.739  8.339 0.0000000000
58356  -59.458  -12.202  7.895 0.0000000000
59161  -60.387  -11.142  9.393 0.0000000000
59172  -60.331  -11.308  8.401 0.0000000000
59162  -60.623  -10.678  8.784 0.0000000000
59173  -60.724  -10.701  7.948 0.0000000000
60828  -60.820  -9.591  9.037 0.0000000000
60022  -60.727  -10.151  9.319 0.0000000000
32444  -18.807  -40.767  34.001 0.0000000000
32454  -18.745  -40.893  33.245 0.0000000000
32455  -19.447  -40.989  33.540 0.0000000000
32470  -21.266  -40.727  32.341 0.0000000000
32480  -20.728  -40.703  31.600 0.0000000000
32492  -21.131  -40.507  30.790 0.0000000000
52612  -51.021  -18.740  15.604 0.0000000000
54339  -47.183  -17.688  11.868 0.0000000000
53495  -48.048  -17.892  12.102 0.0000000000
53510  -49.502  -18.630  11.658 0.0000000000
53486  -49.335  -18.144  13.142 0.0000000000
53462  -49.982  -18.465  14.792 0.0000000000
105654  -51.433  -18.289  14.274 0.0000000000
34514  -36.433  -39.776  32.714 0.0000000000
33557  -36.980  -40.498  31.403 0.0000000000
32475  -36.732  -40.961  31.389 0.0000000000
31491  -36.582  -41.429  30.956 0.0000000000
31500  -36.369  -41.978  30.645 0.0000000000
31507  -36.277  -42.039  30.351 0.0000000000
32569  -32.895  -40.104  24.600 0.0000000000
32568  -32.403  -40.291  24.351 0.0000000000
40210  -18.224  -33.827  33.526 0.0000000000
39298  -17.945  -34.603  32.989 0.0000000000
38431  -17.645  -35.442  31.696 0.0000000000
39304  -18.220  -34.917  32.256 0.0000000000
116985  -15.531  -36.818  24.271 0.0000000000
104888  -15.542  -36.221  24.665 0.0000000000
38493  -15.672  -35.552  22.806 0.0000000000
38485  -15.669  -35.360  23.510 0.0000000000
39367  -15.927  -34.999  23.350 0.0000000000
34491  -29.172  -38.854  35.571 0.0000000000
34490  -28.442  -39.243  35.815 0.0000000000
33520  -27.937  -39.609  35.392 0.0000000000
32494  -28.333  -41.200  30.318 0.0000000000
32508  -28.994  -40.658  29.706 0.0000000000
32507  -27.437  -41.032  29.145 0.0000000000
32518  -27.356  -40.535  28.280 0.0000000000
125476  -26.791  -40.894  28.083 0.0000000000
31511  -25.342  -41.930  29.749 0.0000000000
31517  -25.107  -41.745  28.879 0.0000000000
44443  -52.348  -28.786  20.395 0.0000000000
122543  -51.979  -27.763  20.317 0.0000000000
44434  -52.209  -28.435  22.490 0.0000000000
116210  -52.163  -28.187  22.077 0.0000000000
46101  -51.804  -27.748  22.150 0.0000000000
46138  -50.161  -26.704  20.660 0.0000000000
46124  -50.739  -26.899  21.218 0.0000000000
47052  -50.703  -26.763  20.460 0.0000000000
47051  -49.608  -26.380  19.718 0.0000000000
46136  -49.008  -26.589  20.116 0.0000000000
46147  -46.936  -26.925  19.484 0.0000000000
39327  -48.294  -34.326  25.321 0.0000000000
114569  -47.310  -26.581  30.119 0.0000000000
44361  -46.701  -27.123  29.628 0.0000000000
44375  -48.694  -27.641  28.373 0.0000000000
120872  -47.696  -28.546  27.969 0.0000000000
43519  -47.372  -28.758  27.808 0.0000000000
42708  -47.031  -29.875  26.449 0.0000000000
43553  -46.370  -29.589  26.410 0.0000000000
42725  -46.732  -30.500  25.692 0.0000000000
41916  -45.728  -31.775  24.119 0.0000000000
124757  -59.165  -12.746  11.715 0.0000000000
55961  -56.077  -14.902  8.695 0.0000000000
56731  -56.805  -14.551  9.187 0.0000000000
56732  -57.508  -14.134  8.692 0.0000000000
56733  -58.061  -13.612  8.277 0.0000000000
57516  -59.278  -12.915  10.964 0.0000000000
53440  -47.666  -18.541  16.596 0.0000000000
53439  -46.606  -18.484  16.574 0.0000000000
53421  -46.323  -18.734  17.518 0.0000000000
126471  -43.559  -18.789  17.005 0.0000000000
52591  -44.048  -18.969  17.428 0.0000000000
107805  -41.580  -17.000  11.806 0.0000000000
54321  -42.507  -16.820  12.013 0.0000000000
112340  -45.057  -17.144  11.928 0.0000000000
54324  -45.489  -17.270  12.618 0.0000000000
53475  -46.234  -17.829  14.851 0.0000000000
106355  -46.061  -17.554  14.028 0.0000000000
104956  -47.094  -18.017  15.012 0.0000000000
40293  -37.221  -33.062  25.600 0.0000000000
40292  -36.486  -33.156  24.877 0.0000000000
44378  -17.523  -28.638  28.393 0.0000000000
43498  -18.841  -29.742  29.425 0.0000000000
43510  -19.169  -29.410  28.696 0.0000000000
42686  -20.514  -30.415  28.461 0.0000000000
35587  -16.165  -38.561  30.519 0.0000000000
36613  -16.084  -38.099  30.143 0.0000000000
35598  -16.100  -38.553  29.649 0.0000000000
34554  -16.200  -38.968  28.027 0.0000000000
36623  -15.820  -37.740  27.455 0.0000000000
33599  -17.186  -39.688  26.226 0.0000000000
33609  -17.003  -39.385  25.591 0.0000000000
34583  -16.488  -38.674  25.220 0.0000000000
122825  -16.679  -39.018  25.763 0.0000000000
35626  -16.094  -38.234  25.436 0.0000000000
35623  -15.871  -38.027  26.267 0.0000000000
35631  -15.908  -37.879  24.647 0.0000000000
35640  -15.656  -38.025  23.198 0.0000000000
32592  -15.559  -41.413  20.904 0.0000000000
35576  -32.429  -38.827  32.450 0.0000000000
34522  -33.075  -39.292  32.118 0.0000000000
117888  -32.631  -41.302  31.199 0.0000000000
33564  -32.399  -40.561  30.640 0.0000000000
32497  -31.811  -41.098  30.618 0.0000000000
33563  -31.853  -40.236  30.163 0.0000000000
32483  -31.007  -41.576  30.944 0.0000000000
30537  -30.770  -43.656  32.690 0.0000000000
30536  -29.412  -43.375  32.546 0.0000000000
112374  -30.738  -42.887  32.236 0.0000000000
31486  -29.804  -42.834  32.071 0.0000000000
31495  -29.310  -41.978  31.357 0.0000000000
31484  -28.167  -42.979  31.919 0.0000000000
48047  -48.559  -25.691  17.519 0.0000000000
48048  -48.980  -25.833  17.598 0.0000000000
109518  -48.573  -25.511  16.913 0.0000000000
49047  -42.360  -22.971  13.584 0.0000000000
121566  -41.743  -30.317  29.813 0.0000000000
41874  -41.355  -31.111  29.103 0.0000000000
41873  -41.060  -31.470  28.692 0.0000000000
123636  -45.046  -27.806  29.820 0.0000000000
108873  -44.496  -28.044  30.424 0.0000000000
43551  -44.659  -29.103  26.305 0.0000000000
44414  -44.323  -28.818  26.985 0.0000000000
44413  -43.636  -28.847  27.529 0.0000000000
43518  -43.215  -28.977  28.431 0.0000000000
108000  -43.257  -28.899  29.175 0.0000000000
43517  -42.671  -29.384  28.892 0.0000000000
42707  -42.231  -30.066  27.476 0.0000000000
42722  -40.868  -30.653  26.165 0.0000000000
41897  -40.324  -31.294  26.835 0.0000000000
122363  -39.664  -31.524  26.621 0.0000000000
123708  -38.601  -31.886  26.380 0.0000000000
41905  -39.013  -31.269  26.101 0.0000000000
41111  -36.966  -31.556  23.592 0.0000000000
61659  -60.379  -8.541  8.421 0.0000000000
61691  -57.749  -8.242  5.681 0.0000000000
120029  -17.599  -34.950  34.560 0.0000000000
37512  -17.054  -35.429  33.820 0.0000000000
38418  -16.458  -35.752  33.186 0.0000000000
114080  -18.846  -37.787  35.086 0.0000000000
37499  -18.356  -36.311  35.006 0.0000000000
35565  -16.368  -38.137  32.961 0.0000000000
36601  -16.024  -37.311  32.874 0.0000000000
125633  -15.973  -38.287  31.781 0.0000000000
109782  -16.214  -38.590  31.945 0.0000000000
33550  -16.846  -39.921  31.281 0.0000000000
34537  -16.521  -39.478  30.734 0.0000000000
33559  -16.836  -40.101  30.488 0.0000000000
32500  -16.943  -40.161  29.563 0.0000000000
32487  -17.296  -40.468  30.230 0.0000000000
32478  -18.483  -41.225  31.784 0.0000000000
32503  -19.323  -40.446  28.976 0.0000000000
32502  -18.666  -40.537  29.142 0.0000000000
32512  -17.970  -40.493  28.754 0.0000000000
32513  -18.688  -40.383  28.352 0.0000000000
32523  -18.448  -40.314  27.446 0.0000000000
32514  -19.246  -40.246  27.731 0.0000000000
33602  -19.671  -40.295  26.216 0.0000000000
34584  -20.394  -39.968  24.921 0.0000000000
34585  -21.046  -39.827  25.069 0.0000000000
53481  -54.220  -17.928  14.772 0.0000000000
52608  -39.217  -19.719  15.279 0.0000000000
52642  -50.391  -18.641  11.853 0.0000000000
120014  -50.810  -18.810  11.348 0.0000000000
106214  -51.566  -17.847  12.031 0.0000000000
126024  -51.243  -18.376  11.525 0.0000000000
53512  -52.098  -17.541  11.929 0.0000000000
53490  -53.049  -17.834  13.995 0.0000000000
53501  -52.822  -17.218  12.666 0.0000000000
33547  -34.101  -40.898  31.975 0.0000000000
32473  -33.832  -41.596  32.012 0.0000000000
32462  -35.617  -41.250  32.019 0.0000000000
32451  -35.323  -40.674  32.171 0.0000000000
29507  -35.200  -43.471  31.223 0.0000000000
30529  -35.316  -42.476  31.801 0.0000000000
29501  -35.061  -43.225  31.736 0.0000000000
29500  -34.505  -43.611  32.011 0.0000000000
28490  -34.158  -44.350  31.811 0.0000000000
28497  -34.371  -44.554  31.236 0.0000000000
28509  -33.590  -44.824  29.946 0.0000000000
27526  -33.276  -45.241  30.474 0.0000000000
124332  -32.089  -45.690  29.879 0.0000000000
27530  -32.324  -45.488  29.579 0.0000000000
39343  -37.469  -33.947  26.023 0.0000000000
115244  -37.765  -34.659  26.365 0.0000000000
38471  -38.037  -35.366  26.713 0.0000000000
37546  -37.397  -36.482  26.359 0.0000000000
36636  -37.388  -36.791  26.899 0.0000000000
35642  -35.324  -38.013  24.492 0.0000000000
34602  -35.108  -38.685  24.823 0.0000000000
120667  -36.004  -38.382  26.700 0.0000000000
35627  -35.812  -38.283  26.269 0.0000000000
35624  -36.599  -37.895  27.102 0.0000000000
35625  -37.408  -37.382  27.524 0.0000000000
35620  -37.169  -38.098  27.598 0.0000000000
35621  -37.826  -37.506  28.030 0.0000000000
32529  -36.473  -39.785  28.338 0.0000000000
34561  -37.171  -39.089  28.470 0.0000000000
33588  -37.380  -39.121  29.133 0.0000000000
33577  -37.156  -39.540  29.609 0.0000000000
32510  -36.981  -40.041  30.013 0.0000000000
33576  -36.724  -40.293  29.612 0.0000000000
122352  -35.171  -41.562  28.517 0.0000000000
31518  -35.116  -41.959  28.814 0.0000000000
30566  -35.285  -42.621  29.521 0.0000000000
30572  -34.900  -42.504  29.117 0.0000000000
30612  -32.758  -41.394  25.964 0.0000000000
30593  -32.540  -42.203  26.473 0.0000000000
30579  -32.984  -42.769  27.365 0.0000000000
29551  -33.377  -43.331  28.152 0.0000000000
30570  -34.008  -43.070  28.562 0.0000000000
29538  -33.006  -43.976  28.426 0.0000000000
28523  -33.246  -44.352  28.940 0.0000000000
28533  -32.405  -44.111  28.005 0.0000000000
42655  -17.328  -30.571  32.728 0.0000000000
107504  -17.247  -30.120  31.710 0.0000000000
42660  -17.639  -30.639  31.638 0.0000000000
40211  -18.433  -33.179  33.222 0.0000000000
41848  -19.189  -31.661  31.327 0.0000000000
41842  -18.627  -31.816  31.951 0.0000000000
42669  -19.018  -30.804  30.822 0.0000000000
41053  -20.565  -32.164  29.148 0.0000000000
41064  -20.989  -31.864  28.363 0.0000000000
38443  -16.625  -35.834  28.081 0.0000000000
38438  -16.872  -36.027  29.101 0.0000000000
38444  -17.198  -35.615  28.550 0.0000000000
39310  -17.734  -35.395  29.051 0.0000000000
38456  -15.941  -35.360  25.797 0.0000000000
39331  -16.486  -35.080  25.873 0.0000000000
39332  -17.206  -34.969  26.305 0.0000000000
39319  -18.219  -34.755  27.573 0.0000000000
39320  -19.189  -34.387  28.101 0.0000000000
40260  -18.829  -34.376  27.060 0.0000000000
115269  -20.889  -33.020  26.842 0.0000000000
32449  -23.814  -40.310  34.922 0.0000000000
35583  -31.282  -38.263  31.954 0.0000000000
35574  -30.988  -38.252  32.927 0.0000000000
35582  -29.449  -38.237  31.531 0.0000000000
35573  -29.508  -38.488  32.578 0.0000000000
34551  -29.277  -39.103  28.919 0.0000000000
35604  -29.390  -38.538  29.616 0.0000000000
35603  -28.615  -38.177  29.085 0.0000000000
35580  -27.099  -38.252  30.966 0.0000000000
106550  -27.914  -37.973  30.605 0.0000000000
34531  -27.198  -38.830  31.610 0.0000000000
34520  -27.637  -39.064  32.201 0.0000000000
34519  -26.878  -39.350  32.165 0.0000000000
126094  -26.249  -39.511  32.070 0.0000000000
34517  -24.953  -39.959  31.957 0.0000000000
33544  -24.420  -40.404  32.640 0.0000000000
33543  -23.620  -40.703  32.976 0.0000000000
105878  -23.110  -40.505  32.085 0.0000000000
34558  -24.223  -38.910  29.106 0.0000000000
34549  -23.500  -39.213  29.440 0.0000000000
34548  -22.595  -39.476  29.496 0.0000000000
34556  -22.903  -39.193  28.586 0.0000000000
34570  -25.648  -39.235  27.152 0.0000000000
123674  -24.320  -40.171  26.158 0.0000000000
34568  -24.039  -39.155  26.992 0.0000000000
116245  -23.169  -39.014  26.925 0.0000000000
115157  -22.782  -39.145  27.689 0.0000000000
34578  -22.848  -39.362  26.184 0.0000000000
32553  -23.088  -40.773  24.836 0.0000000000
33622  -22.492  -40.438  24.374 0.0000000000
33621  -21.866  -40.118  23.967 0.0000000000
29503  -24.644  -44.528  32.201 0.0000000000
29502  -23.026  -45.416  31.527 0.0000000000
29512  -24.190  -44.145  31.588 0.0000000000
30545  -23.749  -43.955  31.008 0.0000000000
30550  -22.961  -43.819  29.993 0.0000000000
30557  -22.685  -43.508  29.336 0.0000000000
30564  -23.116  -42.882  28.836 0.0000000000
30563  -22.429  -43.315  28.522 0.0000000000
30569  -22.165  -43.117  27.669 0.0000000000
30578  -21.940  -43.033  26.938 0.0000000000
30577  -21.379  -43.240  26.588 0.0000000000
31534  -21.097  -42.924  24.777 0.0000000000
113799  -20.798  -42.559  23.892 0.0000000000
31561  -21.325  -41.898  23.375 0.0000000000
31560  -20.438  -42.133  22.926 0.0000000000
47019  -50.077  -26.586  24.918 0.0000000000
47018  -49.606  -26.423  25.021 0.0000000000
47004  -49.422  -25.744  25.940 0.0000000000
111296  -50.951  -27.237  25.095 0.0000000000
47020  -50.323  -26.714  24.823 0.0000000000
42710  -49.775  -29.461  26.676 0.0000000000
42711  -50.202  -29.173  26.662 0.0000000000
46051  -49.971  -26.533  27.955 0.0000000000
117983  -50.204  -26.603  27.378 0.0000000000
44401  -49.990  -27.853  27.063 0.0000000000
113879  -49.855  -25.509  26.983 0.0000000000
55932  -55.829  -16.132  12.905 0.0000000000
55126  -56.275  -16.353  13.610 0.0000000000
54340  -53.337  -17.022  12.229 0.0000000000
54351  -53.431  -16.885  11.485 0.0000000000
55140  -54.332  -16.456  11.603 0.0000000000
108591  -55.320  -16.255  12.412 0.0000000000
53474  -41.235  -17.833  14.818 0.0000000000
124509  -40.858  -19.047  15.868 0.0000000000
51760  -39.591  -19.696  11.462 0.0000000000
52634  -38.763  -18.829  12.047 0.0000000000
107247  -40.282  -17.458  13.087 0.0000000000
121527  -19.201  -40.113  24.531 0.0000000000
33620  -19.514  -39.909  23.678 0.0000000000
33632  -18.951  -39.916  22.987 0.0000000000
117008  -18.034  -40.893  21.795 0.0000000000
121772  -18.774  -40.863  21.911 0.0000000000
31575  -19.272  -42.048  21.901 0.0000000000
26549  -31.958  -45.696  30.501 0.0000000000
26535  -31.772  -45.614  31.245 0.0000000000
26542  -31.525  -45.749  30.849 0.0000000000
26541  -30.771  -46.062  30.825 0.0000000000
46161  -46.423  -26.452  18.084 0.0000000000
47075  -46.810  -26.060  17.733 0.0000000000
46179  -45.627  -26.395  17.608 0.0000000000
47090  -45.074  -25.957  16.983 0.0000000000
47113  -43.646  -25.657  16.361 0.0000000000
46018  -44.980  -26.072  32.026 0.0000000000
58350  -59.687  -12.409  9.543 0.0000000000
58348  -60.073  -11.722  9.923 0.0000000000
59149  -60.238  -10.938  10.321 0.0000000000
60008  -59.522  -10.219  10.813 0.0000000000
32456  -20.331  -41.069  33.953 0.0000000000
106268  -19.963  -40.891  33.015 0.0000000000
105288  -20.811  -40.806  33.178 0.0000000000
125951  -50.438  -18.601  15.345 0.0000000000
120475  -50.945  -18.943  16.267 0.0000000000
52611  -50.254  -18.734  16.062 0.0000000000
54314  -47.593  -17.721  13.636 0.0000000000
54326  -47.406  -17.594  12.736 0.0000000000
34515  -37.030  -39.598  32.497 0.0000000000
34524  -37.364  -39.721  32.016 0.0000000000
33548  -37.238  -40.109  31.702 0.0000000000
32486  -36.995  -40.330  30.836 0.0000000000
41062  -40.751  -32.332  29.578 0.0000000000
43525  -20.128  -29.301  27.657 0.0000000000
44391  -20.272  -28.866  26.996 0.0000000000
38424  -17.302  -35.135  32.867 0.0000000000
38430  -16.953  -35.520  32.046 0.0000000000
119994  -17.031  -35.754  31.262 0.0000000000
37563  -15.388  -36.578  23.134 0.0000000000
38484  -15.490  -35.820  23.648 0.0000000000
108161  -15.375  -36.537  22.465 0.0000000000
38498  -15.483  -36.189  22.228 0.0000000000
38499  -15.696  -35.809  21.998 0.0000000000
34492  -29.857  -38.638  35.400 0.0000000000
34498  -29.505  -38.812  34.937 0.0000000000
105248  -27.308  -41.789  30.838 0.0000000000
32506  -26.712  -41.422  29.478 0.0000000000
46110  -50.388  -27.141  22.160 0.0000000000
46111  -51.051  -27.152  21.954 0.0000000000
46123  -49.714  -26.941  21.354 0.0000000000
117704  -48.402  -26.894  20.536 0.0000000000
39329  -50.332  -34.077  24.706 0.0000000000
117313  -48.345  -28.961  27.443 0.0000000000
118420  -48.180  -28.513  27.863 0.0000000000
109990  -47.886  -29.604  27.121 0.0000000000
42694  -47.751  -29.935  26.752 0.0000000000
42709  -47.550  -30.365  26.353 0.0000000000
42726  -47.130  -30.633  25.859 0.0000000000
41899  -46.901  -31.333  25.243 0.0000000000
56728  -56.811  -14.641  10.171 0.0000000000
56718  -58.162  -13.909  10.085 0.0000000000
124119  -58.377  -13.767  11.156 0.0000000000
53438  -45.668  -18.334  16.239 0.0000000000
53420  -44.952  -18.898  17.587 0.0000000000
54310  -43.367  -17.288  13.568 0.0000000000
54311  -44.122  -17.307  13.600 0.0000000000
54312  -45.144  -17.411  13.609 0.0000000000
40311  -35.179  -33.481  23.165 0.0000000000
43508  -17.210  -28.908  29.111 0.0000000000
34546  -16.111  -39.091  29.016 0.0000000000
34565  -16.420  -38.879  27.180 0.0000000000
33616  -17.076  -39.405  24.945 0.0000000000
34591  -16.548  -38.767  24.221 0.0000000000
35641  -16.043  -38.356  23.757 0.0000000000
33546  -33.932  -40.526  32.097 0.0000000000
34534  -33.531  -40.015  31.671 0.0000000000
33556  -33.446  -40.964  31.603 0.0000000000
117823  -30.528  -44.819  32.594 0.0000000000
30523  -30.180  -43.890  32.857 0.0000000000
30535  -28.730  -43.463  32.612 0.0000000000
49968  -38.211  -22.249  12.295 0.0000000000
50829  -37.723  -21.542  12.335 0.0000000000
49058  -37.942  -23.090  12.474 0.0000000000
48993  -47.021  -25.048  16.165 0.0000000000
49955  -39.829  -22.765  12.894 0.0000000000
42666  -42.518  -29.946  31.468 0.0000000000
45188  -46.122  -26.831  30.061 0.0000000000
43563  -42.602  -29.531  25.270 0.0000000000
43550  -43.709  -29.079  26.388 0.0000000000
107795  -42.849  -29.390  26.067 0.0000000000
43549  -42.404  -29.728  26.561 0.0000000000
110275  -38.659  -30.975  25.217 0.0000000000
41922  -38.296  -30.720  23.538 0.0000000000
59189  -60.220  -11.016  7.119 0.0000000000
36598  -17.131  -37.593  34.210 0.0000000000
34516  -16.612  -39.050  32.300 0.0000000000
32490  -19.558  -40.819  30.385 0.0000000000
33580  -19.731  -40.220  28.369 0.0000000000
106034  -20.088  -40.139  27.602 0.0000000000
53480  -53.459  -18.093  14.668 0.0000000000
52615  -53.643  -18.693  16.090 0.0000000000
105232  -51.116  -18.058  13.454 0.0000000000
53499  -51.460  -17.774  12.829 0.0000000000
53500  -52.105  -17.572  12.870 0.0000000000
33536  -34.671  -40.463  32.066 0.0000000000
30543  -36.029  -42.349  31.172 0.0000000000
30530  -35.788  -42.204  31.558 0.0000000000
29508  -35.809  -43.003  31.230 0.0000000000
29513  -35.169  -43.608  30.701 0.0000000000
28501  -34.701  -44.263  30.826 0.0000000000
27516  -34.147  -44.817  30.848 0.0000000000
113048  -34.375  -44.491  30.454 0.0000000000
28510  -34.087  -44.528  29.981 0.0000000000
28515  -33.423  -44.625  29.474 0.0000000000
38487  -36.067  -35.869  24.752 0.0000000000
38478  -36.712  -35.749  25.382 0.0000000000
37555  -36.429  -36.658  25.131 0.0000000000
36645  -36.165  -37.488  25.018 0.0000000000
33624  -34.891  -39.275  25.211 0.0000000000
34596  -35.343  -38.836  25.429 0.0000000000
34589  -35.328  -39.126  25.832 0.0000000000
34590  -35.582  -38.866  26.345 0.0000000000
34581  -35.826  -38.892  26.843 0.0000000000
33607  -36.156  -38.978  27.292 0.0000000000
33597  -36.301  -39.359  27.697 0.0000000000
33596  -35.999  -39.915  27.772 0.0000000000
32528  -35.851  -40.596  28.380 0.0000000000
32527  -35.349  -40.945  28.063 0.0000000000
31529  -34.945  -41.263  27.930 0.0000000000
31528  -34.479  -41.602  27.784 0.0000000000
29549  -31.779  -43.770  27.309 0.0000000000
40242  -18.770  -34.363  31.840 0.0000000000
40243  -19.327  -33.583  31.217 0.0000000000
41039  -19.660  -32.482  30.898 0.0000000000
40253  -20.258  -33.168  29.205 0.0000000000
114590  -20.154  -33.759  28.298 0.0000000000
37528  -15.928  -36.768  28.308 0.0000000000
38442  -16.115  -36.048  27.778 0.0000000000
38448  -16.411  -35.658  27.145 0.0000000000
40278  -16.579  -34.873  25.274 0.0000000000
40268  -17.597  -34.653  25.824 0.0000000000
40269  -18.472  -34.323  26.173 0.0000000000
40281  -18.967  -33.792  24.907 0.0000000000
41089  -19.787  -33.329  24.482 0.0000000000
34543  -31.690  -39.254  30.281 0.0000000000
122429  -30.884  -38.301  31.261 0.0000000000
35594  -30.929  -38.642  30.486 0.0000000000
35593  -29.430  -38.256  30.527 0.0000000000
35602  -27.705  -37.682  29.136 0.0000000000
35591  -27.311  -37.745  30.088 0.0000000000
121058  -26.531  -38.494  30.925 0.0000000000
35579  -25.943  -38.757  30.825 0.0000000000
34541  -25.103  -39.302  31.109 0.0000000000
120958  -24.474  -39.740  31.305 0.0000000000
34528  -23.851  -39.846  31.030 0.0000000000
34540  -24.437  -39.371  30.641 0.0000000000
34550  -24.326  -39.092  29.829 0.0000000000
32526  -25.504  -40.986  27.271 0.0000000000
33604  -25.266  -39.727  26.791 0.0000000000
33594  -25.015  -40.368  26.606 0.0000000000
34588  -23.232  -39.725  25.599 0.0000000000
123447  -23.663  -40.427  25.575 0.0000000000
32542  -23.462  -41.186  25.257 0.0000000000
32541  -23.024  -41.541  24.859 0.0000000000
28494  -22.365  -45.845  31.474 0.0000000000
126477  -22.896  -44.953  30.948 0.0000000000
30544  -23.119  -44.263  30.597 0.0000000000
104991  -22.488  -44.935  30.521 0.0000000000
29516  -22.045  -44.854  30.068 0.0000000000
30576  -20.671  -43.457  26.299 0.0000000000
41910  -51.907  -32.121  23.777 0.0000000000
41918  -52.622  -31.215  23.251 0.0000000000
42738  -52.391  -30.391  23.653 0.0000000000
44427  -52.174  -29.177  23.465 0.0000000000
46089  -51.280  -27.576  22.820 0.0000000000
45232  -51.098  -27.382  23.961 0.0000000000
46099  -50.556  -27.266  22.883 0.0000000000
46108  -49.041  -26.936  22.738 0.0000000000
41072  -48.161  -31.470  26.178 0.0000000000
40259  -49.288  -32.402  26.001 0.0000000000
41891  -50.210  -30.463  26.167 0.0000000000
41080  -50.469  -31.694  25.626 0.0000000000
40276  -50.729  -33.206  24.686 0.0000000000
41088  -51.372  -32.701  24.178 0.0000000000
43507  -48.703  -27.897  27.990 0.0000000000
45204  -49.598  -27.195  28.083 0.0000000000
44385  -49.087  -27.649  28.016 0.0000000000
43521  -48.630  -28.430  27.628 0.0000000000
56706  -57.912  -14.506  12.679 0.0000000000
54356  -53.628  -16.732  9.771 0.0000000000
55156  -53.796  -16.477  8.898 0.0000000000
55157  -54.356  -16.014  8.559 0.0000000000
55942  -56.009  -14.935  10.700 0.0000000000
53457  -43.908  -18.146  15.840 0.0000000000
53435  -43.141  -18.621  16.496 0.0000000000
51761  -40.383  -20.022  11.107 0.0000000000
52643  -40.555  -18.592  10.606 0.0000000000
54308  -41.196  -17.253  13.263 0.0000000000
121238  -41.999  -17.219  13.382 0.0000000000
43481  -17.164  -29.459  30.761 0.0000000000
32522  -17.740  -40.189  27.176 0.0000000000
32521  -17.337  -39.998  27.304 0.0000000000
32540  -17.384  -40.018  25.973 0.0000000000
33617  -17.133  -39.545  24.365 0.0000000000
33643  -16.462  -39.816  22.087 0.0000000000
32593  -16.541  -41.502  21.398 0.0000000000
32594  -17.595  -41.506  21.534 0.0000000000
31572  -16.288  -42.740  22.185 0.0000000000
30526  -33.030  -43.702  32.325 0.0000000000
30539  -32.630  -43.324  32.400 0.0000000000
29498  -32.258  -44.369  32.431 0.0000000000
28488  -31.779  -44.934  32.404 0.0000000000
28487  -31.161  -44.837  32.525 0.0000000000
123971  -31.420  -45.587  31.495 0.0000000000
27512  -31.059  -45.517  31.852 0.0000000000
123138  -30.953  -45.197  32.318 0.0000000000
27505  -30.462  -45.381  32.324 0.0000000000
48124  -39.110  -24.603  13.786 0.0000000000
47144  -39.472  -25.157  14.409 0.0000000000
47077  -49.389  -26.174  18.918 0.0000000000
47078  -49.620  -26.285  18.877 0.0000000000
48034  -48.908  -25.936  18.333 0.0000000000
118471  -48.283  -25.780  17.850 0.0000000000
48046  -48.160  -25.280  17.055 0.0000000000
47093  -47.308  -25.475  17.145 0.0000000000
105161  -47.005  -25.233  16.620 0.0000000000
48064  -46.629  -24.822  16.108 0.0000000000
48086  -46.200  -24.499  15.686 0.0000000000
48085  -45.564  -24.305  15.578 0.0000000000
48084  -44.774  -24.216  15.493 0.0000000000
48083  -43.922  -24.247  15.307 0.0000000000
110361  -43.227  -25.050  15.654 0.0000000000
48082  -42.535  -24.836  15.209 0.0000000000
43535  -45.865  -28.975  27.019 0.0000000000
44399  -45.407  -28.597  27.533 0.0000000000
43565  -44.287  -29.403  25.566 0.0000000000
113417  -43.755  -30.225  23.981 0.0000000000
43572  -43.155  -29.693  24.687 0.0000000000
43571  -42.442  -29.686  24.609 0.0000000000
42743  -41.925  -29.874  24.146 0.0000000000
58357  -59.831  -11.590  7.468 0.0000000000
59181  -60.625  -10.638  7.290 0.0000000000
60046  -61.069  -10.145  7.562 0.0000000000
60852  -61.402  -9.379  7.835 0.0000000000
60841  -61.201  -9.131  8.540 0.0000000000
60840  -60.649  -9.133  8.907 0.0000000000
118486  -60.236  -9.801  9.701 0.0000000000
32443  -18.195  -40.477  33.668 0.0000000000
32453  -18.048  -40.686  32.944 0.0000000000
119679  -19.193  -41.172  32.078 0.0000000000
32468  -19.833  -40.924  31.761 0.0000000000
33571  -21.732  -39.864  29.591 0.0000000000
53487  -50.303  -18.238  13.290 0.0000000000
34503  -35.204  -39.445  33.056 0.0000000000
33537  -36.648  -40.312  32.539 0.0000000000
32463  -36.538  -40.735  32.147 0.0000000000
31483  -36.138  -41.747  31.556 0.0000000000
31490  -36.404  -41.906  31.073 0.0000000000
111885  -36.044  -42.355  30.330 0.0000000000
30560  -35.448  -42.968  29.923 0.0000000000
35665  -34.313  -37.784  23.332 0.0000000000
34608  -34.016  -38.669  23.759 0.0000000000
33652  -33.623  -39.308  24.136 0.0000000000
33637  -34.043  -39.513  24.794 0.0000000000
32570  -33.637  -39.878  25.014 0.0000000000
32555  -34.082  -40.091  25.646 0.0000000000
31551  -33.739  -40.615  25.957 0.0000000000
31550  -32.983  -40.753  25.516 0.0000000000
111178  -32.335  -40.975  25.151 0.0000000000
38467  -15.711  -35.703  25.280 0.0000000000
38468  -15.891  -35.118  25.101 0.0000000000
38476  -15.526  -35.765  24.187 0.0000000000
39352  -15.840  -35.019  24.538 0.0000000000
39353  -16.220  -34.834  24.799 0.0000000000
114644  -16.388  -34.664  24.296 0.0000000000
40297  -16.769  -34.489  24.093 0.0000000000
40298  -17.332  -34.271  23.833 0.0000000000
34480  -27.992  -39.007  36.983 0.0000000000
34485  -27.472  -39.387  36.492 0.0000000000
33507  -27.679  -39.561  36.027 0.0000000000
33519  -27.517  -39.980  34.839 0.0000000000
32495  -29.916  -40.649  29.934 0.0000000000
33573  -28.726  -40.030  28.859 0.0000000000
33585  -27.993  -39.804  28.298 0.0000000000
34560  -27.715  -38.858  28.126 0.0000000000
34559  -26.889  -38.842  27.819 0.0000000000
123306  -26.884  -39.508  27.575 0.0000000000
33584  -26.774  -40.184  27.576 0.0000000000
106145  -26.374  -41.232  28.573 0.0000000000
32516  -25.689  -41.392  28.228 0.0000000000
45253  -52.031  -28.036  19.957 0.0000000000
47064  -51.097  -26.955  19.804 0.0000000000
42747  -52.627  -30.553  22.999 0.0000000000
45241  -52.406  -28.596  21.302 0.0000000000
46112  -51.480  -27.374  21.658 0.0000000000
46127  -51.806  -27.435  21.078 0.0000000000
45248  -52.073  -27.820  20.661 0.0000000000
46139  -51.618  -27.279  20.506 0.0000000000
47053  -51.174  -26.914  20.224 0.0000000000
47062  -49.882  -26.393  19.405 0.0000000000
125897  -49.627  -26.298  19.342 0.0000000000
47059  -48.155  -26.181  18.701 0.0000000000
46149  -48.341  -26.591  19.698 0.0000000000
46148  -47.604  -26.712  19.474 0.0000000000
45182  -46.865  -26.324  30.693 0.0000000000
118073  -46.567  -27.525  29.266 0.0000000000
44384  -46.594  -28.421  28.094 0.0000000000
45196  -48.153  -27.239  29.280 0.0000000000
43505  -48.031  -28.133  28.402 0.0000000000
121523  -47.685  -28.114  28.570 0.0000000000
44373  -47.844  -27.693  28.972 0.0000000000
44372  -47.136  -28.142  28.616 0.0000000000
42724  -46.022  -29.930  25.682 0.0000000000
42746  -45.419  -30.817  24.350 0.0000000000
41908  -46.635  -31.406  24.993 0.0000000000
41907  -46.145  -31.193  24.579 0.0000000000
56735  -56.732  -14.433  8.193 0.0000000000
57535  -59.223  -12.878  9.171 0.0000000000
57534  -58.733  -13.377  9.633 0.0000000000
58333  -59.500  -12.121  11.467 0.0000000000
53441  -48.618  -18.637  16.684 0.0000000000
41083  -38.347  -32.574  26.478 0.0000000000
124217  -38.352  -33.306  26.720 0.0000000000
40283  -37.899  -33.249  26.241 0.0000000000
39355  -36.723  -33.996  25.390 0.0000000000
39363  -35.312  -34.215  23.852 0.0000000000
38477  -35.629  -35.057  24.386 0.0000000000
38486  -35.466  -35.968  24.104 0.0000000000
109717  -34.900  -36.633  23.326 0.0000000000
37580  -34.507  -36.598  22.847 0.0000000000
35664  -33.756  -37.367  22.461 0.0000000000
43524  -18.582  -28.822  28.234 0.0000000000
114680  -20.796  -30.119  27.755 0.0000000000
36614  -15.909  -37.494  30.622 0.0000000000
36617  -15.999  -37.620  29.690 0.0000000000
126540  -15.850  -38.033  28.770 0.0000000000
36620  -15.889  -37.566  28.787 0.0000000000
36627  -15.816  -37.584  26.761 0.0000000000
33590  -17.179  -39.704  27.017 0.0000000000
33598  -16.903  -39.328  26.741 0.0000000000
34575  -16.551  -38.943  26.461 0.0000000000
34564  -16.112  -38.441  26.794 0.0000000000
36634  -15.773  -37.360  25.923 0.0000000000
36644  -15.646  -37.159  24.954 0.0000000000
35630  -15.761  -37.835  23.891 0.0000000000
36655  -15.579  -37.550  23.578 0.0000000000
37562  -15.485  -37.022  23.668 0.0000000000
35575  -31.742  -38.498  32.671 0.0000000000
35584  -32.043  -38.599  31.760 0.0000000000
34533  -32.908  -39.549  31.247 0.0000000000
34532  -32.334  -39.031  30.967 0.0000000000
120239  -32.226  -42.980  32.332 0.0000000000
31487  -31.646  -42.604  32.015 0.0000000000
31497  -31.093  -42.215  31.620 0.0000000000
31506  -28.573  -41.565  30.984 0.0000000000
31494  -27.635  -42.204  31.431 0.0000000000
30546  -25.694  -42.914  31.706 0.0000000000
52623  -39.097  -19.063  14.165 0.0000000000
51755  -37.301  -21.037  12.753 0.0000000000
48036  -49.444  -26.077  17.939 0.0000000000
48049  -49.435  -26.075  17.595 0.0000000000
48088  -48.259  -25.318  16.305 0.0000000000
113242  -40.361  -21.911  12.552 0.0000000000
51757  -38.987  -20.404  11.789 0.0000000000
52633  -38.683  -19.571  11.843 0.0000000000
42665  -42.005  -30.602  31.194 0.0000000000
41051  -41.351  -31.568  30.350 0.0000000000
41070  -40.695  -32.101  28.946 0.0000000000
45173  -44.875  -26.909  31.552 0.0000000000
45180  -45.094  -26.912  31.012 0.0000000000
44347  -44.491  -27.474  31.373 0.0000000000
44351  -44.136  -28.044  31.093 0.0000000000
43494  -43.720  -28.612  30.792 0.0000000000
44382  -44.679  -28.291  28.842 0.0000000000
44368  -43.989  -28.618  29.443 0.0000000000
122564  -43.377  -28.883  29.823 0.0000000000
42683  -42.122  -29.830  29.388 0.0000000000
42706  -41.615  -30.723  27.494 0.0000000000
41888  -41.617  -30.776  28.335 0.0000000000
41887  -41.124  -31.281  27.939 0.0000000000
41084  -39.821  -31.980  27.275 0.0000000000
112325  -36.913  -32.447  24.982 0.0000000000
41912  -37.862  -31.061  24.746 0.0000000000
41102  -37.154  -31.732  24.510 0.0000000000
61675  -61.468  -8.434  7.935 0.0000000000
62485  -60.892  -8.012  8.015 0.0000000000
62497  -59.918  -7.648  7.258 0.0000000000
61700  -57.412  -7.976  4.887 0.0000000000
120504  -17.622  -34.556  34.107 0.0000000000
37507  -16.814  -36.861  34.137 0.0000000000
37511  -16.414  -36.432  33.550 0.0000000000
36605  -15.733  -37.141  32.142 0.0000000000
36609  -15.826  -37.831  31.497 0.0000000000
34526  -16.315  -38.928  30.871 0.0000000000
34527  -16.471  -39.153  31.529 0.0000000000
33567  -16.825  -39.969  28.715 0.0000000000
32466  -17.848  -40.938  32.205 0.0000000000
32477  -17.804  -40.965  31.411 0.0000000000
32488  -17.880  -40.878  30.514 0.0000000000
32489  -18.721  -40.997  30.476 0.0000000000
32501  -17.615  -40.510  29.584 0.0000000000
118412  -17.459  -40.274  27.923 0.0000000000
33601  -18.779  -40.416  25.851 0.0000000000
33592  -19.663  -40.261  27.027 0.0000000000
106539  -19.642  -40.190  25.246 0.0000000000
34600  -21.137  -39.959  23.728 0.0000000000
54303  -54.697  -17.524  14.111 0.0000000000
54304  -55.442  -17.346  14.528 0.0000000000
52609  -40.125  -19.304  15.669 0.0000000000
105975  -49.773  -19.063  10.267 0.0000000000
52660  -50.342  -19.102  10.082 0.0000000000
52661  -51.093  -19.072  10.497 0.0000000000
53536  -51.566  -18.586  10.069 0.0000000000
53537  -52.127  -18.084  10.420 0.0000000000
53513  -52.700  -17.218  11.739 0.0000000000
54327  -53.725  -17.194  12.817 0.0000000000
33523  -34.912  -39.908  32.571 0.0000000000
31481  -35.195  -42.079  32.109 0.0000000000
31480  -34.787  -41.879  31.989 0.0000000000
30527  -34.118  -43.123  32.183 0.0000000000
28496  -33.659  -44.946  31.501 0.0000000000
27514  -33.049  -45.396  31.181 0.0000000000
27521  -33.523  -45.191  30.767 0.0000000000
124824  -32.218  -45.643  30.332 0.0000000000
27529  -31.626  -45.806  29.580 0.0000000000
39334  -38.597  -33.653  27.174 0.0000000000
39335  -38.681  -34.114  27.577 0.0000000000
38470  -37.433  -35.633  25.967 0.0000000000
38458  -38.463  -34.921  27.442 0.0000000000
36626  -38.772  -36.099  28.126 0.0000000000
35643  -35.788  -37.984  25.113 0.0000000000
106542  -36.052  -37.867  25.614 0.0000000000
35634  -36.141  -37.865  26.118 0.0000000000
36635  -36.766  -37.379  26.444 0.0000000000
36628  -36.964  -37.327  27.000 0.0000000000
35622  -38.309  -36.808  28.302 0.0000000000
35615  -38.295  -36.881  28.765 0.0000000000
34573  -37.592  -38.318  28.188 0.0000000000
34562  -37.783  -38.499  28.855 0.0000000000
34553  -37.872  -37.873  29.797 0.0000000000
33565  -37.337  -39.603  30.712 0.0000000000
32499  -36.980  -40.177  30.484 0.0000000000
32519  -35.894  -41.147  29.128 0.0000000000
31514  -36.298  -41.207  29.688 0.0000000000
31508  -36.456  -41.469  30.277 0.0000000000
125196  -35.761  -42.454  29.881 0.0000000000
29533  -35.013  -43.217  29.700 0.0000000000
31538  -34.042  -41.192  26.871 0.0000000000
30595  -33.981  -41.890  27.589 0.0000000000
30581  -34.283  -42.330  28.283 0.0000000000
29540  -34.236  -43.438  29.095 0.0000000000
29532  -34.492  -43.723  29.583 0.0000000000
29531  -33.871  -44.069  29.269 0.0000000000
28514  -32.687  -44.964  29.096 0.0000000000
28532  -31.858  -44.429  27.929 0.0000000000
28521  -31.959  -44.927  28.499 0.0000000000
41833  -17.898  -31.741  33.041 0.0000000000
41841  -18.001  -31.440  32.245 0.0000000000
42676  -18.457  -30.039  30.199 0.0000000000
41856  -20.171  -31.575  29.710 0.0000000000
115134  -21.340  -31.609  27.571 0.0000000000
37522  -16.175  -36.675  30.586 0.0000000000
122986  -16.862  -36.091  30.358 0.0000000000
39314  -18.337  -35.061  29.020 0.0000000000
121886  -16.003  -35.669  26.395 0.0000000000
39317  -16.725  -35.269  26.518 0.0000000000
39315  -18.991  -34.713  28.869 0.0000000000
40270  -19.323  -34.021  26.569 0.0000000000
40262  -20.565  -33.381  27.484 0.0000000000
41082  -21.349  -32.217  26.699 0.0000000000
41091  -21.352  -32.235  25.685 0.0000000000
41100  -21.329  -32.173  24.778 0.0000000000
41099  -20.648  -32.732  24.079 0.0000000000
32448  -22.703  -40.076  35.057 0.0000000000
34511  -30.762  -38.513  33.922 0.0000000000
34510  -29.926  -38.695  34.167 0.0000000000
105585  -30.362  -38.188  32.053 0.0000000000
35567  -29.535  -38.756  33.473 0.0000000000
34509  -29.041  -39.092  34.238 0.0000000000
124774  -28.456  -39.453  33.788 0.0000000000
34508  -27.854  -39.865  33.901 0.0000000000
33533  -27.223  -40.242  34.121 0.0000000000
33575  -29.984  -39.222  29.484 0.0000000000
35581  -28.631  -38.170  31.067 0.0000000000
108730  -27.244  -39.747  33.099 0.0000000000
33532  -26.570  -40.370  33.825 0.0000000000
109120  -25.127  -40.664  34.167 0.0000000000
34518  -25.710  -39.929  32.459 0.0000000000
33545  -25.074  -40.381  33.030 0.0000000000
33529  -23.707  -40.675  34.193 0.0000000000
32459  -23.132  -40.296  34.662 0.0000000000
32458  -22.295  -40.548  34.366 0.0000000000
33541  -22.235  -40.735  32.221 0.0000000000
33552  -22.603  -40.379  31.446 0.0000000000
33561  -23.027  -39.972  30.734 0.0000000000
113907  -22.092  -40.262  30.840 0.0000000000
33560  -22.382  -39.866  30.184 0.0000000000
35619  -26.005  -38.665  27.684 0.0000000000
35609  -24.625  -38.665  28.430 0.0000000000
34569  -24.849  -39.153  27.075 0.0000000000
35608  -24.314  -38.846  27.711 0.0000000000
34555  -22.158  -39.458  28.127 0.0000000000
34587  -22.559  -39.697  25.449 0.0000000000
34586  -21.800  -39.668  25.238 0.0000000000
34594  -21.504  -39.847  24.469 0.0000000000
33635  -21.404  -40.481  23.346 0.0000000000
30532  -25.928  -43.464  32.351 0.0000000000
29488  -23.489  -45.597  32.172 0.0000000000
30553  -25.132  -42.741  31.066 0.0000000000
30552  -24.425  -42.906  30.565 0.0000000000
30559  -24.117  -42.736  29.920 0.0000000000
31509  -23.867  -42.569  29.118 0.0000000000
31515  -23.673  -42.463  28.226 0.0000000000
29523  -21.697  -44.647  29.475 0.0000000000
30556  -22.003  -43.934  29.060 0.0000000000
110142  -22.798  -42.326  26.063 0.0000000000
31535  -22.636  -42.239  25.319 0.0000000000
30591  -21.290  -43.099  25.705 0.0000000000
113207  -21.894  -42.605  25.068 0.0000000000
31548  -22.419  -41.963  24.477 0.0000000000
32551  -22.051  -41.557  23.747 0.0000000000
32565  -21.551  -41.143  23.174 0.0000000000
33648  -20.954  -40.830  22.732 0.0000000000
32578  -20.348  -41.378  22.445 0.0000000000
31576  -19.811  -41.916  22.304 0.0000000000
31557  -17.114  -43.103  22.859 0.0000000000
26543  -32.147  -45.615  30.810 0.0000000000
27513  -31.669  -45.536  31.720 0.0000000000
27520  -32.812  -45.487  30.770 0.0000000000
27524  -32.467  -45.553  30.097 0.0000000000
27527  -33.860  -44.900  30.475 0.0000000000
27532  -33.131  -45.247  30.200 0.0000000000
28489  -32.520  -44.888  32.188 0.0000000000
28498  -34.886  -44.038  31.095 0.0000000000
29506  -33.371  -44.690  32.012 0.0000000000
29514  -35.550  -43.016  30.455 0.0000000000
29520  -35.693  -42.785  30.223 0.0000000000
30528  -34.804  -42.841  32.037 0.0000000000
31482  -35.646  -41.782  31.851 0.0000000000
31501  -36.532  -41.507  30.721 0.0000000000
31513  -36.127  -41.924  29.923 0.0000000000
32452  -36.059  -40.723  32.333 0.0000000000
32464  -36.917  -40.642  31.748 0.0000000000
32474  -36.562  -41.055  31.652 0.0000000000
32485  -36.777  -40.846  31.044 0.0000000000
32520  -36.336  -40.481  29.045 0.0000000000
32531  -17.636  -40.112  26.464 0.0000000000
33508  -17.817  -39.900  34.729 0.0000000000
33542  -22.764  -40.846  32.827 0.0000000000
33606  -35.733  -39.451  27.189 0.0000000000
34488  -29.744  -38.618  35.967 0.0000000000
34566  -21.402  -39.791  26.824 0.0000000000
34572  -36.824  -38.804  27.757 0.0000000000
34601  -34.445  -39.028  24.469 0.0000000000
35610  -25.437  -38.431  28.442 0.0000000000
35633  -35.766  -38.165  25.775 0.0000000000
38452  -47.952  -34.631  25.046 0.0000000000
38469  -37.137  -34.841  25.662 0.0000000000
39360  -15.656  -35.297  24.100 0.0000000000
41071  -47.956  -31.725  25.962 0.0000000000
41092  -38.150  -31.700  25.838 0.0000000000
41862  -41.447  -30.995  29.776 0.0000000000
41886  -40.547  -31.689  27.610 0.0000000000
41902  -50.986  -30.762  25.182 0.0000000000
41909  -51.525  -31.879  24.392 0.0000000000
41923  -39.286  -30.490  23.099 0.0000000000
43520  -48.003  -29.039  27.560 0.0000000000
43538  -49.941  -28.470  26.947 0.0000000000
43539  -50.556  -28.882  26.505 0.0000000000
43554  -50.995  -29.361  25.439 0.0000000000
43555  -51.690  -29.513  24.576 0.0000000000
43574  -52.579  -29.708  22.293 0.0000000000
44359  -45.199  -27.476  30.146 0.0000000000
44386  -49.515  -27.757  27.632 0.0000000000
44431  -52.416  -29.189  22.728 0.0000000000
44442  -52.180  -28.233  20.292 0.0000000000
45225  -51.066  -27.942  25.407 0.0000000000
45233  -51.422  -27.882  24.217 0.0000000000
45237  -51.673  -27.876  23.126 0.0000000000
45245  -52.143  -27.919  21.124 0.0000000000
46113  -52.055  -27.771  21.477 0.0000000000
46126  -51.654  -27.258  20.866 0.0000000000
46151  -51.792  -27.750  19.895 0.0000000000
47061  -49.085  -26.087  19.258 0.0000000000
47094  -50.024  -26.512  17.926 0.0000000000
47114  -44.607  -25.417  16.515 0.0000000000
48089  -48.790  -25.568  16.290 0.0000000000
48106  -42.299  -24.350  14.681 0.0000000000
109623  -21.703  -40.153  30.302 0.0000000000
110070  -51.904  -27.884  22.268 0.0000000000
110153  -51.818  -27.471  20.598 0.0000000000
111317  -49.166  -29.425  26.848 0.0000000000
111876  -50.228  -26.959  21.510 0.0000000000
112273  -51.558  -27.344  20.103 0.0000000000
112773  -34.117  -44.637  30.256 0.0000000000
114199  -52.313  -31.204  23.752 0.0000000000
114676  -40.997  -25.594  15.319 0.0000000000
115490  -47.624  -25.443  17.163 0.0000000000
115921  -51.431  -27.182  21.301 0.0000000000
116763  -47.204  -27.313  21.162 0.0000000000
117688  -38.773  -32.977  27.057 0.0000000000
118734  -35.240  -41.683  31.954 0.0000000000
120354  -50.487  -26.650  19.875 0.0000000000
122034  -35.298  -39.417  26.280 0.0000000000
124218  -50.791  -26.765  19.865 0.0000000000
124890  -31.955  -43.518  32.529 0.0000000000
125085  -38.742  -34.507  27.908 0.0000000000
126184  -19.695  -40.947  32.374 0.0000000000
