#!ascii label  , from subject sub-v1s12x0050124_ses-1 vox2ras=TkReg
897
65509  -19.531  -4.468  -42.099 0.5555555820
66350  -20.222  -3.977  -43.102 0.6666666865
67205  -20.451  -2.875  -43.815 0.7777777910
66362  -21.376  -3.317  -44.122 0.7777777910
68044  -20.362  -2.003  -44.161 0.8888888955
68061  -22.693  -1.316  -45.396 0.8888888955
64677  -18.770  -4.982  -41.086 0.5555555820
66334  -19.056  -3.746  -42.129 0.5555555820
108841  -19.245  -3.305  -42.610 0.6666666865
67196  -19.132  -2.694  -42.852 0.8888888955
67213  -21.816  -2.671  -44.598 0.8888888955
67212  -21.320  -1.971  -44.683 0.8888888955
68882  -22.385  -0.493  -45.521 1.0000000000
68883  -23.241  -0.674  -45.644 0.8888888955
69693  -23.102  0.258  -45.843 1.0000000000
67179  -18.378  -2.612  -41.773 0.7777777910
68848  -18.957  -0.862  -43.202 1.0000000000
68863  -19.169  -0.040  -43.672 1.0000000000
68864  -19.622  -0.716  -43.940 1.0000000000
69684  -20.585  0.651  -45.157 1.0000000000
68872  -19.739  0.021  -44.310 1.0000000000
69691  -21.309  0.481  -45.453 1.0000000000
69683  -19.933  0.695  -44.686 1.0000000000
70498  -21.070  1.334  -45.574 1.0000000000
114831  -21.779  0.975  -45.683 1.0000000000
69703  -23.416  1.223  -46.360 1.0000000000
70499  -21.880  1.629  -45.957 1.0000000000
70508  -23.903  1.835  -46.672 1.0000000000
72109  -23.027  3.423  -47.128 1.0000000000
122666  -23.505  3.481  -47.087 0.7777777910
69663  -18.365  0.464  -42.663 0.8888888955
70491  -20.243  1.370  -45.119 1.0000000000
70483  -19.096  1.434  -43.872 1.0000000000
71267  -19.861  2.196  -45.004 1.0000000000
71292  -21.124  3.040  -46.112 1.0000000000
71293  -21.776  2.864  -46.420 1.0000000000
72108  -22.270  3.470  -46.835 1.0000000000
72122  -23.832  3.910  -47.032 0.8888888955
72121  -23.222  4.196  -47.347 1.0000000000
72942  -24.133  4.624  -46.903 0.7777777910
72943  -25.090  4.559  -46.605 0.7777777910
114584  -18.427  2.153  -43.063 0.5555555820
72923  -19.020  4.298  -44.657 0.7777777910
71265  -18.785  2.966  -43.879 0.8888888955
71278  -19.795  3.019  -45.130 1.0000000000
71279  -20.458  2.835  -45.616 1.0000000000
72095  -20.063  3.667  -45.441 0.8888888955
72096  -20.751  3.683  -45.971 1.0000000000
72107  -21.473  3.613  -46.477 1.0000000000
72949  -22.392  4.838  -47.445 1.0000000000
72951  -23.121  4.818  -47.643 0.8888888955
73777  -22.824  5.288  -47.791 1.0000000000
73778  -23.268  5.271  -47.713 0.8888888955
111522  -24.505  6.237  -46.810 0.7777777910
74567  -25.376  5.883  -46.523 0.6666666865
75283  -25.130  6.651  -46.279 0.6666666865
115078  -17.966  4.057  -43.095 0.4444444478
72064  -18.450  3.464  -43.568 0.7777777910
72905  -18.088  4.849  -43.681 0.6666666865
72931  -19.103  5.100  -45.045 0.7777777910
72932  -19.597  4.387  -45.267 0.8888888955
73760  -20.485  5.385  -46.326 0.8888888955
72940  -21.913  4.259  -46.979 1.0000000000
123730  -21.576  5.773  -47.356 1.0000000000
73776  -22.077  5.621  -47.592 1.0000000000
110423  -22.862  6.635  -47.818 0.8888888955
125112  -23.330  6.669  -47.571 0.7777777910
75281  -23.800  6.888  -47.047 0.7777777910
74558  -25.872  6.348  -46.006 0.5555555820
76022  -24.134  7.620  -46.493 0.7777777910
75274  -24.796  7.395  -45.977 0.6666666865
74538  -17.977  6.202  -44.098 0.6666666865
73738  -17.789  5.566  -43.509 0.6666666865
73750  -18.574  5.867  -44.750 0.7777777910
73758  -19.213  5.941  -45.411 0.8888888955
73759  -19.823  6.104  -46.032 0.8888888955
74564  -19.856  6.927  -46.391 1.0000000000
74565  -20.513  7.108  -46.891 1.0000000000
74572  -21.119  7.185  -47.355 1.0000000000
74573  -21.628  6.470  -47.544 0.8888888955
75289  -22.464  7.554  -47.741 0.8888888955
115884  -23.550  7.725  -47.057 0.8888888955
75290  -23.130  7.293  -47.539 0.7777777910
76029  -22.128  8.383  -47.681 0.8888888955
76030  -22.960  8.270  -47.449 0.7777777910
76021  -23.674  8.514  -46.580 0.7777777910
76012  -24.399  8.216  -45.800 0.7777777910
76013  -25.099  7.885  -45.274 0.6666666865
74537  -17.515  6.355  -43.360 0.6666666865
73723  -17.393  5.667  -42.810 0.5555555820
74550  -18.239  6.856  -44.763 0.7777777910
74557  -19.259  6.769  -45.794 0.8888888955
75273  -19.290  7.545  -46.165 1.0000000000
75287  -21.278  7.797  -47.487 1.0000000000
75288  -21.852  7.736  -47.720 0.8888888955
115313  -23.131  9.084  -47.117 0.7777777910
76752  -23.403  9.480  -46.372 0.7777777910
105633  -24.052  9.154  -45.689 0.6666666865
76003  -24.684  8.763  -45.000 0.5555555820
76004  -25.392  8.343  -44.502 0.5555555820
74549  -17.629  7.162  -43.988 0.7777777910
123961  -17.299  7.628  -43.574 0.6666666865
76011  -18.797  8.302  -46.004 1.0000000000
76020  -20.043  8.498  -46.925 1.0000000000
76765  -21.069  8.966  -47.503 0.8888888955
76028  -21.485  8.408  -47.572 0.8888888955
76759  -21.441  9.944  -47.367 0.8888888955
76767  -22.468  9.113  -47.457 0.8888888955
77470  -23.084  10.292  -46.262 0.7777777910
77461  -23.337  10.811  -45.571 0.7777777910
76753  -23.689  10.044  -45.627 0.7777777910
76747  -24.335  9.860  -44.835 0.5555555820
78244  -21.872  10.981  -46.245 0.7777777910
77462  -23.909  10.633  -45.112 0.5555555820
76741  -24.720  10.192  -43.893 0.5555555820
77452  -23.669  11.315  -45.018 0.6666666865
75230  -16.328  8.056  -41.985 0.4444444478
75255  -16.929  8.075  -43.163 0.5555555820
76002  -17.510  8.780  -44.577 0.7777777910
76010  -18.310  8.909  -45.589 1.0000000000
76009  -17.936  8.658  -45.130 0.8888888955
76756  -19.051  9.588  -46.348 1.0000000000
76757  -19.723  9.400  -46.811 0.8888888955
77466  -20.169  10.133  -46.938 0.8888888955
118275  -20.938  9.657  -47.408 0.8888888955
77467  -20.925  10.442  -47.076 0.8888888955
77468  -21.629  10.482  -46.942 0.8888888955
77460  -22.614  10.935  -45.956 0.6666666865
77453  -24.245  10.987  -44.445 0.5555555820
77442  -16.717  10.790  -43.326 0.6666666865
76737  -16.586  9.905  -43.162 0.6666666865
77451  -17.635  10.967  -44.771 0.7777777910
77458  -18.878  10.378  -46.217 0.8888888955
114403  -18.708  11.141  -45.987 0.7777777910
77459  -19.444  10.946  -46.421 0.7777777910
78242  -19.789  11.764  -46.107 0.7777777910
107337  -20.299  11.060  -46.558 0.8888888955
78237  -20.516  11.824  -46.026 0.7777777910
78243  -21.127  11.174  -46.443 0.7777777910
124432  -21.565  11.415  -46.030 0.6666666865
79732  -21.042  13.235  -45.087 0.6666666865
78968  -21.568  12.466  -45.317 0.6666666865
78228  -22.535  12.315  -45.053 0.6666666865
78240  -22.967  11.529  -45.403 0.5555555820
123916  -22.165  13.796  -44.481 0.6666666865
108494  -22.602  12.991  -44.636 0.5555555820
78957  -23.385  12.499  -44.514 0.5555555820
78230  -23.894  11.827  -44.531 0.4444444478
119872  -15.749  13.532  -41.923 0.3333333433
78936  -16.229  13.037  -42.372 0.3333333433
78226  -16.815  12.346  -43.307 0.5555555820
78227  -17.308  11.668  -44.136 0.6666666865
78956  -17.471  12.707  -44.179 0.5555555820
78234  -17.878  11.813  -44.909 0.7777777910
78235  -18.494  11.842  -45.559 0.7777777910
79729  -18.755  13.234  -45.010 0.6666666865
78966  -19.491  12.331  -45.716 0.6666666865
78965  -18.932  12.500  -45.517 0.6666666865
79731  -20.368  13.204  -45.270 0.6666666865
79720  -21.266  13.954  -44.793 0.6666666865
123933  -22.776  13.876  -43.933 0.5555555820
79677  -15.695  14.215  -42.022 0.4444444478
78946  -16.696  13.434  -43.001 0.4444444478
79699  -16.530  14.481  -42.641 0.5555555820
79728  -18.000  13.289  -44.614 0.6666666865
79718  -19.359  13.925  -44.867 0.6666666865
79730  -19.594  13.070  -45.314 0.6666666865
80446  -20.631  13.952  -44.933 0.6666666865
80432  -20.802  14.752  -44.577 0.6666666865
81207  -21.470  15.220  -44.037 0.6666666865
80416  -22.168  14.559  -44.043 0.5555555820
80417  -23.084  14.440  -43.441 0.6666666865
111482  -15.601  15.008  -42.019 0.4444444478
81203  -18.154  14.916  -43.910 0.6666666865
79717  -18.275  14.072  -44.476 0.6666666865
80430  -19.116  14.773  -44.460 0.6666666865
68031  -18.996  -1.876  -43.056 1.0000000000
68043  -19.591  -1.528  -43.678 1.0000000000
68873  -20.312  -0.558  -44.569 1.0000000000
69692  -22.106  0.330  -45.631 1.0000000000
72904  -17.628  4.918  -42.968 0.5555555820
115713  -22.136  6.999  -47.836 0.8888888955
75242  -17.226  7.166  -43.156 0.5555555820
75981  -16.344  8.927  -42.005 0.5555555820
75266  -17.911  7.890  -44.808 0.7777777910
76019  -19.265  8.829  -46.474 1.0000000000
76760  -22.078  9.854  -47.307 0.8888888955
75214  -16.213  8.970  -41.476 0.2222222239
78229  -23.330  11.920  -44.925 0.6666666865
78236  -19.116  11.768  -45.921 0.7777777910
79716  -17.369  13.753  -43.830 0.6666666865
112714  -17.332  5.115  -42.388 0.4444444478
74523  -17.127  6.430  -42.598 0.4444444478
79701  -23.524  13.529  -43.604 0.5555555820
79657  -15.525  14.017  -41.888 0.2222222239
64679  -20.109  -6.012  -41.893 0.5555555820
64699  -20.612  -5.564  -42.548 0.5555555820
65524  -20.282  -4.626  -42.687 0.6666666865
65536  -20.854  -4.386  -43.297 0.5555555820
65537  -21.426  -4.137  -43.776 0.5555555820
124164  -23.381  -2.767  -45.237 0.7777777910
67220  -23.240  -2.105  -45.325 0.8888888955
121124  -19.493  -6.100  -41.315 0.5555555820
65545  -22.071  -3.945  -44.261 0.6666666865
66371  -22.144  -3.298  -44.527 0.6666666865
125680  -23.456  -1.357  -45.558 0.7777777910
68062  -24.041  -0.878  -45.745 0.7777777910
69694  -24.041  0.512  -46.068 0.8888888955
64661  -18.331  -5.293  -40.556 0.4444444478
66308  -17.980  -3.557  -40.679 0.5555555820
67178  -18.004  -2.080  -41.334 0.2222222239
106384  -18.311  -1.947  -41.931 0.6666666865
71296  -24.159  2.340  -46.768 0.8888888955
113875  -24.690  2.575  -46.641 0.6666666865
114517  -24.615  4.051  -46.693 0.7777777910
72112  -25.519  3.721  -46.485 0.6666666865
68833  -17.992  -0.562  -41.892 0.5555555820
72944  -26.115  4.392  -46.445 0.6666666865
69662  -18.047  1.093  -42.223 0.4444444478
74568  -26.202  5.623  -46.242 0.5555555820
75276  -26.224  6.771  -45.353 0.5555555820
71233  -17.670  2.601  -41.774 0.2222222239
72886  -17.485  4.355  -42.305 0.4444444478
73703  -16.974  5.668  -41.871 0.3333333433
76742  -25.291  9.573  -43.346 0.4444444478
110896  -15.918  7.303  -40.650 0.3333333433
78217  -24.302  11.758  -43.953 0.4444444478
104709  -16.110  12.462  -41.525 0.3333333433
104538  -16.224  11.601  -41.572 0.3333333433
104539  -16.310  11.515  -42.046 0.4444444478
78947  -23.825  12.821  -43.892 0.4444444478
80418  -23.831  14.723  -42.683 0.2222222239
80415  -17.207  15.002  -42.974 0.6666666865
124692  -18.884  15.420  -43.991 0.6666666865
80431  -20.086  14.639  -44.684 0.6666666865
81205  -20.417  15.525  -44.273 0.6666666865
81193  -21.319  16.025  -43.798 0.6666666865
81194  -22.204  15.286  -43.651 0.6666666865
81195  -23.047  15.335  -42.940 0.4444444478
81189  -17.997  15.737  -43.336 0.5555555820
65508  -18.907  -4.369  -41.553 0.5555555820
66349  -19.656  -3.880  -42.636 0.6666666865
64678  -19.387  -5.231  -41.550 0.5555555820
64698  -20.002  -5.132  -42.097 0.6666666865
66361  -20.682  -3.672  -43.559 0.7777777910
66360  -19.803  -3.256  -43.182 0.7777777910
68052  -20.797  -1.283  -44.638 1.0000000000
123557  -20.098  -1.237  -44.211 1.0000000000
68054  -22.261  -2.002  -44.992 0.8888888955
65484  -18.325  -4.366  -40.854 0.5555555820
66333  -18.487  -3.493  -41.489 0.5555555820
67180  -18.764  -3.033  -42.260 0.5555555820
67204  -19.662  -2.388  -43.489 0.8888888955
68053  -21.717  -1.163  -45.122 1.0000000000
68874  -21.061  -0.675  -44.968 1.0000000000
122188  -23.846  -0.175  -45.804 1.0000000000
70500  -22.510  1.055  -45.945 1.0000000000
107556  -18.051  -2.806  -41.032 0.5555555820
67195  -18.645  -2.270  -42.412 0.8888888955
68030  -18.460  -1.335  -42.398 0.8888888955
68847  -18.376  -0.353  -42.552 0.8888888955
68862  -18.667  -0.039  -43.116 1.0000000000
114074  -20.245  0.138  -44.773 1.0000000000
68880  -20.848  -0.043  -45.056 1.0000000000
69676  -19.394  0.705  -44.059 1.0000000000
70490  -19.625  1.400  -44.535 1.0000000000
69704  -24.325  1.154  -46.439 0.8888888955
70507  -22.612  1.799  -46.357 1.0000000000
125790  -22.013  2.234  -46.316 1.0000000000
71280  -21.265  2.288  -45.921 1.0000000000
71294  -22.633  2.623  -46.697 1.0000000000
71295  -23.508  2.671  -46.886 1.0000000000
72110  -24.024  3.054  -46.893 0.7777777910
70482  -18.627  1.552  -43.223 1.0000000000
113715  -18.422  1.104  -42.786 0.5555555820
69675  -18.806  0.731  -43.344 1.0000000000
69646  -17.946  0.328  -42.049 0.5555555820
112182  -19.314  2.010  -44.358 1.0000000000
72941  -22.696  4.142  -47.269 1.0000000000
72952  -23.439  4.672  -47.362 0.8888888955
73769  -24.555  5.336  -46.829 0.7777777910
73770  -25.677  5.126  -46.522 0.6666666865
70469  -17.848  1.846  -41.941 0.5555555820
70470  -18.237  1.710  -42.590 0.5555555820
71241  -18.059  2.538  -42.512 0.6666666865
71254  -18.431  2.761  -43.282 0.6666666865
71255  -18.824  2.231  -43.757 0.7777777910
72922  -18.500  4.194  -43.950 0.6666666865
72080  -18.920  3.559  -44.256 0.8888888955
71266  -19.265  2.801  -44.501 0.8888888955
72933  -20.292  4.474  -45.821 0.8888888955
72939  -21.075  4.530  -46.469 1.0000000000
73768  -21.578  5.145  -47.114 1.0000000000
114399  -23.047  5.841  -47.923 0.8888888955
121631  -23.615  5.948  -47.533 0.8888888955
73779  -23.732  5.169  -47.293 0.7777777910
75282  -24.504  6.959  -46.534 0.6666666865
74559  -26.592  6.061  -45.763 0.5555555820
121968  -17.481  3.827  -41.953 0.3333333433
72049  -17.710  3.422  -42.279 0.3333333433
72050  -18.114  3.245  -42.927 0.4444444478
73739  -18.190  5.476  -44.103 0.6666666865
116386  -18.574  4.956  -44.382 0.7777777910
112991  -19.734  5.219  -45.651 0.8888888955
125047  -21.056  5.225  -46.714 1.0000000000
123627  -20.943  6.608  -47.138 1.0000000000
75275  -25.505  7.098  -45.631 0.5555555820
74556  -18.745  6.567  -45.279 0.8888888955
75280  -20.629  7.784  -47.152 1.0000000000
73722  -17.114  5.703  -42.169 0.4444444478
75272  -18.597  7.439  -45.506 0.8888888955
76027  -20.830  8.432  -47.369 0.8888888955
76761  -22.792  9.747  -46.973 0.7777777910
76748  -24.979  9.222  -44.174 0.5555555820
75241  -16.745  7.344  -42.407 0.5555555820
110261  -17.383  8.109  -43.987 0.6666666865
75271  -18.281  8.240  -45.441 0.8888888955
76758  -20.455  9.185  -47.251 1.0000000000
76766  -21.657  9.190  -47.540 0.8888888955
77469  -22.359  10.397  -46.664 0.8888888955
115442  -16.527  8.246  -42.440 0.5555555820
75995  -16.984  9.065  -43.769 0.5555555820
116776  -17.776  9.441  -45.106 0.7777777910
117315  -17.324  9.509  -44.430 0.7777777910
119571  -19.457  10.108  -46.561 0.8888888955
76751  -18.422  9.754  -45.779 0.7777777910
77446  -24.573  11.062  -43.571 0.5555555820
77426  -16.424  10.766  -42.552 0.5555555820
78214  -16.862  11.465  -43.504 0.4444444478
77443  -17.174  10.827  -44.042 0.6666666865
76746  -17.440  10.171  -44.629 0.7777777910
75994  -16.545  8.991  -42.825 0.7777777910
76722  -16.355  9.839  -42.279 0.6666666865
77457  -18.167  11.115  -45.430 0.7777777910
110620  -17.934  10.330  -45.285 0.7777777910
78973  -20.069  12.492  -45.690 0.6666666865
78238  -21.247  11.837  -45.793 0.6666666865
78967  -20.783  12.525  -45.507 0.6666666865
79733  -21.810  13.126  -44.886 0.6666666865
78958  -24.020  12.282  -44.136 0.4444444478
79721  -23.090  13.248  -44.214 0.5555555820
78213  -16.458  11.795  -42.693 0.4444444478
78964  -18.251  12.581  -45.046 0.7777777910
80433  -21.408  14.663  -44.396 0.6666666865
79700  -17.464  14.420  -43.640 0.6666666865
81206  -20.921  15.458  -44.194 0.6666666865
74522  -16.821  6.423  -42.068 0.4444444478
76709  -16.215  9.748  -41.434 0.3333333433
72885  -17.195  4.987  -41.979 0.4444444478
79681  -23.977  13.910  -42.979 0.3333333433
81181  -23.958  15.591  -42.334 0.3333333433
67221  -24.088  -2.687  -45.492 0.6666666865
64662  -18.898  -5.749  -40.904 0.4444444478
64660  -17.823  -5.685  -40.049 0.3333333433
72111  -24.634  3.376  -46.666 0.6666666865
70455  -17.628  1.953  -41.386 0.1111111119
72039  -17.563  3.327  -41.726 0.1111111119
115515  -16.518  7.205  -42.013 0.3333333433
104813  -16.285  10.695  -41.782 0.3333333433
81991  -22.312  16.092  -43.193 0.6666666865
63892  -23.745  -6.365  -44.325 0.4444444478
63879  -25.718  -7.229  -44.304 0.2222222239
63862  -20.812  -6.430  -42.404 0.4444444478
63877  -22.052  -6.758  -43.229 0.4444444478
64700  -21.361  -6.054  -43.061 0.4444444478
120132  -22.106  -6.074  -43.524 0.4444444478
64716  -23.292  -5.867  -44.232 0.4444444478
107493  -23.979  -5.755  -44.671 0.4444444478
64730  -25.716  -5.708  -45.391 0.2222222239
65538  -22.114  -4.720  -43.889 0.4444444478
124790  -22.658  -4.949  -44.158 0.4444444478
64728  -23.250  -5.102  -44.464 0.4444444478
64731  -26.480  -5.023  -45.186 0.1111111119
64717  -27.264  -5.205  -44.262 0.1111111119
65547  -23.406  -4.272  -44.819 0.4444444478
124193  -25.370  -4.348  -45.822 0.3333333433
65546  -22.693  -4.456  -44.392 0.4444444478
65556  -24.722  -4.282  -45.586 0.3333333433
66383  -25.160  -3.703  -45.818 0.3333333433
65549  -26.368  -4.089  -45.558 0.2222222239
65555  -24.042  -4.083  -45.242 0.4444444478
66382  -24.415  -3.536  -45.503 0.3333333433
66372  -22.749  -3.705  -44.684 0.4444444478
67223  -25.825  -2.270  -45.745 0.2222222239
108036  -26.445  -2.181  -45.497 0.1111111119
111900  -27.645  -1.833  -44.803 0.1111111119
67222  -25.002  -2.213  -45.777 0.3333333433
68063  -24.801  -1.157  -45.773 0.4444444478
68885  -25.296  -0.520  -45.719 0.5555555820
69695  -25.115  0.349  -45.829 0.6666666865
116941  -26.435  -0.113  -45.543 0.4444444478
122505  -24.647  0.657  -46.053 0.6666666865
70503  -27.878  1.844  -45.562 0.3333333433
69705  -24.942  1.040  -46.208 0.6666666865
71281  -26.519  2.083  -46.058 0.5555555820
70509  -24.698  1.749  -46.554 0.6666666865
71297  -25.472  2.256  -46.371 0.5555555820
71282  -27.242  2.832  -46.102 0.5555555820
113871  -27.542  2.221  -45.858 0.4444444478
72945  -26.961  4.244  -46.260 0.4444444478
73771  -26.545  4.922  -46.326 0.5555555820
72113  -26.644  3.625  -46.321 0.4444444478
73761  -26.937  5.347  -45.995 0.4444444478
81204  -19.706  15.492  -44.238 0.5555555820
81192  -20.601  16.164  -43.904 0.5555555820
81977  -21.723  16.889  -43.354 0.5555555820
63878  -22.981  -6.588  -43.786 0.4444444478
63894  -25.241  -6.955  -44.662 0.2222222239
64714  -21.070  -5.119  -43.087 0.4444444478
65557  -25.853  -4.730  -45.781 0.2222222239
121995  -26.215  -3.101  -45.677 0.2222222239
67224  -26.779  -2.662  -45.269 0.1111111119
68064  -25.519  -1.413  -45.719 0.4444444478
68887  -26.735  -0.724  -45.400 0.3333333433
69696  -25.641  0.844  -45.808 0.6666666865
69697  -26.566  0.705  -45.611 0.4444444478
72114  -27.446  3.569  -46.077 0.3333333433
73772  -27.165  4.731  -46.084 0.4444444478
75268  -26.580  7.087  -44.540 0.4444444478
81191  -19.996  16.170  -43.881 0.5555555820
81988  -19.344  16.620  -43.266 0.5555555820
109452  -21.447  -4.752  -43.514 0.4444444478
112913  -27.118  0.211  -45.424 0.2222222239
109134  -21.791  -8.073  -42.636 0.4444444478
62148  -23.075  -8.401  -43.367 0.4444444478
62149  -24.029  -8.477  -43.728 0.4444444478
62998  -25.125  -7.639  -44.245 0.2222222239
62152  -25.551  -7.949  -43.844 0.2222222239
62999  -26.209  -7.413  -43.613 0.1111111119
63846  -20.447  -6.801  -41.918 0.4444444478
62981  -21.427  -7.524  -42.517 0.4444444478
110722  -26.497  -5.934  -44.700 0.1111111119
63864  -26.846  -6.819  -43.296 0.1111111119
65539  -27.763  -4.304  -44.060 0.1111111119
66374  -26.879  -3.384  -45.117 0.1111111119
66376  -28.111  -3.018  -44.333 0.1111111119
68056  -28.129  -1.212  -44.636 0.1111111119
68055  -27.371  -1.125  -45.078 0.1111111119
69685  -27.868  0.603  -45.045 0.2222222239
71283  -28.126  2.419  -45.632 0.1111111119
69698  -27.502  1.110  -45.429 0.2222222239
72097  -27.970  3.001  -45.834 0.2222222239
72935  -28.164  4.100  -45.625 0.2222222239
72934  -27.591  4.184  -45.950 0.3333333433
111171  -27.026  6.622  -44.637 0.3333333433
75267  -25.817  7.520  -44.882 0.4444444478
75259  -26.058  7.894  -44.050 0.3333333433
78948  -24.306  12.371  -43.569 0.3333333433
80414  -15.987  15.326  -42.186 0.4444444478
81990  -20.905  16.847  -43.658 0.5555555820
67214  -22.730  -2.846  -44.922 0.5555555820
66373  -23.521  -3.415  -45.147 0.5555555820
106211  -24.116  -1.744  -45.648 0.6666666865
68884  -24.584  -0.155  -45.807 0.6666666865
107786  -25.301  2.961  -46.475 0.5555555820
79702  -24.296  13.087  -43.154 0.3333333433
63893  -24.549  -6.520  -44.687 0.4444444478
119335  -24.698  -7.218  -44.407 0.3333333433
63009  -23.973  -7.046  -44.202 0.4444444478
63880  -26.371  -6.698  -44.135 0.1111111119
62980  -20.931  -7.202  -42.221 0.4444444478
63863  -21.426  -6.897  -42.707 0.4444444478
62996  -22.628  -7.476  -43.356 0.4444444478
105954  -21.762  -5.381  -43.512 0.4444444478
64715  -22.590  -5.521  -43.914 0.4444444478
114705  -25.255  -6.365  -45.089 0.4444444478
64729  -24.790  -5.787  -45.259 0.4444444478
65548  -24.199  -4.899  -45.095 0.4444444478
63895  -25.831  -6.545  -44.830 0.2222222239
64740  -25.121  -5.015  -45.644 0.4444444478
65550  -27.062  -4.266  -44.814 0.1111111119
112950  -25.521  -3.061  -45.839 0.3333333433
116693  -24.876  -3.042  -45.749 0.3333333433
66384  -25.795  -3.876  -45.899 0.2222222239
68065  -26.183  -1.483  -45.558 0.2222222239
68066  -26.739  -1.506  -45.354 0.1111111119
67225  -27.069  -1.994  -45.179 0.1111111119
114841  -25.801  0.074  -45.652 0.4444444478
68886  -25.974  -0.716  -45.589 0.4444444478
70492  -28.206  1.526  -45.192 0.1111111119
70502  -27.113  1.554  -45.746 0.4444444478
70510  -25.533  1.535  -46.131 0.5555555820
70501  -26.269  1.345  -45.818 0.5555555820
71298  -26.153  2.908  -46.298 0.5555555820
125420  -27.789  2.589  -45.866 0.3333333433
74560  -27.253  5.734  -45.473 0.4444444478
81190  -19.159  16.012  -43.623 0.5555555820
105281  -23.520  -7.627  -43.728 0.4444444478
67215  -27.462  -2.657  -44.787 0.1111111119
81976  -19.426  17.076  -42.827 0.5555555820
68875  -27.399  -0.264  -45.182 0.2222222239
62982  -22.347  -8.016  -43.045 0.4444444478
62150  -24.918  -8.496  -43.860 0.4444444478
62997  -24.418  -7.775  -44.025 0.4444444478
62963  -20.424  -7.536  -41.657 0.4444444478
63881  -27.052  -6.118  -43.842 0.1111111119
56379  -24.242  -15.431  -40.932 0.1111111119
58758  -20.830  -12.036  -40.809 0.3333333433
57969  -23.431  -13.590  -41.621 0.2222222239
57159  -24.168  -14.579  -41.253 0.2222222239
120934  -24.741  -14.913  -40.792 0.1111111119
105102  -24.917  -14.223  -40.859 0.1111111119
60423  -19.461  -10.241  -40.100 0.3333333433
58757  -20.022  -11.900  -40.186 0.3333333433
59619  -21.565  -11.633  -41.400 0.3333333433
59620  -22.416  -11.994  -41.745 0.3333333433
58781  -23.407  -12.157  -42.031 0.2222222239
57970  -24.005  -13.335  -41.780 0.2222222239
57959  -24.381  -13.732  -41.352 0.1111111119
58772  -24.031  -12.637  -42.039 0.2222222239
61256  -18.238  -9.121  -39.960 0.2222222239
61257  -19.128  -9.372  -40.245 0.2222222239
61252  -18.508  -9.946  -39.673 0.2222222239
110636  -20.144  -10.627  -40.641 0.3333333433
59605  -20.305  -11.353  -40.587 0.3333333433
62100  -18.820  -8.485  -40.377 0.2222222239
62115  -19.470  -8.156  -40.810 0.3333333433
62101  -19.660  -8.835  -40.752 0.3333333433
62116  -20.164  -8.288  -41.251 0.3333333433
115007  -20.300  -9.047  -41.150 0.3333333433
61258  -20.012  -9.711  -40.749 0.3333333433
61269  -20.744  -9.636  -41.348 0.3333333433
60455  -22.250  -10.119  -42.325 0.3333333433
61270  -21.567  -9.650  -41.921 0.3333333433
123499  -23.118  -10.857  -42.546 0.3333333433
61287  -22.941  -10.208  -42.829 0.3333333433
60457  -23.641  -10.652  -42.826 0.3333333433
59621  -24.488  -11.551  -41.968 0.1111111119
107286  -24.385  -10.998  -42.406 0.2222222239
113859  -18.444  -7.148  -40.345 0.2222222239
62950  -18.994  -7.640  -40.566 0.2222222239
62962  -19.685  -7.527  -41.097 0.3333333433
123833  -20.642  -8.152  -41.668 0.3333333433
62117  -20.878  -8.790  -41.679 0.3333333433
62132  -21.655  -8.773  -42.305 0.3333333433
61286  -22.316  -9.458  -42.563 0.3333333433
62133  -22.384  -8.668  -42.833 0.3333333433
60458  -24.287  -10.548  -42.983 0.3333333433
60439  -24.889  -10.383  -42.722 0.1111111119
63829  -17.686  -6.590  -39.784 0.3333333433
62964  -21.094  -8.007  -42.106 0.3333333433
109270  -23.684  -9.122  -43.491 0.3333333433
61305  -24.431  -9.264  -43.557 0.3333333433
73762  -27.669  4.897  -45.697 0.2222222239
74552  -27.399  6.169  -44.807 0.2222222239
73751  -27.912  5.440  -45.055 0.2222222239
75998  -25.631  8.710  -43.665 0.3333333433
58770  -21.739  -12.533  -41.283 0.3333333433
110213  -22.763  -12.951  -41.587 0.3333333433
119809  -23.912  -13.937  -41.548 0.2222222239
58760  -24.391  -12.982  -41.575 0.1111111119
62099  -18.148  -8.453  -40.055 0.3333333433
60436  -21.188  -10.339  -41.465 0.3333333433
60437  -21.868  -10.501  -41.900 0.3333333433
59632  -22.875  -11.386  -42.187 0.3333333433
59633  -23.557  -11.278  -42.387 0.3333333433
56378  -23.523  -15.212  -41.189 0.1111111119
58748  -19.640  -12.456  -39.683 0.3333333433
57955  -20.300  -12.711  -40.280 0.3333333433
57956  -20.540  -13.553  -40.232 0.3333333433
57957  -21.331  -13.919  -40.657 0.3333333433
57968  -22.675  -13.925  -41.376 0.3333333433
57168  -23.407  -14.371  -41.416 0.3333333433
56380  -25.068  -15.541  -40.578 0.1111111119
57160  -25.477  -14.832  -40.594 0.1111111119
60421  -19.029  -10.802  -39.480 0.3333333433
124418  -18.048  -9.569  -39.596 0.2222222239
108863  -25.093  -13.272  -40.896 0.1111111119
61255  -17.937  -8.738  -39.838 0.2222222239
59606  -24.910  -11.756  -41.308 0.1111111119
59622  -24.987  -10.822  -41.686 0.1111111119
62949  -18.308  -7.833  -40.178 0.2222222239
61288  -24.707  -9.960  -43.311 0.1111111119
61306  -25.126  -9.279  -43.458 0.1111111119
75269  -27.315  6.746  -44.084 0.2222222239
76730  -25.891  9.051  -42.820 0.2222222239
65483  -17.893  -4.811  -40.276 0.2222222239
68017  -18.002  -1.379  -41.633 0.5555555820
63830  -18.218  -6.337  -40.319 0.3333333433
63831  -19.117  -6.731  -40.806 0.4444444478
109287  -19.905  -6.787  -41.434 0.4444444478
75260  -26.765  7.516  -43.625 0.2222222239
58759  -21.083  -13.047  -40.785 0.3333333433
57967  -21.903  -13.457  -41.191 0.3333333433
59604  -19.726  -11.105  -40.095 0.3333333433
59597  -19.378  -11.651  -39.514 0.2222222239
109947  -21.506  -10.950  -41.553 0.3333333433
60438  -22.130  -11.210  -41.858 0.3333333433
58771  -23.622  -12.950  -41.846 0.2222222239
59618  -20.856  -11.038  -41.089 0.3333333433
120010  -24.828  -12.520  -41.222 0.1111111119
59634  -24.056  -11.744  -42.249 0.1111111119
62948  -17.886  -8.053  -39.787 0.2222222239
123084  -20.576  -10.277  -41.072 0.3333333433
60456  -22.539  -10.731  -42.311 0.3333333433
61303  -23.038  -9.328  -43.133 0.3333333433
113488  -17.853  -7.255  -39.998 0.2222222239
61304  -23.825  -9.940  -43.302 0.3333333433
105099  -23.672  -16.002  -40.919 0.1111111119
57945  -19.822  -13.217  -39.790 0.3333333433
120880  -19.328  -12.930  -39.303 0.2222222239
57958  -22.020  -14.210  -41.045 0.3333333433
60420  -18.114  -10.647  -39.088 0.2222222239
59596  -18.616  -11.370  -38.919 0.2222222239
74553  -28.014  6.021  -44.330 0.1111111119
112652  -28.743  6.426  -43.114 0.1111111119
74542  -28.059  6.557  -43.540 0.1111111119
75261  -27.490  7.221  -43.195 0.1111111119
75249  -28.471  7.317  -42.167 0.1111111119
75999  -26.307  8.283  -43.209 0.1111111119
75248  -27.738  7.609  -42.424 0.1111111119
75247  -27.003  7.910  -42.777 0.1111111119
75988  -27.333  8.294  -41.976 0.1111111119
77432  -24.787  11.169  -42.861 0.2222222239
75987  -26.594  8.650  -42.353 0.1111111119
78942  -24.667  12.431  -42.836 0.1111111119
78204  -24.907  11.749  -42.429 0.1111111119
78943  -25.188  12.439  -42.038 0.1111111119
79682  -24.666  13.704  -42.543 0.1111111119
81973  -16.921  15.899  -41.919 0.4444444478
81987  -18.378  16.468  -42.967 0.4444444478
81989  -20.122  16.822  -43.433 0.4444444478
81992  -23.220  16.165  -42.479 0.3333333433
80402  -24.448  14.318  -42.511 0.1111111119
81182  -24.668  15.049  -42.075 0.1111111119
82665  -20.488  17.362  -43.144 0.4444444478
82655  -19.809  17.545  -42.699 0.4444444478
83312  -20.364  18.232  -42.572 0.4444444478
82656  -21.197  17.564  -43.134 0.4444444478
82657  -22.150  17.669  -42.846 0.4444444478
118112  -23.172  17.736  -42.312 0.4444444478
110287  -22.653  16.902  -42.685 0.2222222239
117784  -24.252  17.806  -41.930 0.2222222239
82658  -23.690  17.004  -42.161 0.2222222239
82659  -24.708  17.013  -41.777 0.2222222239
85400  -24.428  21.424  -44.782 0.1111111119
84006  -25.501  19.632  -43.283 0.1111111119
107152  -26.476  17.654  -42.382 0.1111111119
81966  -18.622  17.076  -41.912 0.4444444478
122302  -19.169  17.499  -42.140 0.4444444478
83313  -21.493  18.395  -42.641 0.4444444478
83304  -21.924  19.183  -42.284 0.4444444478
83314  -22.595  18.474  -42.439 0.4444444478
83315  -23.693  18.534  -41.991 0.4444444478
83995  -22.378  19.747  -41.957 0.3333333433
114054  -24.586  19.309  -42.038 0.1111111119
83316  -24.554  18.603  -41.966 0.1111111119
83317  -25.310  18.802  -42.358 0.1111111119
82654  -19.539  18.235  -41.996 0.3333333433
83302  -20.009  19.121  -41.922 0.3333333433
83305  -23.010  19.231  -42.128 0.4444444478
83996  -23.322  19.981  -41.800 0.2222222239
83306  -23.956  19.254  -41.847 0.2222222239
84715  -23.889  20.416  -41.849 0.1111111119
84720  -24.318  20.853  -42.406 0.1111111119
84003  -25.118  19.490  -42.558 0.1111111119
84726  -24.750  20.914  -43.336 0.1111111119
84721  -24.928  20.203  -42.860 0.1111111119
83289  -19.894  19.054  -41.033 0.3333333433
83993  -20.417  19.494  -41.362 0.3333333433
83303  -20.781  19.126  -42.127 0.3333333433
122964  -22.309  20.400  -41.655 0.2222222239
84714  -23.175  20.792  -41.622 0.2222222239
84719  -23.674  21.170  -41.857 0.1111111119
85392  -24.279  21.579  -42.994 0.1111111119
85396  -24.452  21.538  -43.896 0.1111111119
85978  -23.424  22.655  -45.166 0.1111111119
83282  -20.303  18.850  -39.729 0.1111111119
83976  -20.502  19.382  -39.481 0.1111111119
83985  -20.483  19.486  -40.451 0.2222222239
84705  -20.997  20.049  -40.800 0.2222222239
84712  -21.572  20.660  -41.229 0.2222222239
83994  -21.407  19.849  -41.696 0.3333333433
84713  -22.345  21.225  -41.372 0.1111111119
85385  -22.626  21.936  -41.399 0.1111111119
123565  -23.099  21.424  -41.598 0.1111111119
85386  -23.295  21.844  -41.813 0.1111111119
85391  -23.854  21.659  -42.301 0.1111111119
85963  -23.807  22.122  -42.787 0.1111111119
85404  -24.275  21.374  -45.605 0.1111111119
84735  -24.736  20.771  -45.208 0.1111111119
84689  -20.907  19.919  -38.883 0.1111111119
84698  -20.832  20.047  -39.715 0.1111111119
84699  -21.299  20.621  -39.079 0.1111111119
85374  -21.603  21.411  -39.275 0.1111111119
85378  -21.655  21.691  -40.089 0.1111111119
109075  -21.700  21.294  -40.851 0.2222222239
85384  -22.097  21.848  -40.828 0.1111111119
85956  -22.138  22.640  -40.940 0.1111111119
85957  -22.627  22.539  -41.696 0.1111111119
85961  -22.214  23.486  -41.412 0.1111111119
85962  -23.304  22.347  -42.277 0.1111111119
84690  -21.725  20.406  -38.550 0.1111111119
85369  -21.803  21.192  -38.662 0.1111111119
85945  -21.881  22.280  -39.370 0.1111111119
85948  -22.128  23.037  -40.111 0.1111111119
120711  -22.103  23.467  -40.870 0.1111111119
85370  -22.291  21.769  -38.465 0.1111111119
120468  -22.684  22.263  -38.417 0.1111111119
85939  -22.221  22.413  -38.679 0.1111111119
74543  -28.690  5.943  -43.809 0.1111111119
74531  -28.198  6.984  -42.814 0.1111111119
123054  -28.791  6.786  -42.542 0.1111111119
76715  -26.233  9.440  -41.966 0.1111111119
76729  -25.579  9.897  -42.505 0.1111111119
112901  -24.938  13.078  -42.399 0.1111111119
81974  -17.821  16.586  -42.192 0.4444444478
81978  -24.128  16.379  -42.108 0.2222222239
115291  -24.888  16.034  -41.698 0.1111111119
80403  -25.050  14.353  -42.128 0.1111111119
120031  -25.354  17.877  -42.107 0.2222222239
84004  -25.901  19.072  -42.897 0.1111111119
84706  -21.286  20.838  -40.156 0.2222222239
85955  -21.960  22.293  -40.248 0.1111111119
85946  -22.254  23.076  -39.122 0.1111111119
74515  -29.819  6.523  -41.569 0.1111111119
74532  -29.311  6.308  -42.661 0.1111111119
78203  -24.580  11.783  -43.233 0.2222222239
81986  -17.408  16.036  -42.387 0.4444444478
81975  -18.735  16.947  -42.526 0.4444444478
84691  -22.438  21.042  -38.391 0.1111111119
85938  -21.882  21.849  -38.793 0.1111111119
110424  -29.696  6.214  -42.184 0.1111111119
73752  -28.700  5.256  -44.590 0.1111111119
74544  -29.308  5.849  -43.327 0.1111111119
75235  -28.791  7.617  -41.494 0.1111111119
75234  -28.066  7.950  -41.698 0.1111111119
75977  -28.507  8.396  -41.130 0.1111111119
76714  -25.905  10.185  -41.715 0.1111111119
75975  -26.989  9.061  -41.474 0.1111111119
78205  -25.555  11.706  -41.645 0.1111111119
79684  -25.776  13.147  -41.737 0.1111111119
123442  -17.059  15.480  -42.402 0.4444444478
79683  -25.347  13.745  -42.041 0.1111111119
81183  -25.832  15.797  -41.600 0.1111111119
115585  -25.442  15.022  -41.733 0.1111111119
81965  -17.470  16.276  -41.995 0.4444444478
113533  -26.834  16.889  -42.251 0.1111111119
83318  -26.207  18.448  -42.625 0.1111111119
81958  -19.148  17.750  -41.659 0.2222222239
82649  -19.216  17.967  -41.463 0.3333333433
83288  -19.695  18.382  -41.024 0.2222222239
84007  -26.231  19.190  -43.676 0.1111111119
82637  -19.959  18.353  -40.494 0.1111111119
84739  -24.517  20.708  -46.201 0.1111111119
82638  -20.294  17.683  -39.194 0.1111111119
83273  -20.570  18.073  -38.767 0.1111111119
83967  -21.260  19.896  -38.631 0.1111111119
85403  -23.717  22.012  -45.886 0.1111111119
83968  -22.356  20.043  -38.359 0.1111111119
118645  -22.629  20.406  -38.347 0.1111111119
86550  -21.946  24.512  -42.113 0.1111111119
86551  -22.285  23.834  -42.783 0.1111111119
86565  -22.635  23.683  -44.709 0.1111111119
86572  -22.490  23.627  -45.783 0.1111111119
85371  -23.117  21.620  -38.278 0.1111111119
114784  -22.349  23.731  -39.746 0.1111111119
86539  -22.183  23.951  -40.582 0.1111111119
86527  -22.831  23.005  -38.665 0.1111111119
77447  -24.980  10.445  -43.034 0.1111111119
81979  -25.806  16.820  -41.791 0.1111111119
84731  -24.867  20.891  -44.290 0.1111111119
84727  -25.235  20.301  -43.746 0.1111111119
84732  -25.258  20.251  -44.712 0.1111111119
84011  -25.709  19.705  -44.185 0.1111111119
83997  -24.070  19.773  -41.870 0.2222222239
84002  -24.479  19.985  -42.202 0.1111111119
83301  -19.619  18.550  -41.460 0.3333333433
85969  -23.936  22.179  -43.524 0.1111111119
85974  -23.995  22.078  -44.439 0.1111111119
85973  -23.390  22.855  -44.086 0.1111111119
85979  -24.000  21.878  -45.175 0.1111111119
83966  -20.593  19.448  -38.986 0.1111111119
114853  -20.268  18.992  -40.197 0.1111111119
85968  -23.189  22.873  -43.030 0.1111111119
110460  -22.560  23.259  -42.176 0.1111111119
73744  -29.189  5.390  -43.938 0.1111111119
74514  -29.198  6.847  -41.971 0.1111111119
77433  -25.333  10.857  -42.169 0.1111111119
86536  -22.668  23.685  -39.121 0.1111111119
75236  -29.464  7.278  -41.245 0.1111111119
126284  -25.939  12.406  -41.568 0.1111111119
83327  -26.735  18.755  -43.219 0.1111111119
84017  -25.742  19.667  -45.170 0.1111111119
114950  -20.077  18.610  -40.438 0.1111111119
81952  -20.225  17.120  -39.659 0.1111111119
86557  -21.544  24.872  -43.126 0.1111111119
86558  -22.487  23.769  -43.665 0.1111111119
86545  -22.097  24.275  -41.316 0.1111111119
57156  -20.745  -14.471  -40.114 0.2222222239
115151  -17.701  0.225  -41.478 0.2222222239
109118  -17.651  1.162  -41.507 0.2222222239
81180  -16.398  15.716  -41.851 0.3333333433
80401  -15.822  15.356  -41.883 0.2222222239
81161  -17.569  16.133  -40.449 0.1111111119
117678  -18.192  16.425  -40.811 0.1111111119
76697  -16.125  9.912  -41.079 0.1111111119
104708  -15.562  10.763  -39.645 0.1111111119
78918  -16.083  12.997  -41.839 0.1111111119
78919  -16.281  13.360  -41.776 0.1111111119
80390  -16.124  15.085  -40.321 0.1111111119
81162  -18.862  16.158  -40.806 0.1111111119
79658  -15.585  14.870  -41.880 0.1111111119
67164  -17.707  -2.219  -40.617 0.2222222239
72872  -17.402  4.157  -41.881 0.2222222239
72871  -17.026  4.836  -40.724 0.3333333433
81170  -16.302  15.733  -41.681 0.3333333433
81160  -16.731  15.867  -41.885 0.1111111119
68832  -17.723  -0.851  -41.261 0.2222222239
80383  -17.763  15.712  -40.585 0.1111111119
80382  -16.555  15.891  -40.283 0.1111111119
79659  -16.983  13.463  -41.533 0.1111111119
79648  -19.130  14.176  -41.349 0.1111111119
68876  -27.924  -0.310  -44.836 0.1111111119
57149  -20.043  -14.673  -39.673 0.1111111119
57157  -21.664  -14.799  -40.546 0.1111111119
56377  -22.264  -15.426  -40.576 0.1111111119
57144  -18.896  -14.889  -38.748 0.1111111119
57147  -19.306  -13.605  -39.301 0.1111111119
58747  -18.992  -12.231  -38.906 0.1111111119
125759  -18.258  -11.743  -38.463 0.1111111119
108796  -17.567  -3.699  -39.832 0.1111111119
69628  -17.498  1.019  -41.154 0.1111111119
74508  -16.154  6.192  -40.425 0.2222222239
74490  -16.062  6.789  -39.603 0.2222222239
75198  -16.279  7.305  -39.118 0.2222222239
57148  -19.371  -14.390  -39.298 0.1111111119
56365  -20.560  -15.326  -39.758 0.1111111119
55616  -21.531  -15.636  -40.081 0.1111111119
106907  -18.664  -13.964  -38.588 0.1111111119
58744  -18.317  -12.400  -38.177 0.1111111119
59595  -17.783  -11.172  -38.543 0.1111111119
109150  -17.822  -9.995  -39.224 0.1111111119
61251  -17.855  -9.288  -39.412 0.1111111119
65476  -17.667  -4.297  -39.986 0.1111111119
66293  -17.604  -3.168  -39.918 0.1111111119
68016  -17.690  -1.532  -40.927 0.1111111119
113684  -16.384  5.986  -39.434 0.2222222239
75199  -16.526  7.793  -38.931 0.2222222239
75940  -15.670  8.908  -39.437 0.1111111119
57158  -22.656  -14.828  -41.048 0.1111111119
56366  -20.896  -16.219  -39.545 0.1111111119
75213  -15.793  7.946  -39.818 0.2222222239
75955  -16.134  9.484  -41.120 0.1111111119
73685  -16.609  5.338  -40.048 0.2222222239
126148  -17.819  -4.139  -40.374 0.1111111119
62094  -17.746  -8.515  -39.426 0.1111111119
62940  -17.652  -7.598  -39.426 0.1111111119
123064  -17.735  -5.183  -39.921 0.1111111119
57946  -19.943  -13.989  -39.770 0.1111111119
124544  -21.103  -15.071  -40.168 0.1111111119
66307  -17.699  -2.940  -40.323 0.1111111119
111701  -17.652  -3.635  -40.068 0.1111111119
68816  -17.583  -1.266  -40.710 0.1111111119
56364  -19.663  -15.179  -39.305 0.1111111119
57944  -18.877  -13.061  -38.723 0.1111111119
65464  -17.686  -4.246  -38.774 0.1111111119
105006  -16.717  6.243  -39.070 0.1111111119
57941  -18.390  -13.239  -38.092 0.1111111119
59591  -17.636  -11.621  -38.091 0.1111111119
113419  -17.628  -4.961  -38.992 0.1111111119
75924  -16.590  8.283  -38.888 0.1111111119
104532  -16.056  9.555  -38.398 0.1111111119
104530  -15.684  12.000  -39.872 0.1111111119
104537  -15.613  11.577  -38.674 0.1111111119
78904  -16.000  12.988  -39.738 0.1111111119
62995  -21.939  -7.454  -42.915 0.4444444478
68881  -21.564  -0.279  -45.336 1.0000000000
72081  -19.443  3.620  -44.893 0.8888888955
72950  -22.932  4.669  -47.582 0.8888888955
73767  -20.449  6.342  -46.625 0.8888888955
74551  -26.857  6.424  -45.134 0.3333333433
74566  -21.080  5.845  -47.015 1.0000000000
74574  -22.462  6.159  -47.804 1.0000000000
75279  -19.963  7.676  -46.677 1.0000000000
75922  -15.860  9.216  -38.666 0.1111111119
75923  -16.301  8.741  -38.816 0.1111111119
75941  -15.997  8.302  -39.187 0.1111111119
75942  -16.913  8.411  -38.975 0.1111111119
76018  -18.735  9.067  -46.065 1.0000000000
76675  -16.430  9.245  -38.651 0.1111111119
76738  -17.010  10.039  -43.921 0.6666666865
78239  -22.045  11.626  -45.645 0.6666666865
79719  -20.058  13.773  -45.038 0.6666666865
104535  -16.202  10.526  -41.294 0.3333333433
104540  -16.133  12.533  -41.919 0.3333333433
107054  -24.005  -11.021  -42.597 0.3333333433
112181  -20.560  2.001  -45.472 1.0000000000
115378  -23.222  2.022  -46.635 1.0000000000
115818  -19.448  8.165  -46.470 1.0000000000
116146  -21.620  7.256  -47.628 1.0000000000
117709  -18.416  10.561  -45.763 0.8888888955
118600  -27.951  3.619  -45.808 0.3333333433
119713  -24.404  -12.256  -41.821 0.1111111119
120285  -16.408  6.592  -39.107 0.1111111119
121150  -21.054  -2.584  -44.303 0.8888888955
124615  -25.205  15.479  -41.698 0.1111111119
