#!ascii label  , from subject sub-v1s12x0050112_ses-1 vox2ras=TkReg
1706
124622  -5.747  -94.016  -38.109 0.5000000000
4580  -4.825  -96.090  -34.117 0.5000000000
4572  -4.957  -96.132  -33.173 0.5000000000
4544  -4.735  -96.807  -31.412 0.5000000000
8349  -5.357  -91.645  -38.971 0.5000000000
6813  -5.318  -93.098  -38.749 0.5000000000
111881  -6.270  -92.043  -38.296 0.5000000000
6804  -6.077  -93.434  -38.083 0.5000000000
7566  -7.201  -92.578  -37.356 0.6000000238
6041  -6.033  -94.511  -37.166 0.5000000000
3898  -4.618  -98.012  -30.671 0.5000000000
4589  -4.985  -95.662  -34.986 0.5000000000
3279  -5.050  -98.372  -30.666 0.5000000000
109279  -5.377  -95.601  -33.610 0.6000000238
4545  -5.459  -96.847  -30.690 0.6000000238
5996  -6.489  -94.554  -33.621 0.6000000238
114893  -5.428  -96.109  -31.235 0.6000000238
4531  -6.238  -96.907  -30.477 0.6999999881
5984  -6.590  -94.612  -32.568 0.6999999881
124692  -5.998  -96.332  -30.645 0.6999999881
5974  -6.737  -94.850  -31.469 0.6999999881
5259  -7.053  -95.378  -30.681 0.6999999881
4546  -6.697  -96.195  -30.505 0.6999999881
8350  -5.821  -91.267  -38.789 0.5000000000
8331  -6.752  -91.261  -38.203 0.6000000238
10075  -6.063  -89.887  -38.766 0.6000000238
9166  -7.599  -90.819  -37.732 0.6000000238
6021  -6.641  -94.109  -35.696 0.5000000000
3294  -6.317  -98.123  -31.020 0.5000000000
3306  -6.392  -98.315  -32.053 0.5000000000
3937  -7.465  -97.322  -33.102 0.6999999881
3923  -6.831  -97.811  -31.654 0.6999999881
3924  -7.375  -97.412  -31.960 0.6999999881
111731  -5.669  -95.143  -34.982 0.6000000238
6009  -6.401  -94.488  -34.756 0.6999999881
3913  -7.818  -96.957  -31.322 0.6999999881
6010  -7.041  -93.967  -34.081 0.6999999881
5997  -7.084  -94.058  -33.100 0.6999999881
111428  -8.247  -96.490  -30.924 0.6999999881
6729  -7.898  -93.927  -31.538 0.6999999881
5975  -7.453  -94.602  -31.003 0.6999999881
5244  -7.504  -95.955  -30.434 0.6999999881
124528  -9.275  -95.465  -30.764 0.6999999881
5976  -8.236  -94.395  -30.719 0.6999999881
6720  -9.009  -94.088  -30.407 0.6999999881
119757  -9.134  -94.682  -30.380 0.6999999881
5968  -9.711  -94.275  -30.293 0.6999999881
10092  -5.448  -89.656  -38.939 0.5000000000
110584  -6.002  -89.049  -38.782 0.6000000238
10981  -6.740  -88.547  -38.756 0.6000000238
126930  -7.238  -89.637  -38.286 0.6000000238
10982  -7.448  -88.251  -38.656 0.6000000238
8319  -7.465  -91.693  -37.538 0.6000000238
9175  -7.773  -89.917  -37.837 0.6000000238
7547  -7.521  -92.646  -36.393 0.6000000238
3938  -8.194  -96.806  -33.513 0.6999999881
6768  -7.192  -93.350  -35.829 0.6999999881
3925  -7.948  -96.901  -32.424 0.6999999881
4581  -8.811  -96.467  -34.255 0.6999999881
4582  -9.314  -96.026  -34.846 0.6999999881
7532  -7.717  -92.663  -35.515 0.6999999881
4573  -8.918  -96.269  -33.334 0.6999999881
5299  -9.827  -95.553  -35.336 0.6999999881
6756  -7.515  -93.329  -34.392 0.6999999881
7518  -7.892  -92.721  -34.734 0.6999999881
111035  -8.431  -96.556  -31.809 0.6999999881
4561  -9.056  -96.122  -32.290 0.6999999881
118963  -9.322  -95.892  -33.972 0.6999999881
5300  -9.732  -95.400  -34.478 0.6999999881
6746  -7.567  -93.473  -33.539 0.6999999881
7507  -8.509  -92.223  -33.451 0.6999999881
122804  -8.787  -96.205  -31.381 0.6999999881
127786  -9.691  -95.380  -33.713 0.6999999881
6739  -8.259  -93.215  -32.048 0.6999999881
5261  -9.904  -95.295  -31.163 0.6999999881
5275  -9.688  -95.548  -32.181 0.6999999881
6731  -9.182  -93.173  -30.657 0.6999999881
5247  -9.519  -94.991  -30.482 0.6999999881
5276  -10.311  -94.996  -32.079 0.6999999881
6721  -9.653  -93.619  -30.244 0.6999999881
5977  -10.571  -94.794  -31.174 0.6999999881
6722  -10.377  -93.569  -30.078 0.6999999881
11002  -5.372  -88.538  -38.744 0.5000000000
11003  -5.778  -87.926  -39.146 0.6000000238
120953  -7.071  -87.070  -39.458 0.6000000238
12844  -5.491  -86.544  -38.753 0.5000000000
12858  -7.487  -86.606  -39.511 0.6000000238
11880  -4.448  -87.465  -37.677 0.5000000000
11892  -5.248  -87.205  -38.856 0.5000000000
11893  -7.788  -87.718  -38.843 0.6000000238
109772  -8.591  -85.776  -39.516 0.6000000238
11894  -8.531  -87.523  -38.917 0.6000000238
11910  -8.845  -86.817  -39.622 0.6000000238
8320  -8.199  -91.198  -37.090 0.6000000238
7548  -8.031  -92.050  -35.974 0.6999999881
108162  -8.605  -90.571  -37.012 0.6999999881
7533  -8.241  -92.134  -35.153 0.6999999881
9153  -8.717  -90.868  -36.362 0.6999999881
6023  -10.181  -95.113  -35.799 0.6999999881
7519  -8.361  -92.217  -34.346 0.6999999881
8294  -9.116  -91.072  -35.003 0.6999999881
6011  -10.061  -94.697  -35.001 0.6999999881
6034  -10.473  -94.061  -36.429 0.6999999881
124730  -9.129  -91.240  -34.207 0.6999999881
116389  -10.036  -94.666  -33.904 0.6999999881
6024  -10.385  -94.405  -35.817 0.6999999881
6043  -10.353  -94.053  -37.128 0.6999999881
106938  -9.320  -91.410  -32.663 0.6000000238
6748  -10.659  -93.902  -33.714 0.6999999881
117045  -10.494  -93.852  -35.128 0.6999999881
6769  -10.685  -93.559  -35.893 0.6999999881
6782  -10.702  -93.369  -36.682 0.6999999881
6796  -10.550  -93.292  -37.535 0.6999999881
7489  -8.796  -92.749  -31.545 0.6999999881
5998  -10.503  -94.468  -32.946 0.6999999881
6749  -11.177  -93.831  -32.886 0.6000000238
6759  -11.509  -92.818  -34.515 0.6999999881
107347  -10.945  -93.059  -35.210 0.6999999881
7482  -10.616  -92.644  -29.897 0.6000000238
5969  -10.530  -94.340  -30.462 0.6999999881
5978  -11.209  -94.365  -31.068 0.6999999881
5986  -10.967  -94.449  -32.019 0.6999999881
110817  -11.357  -93.270  -33.700 0.6000000238
7483  -11.335  -92.448  -29.772 0.6000000238
5970  -11.087  -93.952  -30.343 0.6000000238
6740  -11.659  -93.983  -31.958 0.6000000238
6741  -12.401  -93.638  -31.956 0.5000000000
6750  -11.918  -93.334  -32.878 0.5000000000
6760  -12.358  -92.776  -33.815 0.5000000000
109610  -12.395  -93.435  -30.190 0.6000000238
123976  -13.156  -93.491  -30.435 0.5000000000
6733  -12.830  -93.762  -31.026 0.5000000000
13754  -6.963  -86.057  -39.238 0.6000000238
13735  -5.872  -85.401  -38.048 0.6000000238
113397  -8.141  -85.085  -38.362 0.5000000000
13738  -8.496  -85.055  -37.677 0.6999999881
12833  -5.242  -86.021  -37.910 0.5000000000
13734  -4.797  -85.655  -37.129 0.6000000238
108884  -6.002  -85.311  -37.480 0.6000000238
13720  -3.224  -85.372  -36.594 0.6000000238
12822  -3.960  -85.847  -36.878 0.6000000238
13756  -9.329  -85.500  -39.454 0.4000000060
13721  -4.351  -85.412  -36.462 0.6000000238
12860  -9.275  -86.174  -39.857 0.5000000000
11895  -9.427  -87.376  -38.985 0.6000000238
10967  -9.757  -88.598  -37.640 0.6000000238
107480  -9.189  -90.322  -35.975 0.6999999881
10060  -9.436  -89.333  -37.000 0.6000000238
9138  -9.424  -90.477  -35.278 0.6999999881
8285  -9.612  -90.864  -33.497 0.6000000238
9124  -10.174  -90.234  -34.085 0.6000000238
8268  -9.617  -91.513  -31.715 0.6000000238
7520  -11.680  -92.493  -35.332 0.6000000238
6770  -11.206  -92.789  -36.116 0.6000000238
7549  -11.053  -92.788  -37.066 0.6999999881
6806  -10.345  -93.233  -38.385 0.6999999881
7491  -10.084  -91.802  -30.655 0.6000000238
7521  -12.315  -92.353  -34.736 0.6000000238
6815  -10.150  -93.103  -39.259 0.6999999881
107076  -12.069  -92.730  -29.782 0.6000000238
6751  -12.845  -93.102  -32.842 0.4000000060
7522  -13.252  -92.351  -34.515 0.4000000060
126884  -12.832  -92.149  -34.996 0.5000000000
122801  -12.447  -92.136  -35.411 0.6000000238
7567  -11.578  -92.452  -37.468 0.6000000238
107503  -11.022  -92.379  -38.982 0.6000000238
6724  -13.032  -92.974  -29.833 0.5000000000
6725  -13.830  -93.300  -30.271 0.5000000000
6734  -13.640  -93.539  -31.055 0.5000000000
6742  -13.265  -93.362  -31.931 0.5000000000
7535  -13.351  -92.134  -35.365 0.4000000060
107154  -13.181  -92.264  -36.796 0.6000000238
13724  -8.218  -85.331  -36.851 0.6000000238
13737  -7.512  -85.148  -37.623 0.6000000238
13726  -10.241  -85.204  -36.536 0.6000000238
13722  -5.450  -85.395  -36.802 0.6000000238
110685  -6.007  -85.534  -36.051 0.5000000000
12808  -6.841  -86.320  -34.989 0.6000000238
12776  -5.771  -86.253  -34.033 0.6000000238
14587  -9.642  -84.730  -38.115 0.6000000238
13700  -2.948  -84.844  -35.869 0.6999999881
13682  -5.078  -85.477  -34.673 0.6000000238
13662  -5.203  -85.629  -33.662 0.6000000238
13757  -10.052  -85.739  -39.757 0.5000000000
115472  -10.150  -84.618  -38.620 0.6000000238
13680  -2.459  -84.659  -34.980 0.6000000238
13642  -4.400  -84.859  -33.319 0.6999999881
11912  -10.562  -86.622  -39.480 0.5000000000
14550  -3.292  -84.224  -33.554 0.6999999881
10968  -10.516  -88.210  -37.610 0.6000000238
118008  -2.789  -83.847  -33.117 0.6000000238
10047  -9.997  -89.265  -36.284 0.6000000238
10061  -10.278  -88.728  -36.987 0.6000000238
119492  -10.985  -88.788  -36.288 0.6000000238
10032  -10.419  -89.452  -35.525 0.6000000238
9108  -10.386  -90.379  -33.153 0.6000000238
9099  -10.633  -90.490  -32.212 0.6000000238
9091  -12.581  -90.379  -31.062 0.6000000238
8270  -11.261  -90.942  -30.467 0.6000000238
9080  -13.921  -90.641  -30.183 0.6000000238
8259  -12.680  -91.469  -29.840 0.6000000238
7551  -12.283  -92.248  -36.903 0.6000000238
7583  -12.323  -92.289  -37.914 0.6000000238
7582  -11.594  -92.312  -38.387 0.6000000238
7475  -13.280  -92.220  -29.671 0.5000000000
6735  -14.435  -93.328  -30.943 0.5000000000
6743  -14.138  -93.168  -31.830 0.5000000000
8351  -11.658  -91.710  -40.194 0.6000000238
7552  -13.724  -92.233  -36.235 0.4000000060
8321  -13.119  -92.155  -38.417 0.6000000238
8333  -12.357  -92.052  -38.793 0.6000000238
12810  -8.565  -86.362  -35.355 0.6000000238
125072  -9.066  -86.954  -33.749 0.5000000000
12797  -9.194  -86.591  -34.690 0.6000000238
13684  -10.138  -86.165  -34.775 0.5000000000
13703  -6.997  -85.748  -35.876 0.6000000238
124064  -8.045  -87.138  -33.415 0.6000000238
13705  -8.823  -85.780  -36.171 0.5000000000
113713  -10.054  -85.810  -35.755 0.5000000000
12778  -7.044  -86.874  -33.544 0.5000000000
12809  -7.694  -86.435  -35.160 0.6000000238
12757  -6.636  -86.519  -33.133 0.5000000000
114020  -10.794  -84.393  -37.219 0.6000000238
13643  -5.522  -85.452  -32.853 0.6000000238
14534  -4.802  -84.530  -32.723 0.6000000238
11881  -11.510  -87.460  -38.102 0.5000000000
15369  -2.884  -83.494  -32.532 0.5000000000
15370  -4.199  -83.545  -32.539 0.6999999881
10062  -11.079  -88.256  -37.078 0.5000000000
10033  -11.344  -89.140  -35.343 0.5000000000
10014  -10.692  -89.660  -34.664 0.6000000238
9994  -12.795  -89.542  -33.240 0.6000000238
9972  -11.946  -89.802  -32.625 0.5000000000
9102  -13.097  -90.063  -31.822 0.6000000238
9101  -12.198  -90.073  -31.834 0.6000000238
8261  -14.322  -91.333  -29.663 0.5000000000
8323  -14.629  -92.368  -37.860 0.5000000000
8322  -13.932  -92.256  -38.129 0.5000000000
8353  -13.514  -91.590  -39.642 0.6000000238
8367  -12.307  -91.297  -40.587 0.6000000238
106530  -8.830  -87.028  -32.886 0.6000000238
123848  -9.944  -86.538  -33.720 0.6000000238
12759  -8.363  -86.854  -32.385 0.6000000238
13685  -11.063  -85.495  -34.688 0.5000000000
12758  -7.362  -86.612  -32.681 0.6000000238
13645  -7.125  -85.757  -32.050 0.6999999881
14580  -11.687  -83.912  -37.132 0.6000000238
116200  -6.390  -85.202  -32.393 0.6000000238
13644  -6.476  -86.043  -32.708 0.6000000238
14589  -11.391  -83.831  -38.063 0.6000000238
106899  -5.636  -83.109  -32.819 0.6000000238
15372  -6.068  -83.811  -32.671 0.6000000238
11913  -11.282  -86.512  -39.351 0.5000000000
10955  -11.849  -88.236  -36.740 0.5000000000
15357  -3.369  -82.961  -32.080 0.5000000000
16160  -4.260  -82.674  -32.283 0.6000000238
10015  -11.567  -89.417  -34.414 0.5000000000
117462  -13.315  -89.147  -33.973 0.6000000238
9993  -11.755  -89.591  -33.492 0.5000000000
9974  -14.064  -89.268  -32.606 0.5000000000
9955  -13.974  -89.834  -31.760 0.5000000000
8335  -14.756  -92.001  -38.635 0.6000000238
8354  -14.405  -91.545  -39.459 0.6000000238
119459  -9.624  -86.528  -31.436 0.6000000238
124507  -10.031  -86.707  -32.095 0.5000000000
13646  -10.463  -86.473  -32.906 0.5000000000
13633  -9.253  -86.119  -30.847 0.6999999881
14551  -11.530  -85.331  -33.864 0.5000000000
13631  -7.817  -85.577  -31.593 0.6999999881
12740  -7.950  -86.300  -31.821 0.6000000238
14562  -11.767  -84.882  -34.725 0.5000000000
14536  -7.100  -84.510  -32.229 0.6000000238
13707  -11.365  -85.015  -35.378 0.5000000000
15419  -12.140  -83.560  -37.707 0.6000000238
15386  -7.603  -83.051  -33.829 0.6999999881
14595  -11.770  -83.989  -38.978 0.6000000238
15385  -6.753  -83.220  -33.303 0.6000000238
13759  -12.387  -85.348  -39.374 0.6000000238
17015  -5.678  -81.192  -33.011 0.6999999881
16161  -5.044  -82.128  -32.672 0.6999999881
10969  -11.736  -87.828  -37.398 0.5000000000
12845  -11.933  -86.808  -38.764 0.5000000000
114215  -4.215  -81.918  -31.973 0.6000000238
10956  -12.629  -88.167  -36.500 0.5000000000
17002  -4.800  -81.057  -32.218 0.5000000000
10945  -12.930  -88.499  -35.752 0.6000000238
10048  -12.040  -88.632  -35.986 0.5000000000
16990  -3.630  -81.288  -30.603 0.6000000238
127438  -13.102  -89.043  -34.598 0.5000000000
9995  -13.654  -89.272  -33.284 0.6000000238
106439  -14.494  -89.054  -31.786 0.5000000000
12719  -10.088  -86.221  -30.701 0.6999999881
12742  -10.425  -86.449  -31.359 0.5000000000
12743  -11.062  -86.306  -31.342 0.5000000000
15344  -8.910  -83.911  -30.172 0.8000000119
14510  -9.056  -84.759  -30.170 0.6999999881
13647  -11.363  -85.890  -32.878 0.5000000000
112226  -11.935  -85.136  -33.205 0.5000000000
15375  -8.986  -83.208  -32.350 0.6999999881
15343  -8.547  -84.226  -30.779 0.6999999881
14509  -8.585  -85.014  -30.722 0.8000000119
14537  -7.804  -84.135  -32.165 0.6999999881
14552  -12.329  -84.664  -33.929 0.5000000000
16186  -8.719  -82.667  -34.081 0.6999999881
15374  -8.367  -83.508  -32.890 0.6999999881
14581  -11.977  -84.132  -36.396 0.6000000238
14563  -12.503  -84.431  -34.982 0.5000000000
17025  -7.564  -81.704  -34.188 0.6000000238
16185  -8.022  -82.555  -34.215 0.6000000238
13749  -12.896  -84.610  -39.040 0.6000000238
17916  -6.286  -80.396  -33.156 0.6999999881
17024  -6.580  -81.422  -33.696 0.6999999881
112107  -12.952  -87.308  -37.685 0.6000000238
123106  -12.990  -86.261  -38.503 0.6000000238
17915  -5.493  -80.461  -32.548 0.6000000238
10971  -13.119  -87.690  -36.967 0.6000000238
10933  -13.713  -88.527  -35.010 0.6000000238
17884  -3.972  -80.678  -30.232 0.6000000238
10018  -13.855  -88.879  -33.892 0.6000000238
10905  -14.472  -88.486  -32.677 0.5000000000
14493  -9.524  -84.286  -29.517 0.6000000238
13593  -10.235  -85.189  -29.409 0.5000000000
13617  -10.579  -85.871  -30.003 0.5000000000
113649  -12.571  -84.626  -32.005 0.5000000000
15359  -8.945  -83.376  -30.979 0.8000000119
15376  -13.193  -84.184  -32.591 0.5000000000
16175  -9.433  -82.475  -32.913 0.6999999881
15410  -12.488  -83.568  -36.981 0.6000000238
20642  -5.272  -77.547  -28.105 0.6000000238
17026  -8.665  -81.890  -34.265 0.8000000119
20643  -6.215  -77.179  -28.613 0.6000000238
17939  -7.965  -80.964  -34.095 0.6999999881
17940  -8.997  -80.950  -34.122 0.8000000119
15420  -12.740  -83.536  -37.806 0.6000000238
19732  -4.963  -78.621  -29.006 0.6000000238
11883  -13.559  -87.171  -37.401 0.6000000238
11884  -14.143  -86.965  -36.997 0.6000000238
18802  -5.181  -79.891  -30.107 0.6000000238
17885  -4.795  -80.291  -30.769 0.6000000238
17898  -5.844  -79.964  -32.224 0.6000000238
10958  -14.014  -87.966  -35.985 0.6000000238
12812  -14.592  -86.759  -35.800 0.6000000238
17896  -4.422  -80.790  -31.210 0.5000000000
11848  -14.463  -87.742  -34.127 0.5000000000
11836  -14.655  -87.731  -33.241 0.5000000000
11849  -14.877  -86.977  -33.732 0.5000000000
15319  -10.581  -83.612  -28.242 0.5000000000
122163  -10.863  -85.037  -28.799 0.5000000000
15329  -9.307  -83.303  -29.917 0.6000000238
108128  -10.313  -82.687  -28.767 0.5000000000
16162  -9.525  -82.694  -31.768 0.8000000119
16149  -10.057  -81.947  -30.528 0.6999999881
16163  -9.967  -82.036  -32.309 0.8000000119
16187  -9.303  -82.300  -33.880 0.8000000119
15402  -13.203  -83.912  -35.283 0.6000000238
15389  -13.730  -83.728  -33.107 0.5000000000
119226  -7.221  -76.331  -26.905 0.6000000238
17027  -9.618  -81.531  -34.030 0.8000000119
125298  -13.467  -83.809  -34.666 0.5000000000
20644  -7.282  -77.158  -28.821 0.6999999881
21628  -6.908  -76.824  -28.171 0.6000000238
18845  -9.141  -79.988  -33.904 0.8000000119
14596  -13.276  -84.416  -38.410 0.6000000238
15411  -13.290  -83.485  -37.181 0.6000000238
15403  -13.689  -83.582  -35.790 0.6000000238
20652  -6.664  -77.692  -29.102 0.6000000238
13739  -14.352  -85.535  -37.517 0.6000000238
13750  -13.322  -85.087  -38.448 0.6000000238
15422  -14.413  -83.783  -37.556 0.6000000238
18782  -5.593  -79.234  -29.655 0.6000000238
17899  -6.784  -79.881  -32.506 0.6000000238
18824  -7.633  -79.632  -32.791 0.5000000000
12824  -14.778  -86.044  -36.358 0.6000000238
18814  -6.481  -79.791  -31.444 0.6000000238
12798  -14.653  -86.978  -34.790 0.6000000238
12813  -15.086  -85.966  -35.389 0.6000000238
12799  -15.221  -86.185  -34.248 0.5000000000
12780  -15.368  -86.289  -33.256 0.5000000000
11837  -15.050  -87.049  -32.812 0.5000000000
13648  -15.958  -85.623  -32.736 0.5000000000
107245  -10.404  -81.878  -29.574 0.6000000238
16991  -10.575  -81.224  -30.503 0.6999999881
21572  -8.571  -76.946  -25.721 0.6000000238
21594  -8.348  -76.589  -26.210 0.6000000238
115407  -10.362  -81.455  -32.668 0.8000000119
15390  -14.323  -83.229  -33.501 0.5000000000
106715  -8.052  -76.494  -26.829 0.6000000238
17919  -10.746  -80.873  -33.370 0.8000000119
15397  -14.379  -83.098  -34.363 0.5000000000
21629  -7.950  -76.914  -28.374 0.6999999881
18846  -10.021  -79.844  -33.998 0.8000000119
126867  -14.490  -83.268  -36.739 0.6000000238
16194  -14.702  -82.889  -35.282 0.6000000238
20653  -7.684  -77.700  -29.336 0.8000000119
18825  -8.434  -79.345  -33.103 0.6999999881
111196  -13.894  -84.717  -37.836 0.6000000238
16205  -15.064  -83.250  -37.138 0.6000000238
19734  -8.009  -78.289  -29.906 0.6999999881
18784  -7.553  -78.950  -30.208 0.6999999881
18805  -8.050  -79.284  -31.944 0.6000000238
14592  -14.885  -84.677  -37.487 0.6000000238
16211  -15.905  -82.857  -37.132 0.6000000238
18803  -6.137  -79.655  -30.435 0.6000000238
14593  -15.547  -83.975  -37.383 0.5000000000
119327  -15.556  -85.178  -35.600 0.5000000000
16983  -10.910  -81.114  -29.529 0.6000000238
109432  -11.275  -81.088  -28.817 0.5000000000
19670  -9.106  -78.621  -23.948 0.6000000238
17887  -11.199  -80.447  -30.527 0.6999999881
124875  -8.767  -77.674  -24.914 0.6000000238
17900  -10.827  -80.788  -31.467 0.6999999881
18806  -11.741  -79.804  -31.274 0.6000000238
21573  -9.185  -77.205  -26.144 0.6000000238
20598  -9.174  -77.644  -25.451 0.6000000238
17901  -11.204  -80.606  -32.481 0.6000000238
17920  -11.610  -80.259  -33.385 0.6999999881
20630  -8.966  -77.565  -28.285 0.8000000119
17954  -10.993  -80.180  -33.956 0.6999999881
18849  -12.397  -79.436  -34.061 0.6000000238
20645  -8.253  -77.312  -29.011 0.8000000119
19792  -10.299  -79.191  -33.754 0.8000000119
20714  -11.539  -78.450  -33.666 0.6999999881
19735  -8.727  -78.206  -30.152 0.6999999881
19752  -8.251  -78.688  -30.589 0.6999999881
19770  -9.241  -78.151  -31.960 0.6000000238
19784  -9.921  -78.653  -33.155 0.8000000119
19660  -9.267  -79.209  -23.284 0.6000000238
19681  -10.321  -78.229  -25.164 0.6000000238
21595  -9.997  -77.172  -26.522 0.6999999881
18850  -13.152  -79.116  -34.012 0.6000000238
21615  -9.648  -77.141  -27.376 0.6999999881
21630  -9.699  -77.341  -28.289 0.6999999881
19794  -12.106  -79.079  -34.132 0.6999999881
20715  -12.529  -78.286  -34.014 0.6000000238
116366  -9.260  -77.654  -28.763 0.8000000119
21646  -9.731  -77.148  -29.910 0.6000000238
20663  -9.286  -77.743  -30.440 0.5000000000
20697  -10.908  -77.835  -32.819 0.6999999881
20698  -11.813  -77.632  -33.241 0.6999999881
21688  -13.392  -77.209  -33.848 0.6000000238
20655  -9.130  -77.846  -29.432 0.8000000119
20664  -10.017  -77.183  -30.827 0.6000000238
20696  -10.024  -78.119  -32.400 0.6000000238
18679  -10.355  -79.549  -22.487 0.6000000238
19662  -10.802  -79.170  -23.192 0.6000000238
19682  -11.385  -78.143  -25.113 0.6999999881
19671  -10.103  -78.803  -24.377 0.6000000238
20619  -10.125  -77.576  -25.886 0.6999999881
20620  -10.996  -77.461  -26.278 0.6999999881
21596  -10.877  -76.860  -26.890 0.6999999881
21616  -10.453  -76.799  -27.781 0.6000000238
20716  -13.452  -77.939  -34.231 0.6000000238
21631  -10.215  -76.697  -28.627 0.6000000238
21647  -10.496  -76.633  -30.288 0.6000000238
20718  -14.349  -77.535  -33.960 0.5000000000
21669  -12.870  -76.721  -33.029 0.6000000238
21670  -13.687  -76.714  -33.417 0.5000000000
22703  -14.896  -76.153  -32.661 0.5000000000
22688  -12.800  -75.775  -31.519 0.6000000238
22702  -14.047  -76.134  -32.824 0.5000000000
19636  -10.163  -78.861  -21.020 0.6000000238
19646  -10.875  -78.830  -22.392 0.6000000238
19663  -11.334  -78.556  -23.800 0.6999999881
19647  -11.232  -78.516  -23.004 0.6999999881
20589  -12.022  -77.728  -24.914 0.6999999881
20600  -11.816  -77.547  -25.765 0.6999999881
21597  -11.883  -76.467  -26.750 0.6000000238
21617  -11.278  -76.244  -27.363 0.5000000000
22642  -10.877  -76.032  -28.204 0.6999999881
22643  -11.431  -75.460  -27.681 0.6000000238
22659  -10.612  -75.801  -29.095 0.6000000238
22667  -10.876  -75.956  -29.830 0.6000000238
23708  -11.772  -74.723  -29.488 0.6000000238
22687  -12.114  -75.980  -31.062 0.6000000238
22679  -12.549  -75.350  -30.694 0.5000000000
23724  -13.158  -74.726  -30.345 0.5000000000
23736  -14.905  -74.890  -31.506 0.5000000000
21518  -7.641  -76.194  -20.158 0.6999999881
22541  -7.999  -75.781  -20.780 0.6999999881
22540  -7.245  -75.267  -20.466 0.6999999881
20558  -9.938  -77.749  -21.179 0.6000000238
21529  -8.710  -76.311  -21.154 0.6999999881
22549  -7.512  -74.834  -21.103 0.6999999881
23599  -6.995  -73.824  -21.327 0.6999999881
118515  -6.931  -72.987  -21.262 0.6000000238
20566  -11.041  -77.844  -22.477 0.6999999881
21530  -9.511  -76.796  -21.491 0.6999999881
22551  -9.024  -75.918  -21.919 0.6999999881
23600  -7.744  -74.396  -21.863 0.6999999881
21540  -11.265  -76.940  -23.020 0.6999999881
123057  -10.648  -76.880  -22.454 0.6999999881
22559  -8.527  -74.974  -22.348 0.6999999881
121867  -12.351  -76.989  -25.374 0.6999999881
22626  -12.403  -75.832  -26.354 0.6000000238
123089  -11.832  -75.791  -26.989 0.6000000238
105568  -11.362  -74.595  -27.947 0.6000000238
24692  -11.513  -73.837  -27.903 0.6000000238
22660  -11.181  -75.098  -28.705 0.6000000238
23700  -11.996  -73.956  -29.209 0.6000000238
23709  -12.468  -74.252  -29.721 0.5000000000
24702  -12.653  -73.724  -29.224 0.6000000238
24695  -14.103  -73.538  -28.613 0.6000000238
23723  -12.363  -74.914  -30.060 0.5000000000
23710  -13.756  -74.253  -29.864 0.5000000000
24704  -14.359  -73.961  -29.408 0.5000000000
22522  -6.867  -75.678  -19.893 0.6999999881
23586  -6.902  -74.322  -20.666 0.6999999881
23598  -6.840  -73.532  -20.685 0.6000000238
25510  -7.292  -72.624  -20.890 0.6000000238
124642  -7.771  -72.481  -20.707 0.6000000238
26416  -8.767  -71.885  -21.880 0.4000000060
24613  -7.800  -73.240  -22.955 0.6000000238
23612  -7.289  -73.278  -22.160 0.5000000000
25518  -7.411  -72.377  -21.917 0.5000000000
114520  -9.320  -71.508  -22.448 0.4000000060
25532  -10.125  -71.338  -22.473 0.5000000000
21550  -11.877  -77.032  -23.771 0.6999999881
22561  -10.444  -75.965  -23.016 0.8000000119
23614  -8.845  -74.486  -23.077 0.6999999881
24631  -8.003  -72.787  -23.434 0.5000000000
26447  -8.313  -71.844  -23.302 0.4000000060
26449  -9.491  -70.967  -22.960 0.4000000060
27296  -10.271  -70.480  -22.918 0.4000000060
27308  -10.506  -69.782  -23.392 0.4000000060
21549  -11.443  -76.108  -23.613 0.8000000119
126174  -11.643  -75.467  -24.174 0.8000000119
22572  -9.709  -74.921  -23.449 0.8000000119
23633  -9.223  -73.964  -23.605 0.8000000119
24632  -8.934  -73.046  -23.652 0.6000000238
25565  -9.239  -72.393  -23.838 0.5000000000
26466  -9.458  -71.554  -23.977 0.4000000060
27307  -9.968  -70.299  -23.492 0.4000000060
21559  -12.243  -77.040  -24.574 0.6999999881
22608  -12.486  -75.574  -25.594 0.8000000119
22607  -12.249  -74.900  -25.477 0.6999999881
23673  -11.616  -74.104  -26.673 0.5000000000
26467  -10.168  -71.334  -24.651 0.5000000000
27319  -9.924  -70.479  -24.127 0.4000000060
28193  -10.340  -69.650  -23.945 0.4000000060
23662  -12.298  -74.912  -26.127 0.6000000238
23688  -11.394  -74.168  -27.394 0.5000000000
24684  -11.527  -73.532  -27.090 0.5000000000
25606  -12.713  -73.023  -27.823 0.6000000238
24694  -13.103  -73.378  -28.584 0.6000000238
25607  -13.679  -73.011  -27.918 0.6000000238
22539  -6.616  -74.701  -20.102 0.6000000238
23565  -6.229  -74.211  -19.658 0.5000000000
117032  -6.946  -72.901  -20.238 0.5000000000
25496  -7.367  -72.831  -20.179 0.4000000060
24584  -8.206  -72.938  -20.160 0.5000000000
25520  -8.682  -72.414  -20.901 0.5000000000
108203  -9.594  -72.314  -21.427 0.5000000000
25521  -10.374  -72.201  -21.892 0.5000000000
25533  -11.047  -71.916  -22.368 0.5000000000
110973  -11.814  -72.528  -22.516 0.5000000000
26429  -10.844  -71.019  -22.594 0.5000000000
26452  -12.961  -71.282  -23.702 0.5000000000
23634  -10.098  -74.304  -23.981 0.6999999881
23647  -10.380  -73.673  -24.450 0.6000000238
24645  -10.577  -72.961  -24.827 0.5000000000
25566  -10.024  -72.248  -24.419 0.5000000000
27309  -11.326  -69.768  -23.436 0.5000000000
27310  -12.515  -70.120  -23.690 0.5000000000
22588  -12.226  -75.315  -24.843 0.8000000119
106354  -11.905  -74.502  -25.091 0.6999999881
23661  -11.791  -74.101  -25.701 0.6000000238
26479  -10.959  -71.227  -25.256 0.5000000000
27332  -10.416  -70.521  -24.760 0.4000000060
27320  -10.490  -69.744  -24.476 0.5000000000
28194  -10.776  -69.195  -23.885 0.4000000060
28196  -12.450  -69.076  -23.907 0.5000000000
24673  -11.590  -73.298  -26.206 0.5000000000
25592  -12.073  -71.899  -26.408 0.5000000000
25591  -11.472  -71.975  -25.867 0.6000000238
26489  -11.560  -71.104  -25.927 0.5000000000
27344  -11.729  -70.278  -25.958 0.5000000000
28233  -11.962  -68.521  -25.760 0.5000000000
25598  -12.378  -72.544  -27.084 0.5000000000
26496  -12.786  -71.766  -26.784 0.5000000000
26490  -12.240  -70.964  -26.445 0.5000000000
25599  -13.223  -72.445  -27.301 0.6000000238
26497  -13.607  -71.649  -26.984 0.6000000238
23546  -5.642  -74.143  -19.045 0.5000000000
23547  -6.366  -73.938  -19.284 0.5000000000
24564  -6.994  -73.529  -19.541 0.5000000000
24565  -7.795  -73.523  -19.425 0.4000000060
114768  -8.805  -73.898  -19.454 0.4000000060
24536  -5.943  -73.769  -18.513 0.5000000000
24538  -7.497  -74.180  -18.484 0.4000000060
24585  -9.248  -73.299  -20.184 0.5000000000
25511  -9.673  -72.946  -20.812 0.6000000238
24599  -10.549  -73.249  -21.241 0.5000000000
25522  -11.370  -73.081  -21.988 0.5000000000
25523  -12.346  -73.403  -22.383 0.4000000060
25546  -13.380  -72.900  -23.311 0.4000000060
127351  -14.135  -73.094  -23.536 0.4000000060
23530  -7.518  -74.391  -17.592 0.4000000060
23548  -8.332  -74.946  -17.803 0.4000000060
23566  -8.475  -74.486  -18.581 0.4000000060
24566  -9.830  -74.457  -19.600 0.5000000000
24586  -10.217  -73.887  -20.403 0.5000000000
24587  -11.141  -74.485  -20.655 0.5000000000
23567  -9.452  -75.015  -18.776 0.4000000060
22524  -10.734  -75.653  -18.583 0.4000000060
23588  -11.618  -75.455  -20.078 0.5000000000
23601  -12.078  -75.020  -20.930 0.4000000060
24601  -13.041  -74.348  -22.131 0.4000000060
24614  -13.211  -73.626  -22.755 0.4000000060
24633  -14.068  -73.779  -23.089 0.4000000060
23503  -7.588  -74.272  -16.960 0.4000000060
23531  -8.382  -74.889  -17.218 0.4000000060
23549  -9.220  -75.344  -18.081 0.4000000060
24488  -8.586  -73.245  -16.665 0.4000000060
24518  -9.315  -74.020  -16.944 0.4000000060
22503  -10.224  -75.794  -18.007 0.4000000060
22504  -11.017  -75.561  -18.281 0.4000000060
22525  -11.561  -75.731  -18.914 0.5000000000
23589  -12.501  -75.608  -20.156 0.5000000000
23602  -12.957  -75.077  -21.375 0.4000000060
24602  -13.595  -74.950  -21.815 0.4000000060
23550  -11.710  -75.209  -18.330 0.4000000060
23571  -13.548  -75.141  -19.725 0.4000000060
23591  -14.488  -75.009  -20.643 0.4000000060
23603  -13.747  -75.328  -21.291 0.4000000060
23616  -14.701  -74.906  -22.086 0.4000000060
25434  -8.068  -72.418  -16.289 0.4000000060
25456  -8.756  -72.120  -16.698 0.3000000119
24519  -10.128  -74.621  -17.225 0.3000000119
24520  -10.828  -75.124  -17.713 0.4000000060
26371  -9.375  -71.625  -17.426 0.4000000060
25457  -9.399  -72.775  -17.106 0.3000000119
25458  -10.142  -73.416  -17.399 0.3000000119
24539  -10.869  -74.020  -17.743 0.4000000060
25497  -12.232  -72.137  -19.322 0.5000000000
24568  -13.520  -73.532  -19.684 0.4000000060
23572  -14.074  -74.539  -19.952 0.4000000060
24589  -14.850  -74.186  -20.597 0.4000000060
24604  -16.629  -73.845  -22.423 0.3000000119
26406  -11.897  -71.245  -19.386 0.5000000000
26407  -12.718  -71.680  -19.740 0.5000000000
24588  -14.284  -73.297  -20.224 0.4000000060
115579  -14.969  -73.230  -20.622 0.4000000060
24590  -15.514  -73.750  -21.023 0.3000000119
27239  -9.128  -70.682  -17.766 0.4000000060
26384  -9.880  -71.075  -18.095 0.4000000060
26385  -10.484  -71.394  -18.413 0.5000000000
25472  -11.545  -72.237  -18.781 0.5000000000
27253  -9.549  -70.225  -18.379 0.4000000060
27270  -11.207  -70.493  -19.211 0.5000000000
27271  -11.929  -70.181  -19.659 0.5000000000
27274  -12.623  -70.751  -19.913 0.4000000060
26411  -13.903  -71.215  -20.399 0.4000000060
25512  -15.435  -72.718  -20.890 0.3000000119
116630  -11.197  -69.652  -19.488 0.3000000119
28161  -11.817  -69.233  -19.923 0.3000000119
28164  -12.695  -69.714  -20.155 0.3000000119
26370  -8.683  -71.134  -17.082 0.4000000060
28144  -9.065  -69.571  -18.826 0.3000000119
28159  -9.572  -69.046  -19.282 0.4000000060
27276  -14.117  -70.299  -20.620 0.3000000119
110072  -8.638  -68.926  -19.181 0.3000000119
29099  -8.721  -68.104  -19.516 0.3000000119
13736  -6.596  -85.229  -37.937 0.6000000238
110843  -7.441  -85.421  -36.665 0.5000000000
21668  -12.079  -76.903  -32.637 0.6000000238
21655  -10.900  -76.905  -31.165 0.6000000238
4558  -4.481  -96.644  -32.587 0.5000000000
5289  -5.923  -95.153  -32.988 0.6000000238
6781  -7.065  -93.330  -36.823 0.5000000000
5258  -6.156  -95.550  -31.030 0.6999999881
3912  -7.115  -97.385  -30.881 0.6999999881
4533  -7.902  -96.268  -30.526 0.6999999881
6747  -8.072  -92.959  -33.022 0.6999999881
5245  -8.213  -95.588  -30.502 0.6999999881
5967  -8.572  -94.872  -30.468 0.6999999881
110526  -8.929  -88.950  -37.702 0.5000000000
5290  -9.456  -95.746  -33.107 0.6999999881
8284  -9.002  -91.523  -33.444 0.6999999881
7497  -8.566  -92.479  -32.493 0.6999999881
5291  -9.923  -95.110  -33.007 0.6999999881
7490  -9.377  -92.299  -31.098 0.6999999881
13747  -7.340  -85.355  -38.668 0.6000000238
8277  -9.919  -90.883  -32.447 0.6000000238
8257  -10.878  -91.703  -30.103 0.6000000238
6732  -11.920  -93.978  -30.766 0.5000000000
108153  -4.315  -84.917  -35.266 0.6999999881
8269  -10.231  -90.997  -31.485 0.6000000238
7550  -11.594  -92.484  -36.691 0.6000000238
7581  -10.935  -92.699  -38.062 0.6000000238
8258  -11.792  -91.689  -29.804 0.5000000000
123839  -14.533  -92.522  -29.788 0.5000000000
7568  -13.140  -92.297  -37.564 0.5000000000
13683  -5.906  -85.981  -34.990 0.6000000238
13681  -3.462  -84.597  -35.090 0.6999999881
14598  -11.312  -84.607  -39.389 0.6000000238
9992  -10.893  -89.807  -33.756 0.5000000000
9100  -11.392  -90.214  -31.997 0.5000000000
9079  -13.025  -90.798  -30.319 0.6000000238
9090  -11.693  -90.422  -31.118 0.5000000000
8260  -13.516  -91.401  -29.766 0.5000000000
8352  -12.523  -91.720  -39.721 0.6000000238
8334  -13.826  -91.944  -38.930 0.6000000238
8324  -15.338  -92.265  -37.931 0.5000000000
15373  -7.585  -83.667  -33.115 0.6000000238
15395  -13.077  -84.161  -34.396 0.5000000000
19722  -4.529  -78.217  -28.225 0.6000000238
18801  -4.401  -80.224  -29.850 0.6000000238
117674  -14.282  -87.808  -34.853 0.6000000238
19733  -6.109  -78.475  -29.367 0.6000000238
17941  -9.977  -80.699  -34.039 0.8000000119
18783  -6.662  -79.110  -29.934 0.6000000238
14591  -14.679  -84.086  -37.659 0.6000000238
18815  -7.364  -79.626  -31.655 0.6000000238
13708  -15.318  -85.323  -36.390 0.6000000238
122675  -11.185  -79.212  -33.899 0.8000000119
16200  -14.971  -82.975  -36.373 0.6000000238
19769  -8.736  -78.714  -32.216 0.6000000238
110874  -8.334  -78.855  -31.334 0.6999999881
20677  -9.592  -77.756  -31.403 0.6000000238
21636  -10.193  -76.518  -29.483 0.6000000238
20679  -11.275  -77.172  -32.197 0.6999999881
21648  -11.328  -76.271  -30.640 0.6000000238
22689  -13.577  -75.660  -31.896 0.5000000000
117052  -11.829  -75.004  -27.005 0.5000000000
22678  -11.779  -75.518  -30.150 0.6000000238
23711  -14.434  -74.267  -30.072 0.5000000000
21519  -8.404  -76.653  -20.420 0.6999999881
21520  -9.137  -77.188  -20.780 0.6000000238
22550  -8.264  -75.389  -21.521 0.6999999881
22560  -9.377  -75.448  -22.720 0.8000000119
23632  -8.390  -73.573  -23.341 0.6000000238
23585  -6.630  -73.974  -20.234 0.6000000238
25531  -7.917  -71.809  -22.916 0.5000000000
24630  -7.568  -72.584  -22.787 0.5000000000
28218  -11.408  -68.323  -25.013 0.5000000000
108941  -6.790  -73.554  -20.067 0.5000000000
26451  -12.097  -70.824  -23.265 0.5000000000
23648  -11.242  -73.790  -25.011 0.6000000238
118625  -11.466  -72.616  -25.856 0.6000000238
26491  -13.010  -70.810  -26.827 0.5000000000
24537  -6.684  -73.972  -18.464 0.5000000000
24600  -11.471  -73.986  -21.335 0.5000000000
23587  -10.742  -75.057  -19.879 0.6000000238
24487  -7.711  -73.415  -16.641 0.4000000060
23504  -8.434  -74.314  -16.835 0.4000000060
22487  -9.246  -75.278  -17.655 0.4000000060
23533  -10.109  -75.329  -17.390 0.4000000060
23570  -12.999  -75.313  -19.423 0.5000000000
22527  -13.250  -75.521  -19.999 0.4000000060
24541  -12.311  -74.384  -18.624 0.4000000060
23592  -15.237  -74.655  -21.507 0.4000000060
23617  -15.417  -74.469  -22.469 0.4000000060
26372  -10.161  -72.123  -17.863 0.3000000119
106370  -10.834  -71.947  -18.428 0.5000000000
25498  -12.832  -72.672  -19.539 0.5000000000
25473  -12.233  -73.053  -18.982 0.4000000060
24603  -16.060  -73.898  -21.640 0.4000000060
26410  -13.193  -71.258  -20.142 0.5000000000
25499  -13.560  -72.222  -20.058 0.4000000060
120964  -14.588  -72.164  -20.549 0.4000000060
27254  -10.427  -70.573  -18.688 0.5000000000
28145  -9.994  -69.691  -18.813 0.5000000000
27269  -10.665  -69.926  -19.097 0.4000000060
27275  -13.335  -70.473  -20.305 0.4000000060
28160  -10.440  -69.252  -19.350 0.4000000060
117349  -9.338  -67.853  -19.949 0.3000000119
120290  -10.169  -68.500  -19.752 0.3000000119
5365  -9.437  -94.817  -42.208 0.5000000000
108759  -10.173  -93.777  -42.196 0.5000000000
6084  -11.597  -94.049  -41.884 0.5000000000
6836  -10.688  -93.270  -42.386 0.5000000000
6838  -12.210  -93.538  -42.079 0.5000000000
7609  -11.144  -92.740  -43.055 0.5000000000
112125  -12.860  -93.151  -42.322 0.6000000238
6828  -8.922  -93.586  -42.015 0.5000000000
6835  -9.786  -93.158  -42.155 0.5000000000
106711  -10.557  -92.560  -42.439 0.5000000000
7616  -11.035  -92.074  -43.126 0.5000000000
108500  -13.217  -92.765  -42.684 0.6000000238
7617  -11.489  -92.170  -43.120 0.6000000238
6845  -12.131  -92.826  -42.834 0.6000000238
6072  -8.844  -94.507  -41.880 0.4000000060
3990  -8.701  -97.565  -37.546 0.4000000060
4627  -9.344  -96.388  -38.111 0.4000000060
4626  -9.035  -96.596  -39.062 0.5000000000
5343  -8.984  -95.947  -39.912 0.5000000000
112065  -8.623  -96.398  -40.576 0.5000000000
6059  -9.066  -95.197  -40.386 0.5000000000
5344  -9.372  -95.037  -39.579 0.5000000000
5349  -8.715  -95.758  -40.874 0.5000000000
120780  -9.269  -94.299  -40.395 0.5000000000
6851  -14.121  -92.844  -42.920 0.6000000238
6852  -14.760  -92.965  -43.194 0.6000000238
6821  -8.891  -93.815  -41.517 0.5000000000
6829  -8.994  -92.911  -41.675 0.5000000000
7598  -9.562  -92.444  -41.187 0.5000000000
7619  -13.443  -92.268  -43.069 0.6000000238
7608  -10.019  -92.314  -42.124 0.5000000000
8390  -10.894  -91.375  -43.121 0.6000000238
8392  -12.327  -91.169  -43.265 0.6000000238
7627  -14.182  -92.336  -43.371 0.6000000238
9229  -11.482  -89.889  -44.053 0.6000000238
114910  -13.388  -90.946  -44.028 0.6000000238
8402  -14.301  -91.359  -43.685 0.6999999881
106718  -13.125  -89.923  -44.180 0.6000000238
9231  -14.047  -90.324  -44.009 0.6999999881
3969  -8.621  -97.149  -35.956 0.6000000238
4602  -9.020  -96.944  -36.503 0.6000000238
5308  -9.938  -95.706  -36.138 0.6000000238
4615  -9.142  -96.918  -37.286 0.5000000000
4616  -9.674  -96.127  -37.307 0.5000000000
5328  -9.963  -95.471  -37.238 0.6000000238
5336  -9.382  -95.707  -38.846 0.5000000000
106579  -9.700  -95.545  -37.931 0.5000000000
6051  -9.730  -94.731  -38.579 0.5000000000
6805  -9.913  -93.801  -38.871 0.5000000000
6822  -9.282  -93.252  -40.911 0.5000000000
6848  -15.631  -93.550  -42.848 0.6999999881
6853  -15.416  -92.898  -43.220 0.6000000238
7630  -15.982  -92.421  -43.158 0.8000000119
7603  -9.487  -92.068  -41.811 0.5000000000
8377  -10.363  -91.598  -41.742 0.5000000000
9213  -10.006  -90.783  -42.813 0.6000000238
7628  -14.874  -92.175  -43.379 0.6999999881
7629  -15.657  -91.762  -43.262 0.6999999881
9221  -11.063  -90.493  -43.390 0.6000000238
122035  -14.613  -89.774  -44.071 0.6999999881
9228  -10.992  -89.537  -44.095 0.6000000238
10130  -12.210  -89.428  -44.270 0.6000000238
11050  -12.881  -87.960  -44.316 0.6999999881
109533  -13.901  -89.335  -44.260 0.6999999881
10132  -14.790  -88.844  -44.291 0.6000000238
118035  -8.177  -97.219  -35.316 0.5000000000
4591  -9.491  -96.217  -35.682 0.6000000238
6033  -10.253  -94.971  -36.619 0.6000000238
6042  -10.042  -94.795  -37.572 0.6000000238
6795  -10.060  -93.935  -37.972 0.6000000238
6814  -9.707  -93.603  -39.839 0.5000000000
7595  -10.513  -92.541  -39.628 0.6000000238
113338  -16.193  -93.735  -42.544 0.6999999881
7594  -9.871  -92.805  -40.231 0.5000000000
7596  -10.960  -92.079  -39.895 0.5000000000
7620  -16.486  -92.281  -42.804 0.5000000000
6840  -17.244  -93.282  -41.996 0.6000000238
8365  -10.045  -91.837  -41.388 0.6000000238
9203  -11.047  -90.664  -42.243 0.5000000000
125780  -16.274  -91.783  -43.056 0.6000000238
10117  -10.268  -89.757  -42.722 0.5000000000
8403  -15.066  -91.299  -43.492 0.6999999881
120850  -15.721  -90.649  -43.566 0.6000000238
11032  -11.070  -88.467  -43.442 0.5000000000
9232  -15.356  -89.774  -43.976 0.6000000238
10133  -15.836  -88.999  -44.159 0.6000000238
107855  -11.620  -88.041  -43.096 0.5000000000
11948  -12.211  -87.543  -43.686 0.6000000238
11051  -14.411  -87.671  -44.313 0.5000000000
12908  -13.997  -86.760  -43.497 0.5000000000
11968  -16.801  -87.954  -43.974 0.5000000000
3953  -8.157  -96.987  -34.548 0.6000000238
4590  -8.826  -96.689  -35.233 0.6000000238
3320  -6.880  -97.787  -33.840 0.4000000060
6850  -16.739  -93.010  -42.418 0.6000000238
8366  -10.973  -91.744  -40.869 0.5000000000
8394  -16.885  -91.437  -42.901 0.5000000000
10106  -11.170  -89.807  -42.468 0.5000000000
8404  -16.385  -91.083  -43.248 0.5000000000
8405  -17.237  -90.589  -43.350 0.5000000000
7621  -17.239  -91.954  -42.464 0.5000000000
10108  -12.666  -89.213  -42.174 0.5000000000
9233  -16.215  -89.819  -43.926 0.5000000000
10134  -16.713  -89.181  -44.042 0.5000000000
11033  -12.511  -87.857  -42.679 0.6000000238
11034  -13.547  -87.476  -42.492 0.6000000238
11053  -16.350  -88.367  -44.110 0.5000000000
11054  -17.220  -88.646  -43.958 0.6000000238
11942  -13.705  -86.966  -42.699 0.6000000238
12893  -14.337  -86.779  -42.736 0.5000000000
3936  -6.856  -97.803  -32.653 0.4000000060
9192  -12.100  -90.931  -41.365 0.5000000000
8395  -17.799  -91.161  -42.872 0.5000000000
9205  -12.360  -90.158  -41.791 0.5000000000
9206  -13.004  -90.053  -41.540 0.5000000000
10135  -17.555  -89.371  -43.941 0.5000000000
8406  -18.363  -90.387  -43.353 0.5000000000
8407  -19.412  -90.644  -43.275 0.5000000000
8408  -20.159  -90.975  -43.472 0.5000000000
9223  -21.746  -90.742  -43.077 0.5000000000
10110  -14.299  -89.186  -41.574 0.6000000238
11025  -14.324  -88.107  -41.929 0.6000000238
11055  -18.200  -88.912  -43.848 0.5000000000
110610  -15.166  -87.691  -41.703 0.6000000238
11952  -17.893  -87.563  -43.467 0.5000000000
11027  -16.084  -87.419  -41.514 0.5000000000
123031  -16.079  -86.419  -41.583 0.5000000000
9185  -14.895  -90.922  -39.914 0.5000000000
10136  -18.354  -89.656  -43.793 0.5000000000
9237  -19.822  -90.331  -43.554 0.5000000000
9238  -20.504  -90.230  -43.584 0.5000000000
8409  -20.940  -90.968  -43.380 0.5000000000
9195  -14.503  -90.424  -40.579 0.5000000000
9196  -15.401  -90.337  -40.424 0.6000000238
117261  -19.058  -89.339  -43.741 0.5000000000
10138  -21.074  -89.568  -43.491 0.5000000000
9239  -21.416  -90.199  -43.414 0.5000000000
9224  -22.468  -90.311  -42.828 0.5000000000
11026  -16.054  -88.542  -41.376 0.5000000000
11969  -18.452  -88.334  -43.632 0.5000000000
11970  -19.324  -88.344  -43.494 0.5000000000
8336  -15.705  -91.791  -38.579 0.5000000000
11042  -21.118  -88.326  -43.077 0.5000000000
11057  -20.697  -88.972  -43.511 0.5000000000
10139  -21.854  -89.555  -43.262 0.5000000000
10124  -23.198  -89.428  -42.913 0.4000000060
11058  -21.521  -88.981  -43.288 0.4000000060
11890  -4.629  -88.031  -38.060 0.4000000060
21611  -5.649  -76.595  -27.093 0.5000000000
21557  -7.882  -76.705  -24.689 0.5000000000
21571  -7.871  -76.371  -25.440 0.5000000000
20565  -8.448  -78.552  -23.186 0.5000000000
124929  -8.447  -78.070  -23.737 0.5000000000
21592  -6.410  -76.116  -26.558 0.5000000000
21501  -8.078  -76.888  -19.798 0.5000000000
21500  -7.279  -76.663  -19.486 0.5000000000
22521  -6.164  -75.087  -19.592 0.5000000000
8368  -13.112  -91.155  -40.341 0.5000000000
9193  -12.759  -90.705  -41.088 0.5000000000
123525  -12.738  -92.306  -43.036 0.6000000238
8386  -10.759  -91.965  -42.674 0.6000000238
8400  -12.916  -91.208  -43.443 0.6000000238
10123  -10.565  -89.812  -43.227 0.6000000238
10131  -12.973  -88.823  -44.396 0.6999999881
4603  -9.559  -96.392  -36.530 0.6000000238
8378  -10.907  -91.474  -41.604 0.5000000000
11964  -11.752  -87.793  -43.890 0.6000000238
106747  -13.731  -88.293  -44.392 0.6000000238
11949  -13.062  -87.042  -43.618 0.6000000238
8379  -11.473  -91.202  -41.544 0.5000000000
10118  -11.062  -88.943  -42.876 0.5000000000
11941  -12.992  -87.034  -42.957 0.6000000238
12892  -13.521  -86.853  -43.123 0.6000000238
11966  -15.035  -87.130  -44.154 0.5000000000
118703  -17.605  -88.241  -43.796 0.5000000000
113362  -17.015  -89.929  -43.931 0.5000000000
11024  -13.511  -88.616  -42.140 0.5000000000
11937  -15.304  -86.555  -41.828 0.5000000000
9194  -13.590  -90.429  -40.903 0.5000000000
10111  -15.160  -88.869  -41.468 0.5000000000
10099  -14.914  -89.737  -40.998 0.5000000000
121968  -20.379  -89.508  -43.626 0.5000000000
119440  -18.965  -88.848  -43.748 0.5000000000
11056  -19.789  -89.032  -43.717 0.5000000000
10140  -22.578  -89.497  -43.084 0.5000000000
11041  -20.231  -88.341  -43.309 0.4000000060
11059  -22.334  -88.995  -43.077 0.4000000060
6816  -19.168  -93.454  -40.053 0.5000000000
6823  -18.947  -93.172  -40.511 0.6000000238
7605  -19.815  -92.412  -41.469 0.6000000238
6831  -18.658  -92.849  -41.075 0.6000000238
6077  -18.002  -93.799  -40.782 0.4000000060
7613  -20.396  -92.577  -41.916 0.4000000060
7623  -19.310  -91.628  -42.307 0.4000000060
7612  -19.690  -92.120  -41.935 0.5000000000
7604  -18.938  -92.324  -41.510 0.6000000238
7611  -18.614  -92.105  -41.874 0.5000000000
7622  -18.223  -91.659  -42.335 0.4000000060
125405  -17.750  -93.580  -41.296 0.5000000000
7610  -17.621  -92.485  -42.061 0.5000000000
6830  -17.279  -93.820  -41.661 0.6000000238
6093  -16.391  -94.157  -41.886 0.6000000238
6092  -15.894  -93.955  -42.245 0.6000000238
117416  -15.809  -94.205  -41.858 0.6000000238
119137  -15.176  -93.379  -43.020 0.6000000238
6087  -15.221  -93.660  -41.919 0.6000000238
6847  -14.776  -93.253  -42.839 0.5000000000
6846  -13.874  -93.101  -42.311 0.5000000000
6839  -12.987  -93.543  -41.759 0.4000000060
9225  -23.314  -89.979  -42.805 0.3000000119
120808  -11.057  -94.637  -41.925 0.4000000060
126276  -14.792  -82.708  -34.583 0.4000000060
16195  -15.240  -82.243  -34.896 0.4000000060
116781  -15.710  -82.625  -36.866 0.5000000000
24705  -15.118  -73.502  -28.941 0.5000000000
25608  -14.689  -73.064  -27.958 0.5000000000
25609  -15.588  -72.802  -28.169 0.5000000000
25601  -15.109  -72.305  -27.433 0.4000000060
118452  -13.827  -70.743  -27.079 0.4000000060
26512  -18.140  -71.208  -30.136 0.4000000060
27346  -13.207  -69.828  -27.043 0.4000000060
27354  -14.056  -69.900  -27.301 0.4000000060
26498  -15.450  -71.182  -27.308 0.4000000060
27345  -12.316  -69.791  -26.407 0.4000000060
28242  -13.502  -68.887  -27.212 0.4000000060
27358  -17.796  -70.260  -27.839 0.4000000060
28234  -12.714  -68.732  -26.564 0.4000000060
29185  -13.864  -67.938  -27.186 0.4000000060
29188  -17.851  -68.649  -27.693 0.4000000060
29155  -11.886  -67.746  -25.188 0.4000000060
29184  -13.074  -67.731  -26.561 0.4000000060
29142  -11.814  -67.851  -24.815 0.4000000060
29156  -12.302  -67.306  -25.199 0.4000000060
26453  -13.723  -72.164  -23.791 0.3000000119
27321  -13.428  -69.845  -24.060 0.4000000060
24635  -15.583  -74.193  -23.174 0.3000000119
25547  -14.680  -72.890  -23.965 0.3000000119
27322  -14.485  -70.660  -24.398 0.3000000119
26469  -14.535  -71.886  -24.280 0.3000000119
26504  -17.694  -71.216  -29.052 0.4000000060
26503  -16.968  -71.461  -28.408 0.4000000060
26499  -16.358  -71.510  -27.767 0.4000000060
25610  -16.370  -72.175  -28.567 0.4000000060
118019  -16.270  -70.648  -27.600 0.4000000060
114927  -15.655  -70.163  -27.467 0.4000000060
27366  -19.428  -70.359  -28.815 0.4000000060
28246  -17.287  -69.390  -27.632 0.4000000060
28245  -16.287  -69.557  -27.576 0.4000000060
28243  -14.393  -69.070  -27.474 0.4000000060
5320  -23.682  -96.467  -36.992 0.3000000119
5331  -23.733  -96.019  -37.858 0.3000000119
6036  -23.330  -95.827  -36.581 0.4000000060
5330  -23.109  -95.736  -37.343 0.3000000119
121511  -22.084  -93.906  -36.640 0.3000000119
107962  -22.387  -94.813  -37.437 0.3000000119
109850  -22.812  -95.519  -38.182 0.4000000060
6784  -21.518  -93.563  -36.286 0.3000000119
6785  -21.566  -93.889  -37.273 0.3000000119
6055  -22.064  -94.795  -38.230 0.3000000119
6046  -21.343  -93.992  -38.238 0.3000000119
111664  -20.830  -93.617  -36.730 0.3000000119
6798  -20.827  -93.690  -37.631 0.3000000119
6808  -20.766  -93.737  -38.522 0.3000000119
6045  -20.264  -94.024  -37.165 0.3000000119
6797  -20.127  -93.867  -37.995 0.3000000119
6807  -20.062  -93.649  -38.825 0.3000000119
4606  -20.061  -95.941  -36.222 0.3000000119
120738  -19.834  -94.607  -36.823 0.3000000119
6044  -19.646  -94.510  -37.572 0.3000000119
5318  -19.450  -95.329  -37.280 0.4000000060
121646  -23.310  -95.281  -38.714 0.3000000119
6026  -22.717  -94.023  -35.394 0.4000000060
5342  -22.513  -95.163  -38.860 0.4000000060
6773  -22.176  -93.663  -35.879 0.3000000119
6054  -21.815  -94.693  -38.939 0.4000000060
6783  -20.855  -93.639  -35.830 0.3000000119
6819  -21.290  -94.019  -39.000 0.4000000060
6818  -20.875  -93.720  -39.479 0.4000000060
6025  -20.445  -94.314  -35.454 0.3000000119
5309  -20.187  -95.281  -35.588 0.4000000060
6817  -19.883  -93.389  -39.637 0.4000000060
6052  -18.877  -94.645  -39.016 0.3000000119
109265  -20.652  -97.075  -35.236 0.3000000119
121356  -24.166  -95.550  -38.359 0.3000000119
5348  -23.252  -94.875  -39.315 0.3000000119
6013  -22.890  -93.883  -33.966 0.4000000060
5347  -22.800  -94.967  -39.310 0.3000000119
5357  -22.938  -94.697  -39.668 0.3000000119
6771  -20.923  -93.667  -34.981 0.3000000119
6762  -22.137  -93.526  -35.020 0.4000000060
5341  -22.268  -94.924  -39.367 0.4000000060
6070  -21.826  -94.353  -40.313 0.3000000119
6063  -21.752  -94.501  -39.697 0.4000000060
6012  -20.631  -94.273  -34.500 0.3000000119
6062  -21.411  -94.036  -40.193 0.4000000060
6069  -21.213  -93.749  -40.701 0.4000000060
5301  -20.346  -95.194  -34.900 0.3000000119
5292  -20.381  -95.838  -33.742 0.3000000119
6833  -20.647  -93.264  -41.130 0.4000000060
6824  -19.926  -93.065  -40.403 0.4000000060
6832  -19.862  -92.685  -40.961 0.4000000060
7606  -20.424  -92.845  -41.553 0.5000000000
3340  -21.126  -97.908  -35.026 0.3000000119
6056  -23.738  -94.914  -38.891 0.3000000119
6057  -24.346  -94.790  -38.320 0.3000000119
6000  -21.461  -93.871  -33.352 0.4000000060
6080  -22.113  -94.167  -40.608 0.4000000060
121890  -21.186  -93.475  -41.207 0.4000000060
6752  -21.189  -93.743  -34.175 0.4000000060
6078  -20.930  -93.458  -41.185 0.4000000060
6843  -20.888  -93.187  -41.659 0.5000000000
7624  -20.244  -92.137  -42.481 0.4000000060
5999  -20.779  -94.315  -33.621 0.3000000119
4566  -20.256  -96.248  -33.162 0.3000000119
8397  -19.797  -91.418  -43.020 0.4000000060
4583  -20.447  -96.166  -34.503 0.3000000119
3960  -20.755  -97.117  -34.358 0.3000000119
3327  -21.254  -97.833  -34.059 0.3000000119
6064  -23.175  -94.327  -39.530 0.3000000119
122802  -22.615  -94.136  -40.190 0.3000000119
6834  -21.731  -93.554  -41.048 0.3000000119
7614  -21.112  -92.826  -42.200 0.5000000000
7625  -20.828  -92.326  -42.619 0.4000000060
118387  -20.429  -95.200  -33.152 0.4000000060
8398  -20.514  -91.617  -43.039 0.4000000060
3929  -19.752  -97.046  -32.145 0.3000000119
119307  -20.114  -95.729  -32.588 0.3000000119
3930  -20.207  -97.058  -32.790 0.3000000119
3943  -20.640  -97.112  -33.539 0.3000000119
3328  -21.735  -98.711  -33.761 0.3000000119
3312  -21.082  -97.819  -33.031 0.3000000119
6826  -22.358  -93.605  -40.631 0.3000000119
7607  -22.125  -92.764  -41.202 0.4000000060
7626  -21.340  -92.125  -42.451 0.4000000060
3917  -19.722  -97.424  -31.538 0.3000000119
3298  -19.783  -97.873  -30.959 0.3000000119
3918  -20.271  -97.652  -32.233 0.3000000119
3299  -20.290  -98.132  -31.533 0.3000000119
111765  -20.980  -98.367  -32.266 0.3000000119
3285  -20.313  -98.505  -30.717 0.3000000119
2745  -20.853  -99.298  -30.438 0.3000000119
2757  -21.119  -98.926  -31.429 0.3000000119
121326  -22.342  -91.607  -41.449 0.3000000119
125414  -22.040  -91.199  -42.332 0.4000000060
109024  -20.855  -99.560  -29.634 0.3000000119
2732  -21.462  -99.986  -29.040 0.3000000119
8371  -23.897  -91.120  -40.459 0.3000000119
8380  -23.214  -91.137  -40.986 0.3000000119
8387  -22.896  -90.744  -41.715 0.3000000119
115245  -23.999  -90.782  -40.952 0.3000000119
8388  -23.753  -90.565  -41.475 0.3000000119
9215  -23.565  -90.256  -42.146 0.3000000119
25600  -14.159  -72.404  -27.378 0.5000000000
28207  -13.016  -68.627  -24.158 0.5000000000
29143  -12.550  -67.611  -24.691 0.4000000060
118365  -14.474  -71.528  -27.110 0.4000000060
115401  -16.754  -93.864  -42.074 0.6000000238
6841  -17.926  -92.907  -41.597 0.5000000000
8396  -18.836  -91.067  -42.803 0.4000000060
121486  -21.250  -91.566  -42.913 0.4000000060
8399  -22.827  -90.427  -42.359 0.3000000119
25617  -15.945  -72.924  -29.221 0.5000000000
25618  -16.522  -72.312  -29.813 0.4000000060
27365  -18.644  -70.821  -29.136 0.4000000060
6035  -22.703  -94.712  -36.449 0.3000000119
124191  -20.384  -94.122  -36.348 0.3000000119
5319  -20.028  -94.851  -36.137 0.3000000119
120626  -22.599  -93.757  -34.617 0.4000000060
6825  -20.695  -93.484  -40.311 0.4000000060
6753  -22.008  -93.527  -34.098 0.4000000060
6079  -21.460  -93.747  -40.764 0.4000000060
4576  -20.505  -96.502  -33.856 0.3000000119
106252  -20.652  -92.695  -42.037 0.4000000060
7615  -21.668  -92.311  -41.912 0.4000000060
4565  -19.834  -96.378  -32.384 0.3000000119
122438  -21.603  -98.556  -32.890 0.3000000119
8369  -22.615  -91.879  -40.798 0.3000000119
2250  -21.468  -100.168  -30.143 0.3000000119
6088  -15.537  -94.256  -41.357 0.5000000000
5370  -16.491  -94.939  -41.170 0.5000000000
6089  -17.033  -94.511  -41.546 0.4000000060
9186  -15.770  -90.844  -39.782 0.4000000060
6068  -18.344  -94.006  -40.216 0.5000000000
5340  -18.845  -95.368  -38.704 0.3000000119
6060  -18.767  -94.142  -39.571 0.4000000060
5329  -19.206  -95.321  -38.013 0.3000000119
6053  -19.393  -94.411  -38.419 0.3000000119
5278  -20.421  -95.155  -32.312 0.3000000119
5987  -20.908  -94.417  -32.761 0.3000000119
6027  -23.265  -95.123  -35.731 0.3000000119
5263  -20.277  -95.268  -31.542 0.3000000119
5988  -21.669  -94.182  -32.528 0.3000000119
6001  -22.326  -93.881  -33.207 0.3000000119
6014  -23.562  -94.524  -34.138 0.3000000119
6002  -23.404  -94.382  -33.209 0.3000000119
5979  -21.034  -94.759  -31.991 0.3000000119
5980  -21.841  -94.660  -31.738 0.3000000119
5989  -22.604  -94.357  -32.377 0.3000000119
116561  -23.212  -94.341  -34.790 0.3000000119
5302  -23.765  -95.554  -34.935 0.3000000119
5293  -24.098  -95.133  -33.854 0.3000000119
6085  -12.220  -94.161  -41.538 0.3000000119
6076  -17.425  -94.399  -41.202 0.5000000000
5371  -16.974  -95.245  -41.225 0.4000000060
5369  -16.044  -94.737  -41.353 0.5000000000
28256  -20.217  -69.119  -28.421 0.3000000119
28248  -18.588  -69.342  -27.809 0.3000000119
30016  -13.536  -66.041  -26.067 0.3000000119
6086  -14.020  -93.482  -41.534 0.4000000060
6067  -15.126  -94.420  -40.561 0.4000000060
3376  -17.866  -98.427  -37.469 0.4000000060
4630  -16.596  -96.531  -38.741 0.4000000060
4010  -16.879  -97.253  -40.010 0.4000000060
4651  -16.712  -96.221  -40.798 0.4000000060
4657  -16.756  -95.589  -41.044 0.4000000060
5353  -16.040  -95.559  -39.886 0.4000000060
4641  -16.210  -95.663  -40.654 0.4000000060
4650  -16.296  -95.307  -41.067 0.4000000060
2801  -18.850  -99.622  -35.466 0.3000000119
4002  -17.262  -97.749  -39.130 0.4000000060
5352  -15.603  -94.956  -40.190 0.4000000060
3996  -17.335  -97.195  -37.152 0.4000000060
4636  -16.323  -96.087  -39.424 0.4000000060
3365  -18.055  -98.517  -36.388 0.3000000119
106793  -17.541  -98.100  -38.302 0.4000000060
4642  -16.540  -96.435  -40.348 0.4000000060
4023  -17.222  -96.773  -40.998 0.4000000060
2315  -19.188  -100.071  -35.926 0.3000000119
3377  -18.492  -99.238  -37.293 0.3000000119
3385  -17.984  -98.627  -39.160 0.3000000119
120555  -18.390  -99.131  -38.046 0.3000000119
4017  -18.293  -97.251  -40.572 0.3000000119
4643  -18.273  -96.664  -40.690 0.3000000119
4016  -17.478  -97.401  -40.780 0.3000000119
5355  -18.200  -95.919  -40.373 0.3000000119
111469  -18.213  -94.948  -40.083 0.3000000119
5354  -17.779  -94.992  -40.619 0.3000000119
4024  -17.879  -96.762  -40.933 0.3000000119
5363  -17.858  -95.968  -40.710 0.3000000119
4652  -17.279  -96.046  -40.985 0.3000000119
2664  -16.653  -99.017  -24.993 0.3000000119
3212  -16.990  -98.533  -24.735 0.3000000119
3893  -19.544  -97.362  -29.537 0.3000000119
122410  -17.898  -97.316  -24.213 0.3000000119
3823  -18.527  -96.826  -24.638 0.3000000119
3838  -19.645  -96.936  -25.775 0.3000000119
3852  -20.060  -97.161  -26.362 0.3000000119
4482  -20.082  -96.505  -26.735 0.3000000119
4495  -19.843  -96.356  -27.529 0.3000000119
3880  -19.701  -97.078  -28.114 0.3000000119
121920  -19.364  -96.646  -29.041 0.3000000119
4455  -19.001  -96.161  -24.806 0.3000000119
4467  -19.528  -96.246  -25.526 0.3000000119
4468  -19.992  -96.433  -26.111 0.3000000119
125058  -17.925  -97.982  -40.043 0.3000000119
3223  -17.401  -98.195  -25.307 0.3000000119
3851  -19.734  -97.602  -25.927 0.3000000119
3837  -18.136  -97.563  -25.086 0.3000000119
3822  -17.503  -97.925  -24.408 0.3000000119
3225  -18.969  -97.871  -25.631 0.3000000119
124568  -19.153  -96.706  -25.279 0.3000000119
5180  -19.384  -95.495  -25.097 0.3000000119
3280  -5.811  -98.074  -30.672 0.5000000000
3292  -4.010  -98.304  -30.716 0.5000000000
3824  -19.055  -97.255  -25.417 0.3000000119
3899  -5.536  -97.617  -30.619 0.5000000000
3900  -6.381  -97.503  -30.647 0.6999999881
3910  -4.220  -97.642  -30.947 0.5000000000
3911  -4.908  -97.391  -30.755 0.6000000238
4015  -16.852  -97.033  -40.534 0.4000000060
4532  -7.098  -96.733  -30.485 0.6999999881
4547  -7.640  -96.773  -30.727 0.6999999881
4548  -9.268  -95.793  -31.377 0.6999999881
4559  -5.058  -96.104  -32.207 0.5000000000
4560  -8.530  -96.533  -32.711 0.6999999881
4571  -4.454  -96.544  -33.463 0.5000000000
4593  -20.335  -96.135  -35.415 0.4000000060
4621  -19.730  -96.144  -37.066 0.4000000060
5246  -8.884  -95.217  -30.471 0.6999999881
5260  -8.678  -95.892  -30.717 0.6999999881
5273  -5.612  -95.536  -31.994 0.6000000238
5274  -6.144  -95.062  -31.966 0.6999999881
5288  -5.387  -95.702  -32.833 0.6000000238
5297  -5.336  -95.508  -34.354 0.5000000000
5298  -5.839  -95.045  -34.062 0.6000000238
5317  -9.930  -95.770  -36.772 0.6000000238
5356  -22.366  -94.720  -39.744 0.4000000060
5361  -15.854  -94.946  -41.017 0.4000000060
5362  -17.328  -95.284  -41.007 0.3000000119
5372  -16.176  -94.393  -41.609 0.5000000000
5373  -16.625  -94.587  -41.392 0.4000000060
5966  -7.863  -95.195  -30.543 0.6999999881
5985  -7.232  -94.244  -32.046 0.6999999881
6022  -7.065  -93.753  -34.970 0.6999999881
6032  -6.296  -94.343  -36.449 0.5000000000
6040  -5.561  -94.532  -37.757 0.5000000000
6061  -19.403  -94.004  -39.114 0.3000000119
6065  -8.903  -94.850  -41.109 0.4000000060
6071  -22.533  -94.516  -40.030 0.3000000119
6081  -8.994  -94.396  -42.116 0.5000000000
6082  -9.533  -94.017  -42.172 0.5000000000
6083  -10.872  -93.946  -42.192 0.4000000060
6090  -14.766  -93.353  -42.401 0.5000000000
6091  -15.404  -93.607  -42.575 0.6000000238
6723  -11.372  -93.276  -29.956 0.6000000238
6730  -8.544  -93.565  -31.029 0.6999999881
6738  -7.676  -93.634  -32.572 0.6999999881
6757  -8.002  -92.831  -33.927 0.6999999881
6758  -10.807  -93.438  -34.438 0.6999999881
6761  -21.514  -93.526  -34.712 0.3000000119
6772  -21.497  -93.476  -35.437 0.3000000119
6780  -6.772  -93.824  -36.393 0.5000000000
6794  -6.629  -93.351  -37.534 0.5000000000
6803  -5.534  -93.545  -38.474 0.5000000000
6837  -11.472  -93.436  -42.438 0.5000000000
6842  -20.677  -93.054  -41.637 0.5000000000
6844  -21.434  -93.109  -41.608 0.5000000000
6849  -16.078  -93.137  -43.046 0.8000000119
7476  -14.070  -92.105  -29.625 0.5000000000
7481  -9.838  -92.855  -30.216 0.6000000238
7484  -12.556  -92.244  -29.681 0.6000000238
7485  -13.907  -92.779  -29.796 0.5000000000
7492  -15.072  -93.080  -30.890 0.5000000000
7498  -9.005  -91.975  -32.028 0.6999999881
7508  -8.849  -91.880  -32.812 0.6000000238
7534  -11.914  -92.207  -36.063 0.6000000238
7565  -6.541  -92.750  -37.959 0.5000000000
7569  -14.045  -92.333  -37.186 0.4000000060
7580  -6.936  -92.116  -37.933 0.6000000238
7592  -5.231  -92.397  -38.976 0.5000000000
7593  -5.817  -92.797  -38.489 0.5000000000
7599  -10.251  -92.191  -40.555 0.6000000238
7602  -9.231  -92.734  -42.021 0.5000000000
7618  -12.162  -91.907  -43.139 0.6000000238
8251  -14.847  -91.923  -29.673 0.5000000000
8293  -8.706  -91.640  -34.733 0.6999999881
8302  -8.585  -91.434  -35.604 0.6999999881
8303  -9.016  -90.840  -35.645 0.6999999881
8311  -7.856  -91.979  -36.832 0.6999999881
8312  -8.276  -91.496  -36.374 0.6999999881
8332  -11.631  -92.029  -39.297 0.6000000238
8348  -4.945  -91.628  -39.187 0.5000000000
8355  -15.296  -91.435  -39.278 0.5000000000
8356  -16.138  -91.238  -39.128 0.4000000060
8385  -10.421  -91.492  -42.117 0.5000000000
8389  -10.619  -91.375  -42.525 0.6000000238
8391  -11.504  -91.383  -43.221 0.6000000238
8393  -12.887  -91.747  -43.216 0.6000000238
8401  -13.553  -91.579  -43.275 0.6000000238
9078  -12.113  -90.808  -30.304 0.5000000000
9089  -10.911  -90.621  -31.308 0.5000000000
9092  -13.483  -90.322  -31.036 0.6000000238
9109  -11.123  -89.980  -32.858 0.6000000238
9123  -9.568  -90.651  -34.501 0.6000000238
9139  -9.976  -90.059  -34.941 0.6000000238
9154  -9.036  -90.152  -36.702 0.6999999881
9167  -8.218  -90.520  -37.402 0.6000000238
9168  -8.646  -89.856  -37.364 0.6999999881
9173  -6.186  -90.611  -38.687 0.6000000238
9174  -6.914  -90.215  -38.324 0.6000000238
9183  -5.516  -90.432  -39.089 0.5000000000
9184  -14.017  -91.057  -40.158 0.5000000000
9187  -16.534  -90.669  -39.578 0.4000000060
9202  -10.781  -91.204  -42.112 0.5000000000
9204  -11.725  -90.415  -42.038 0.5000000000
9214  -10.056  -90.386  -42.618 0.6000000238
9220  -10.220  -90.783  -43.125 0.6000000238
9222  -11.821  -90.636  -43.386 0.6000000238
9230  -12.519  -90.400  -43.640 0.6000000238
9234  -16.520  -90.408  -43.595 0.5000000000
9235  -17.700  -90.013  -43.839 0.5000000000
9236  -19.171  -89.995  -43.639 0.5000000000
9240  -22.182  -90.045  -43.199 0.5000000000
9241  -22.790  -89.881  -43.067 0.3000000119
9973  -13.425  -89.669  -32.553 0.6000000238
9996  -14.087  -88.922  -33.258 0.5000000000
10016  -12.504  -89.277  -34.143 0.5000000000
10017  -13.596  -88.815  -34.532 0.6000000238
10031  -9.700  -89.879  -35.687 0.6000000238
10034  -12.444  -89.022  -35.091 0.5000000000
10035  -13.310  -88.728  -35.090 0.6000000238
10046  -9.440  -89.783  -36.319 0.6000000238
10076  -7.484  -89.053  -38.324 0.6000000238
10077  -8.241  -89.278  -37.888 0.5000000000
10091  -5.253  -89.382  -38.796 0.5000000000
10098  -14.171  -89.888  -41.104 0.6000000238
10107  -11.760  -89.448  -42.317 0.5000000000
10109  -13.567  -89.610  -41.619 0.5000000000
10116  -10.001  -90.217  -43.085 0.6000000238
10119  -11.798  -88.541  -42.613 0.5000000000
10128  -10.605  -89.168  -43.522 0.6000000238
10129  -11.197  -88.917  -44.237 0.6000000238
10137  -19.789  -89.740  -43.677 0.5000000000
10921  -14.271  -88.416  -33.640 0.5000000000
10934  -14.045  -88.428  -34.509 0.6000000238
10946  -13.617  -88.339  -35.560 0.6000000238
10947  -14.018  -88.191  -35.280 0.6000000238
10957  -13.390  -88.074  -36.253 0.6000000238
10970  -12.434  -87.763  -37.188 0.5000000000
10979  -4.645  -88.708  -38.098 0.4000000060
10980  -4.954  -88.303  -38.526 0.4000000060
10983  -8.225  -88.408  -38.344 0.6000000238
10984  -9.152  -88.118  -38.279 0.6000000238
10985  -9.996  -87.877  -38.244 0.6000000238
10986  -10.760  -87.660  -38.202 0.6000000238
11004  -6.191  -88.162  -39.102 0.6000000238
11005  -7.005  -87.629  -39.074 0.6000000238
11031  -10.377  -89.146  -42.967 0.5000000000
11039  -10.220  -89.402  -43.095 0.6000000238
11040  -10.710  -88.746  -43.472 0.5000000000
11048  -11.036  -88.145  -44.001 0.6000000238
11049  -11.985  -88.232  -44.248 0.6000000238
11052  -15.430  -88.045  -44.274 0.5000000000
11060  -23.047  -88.919  -42.944 0.4000000060
11824  -14.846  -87.714  -32.436 0.5000000000
11861  -14.319  -87.562  -35.519 0.6000000238
11871  -13.756  -87.551  -36.663 0.6000000238
11882  -12.255  -87.333  -37.891 0.5000000000
11891  -4.899  -87.635  -38.409 0.5000000000
11896  -10.277  -87.273  -38.949 0.5000000000
11897  -11.082  -87.113  -38.852 0.5000000000
11898  -12.686  -86.786  -38.299 0.5000000000
11899  -13.267  -86.715  -37.992 0.6000000238
11906  -5.329  -87.790  -38.939 0.5000000000
11907  -5.769  -87.096  -39.382 0.5000000000
11908  -6.377  -87.384  -39.387 0.6000000238
11909  -7.853  -87.066  -39.484 0.6000000238
11911  -9.739  -86.704  -39.580 0.5000000000
11936  -14.421  -86.974  -42.223 0.6000000238
11940  -12.293  -87.465  -43.277 0.6000000238
11947  -11.600  -87.854  -43.649 0.6000000238
11953  -18.804  -87.587  -43.302 0.5000000000
11965  -12.470  -87.507  -44.027 0.6999999881
12720  -10.821  -86.218  -30.664 0.5000000000
12741  -8.787  -86.540  -31.559 0.6999999881
12760  -9.193  -86.878  -32.159 0.6000000238
12761  -10.868  -86.413  -32.060 0.5000000000
12762  -11.485  -85.903  -31.837 0.5000000000
12763  -15.519  -86.499  -32.326 0.5000000000
12777  -6.393  -86.538  -33.628 0.5000000000
12779  -9.572  -86.818  -32.886 0.6000000238
12794  -6.544  -86.583  -34.236 0.6000000238
12795  -7.416  -86.874  -34.316 0.6000000238
12796  -8.324  -86.927  -34.478 0.5000000000
12811  -9.417  -86.145  -35.522 0.6000000238
12820  -2.552  -85.965  -36.742 0.6000000238
12823  -14.489  -86.224  -37.064 0.6000000238
12832  -4.326  -86.574  -37.253 0.6000000238
12834  -13.891  -86.378  -37.620 0.6000000238
12843  -4.891  -86.923  -38.192 0.5000000000
12846  -12.521  -86.154  -38.966 0.6000000238
12847  -13.385  -85.963  -38.273 0.6000000238
12856  -6.077  -86.258  -39.289 0.5000000000
12857  -6.614  -86.773  -39.467 0.6000000238
12859  -8.348  -86.417  -39.686 0.6000000238
12861  -10.898  -85.946  -39.814 0.5000000000
12909  -14.729  -86.746  -43.786 0.5000000000
13573  -10.980  -84.453  -28.255 0.5000000000
13592  -9.680  -85.590  -30.142 0.6999999881
13616  -8.998  -85.458  -30.563 0.6999999881
13632  -8.461  -85.780  -31.125 0.8000000119
13660  -2.743  -84.353  -34.325 0.6999999881
13661  -3.616  -84.600  -34.083 0.6999999881
13663  -5.980  -86.160  -33.305 0.6000000238
13664  -10.793  -86.046  -33.819 0.5000000000
13665  -15.729  -85.494  -33.757 0.5000000000
13701  -3.847  -84.873  -35.965 0.6999999881
13702  -4.935  -85.322  -35.809 0.6999999881
13704  -7.955  -85.833  -35.996 0.6000000238
13706  -10.706  -85.440  -35.585 0.5000000000
13719  -2.541  -85.382  -36.246 0.6000000238
13723  -6.560  -85.340  -36.986 0.5000000000
13725  -9.200  -85.220  -37.008 0.6999999881
13727  -14.989  -85.452  -37.112 0.6000000238
13745  -5.800  -85.889  -38.592 0.6000000238
13746  -6.414  -85.587  -38.677 0.6000000238
13748  -8.723  -85.247  -38.890 0.5000000000
13751  -13.741  -85.529  -37.902 0.6000000238
13755  -7.812  -85.894  -39.418 0.6000000238
13758  -11.598  -85.302  -39.615 0.6000000238
13760  -12.973  -85.566  -38.874 0.6000000238
14494  -10.319  -84.408  -28.799 0.5000000000
14522  -7.493  -84.964  -31.744 0.6999999881
14523  -8.084  -84.805  -31.335 0.6999999881
14533  -3.782  -84.120  -32.916 0.6000000238
14535  -5.759  -84.622  -32.581 0.6000000238
14538  -11.969  -85.217  -32.392 0.5000000000
14539  -12.504  -84.641  -32.933 0.5000000000
14570  -11.254  -84.676  -36.270 0.6000000238
14571  -11.897  -84.523  -35.610 0.5000000000
14572  -12.535  -84.026  -35.920 0.6000000238
14579  -9.917  -84.778  -37.514 0.6000000238
14582  -15.505  -84.639  -37.108 0.5000000000
14586  -8.911  -85.001  -38.217 0.5000000000
14588  -10.431  -84.313  -38.030 0.6000000238
14590  -13.663  -84.101  -37.934 0.6000000238
14594  -9.429  -84.981  -38.734 0.4000000060
14597  -10.022  -85.062  -39.311 0.6000000238
14599  -12.139  -84.582  -39.381 0.6000000238
15330  -9.910  -83.483  -29.070 0.5000000000
15358  -8.412  -83.844  -31.762 0.6999999881
15371  -5.207  -83.857  -32.561 0.6000000238
15387  -8.281  -83.166  -33.772 0.6999999881
15388  -13.110  -84.198  -33.497 0.5000000000
15396  -13.918  -83.493  -35.021 0.5000000000
15404  -14.299  -83.320  -35.939 0.6000000238
15412  -14.116  -83.510  -37.249 0.6000000238
15421  -13.490  -83.705  -37.760 0.6000000238
15423  -15.387  -83.548  -37.300 0.6000000238
15427  -12.295  -83.683  -38.401 0.6000000238
15428  -13.008  -83.881  -38.468 0.6000000238
16141  -9.854  -82.595  -29.699 0.6000000238
16148  -9.560  -82.641  -30.669 0.6999999881
16172  -4.893  -83.060  -32.495 0.6000000238
16173  -6.075  -82.257  -33.384 0.6999999881
16174  -8.929  -82.981  -33.469 0.6999999881
16184  -7.095  -82.416  -33.953 0.6000000238
16188  -14.917  -82.636  -33.920 0.5000000000
16201  -15.434  -82.397  -35.996 0.5000000000
17001  -4.114  -81.385  -31.443 0.5000000000
17003  -10.348  -81.518  -31.578 0.6999999881
17016  -9.968  -81.685  -33.431 0.8000000119
17028  -10.238  -81.086  -33.810 0.8000000119
17863  -11.787  -80.653  -28.552 0.5000000000
17873  -3.376  -80.280  -29.280 0.6000000238
17883  -3.128  -81.069  -29.691 0.6000000238
17886  -5.562  -79.974  -31.198 0.6000000238
17897  -5.101  -80.297  -31.800 0.5000000000
17917  -7.281  -80.245  -33.419 0.6999999881
17918  -8.224  -80.172  -33.651 0.8000000119
17921  -11.892  -79.854  -33.834 0.6000000238
17938  -7.116  -80.902  -33.748 0.6999999881
17942  -10.670  -80.609  -33.884 0.8000000119
17943  -11.254  -80.248  -33.826 0.6999999881
17953  -10.538  -80.276  -33.976 0.6999999881
18678  -9.654  -79.899  -22.175 0.6000000238
18695  -9.743  -79.586  -22.914 0.6000000238
18766  -4.075  -78.898  -28.474 0.6000000238
18804  -7.072  -79.512  -30.706 0.6000000238
18826  -9.368  -79.097  -33.378 0.8000000119
18847  -10.795  -79.800  -33.982 0.8000000119
18848  -11.566  -79.740  -33.984 0.8000000119
19637  -10.477  -79.268  -21.749 0.6000000238
19661  -10.026  -79.294  -23.605 0.6000000238
19672  -11.000  -78.648  -24.516 0.6999999881
19673  -11.585  -78.233  -24.491 0.6999999881
19723  -5.570  -77.814  -28.798 0.6000000238
19785  -13.787  -78.682  -33.679 0.6000000238
19793  -10.627  -78.543  -33.362 0.6999999881
19795  -12.973  -78.777  -34.243 0.6999999881
19796  -13.673  -78.398  -34.143 0.6000000238
20559  -10.573  -78.348  -21.737 0.6000000238
20567  -11.535  -77.843  -23.332 0.6999999881
20578  -7.893  -77.509  -23.489 0.5000000000
20579  -11.855  -77.798  -24.144 0.6999999881
20587  -8.395  -77.552  -24.308 0.5000000000
20588  -9.255  -78.196  -24.753 0.6000000238
20599  -11.015  -77.929  -25.716 0.6999999881
20621  -11.710  -77.090  -26.405 0.6000000238
20628  -5.077  -77.310  -27.380 0.6000000238
20629  -5.912  -76.963  -27.849 0.6000000238
20654  -8.500  -77.947  -29.499 0.8000000119
20678  -10.434  -77.460  -31.773 0.6000000238
20699  -12.700  -77.423  -33.626 0.6000000238
20717  -14.021  -77.878  -34.269 0.6000000238
21531  -10.340  -77.312  -21.854 0.6000000238
21539  -9.894  -76.384  -22.213 0.6999999881
21558  -8.422  -77.150  -25.092 0.6000000238
21560  -12.499  -76.234  -25.032 0.6999999881
21574  -12.289  -76.767  -26.130 0.6999999881
21575  -12.512  -76.299  -25.720 0.6999999881
21593  -7.419  -76.078  -26.194 0.6000000238
21612  -6.590  -76.508  -27.387 0.5000000000
21613  -7.569  -76.635  -27.549 0.6000000238
21614  -8.537  -77.078  -27.495 0.6000000238
21635  -9.642  -77.312  -29.011 0.6000000238
21656  -11.673  -76.563  -31.598 0.6000000238
21657  -12.401  -76.282  -32.045 0.6000000238
21689  -13.960  -77.349  -34.110 0.5000000000
22488  -9.848  -75.582  -17.615 0.4000000060
22489  -10.354  -75.571  -17.761 0.4000000060
22505  -11.869  -75.561  -18.704 0.5000000000
22523  -9.946  -75.675  -18.309 0.4000000060
22526  -12.384  -75.583  -19.345 0.5000000000
22542  -11.888  -75.694  -19.526 0.5000000000
22552  -13.218  -75.470  -20.675 0.4000000060
22553  -13.859  -75.374  -20.678 0.4000000060
22573  -10.754  -75.214  -23.780 0.8000000119
22574  -12.169  -76.192  -24.282 0.8000000119
22587  -11.209  -74.586  -24.475 0.6999999881
22606  -6.967  -75.779  -25.383 0.5000000000
22668  -11.247  -75.376  -29.475 0.6000000238
22680  -13.172  -75.330  -31.106 0.5000000000
22701  -13.199  -76.177  -32.448 0.5000000000
23532  -9.358  -75.039  -17.149 0.4000000060
23551  -12.479  -75.256  -18.859 0.5000000000
23568  -10.341  -75.422  -19.053 0.4000000060
23569  -11.199  -75.640  -19.304 0.4000000060
23590  -13.913  -75.221  -20.141 0.4000000060
23604  -14.374  -75.185  -21.360 0.4000000060
23605  -15.923  -74.330  -22.214 0.4000000060
23613  -8.021  -74.024  -22.709 0.6000000238
23615  -14.132  -75.119  -21.797 0.4000000060
23618  -16.152  -74.255  -22.871 0.4000000060
23646  -9.646  -73.529  -23.960 0.8000000119
23699  -11.461  -74.163  -28.721 0.6000000238
23725  -13.908  -75.188  -31.208 0.5000000000
23726  -14.803  -74.382  -30.673 0.5000000000
24540  -11.494  -74.520  -18.103 0.4000000060
24567  -13.173  -74.662  -19.315 0.4000000060
24583  -6.926  -73.009  -20.634 0.6000000238
24615  -13.983  -74.563  -22.391 0.4000000060
24616  -14.821  -74.391  -22.797 0.4000000060
24617  -16.770  -73.898  -23.108 0.3000000119
24634  -14.823  -73.730  -23.452 0.4000000060
24644  -9.759  -72.957  -24.194 0.6000000238
24659  -11.246  -73.144  -25.525 0.6000000238
24685  -11.906  -73.214  -27.516 0.5000000000
24693  -12.109  -73.532  -28.473 0.6000000238
24703  -13.485  -73.821  -29.233 0.6000000238
25471  -10.859  -72.830  -18.116 0.5000000000
25519  -7.864  -72.106  -21.382 0.6000000238
25530  -7.630  -72.029  -22.677 0.5000000000
25534  -12.522  -72.689  -22.941 0.5000000000
25543  -7.826  -72.128  -23.227 0.5000000000
25544  -8.413  -72.356  -23.522 0.5000000000
25545  -12.742  -71.948  -23.387 0.5000000000
25548  -15.547  -73.482  -23.786 0.3000000119
25567  -15.440  -72.608  -24.313 0.3000000119
25584  -10.881  -72.187  -25.215 0.5000000000
25597  -11.758  -72.736  -26.587 0.5000000000
25602  -15.895  -72.137  -27.635 0.4000000060
26386  -11.092  -71.294  -18.813 0.5000000000
26415  -7.909  -71.827  -22.274 0.5000000000
26417  -9.618  -71.811  -22.026 0.4000000060
26428  -8.639  -71.625  -22.742 0.5000000000
26430  -11.750  -71.614  -22.872 0.5000000000
26448  -9.036  -71.466  -23.364 0.4000000060
26450  -11.093  -70.430  -22.938 0.5000000000
26468  -13.636  -71.052  -24.018 0.4000000060
26500  -16.833  -71.014  -27.839 0.4000000060
26510  -16.973  -71.686  -29.404 0.4000000060
27306  -9.535  -70.954  -23.540 0.4000000060
27333  -10.994  -70.127  -25.267 0.5000000000
27355  -14.921  -70.062  -27.319 0.4000000060
27356  -17.011  -70.335  -27.689 0.4000000060
27357  -17.435  -70.905  -28.117 0.4000000060
27364  -18.078  -70.746  -28.396 0.4000000060
28195  -11.535  -68.991  -23.893 0.5000000000
28205  -11.255  -68.639  -24.426 0.5000000000
28206  -11.933  -68.241  -24.219 0.4000000060
28217  -10.927  -69.047  -24.767 0.5000000000
28232  -11.476  -69.279  -25.540 0.5000000000
28244  -15.312  -69.268  -27.523 0.4000000060
28247  -18.066  -69.621  -27.736 0.3000000119
28254  -18.661  -70.231  -28.123 0.4000000060
28255  -19.443  -69.503  -28.125 0.3000000119
29100  -9.365  -68.391  -19.701 0.3000000119
29174  -12.435  -67.666  -25.728 0.4000000060
29175  -13.449  -66.925  -26.502 0.4000000060
30015  -12.983  -66.823  -25.742 0.4000000060
105280  -9.565  -85.675  -36.221 0.5000000000
105664  -6.522  -93.920  -37.047 0.5000000000
105984  -5.640  -88.771  -38.797 0.5000000000
106179  -13.169  -83.637  -36.284 0.6000000238
106220  -4.328  -85.002  -34.290 0.6999999881
106435  -18.693  -99.470  -36.360 0.3000000119
106573  -10.934  -84.278  -38.725 0.6000000238
106782  -13.394  -87.399  -44.152 0.6000000238
106856  -6.684  -84.102  -32.637 0.6000000238
107249  -8.856  -78.284  -31.130 0.6999999881
107254  -14.255  -87.306  -36.271 0.6000000238
107524  -11.571  -73.479  -18.384 0.4000000060
108066  -7.476  -93.158  -35.079 0.6999999881
108440  -11.821  -86.021  -39.505 0.5000000000
108533  -9.436  -78.532  -32.593 0.8000000119
108680  -8.977  -77.088  -26.741 0.6000000238
108946  -20.437  -95.132  -34.060 0.3000000119
109098  -9.604  -94.298  -39.425 0.5000000000
109245  -11.048  -85.476  -29.334 0.5000000000
110222  -13.852  -83.446  -36.566 0.6000000238
110266  -7.161  -78.439  -29.557 0.6000000238
110271  -18.094  -98.835  -38.439 0.3000000119
111079  -7.615  -97.290  -33.996 0.6999999881
111403  -10.744  -88.755  -44.043 0.6000000238
111404  -14.157  -74.656  -30.555 0.5000000000
111506  -10.719  -79.007  -23.921 0.6000000238
111538  -5.701  -92.029  -38.645 0.5000000000
111942  -13.667  -83.618  -34.055 0.5000000000
112761  -3.629  -82.403  -31.770 0.5000000000
112892  -12.777  -92.126  -36.098 0.6000000238
112926  -14.464  -86.679  -36.515 0.6000000238
113411  -12.817  -73.653  -19.248 0.4000000060
113427  -9.142  -96.703  -35.985 0.6000000238
113705  -6.121  -93.995  -37.677 0.5000000000
114348  -13.039  -74.014  -29.755 0.5000000000
114938  -8.924  -77.855  -28.951 0.8000000119
114947  -10.623  -92.777  -38.838 0.6000000238
115134  -12.689  -89.830  -32.425 0.6000000238
115602  -14.665  -93.030  -30.185 0.5000000000
116431  -14.865  -90.530  -43.775 0.6999999881
117591  -8.098  -85.398  -39.041 0.6000000238
117973  -10.078  -94.793  -30.613 0.6999999881
118236  -12.485  -84.015  -38.997 0.6000000238
118238  -5.505  -85.502  -37.455 0.6000000238
118570  -15.972  -73.193  -21.287 0.3000000119
119080  -11.703  -91.410  -40.906 0.5000000000
119173  -15.932  -94.761  -41.426 0.5000000000
119436  -10.718  -81.070  -32.333 0.6999999881
119520  -10.088  -86.203  -39.856 0.5000000000
121084  -15.583  -73.314  -29.881 0.5000000000
121088  -14.070  -86.909  -44.049 0.5000000000
121346  -9.217  -84.968  -37.765 0.6000000238
121366  -10.771  -85.248  -39.604 0.5000000000
121378  -9.997  -89.754  -42.775 0.5000000000
121807  -10.357  -94.090  -34.440 0.6999999881
121934  -9.861  -82.137  -31.333 0.8000000119
122101  -12.708  -75.397  -20.797 0.4000000060
122428  -14.648  -86.668  -43.143 0.5000000000
122871  -10.709  -69.164  -24.239 0.4000000060
123282  -7.785  -79.195  -31.030 0.6999999881
124177  -6.714  -89.388  -38.574 0.6000000238
124420  -10.608  -91.132  -30.748 0.6000000238
124683  -14.550  -70.684  -27.169 0.4000000060
124707  -11.126  -87.896  -37.629 0.5000000000
124887  -9.589  -86.584  -34.226 0.6000000238
125022  -12.200  -74.160  -21.728 0.4000000060
125139  -9.576  -84.983  -29.736 0.6999999881
125250  -14.808  -70.068  -24.592 0.3000000119
126435  -13.082  -91.898  -39.108 0.6000000238
126648  -10.242  -79.468  -23.079 0.6000000238
126726  -6.423  -85.903  -35.459 0.6000000238
126765  -9.720  -75.677  -17.895 0.4000000060
126883  -17.209  -68.572  -27.634 0.4000000060
126952  -10.614  -84.695  -39.191 0.6000000238
127019  -8.736  -91.749  -34.037 0.6999999881
127076  -11.343  -80.325  -31.608 0.6000000238
127559  -8.883  -71.993  -23.547 0.4000000060
127778  -19.713  -95.329  -36.646 0.3000000119
