#!ascii label  , from subject sub-v1s12x0050112_ses-1 vox2ras=TkReg
1677
106815  38.322  -67.178  -22.266 0.6000000238
30174  37.533  -67.353  -22.101 0.5000000000
32693  36.968  -64.396  -21.932 0.6999999881
108809  37.226  -63.973  -22.708 0.6000000238
121533  37.665  -64.412  -23.075 0.6000000238
34279  37.200  -63.005  -23.003 0.6000000238
31012  37.831  -66.437  -21.430 0.6999999881
31881  38.118  -65.876  -22.090 0.6000000238
111884  37.563  -64.887  -22.433 0.5000000000
31880  38.194  -65.247  -23.019 0.5000000000
32702  38.014  -64.308  -23.679 0.5000000000
33478  37.587  -63.692  -23.357 0.6000000238
124852  37.307  -62.144  -22.903 0.6000000238
126367  37.699  -66.901  -21.207 0.5000000000
30189  37.917  -67.451  -23.000 0.5000000000
126484  38.695  -66.980  -22.514 0.6000000238
116624  38.222  -62.646  -23.888 0.6000000238
29335  35.646  -68.892  -23.430 0.5000000000
29314  35.529  -68.366  -22.696 0.5000000000
35093  36.099  -61.499  -21.541 0.6000000238
112519  36.283  -60.752  -21.430 0.6999999881
33449  35.735  -63.298  -20.475 0.6000000238
33460  36.345  -63.719  -21.365 0.6999999881
34269  36.194  -62.266  -21.775 0.6000000238
35109  36.527  -61.749  -22.092 0.6000000238
35108  37.092  -61.602  -22.509 0.6000000238
32694  36.796  -64.939  -21.014 0.6000000238
31870  37.462  -65.399  -21.636 0.6999999881
115801  37.445  -60.910  -22.540 0.6000000238
30151  37.411  -67.079  -20.994 0.5000000000
31859  37.018  -65.849  -20.427 0.5000000000
35107  37.803  -61.424  -23.079 0.6000000238
30175  36.418  -67.665  -22.525 0.5000000000
35950  38.569  -60.916  -23.494 0.6000000238
30162  35.769  -67.745  -21.947 0.5000000000
36797  38.817  -59.936  -23.293 0.6000000238
36796  39.426  -59.120  -23.380 0.6999999881
35949  39.292  -60.571  -23.884 0.6000000238
116427  40.058  -58.780  -23.808 0.6999999881
35948  39.982  -60.238  -24.254 0.6000000238
36795  40.044  -59.435  -24.069 0.6000000238
36811  41.543  -59.307  -25.154 0.6000000238
35947  40.849  -59.884  -24.673 0.6000000238
39347  41.400  -56.874  -26.582 0.5000000000
40208  40.056  -55.202  -27.102 0.6999999881
107904  40.487  -57.023  -26.270 0.6000000238
40199  39.470  -55.693  -26.264 0.6999999881
35925  36.197  -60.196  -20.960 0.6000000238
36772  36.624  -59.465  -21.126 0.6999999881
34257  35.579  -62.307  -20.673 0.6999999881
33461  35.943  -62.785  -21.277 0.6999999881
35094  35.701  -61.703  -20.992 0.6000000238
35924  36.738  -60.154  -21.617 0.6999999881
33448  36.209  -64.212  -20.556 0.6000000238
108364  37.309  -59.374  -21.825 0.8000000119
31848  36.779  -65.930  -19.596 0.5000000000
107159  36.435  -65.002  -19.985 0.5000000000
37664  37.886  -58.860  -22.210 0.8000000119
36782  37.931  -59.598  -22.477 0.6000000238
31002  36.924  -66.681  -20.217 0.5000000000
37663  38.396  -58.279  -22.402 0.8000000119
126001  38.369  -59.743  -22.835 0.6000000238
127033  35.417  -67.876  -21.538 0.5000000000
37662  39.102  -58.377  -22.920 0.8000000119
110011  40.014  -57.745  -23.533 0.6999999881
38480  39.483  -57.679  -23.130 0.6999999881
39308  41.045  -56.910  -24.379 0.6999999881
38495  40.505  -57.403  -23.912 0.6999999881
39326  41.502  -56.314  -24.816 0.6000000238
126865  41.157  -57.837  -24.523 0.6000000238
36794  40.766  -58.853  -24.436 0.6000000238
40184  42.357  -55.814  -26.024 0.6999999881
38512  42.169  -57.083  -25.614 0.6999999881
37693  41.975  -57.887  -25.426 0.6000000238
112773  41.719  -55.265  -27.207 0.6999999881
38543  42.135  -57.334  -26.355 0.6000000238
40207  40.799  -55.714  -27.093 0.8000000119
115549  41.286  -55.231  -27.426 0.8000000119
39355  41.893  -56.692  -26.584 0.6000000238
41034  40.382  -54.130  -28.235 0.8999999762
112703  38.545  -55.207  -26.167 0.6999999881
41028  39.744  -54.542  -27.748 0.8000000119
106840  36.225  -58.869  -19.727 0.6000000238
120946  36.538  -58.950  -20.575 0.6999999881
38457  36.928  -57.553  -20.161 0.6999999881
35913  35.768  -60.289  -20.267 0.6000000238
37637  37.229  -57.780  -20.909 0.6000000238
35887  35.505  -60.691  -18.315 0.4000000060
35070  35.332  -61.716  -19.621 0.6000000238
120830  35.570  -60.384  -19.626 0.6000000238
37651  37.068  -58.659  -21.206 0.6999999881
34233  35.284  -62.439  -18.892 0.6000000238
125301  37.497  -58.748  -21.770 0.8000000119
32656  35.731  -64.115  -18.261 0.4000000060
32668  35.630  -64.038  -19.047 0.5000000000
33437  35.470  -63.303  -19.461 0.6000000238
37650  37.703  -58.144  -21.742 0.8000000119
108866  36.398  -65.248  -19.001 0.5000000000
38469  38.231  -57.516  -22.100 0.8000000119
30992  36.625  -66.655  -19.298 0.4000000060
39297  39.277  -56.847  -22.858 0.8000000119
30153  35.589  -67.559  -20.286 0.5000000000
39310  39.901  -56.259  -23.384 0.8000000119
40969  40.276  -54.906  -24.086 0.8000000119
39309  40.491  -56.607  -23.862 0.6999999881
40983  41.427  -55.103  -25.209 0.8000000119
39327  40.927  -56.243  -24.342 0.6999999881
41853  41.272  -54.055  -26.424 0.8999999762
40185  42.113  -55.119  -25.958 0.8999999762
40170  41.198  -55.690  -24.678 0.6999999881
41014  41.780  -54.664  -26.633 0.8999999762
39325  42.058  -56.413  -25.485 0.6999999881
40196  42.275  -56.022  -26.337 0.6000000238
41027  40.757  -54.783  -27.736 0.8999999762
41026  41.338  -54.652  -27.630 0.8999999762
41029  37.521  -54.418  -27.840 0.8000000119
41017  37.134  -54.456  -26.895 0.8000000119
41016  38.122  -54.623  -26.909 0.8000000119
119530  37.645  -54.804  -26.030 0.8000000119
111681  38.620  -54.472  -27.810 0.8000000119
41015  39.120  -54.893  -26.971 0.6999999881
37627  36.598  -57.900  -19.382 0.6999999881
38443  36.804  -56.983  -19.575 0.6000000238
36752  35.778  -59.724  -19.648 0.6000000238
124286  36.280  -58.558  -18.857 0.5000000000
107739  36.892  -56.078  -19.760 0.6999999881
36717  36.197  -59.583  -17.653 0.4000000060
36718  35.786  -59.771  -18.245 0.5000000000
36751  35.887  -59.285  -18.888 0.6000000238
38456  37.250  -56.851  -20.509 0.6999999881
121188  35.406  -61.414  -18.013 0.5000000000
38470  37.712  -57.240  -21.393 0.6999999881
34205  35.682  -62.692  -17.091 0.5000000000
34217  35.388  -62.634  -17.924 0.6000000238
33411  36.047  -63.604  -16.644 0.4000000060
33412  35.629  -63.451  -17.606 0.4000000060
123955  38.668  -54.754  -22.364 0.8000000119
110280  38.222  -55.930  -21.761 0.8000000119
31829  36.331  -65.198  -17.404 0.4000000060
40141  39.288  -55.882  -22.848 0.8000000119
39298  38.698  -56.315  -22.351 0.8000000119
38481  38.862  -57.634  -22.621 0.8000000119
30140  36.235  -67.130  -19.049 0.3000000119
40985  40.011  -54.180  -24.270 0.8000000119
41833  39.391  -53.802  -23.712 0.8000000119
40155  39.793  -55.384  -23.454 0.8000000119
41840  40.341  -53.807  -24.987 0.8000000119
40970  39.603  -54.563  -23.540 0.8000000119
41854  40.504  -53.470  -25.905 0.8999999762
40999  40.870  -54.095  -25.600 0.8999999762
42686  40.244  -52.881  -26.661 0.8999999762
42697  40.631  -52.995  -27.714 0.8999999762
41868  41.425  -54.146  -27.331 0.8999999762
41876  41.092  -53.637  -27.932 0.8999999762
41030  36.607  -54.235  -27.724 0.8000000119
110908  36.366  -54.250  -26.913 0.8000000119
41881  40.863  -53.782  -28.196 0.8999999762
41882  40.028  -53.404  -28.658 0.8999999762
41036  38.049  -54.135  -28.536 0.8000000119
41035  39.266  -54.075  -28.413 0.8000000119
38427  36.654  -57.153  -18.703 0.6000000238
40107  36.602  -55.411  -19.121 0.6000000238
38411  36.695  -57.278  -17.957 0.6000000238
108781  37.162  -58.862  -16.909 0.4000000060
37585  36.627  -58.815  -17.401 0.4000000060
36733  36.224  -58.845  -18.099 0.4000000060
39272  37.332  -55.845  -20.584 0.6999999881
35871  35.811  -60.253  -17.779 0.4000000060
39285  37.727  -56.385  -21.229 0.6999999881
35038  36.222  -61.150  -16.875 0.5000000000
35870  36.211  -60.309  -17.276 0.4000000060
40129  37.762  -55.643  -21.236 0.6999999881
35025  36.548  -61.858  -16.437 0.5000000000
40946  38.374  -54.163  -22.079 0.8000000119
108225  38.155  -55.010  -21.690 0.8000000119
107205  38.516  -52.688  -23.593 0.8000000119
40958  39.195  -55.013  -22.856 0.8000000119
42662  39.304  -52.977  -24.841 0.8000000119
42687  39.337  -52.243  -26.363 0.8999999762
41855  39.911  -53.325  -25.146 0.8999999762
116461  40.023  -52.438  -27.269 0.8999999762
42701  40.599  -53.118  -28.343 0.8999999762
41885  36.404  -53.525  -29.029 0.8000000119
42702  40.129  -52.557  -28.863 1.0000000000
41877  36.953  -54.104  -28.536 0.8000000119
42703  39.449  -52.815  -29.226 1.0000000000
41883  38.803  -53.574  -28.984 0.8000000119
41884  37.526  -53.566  -29.185 0.8000000119
39258  36.638  -56.301  -18.942 0.6000000238
40923  36.592  -54.607  -19.230 0.6000000238
40072  37.032  -55.984  -17.882 0.6000000238
37595  37.070  -58.135  -17.143 0.4000000060
37596  36.665  -58.058  -17.692 0.4000000060
36706  36.688  -59.566  -17.096 0.4000000060
112994  37.454  -55.018  -20.916 0.6999999881
35859  37.762  -60.467  -16.588 0.5000000000
107312  37.878  -58.959  -16.633 0.4000000060
40947  37.653  -54.131  -21.337 0.8000000119
41819  38.469  -53.477  -22.504 0.8000000119
41805  37.502  -53.193  -21.445 0.8000000119
41834  38.817  -53.350  -23.245 0.8000000119
43514  38.200  -51.963  -24.923 0.8000000119
41842  39.091  -53.131  -24.033 0.8000000119
42672  38.837  -52.446  -25.354 0.8999999762
43532  39.530  -51.842  -27.309 0.8999999762
43533  38.704  -51.491  -26.597 0.8999999762
43548  39.693  -51.581  -28.098 1.0000000000
43553  39.826  -51.699  -28.951 1.0000000000
42707  39.714  -52.007  -29.468 1.0000000000
42704  36.798  -52.997  -29.521 0.8000000119
41878  36.133  -53.805  -28.228 0.8000000119
42709  37.730  -52.727  -29.752 0.8000000119
42708  38.879  -52.352  -29.730 0.8000000119
39241  36.778  -56.513  -18.242 0.6000000238
40904  36.722  -54.762  -18.525 0.6000000238
40936  36.714  -54.025  -19.839 0.6999999881
122690  36.675  -53.465  -20.076 0.6999999881
39214  38.105  -57.027  -16.686 0.4000000060
39223  37.501  -56.855  -17.175 0.5000000000
39224  37.032  -56.720  -17.703 0.5000000000
40935  37.106  -54.371  -20.574 0.8000000119
106746  36.642  -52.963  -20.219 0.8000000119
37582  39.304  -58.374  -16.667 0.4000000060
37583  38.387  -58.287  -16.590 0.4000000060
42637  37.982  -52.809  -22.206 0.8000000119
42656  37.934  -52.248  -23.040 0.8000000119
42663  38.638  -52.546  -24.459 0.8000000119
43534  38.164  -51.189  -26.024 0.8999999762
44463  37.765  -50.697  -25.746 0.8000000119
43549  39.000  -51.149  -27.447 1.0000000000
44484  39.420  -50.960  -28.396 1.0000000000
44485  38.628  -50.453  -27.752 1.0000000000
44495  39.533  -50.813  -29.331 1.0000000000
44502  39.340  -50.446  -30.506 1.0000000000
117911  37.312  -51.401  -30.182 0.8999999762
42705  36.078  -52.729  -29.343 0.8000000119
43554  36.034  -51.795  -29.398 0.8999999762
43558  38.179  -51.820  -30.243 1.0000000000
43562  38.097  -50.966  -30.538 1.0000000000
43559  36.629  -51.232  -29.839 1.0000000000
45448  39.329  -49.257  -30.843 1.0000000000
46299  39.372  -48.361  -31.089 1.0000000000
45452  39.251  -48.842  -31.172 1.0000000000
46300  38.596  -48.705  -31.210 1.0000000000
47882  39.432  -47.162  -31.209 1.0000000000
47072  39.225  -47.509  -31.441 1.0000000000
40903  37.036  -54.063  -17.962 0.6999999881
41759  36.626  -53.800  -18.808 0.6999999881
121160  36.774  -52.402  -18.477 0.6999999881
111737  37.703  -54.756  -17.564 0.6000000238
41776  36.575  -53.266  -19.539 0.6999999881
40071  37.543  -55.621  -17.534 0.6000000238
39213  38.813  -56.539  -16.614 0.5000000000
42608  36.591  -52.185  -20.399 0.8000000119
120129  39.629  -56.808  -16.553 0.4000000060
41806  36.891  -52.730  -20.969 0.8000000119
42638  37.006  -51.751  -21.986 0.8000000119
43481  37.270  -51.628  -22.758 0.8000000119
43499  37.509  -51.548  -23.616 0.8000000119
43519  37.904  -51.335  -25.331 0.6999999881
120636  37.694  -51.446  -24.507 0.8000000119
44468  38.122  -50.640  -26.741 0.8999999762
45404  37.434  -49.475  -25.917 0.8000000119
45409  37.677  -49.770  -26.704 1.0000000000
45424  37.857  -49.354  -27.389 1.0000000000
44496  38.977  -50.257  -28.649 1.0000000000
46278  37.761  -48.649  -27.482 1.0000000000
45440  38.697  -49.486  -28.786 1.0000000000
47054  37.944  -48.112  -28.118 1.0000000000
46292  38.507  -48.667  -28.842 1.0000000000
47065  38.658  -47.418  -29.684 1.0000000000
46296  39.310  -48.682  -30.539 1.0000000000
44505  37.199  -49.810  -30.258 1.0000000000
44501  36.720  -50.321  -29.750 1.0000000000
47879  39.312  -47.261  -30.724 1.0000000000
44504  38.003  -50.145  -30.647 1.0000000000
46301  37.594  -48.412  -30.895 1.0000000000
47067  37.353  -47.581  -31.082 1.0000000000
47883  39.262  -46.427  -31.431 1.0000000000
47887  39.097  -46.827  -31.651 1.0000000000
42573  36.862  -53.106  -18.263 0.6999999881
43419  36.549  -52.081  -18.979 0.6999999881
106883  39.014  -53.803  -17.287 0.5000000000
118103  37.377  -53.212  -17.828 0.6999999881
42591  36.530  -52.505  -19.591 0.6999999881
40059  39.270  -55.232  -16.938 0.5000000000
40070  38.331  -55.373  -17.213 0.5000000000
42622  36.754  -51.943  -21.226 0.8000000119
43469  36.665  -51.264  -21.555 0.8000000119
43482  36.753  -51.053  -22.315 0.6999999881
44441  37.268  -50.834  -24.074 0.8000000119
43500  36.990  -50.938  -23.199 0.8000000119
105605  37.423  -50.082  -25.362 0.6999999881
44456  37.139  -50.103  -24.508 0.6999999881
46258  37.244  -48.690  -25.765 0.8999999762
46259  36.871  -48.410  -25.018 0.8000000119
47840  36.720  -46.791  -24.967 0.8000000119
110443  36.729  -45.881  -25.085 0.8000000119
46266  37.533  -48.871  -26.664 0.8999999762
47014  37.069  -47.929  -25.700 0.8000000119
120724  37.037  -47.157  -25.676 0.8000000119
47040  37.565  -47.957  -27.110 1.0000000000
47030  37.305  -47.496  -26.395 0.8999999762
47855  37.282  -46.628  -26.434 0.8999999762
48605  37.111  -45.849  -26.015 0.8000000119
110515  37.488  -47.170  -26.997 0.8999999762
107212  37.695  -47.273  -27.728 1.0000000000
116465  38.428  -47.951  -28.918 1.0000000000
46297  38.829  -48.305  -29.660 1.0000000000
47880  38.922  -46.583  -30.338 1.0000000000
47884  37.321  -46.718  -31.234 1.0000000000
48636  38.634  -45.705  -29.995 1.0000000000
116735  39.352  -45.965  -31.125 1.0000000000
47888  38.367  -46.316  -31.664 1.0000000000
49497  38.760  -44.754  -30.231 1.0000000000
49504  39.209  -44.534  -31.455 1.0000000000
48657  39.072  -45.022  -31.975 1.0000000000
42557  38.072  -52.795  -17.566 0.6999999881
116847  37.271  -52.351  -17.931 0.6999999881
43418  36.883  -51.623  -18.438 0.6999999881
106612  36.580  -51.393  -19.086 0.6999999881
41741  38.720  -53.191  -17.390 0.6000000238
43442  36.521  -51.714  -19.712 0.6999999881
112554  38.636  -54.567  -17.286 0.5000000000
44393  36.529  -50.885  -19.698 0.6999999881
40888  39.508  -54.401  -17.131 0.5000000000
43458  36.531  -51.240  -20.664 0.8000000119
44420  36.480  -50.370  -21.579 0.6999999881
108396  36.640  -50.279  -22.703 0.6999999881
45378  36.583  -49.539  -23.160 0.6999999881
45392  36.777  -49.445  -24.034 0.6999999881
122075  37.112  -49.285  -24.986 0.6999999881
120433  36.760  -48.790  -24.361 0.6999999881
47001  36.571  -47.252  -24.203 0.8000000119
114318  36.503  -46.074  -23.594 0.8000000119
48595  36.565  -45.485  -24.132 0.8000000119
47831  36.543  -46.387  -24.222 0.8000000119
49463  36.736  -44.680  -24.243 0.8000000119
48606  36.727  -44.973  -24.942 0.8000000119
47861  37.548  -46.542  -27.331 1.0000000000
107865  37.238  -45.097  -26.283 0.8999999762
49469  37.067  -44.536  -25.645 0.8000000119
112835  37.419  -44.940  -26.935 1.0000000000
49476  37.358  -44.203  -26.517 0.8000000119
47870  37.832  -46.570  -28.204 1.0000000000
112350  37.647  -45.877  -27.800 1.0000000000
47869  38.368  -46.562  -29.191 1.0000000000
48637  38.028  -45.858  -28.694 1.0000000000
49491  38.258  -44.237  -29.229 1.0000000000
48655  37.508  -45.873  -31.397 1.0000000000
47885  36.668  -46.202  -30.785 1.0000000000
50384  38.776  -43.911  -30.536 1.0000000000
111989  38.792  -43.054  -30.879 1.0000000000
50394  39.150  -43.751  -31.800 1.0000000000
120202  38.572  -45.585  -31.793 1.0000000000
51278  39.127  -43.060  -32.046 1.0000000000
44349  37.940  -51.116  -17.745 0.6999999881
43403  37.480  -51.558  -17.908 0.6999999881
44367  36.766  -50.655  -18.818 0.6000000238
107836  36.588  -50.033  -19.522 0.6000000238
44411  36.476  -50.299  -20.453 0.6000000238
107273  36.401  -49.749  -20.963 0.6999999881
109073  36.412  -48.914  -22.110 0.6999999881
45358  36.411  -49.435  -21.571 0.6999999881
108428  36.460  -49.007  -22.757 0.6999999881
105011  36.551  -48.704  -23.524 0.6999999881
46994  36.443  -46.844  -23.382 0.8000000119
112451  36.475  -47.774  -23.470 0.8000000119
49452  36.989  -44.024  -23.855 0.8000000119
50352  37.225  -43.669  -25.685 0.8000000119
50358  37.429  -43.219  -26.442 0.8000000119
49492  37.801  -44.675  -28.260 1.0000000000
49486  37.560  -44.417  -27.443 1.0000000000
117662  37.544  -42.855  -27.111 0.6999999881
107821  37.829  -43.837  -28.226 1.0000000000
107445  38.332  -43.248  -29.319 1.0000000000
51268  38.519  -42.372  -29.866 1.0000000000
48648  36.398  -45.481  -30.222 1.0000000000
49507  38.873  -44.220  -32.016 1.0000000000
49508  37.581  -44.120  -31.582 1.0000000000
49505  36.738  -44.756  -30.993 1.0000000000
50396  39.132  -43.562  -31.826 1.0000000000
44366  37.362  -50.892  -18.149 0.6999999881
109074  36.384  -49.106  -20.908 0.6000000238
126742  36.391  -48.842  -21.494 0.6999999881
46237  36.408  -48.260  -22.667 0.6999999881
46230  36.390  -48.297  -21.801 0.6999999881
114600  36.437  -46.872  -22.479 0.8000000119
48586  36.553  -45.573  -23.386 0.6999999881
49453  36.687  -44.855  -23.435 0.6999999881
50347  37.216  -43.276  -24.322 0.6999999881
51228  37.368  -42.617  -24.817 0.6999999881
51232  37.394  -42.755  -25.652 0.6999999881
51237  37.502  -42.251  -26.486 0.8000000119
115349  37.780  -42.897  -28.013 0.8999999762
51260  38.214  -42.449  -28.799 1.0000000000
124340  38.299  -41.122  -28.724 1.0000000000
49498  36.347  -44.526  -30.046 1.0000000000
52186  38.582  -41.689  -30.085 1.0000000000
52203  38.807  -42.087  -31.919 1.0000000000
106968  37.279  -50.067  -18.395 0.6000000238
45314  36.766  -49.686  -18.843 0.6000000238
45328  36.626  -49.201  -19.422 0.6000000238
126260  36.673  -48.537  -19.305 0.6000000238
46210  36.511  -48.639  -20.112 0.6000000238
46185  36.648  -47.911  -19.584 0.6000000238
114601  36.499  -47.812  -20.437 0.6000000238
46964  36.434  -47.698  -21.307 0.6000000238
46976  36.404  -47.604  -22.133 0.6000000238
47819  36.516  -46.226  -21.977 0.6999999881
49445  36.785  -44.836  -22.573 0.6999999881
50342  37.314  -43.183  -23.358 0.6999999881
118451  37.443  -42.498  -24.009 0.6999999881
114598  37.515  -41.870  -24.554 0.6999999881
114170  37.487  -42.071  -25.300 0.6999999881
57330  39.716  -35.708  -20.671 0.3000000119
124335  37.520  -41.422  -26.455 0.6999999881
115344  37.496  -41.681  -25.844 0.6999999881
53017  37.552  -40.793  -26.799 0.8000000119
47042  34.587  -47.011  -26.896 0.8999999762
51261  37.927  -42.018  -28.082 1.0000000000
47872  35.977  -46.295  -28.180 1.0000000000
48638  36.240  -45.019  -29.185 1.0000000000
107670  38.821  -41.899  -31.139 1.0000000000
51282  38.967  -42.889  -32.046 1.0000000000
50398  37.242  -43.374  -31.491 1.0000000000
52204  38.520  -41.980  -32.028 1.0000000000
126204  37.192  -49.340  -18.559 0.6000000238
46176  36.862  -48.904  -18.878 0.6000000238
115416  36.928  -48.103  -18.911 0.6000000238
46937  36.958  -47.317  -19.190 0.6000000238
47771  36.997  -46.591  -19.542 0.6000000238
48531  37.108  -45.864  -19.890 0.6999999881
48545  36.797  -45.728  -20.643 0.6999999881
116959  36.516  -47.063  -20.763 0.6000000238
48565  36.674  -45.628  -21.469 0.6999999881
50278  40.922  -43.242  -19.486 0.3000000119
50279  39.917  -43.187  -19.262 0.3000000119
49424  36.850  -44.964  -21.796 0.6999999881
49444  37.051  -44.083  -22.932 0.6999999881
121734  37.464  -42.366  -23.307 0.6999999881
55502  39.609  -37.272  -20.338 0.3000000119
56480  39.274  -36.418  -20.626 0.4000000060
57331  39.049  -35.766  -20.831 0.4000000060
57354  38.672  -35.570  -21.330 0.4000000060
47033  33.597  -47.994  -26.671 0.6999999881
47044  32.852  -47.659  -27.109 0.6999999881
59903  38.397  -32.275  -22.951 0.3000000119
57353  39.257  -34.989  -21.033 0.3000000119
120277  37.504  -40.191  -26.427 0.6999999881
47862  34.815  -46.373  -27.103 0.8999999762
59883  38.827  -32.398  -22.201 0.3000000119
123631  39.107  -34.202  -21.379 0.3000000119
53031  37.779  -40.693  -27.617 0.8000000119
48630  35.349  -45.932  -27.502 0.8999999762
59069  38.703  -33.776  -21.823 0.3000000119
58221  38.579  -34.732  -21.707 0.3000000119
52175  38.051  -41.265  -28.171 0.8000000119
109023  38.377  -40.102  -29.267 1.0000000000
50385  36.346  -43.717  -29.830 1.0000000000
53058  38.693  -40.414  -30.395 1.0000000000
125835  36.996  -42.736  -31.363 1.0000000000
121228  36.553  -43.075  -30.472 1.0000000000
53069  39.191  -40.599  -31.623 1.0000000000
123253  37.925  -42.979  -31.895 1.0000000000
105859  39.021  -41.232  -32.183 1.0000000000
53073  38.160  -41.015  -32.106 1.0000000000
53072  38.906  -40.271  -32.374 1.0000000000
48530  37.651  -45.276  -19.574 0.6999999881
48544  37.219  -45.157  -20.252 0.6999999881
113764  40.340  -44.007  -19.376 0.3000000119
114562  39.425  -43.952  -19.266 0.4000000060
49403  37.340  -44.496  -20.654 0.6999999881
121154  37.130  -44.517  -21.361 0.6999999881
49423  37.107  -44.257  -22.045 0.6999999881
51166  39.485  -42.403  -19.392 0.4000000060
122870  37.457  -42.652  -22.749 0.6999999881
52050  39.887  -41.472  -19.406 0.3000000119
52051  39.064  -41.683  -19.674 0.5000000000
51209  37.553  -41.861  -22.701 0.6999999881
52919  39.273  -40.912  -19.755 0.5000000000
114599  37.526  -41.656  -23.680 0.6999999881
53825  39.017  -38.877  -20.261 0.4000000060
54652  38.522  -38.698  -21.001 0.6000000238
108409  38.449  -37.839  -21.285 0.5000000000
52127  37.536  -41.071  -24.370 0.6999999881
54635  39.669  -38.273  -20.053 0.3000000119
52132  37.522  -41.313  -25.157 0.6999999881
122687  37.552  -33.008  -25.031 0.4000000060
115973  38.282  -36.972  -21.650 0.4000000060
108118  37.491  -40.810  -25.916 0.6999999881
120259  32.003  -47.383  -27.521 0.6999999881
59914  37.746  -32.607  -24.480 0.4000000060
56499  38.697  -36.312  -21.078 0.4000000060
56510  38.365  -36.151  -21.655 0.4000000060
106691  32.073  -48.270  -27.445 0.6000000238
59105  37.916  -33.012  -23.597 0.3000000119
57370  38.225  -35.564  -22.017 0.4000000060
114712  37.571  -40.058  -27.102 0.6999999881
121846  37.484  -39.398  -26.559 0.6999999881
120392  34.019  -46.408  -26.847 0.6999999881
59106  37.663  -33.795  -23.944 0.4000000060
108080  38.135  -34.977  -22.405 0.4000000060
57371  37.834  -35.647  -22.883 0.4000000060
53926  37.837  -39.920  -27.851 0.8000000119
59087  38.398  -33.217  -22.539 0.3000000119
110160  38.275  -34.223  -22.444 0.3000000119
58240  37.844  -34.755  -23.052 0.4000000060
49493  36.187  -44.176  -29.109 1.0000000000
113741  38.225  -39.238  -29.001 0.8999999762
118723  37.328  -42.141  -31.580 1.0000000000
53074  39.278  -39.659  -32.197 1.0000000000
53071  39.204  -40.542  -32.104 1.0000000000
53956  39.415  -39.861  -32.001 1.0000000000
52205  37.465  -41.494  -31.727 1.0000000000
52200  36.764  -41.520  -30.840 1.0000000000
53958  37.548  -40.035  -31.955 1.0000000000
53070  36.896  -40.673  -31.255 1.0000000000
115748  37.618  -46.097  -19.308 0.6000000238
49392  38.200  -44.657  -19.434 0.6000000238
50280  38.057  -44.052  -19.684 0.6000000238
50293  37.699  -43.868  -20.242 0.6999999881
49391  38.954  -44.693  -19.226 0.5000000000
114304  38.638  -43.968  -19.405 0.6000000238
116960  37.729  -43.122  -20.692 0.6999999881
116658  39.035  -43.207  -19.346 0.5000000000
50305  37.394  -43.798  -21.244 0.6999999881
50328  37.377  -43.363  -22.280 0.6999999881
51167  38.720  -42.474  -19.709 0.6000000238
51179  37.734  -42.420  -21.199 0.6999999881
114360  38.760  -41.145  -20.077 0.6000000238
51192  37.563  -42.511  -22.039 0.6999999881
52940  38.770  -40.380  -20.255 0.6000000238
52116  37.540  -41.034  -23.053 0.6999999881
123293  37.510  -40.331  -23.339 0.6999999881
53826  38.602  -39.551  -20.677 0.5000000000
54667  38.032  -38.509  -21.765 0.6000000238
115448  37.677  -39.099  -22.319 0.6000000238
52978  37.505  -40.316  -24.100 0.6000000238
59140  37.526  -33.319  -26.668 0.4000000060
55503  38.788  -37.110  -20.811 0.4000000060
59128  37.511  -33.078  -25.707 0.4000000060
55518  37.992  -37.762  -21.950 0.5000000000
120696  37.488  -39.521  -25.188 0.6999999881
59115  37.608  -33.366  -24.487 0.4000000060
106941  37.477  -33.709  -25.917 0.5000000000
56511  38.000  -36.361  -22.316 0.4000000060
56523  37.661  -36.556  -23.172 0.4000000060
53002  37.488  -39.883  -25.799 0.6999999881
113560  34.029  -44.901  -26.955 0.8999999762
114877  33.473  -45.718  -27.098 0.6999999881
58255  37.930  -33.908  -23.208 0.4000000060
57382  37.615  -35.332  -23.708 0.4000000060
54745  37.544  -38.630  -27.377 0.6999999881
125221  37.468  -38.932  -26.956 0.6999999881
58256  37.634  -34.521  -23.843 0.4000000060
49487  35.370  -43.989  -27.587 0.8999999762
54770  38.361  -38.638  -29.655 0.8999999762
50377  35.884  -43.742  -28.257 0.8999999762
51279  36.660  -42.268  -30.618 1.0000000000
50376  36.142  -43.409  -29.011 1.0000000000
53951  39.015  -39.804  -31.109 1.0000000000
51269  36.407  -42.476  -29.741 1.0000000000
53955  39.416  -39.035  -32.178 1.0000000000
52187  36.470  -41.717  -29.812 1.0000000000
52176  36.226  -42.028  -29.111 1.0000000000
123935  39.322  -38.850  -32.328 1.0000000000
55632  37.253  -36.985  -32.057 0.8999999762
55631  37.966  -37.514  -32.583 1.0000000000
53957  38.017  -39.261  -32.294 1.0000000000
53952  36.751  -39.630  -31.042 1.0000000000
109422  36.541  -40.046  -30.274 1.0000000000
54786  37.356  -38.126  -31.973 1.0000000000
108920  36.766  -38.169  -31.298 1.0000000000
53940  36.411  -39.226  -30.040 0.8999999762
55628  36.702  -37.342  -31.433 1.0000000000
55621  36.438  -37.652  -30.573 0.8999999762
50292  38.246  -43.296  -19.825 0.6000000238
51178  38.138  -42.459  -20.405 0.6999999881
115946  37.717  -41.761  -21.756 0.6999999881
52086  38.378  -41.056  -20.662 0.6000000238
52100  37.667  -41.067  -22.232 0.6999999881
52087  37.964  -41.037  -21.419 0.6999999881
52954  37.817  -40.334  -21.830 0.6000000238
52963  37.594  -40.377  -22.587 0.6000000238
53859  37.500  -39.633  -23.662 0.6000000238
59950  37.740  -32.352  -26.958 0.3000000119
52953  38.286  -40.306  -21.085 0.6000000238
53839  38.098  -39.468  -21.562 0.6000000238
123747  37.642  -32.899  -27.471 0.4000000060
111753  37.662  -38.225  -22.574 0.6000000238
54671  37.520  -38.959  -23.134 0.6000000238
108521  37.508  -38.225  -23.433 0.5000000000
53880  37.492  -39.581  -24.480 0.6000000238
55543  37.518  -37.409  -23.607 0.4000000060
54710  37.483  -38.756  -24.904 0.6000000238
58297  37.491  -34.243  -26.335 0.5000000000
108483  37.492  -35.923  -24.339 0.4000000060
126804  37.588  -36.018  -23.634 0.4000000060
53894  37.497  -39.022  -25.766 0.6000000238
58285  37.474  -34.273  -25.606 0.5000000000
57403  37.506  -35.147  -24.543 0.4000000060
55598  37.482  -37.970  -27.316 0.6000000238
122103  37.468  -35.865  -25.237 0.4000000060
108263  35.177  -44.947  -27.384 0.8999999762
54760  37.968  -38.364  -28.808 0.8999999762
54761  37.775  -39.055  -28.118 0.8000000119
50371  34.898  -43.277  -27.348 0.8999999762
50370  35.473  -43.314  -27.737 0.8999999762
112687  35.788  -42.036  -28.254 0.8999999762
112472  35.814  -42.955  -28.222 0.8999999762
53950  39.297  -39.097  -31.634 1.0000000000
54790  38.347  -38.505  -32.480 1.0000000000
53059  36.470  -40.806  -29.881 1.0000000000
56602  36.351  -36.650  -30.864 1.0000000000
56591  36.271  -36.854  -29.855 1.0000000000
54771  36.323  -38.315  -29.877 0.8999999762
56603  36.170  -35.966  -30.061 1.0000000000
56592  35.739  -36.337  -29.296 0.8999999762
52070  38.013  -41.731  -20.923 0.6999999881
60757  38.085  -31.586  -27.241 0.3000000119
59949  37.954  -32.265  -27.831 0.3000000119
59961  37.749  -33.015  -28.251 0.3000000119
54686  37.497  -38.879  -23.994 0.6000000238
59150  37.572  -33.617  -27.691 0.5000000000
59157  37.668  -33.718  -28.469 0.4000000060
107275  37.475  -38.094  -24.276 0.5000000000
56540  37.488  -36.623  -24.046 0.5000000000
55562  37.471  -37.290  -24.667 0.5000000000
121505  37.491  -37.983  -24.976 0.5000000000
58303  37.527  -34.308  -27.155 0.5000000000
56556  37.467  -36.511  -24.777 0.5000000000
55573  37.509  -37.564  -25.373 0.5000000000
57436  37.494  -34.988  -26.627 0.5000000000
54727  37.469  -38.382  -26.562 0.6000000238
120980  37.489  -35.455  -26.012 0.5000000000
108138  37.472  -34.974  -25.366 0.5000000000
105760  37.612  -38.136  -28.006 0.6999999881
57443  37.510  -35.177  -27.456 0.5000000000
105003  37.500  -35.883  -26.781 0.5000000000
118903  37.764  -37.521  -28.614 0.6000000238
54779  39.033  -38.268  -31.149 0.8999999762
54780  38.738  -38.933  -30.621 0.8999999762
55619  39.416  -37.482  -31.589 0.8999999762
56611  37.752  -36.463  -32.653 0.8999999762
55634  38.556  -36.980  -32.892 0.8999999762
55633  39.132  -37.783  -32.682 0.8999999762
54788  39.431  -38.230  -32.387 1.0000000000
124281  36.161  -40.566  -29.081 0.8999999762
53044  36.089  -41.230  -28.894 0.8999999762
53941  36.199  -39.890  -29.266 0.8999999762
56609  36.681  -36.423  -31.566 0.8000000119
57462  36.259  -35.731  -31.082 0.6999999881
115025  35.653  -39.487  -28.477 0.8999999762
55614  35.800  -37.218  -29.085 0.8999999762
54772  35.961  -38.800  -29.029 0.8999999762
60769  38.309  -31.404  -28.293 0.3000000119
111968  38.481  -31.696  -29.539 0.4000000060
59960  38.080  -32.364  -28.825 0.3000000119
59966  38.418  -32.580  -29.845 0.4000000060
59156  37.944  -33.307  -29.176 0.4000000060
58310  37.569  -34.479  -28.163 0.5000000000
59162  37.764  -34.174  -29.011 0.4000000060
55587  37.543  -37.521  -26.059 0.5000000000
57449  37.594  -35.399  -28.298 0.5000000000
124944  37.507  -36.159  -25.999 0.5000000000
104919  37.466  -37.427  -26.894 0.5000000000
56577  37.483  -36.654  -27.253 0.5000000000
105073  37.516  -35.983  -27.712 0.5000000000
108863  37.555  -37.310  -27.771 0.5000000000
56584  37.674  -36.196  -28.541 0.5000000000
55612  37.876  -36.830  -29.094 0.6000000238
56601  38.903  -35.968  -30.778 0.6999999881
107942  39.013  -36.843  -30.956 0.6999999881
109332  38.557  -38.188  -30.285 0.6999999881
56600  39.446  -36.653  -31.710 0.8000000119
53045  35.712  -40.358  -28.378 0.8999999762
118075  39.339  -37.134  -32.698 0.8999999762
114838  39.542  -37.139  -32.383 0.8999999762
56612  37.285  -36.064  -32.099 0.6999999881
53927  35.254  -38.824  -28.234 0.8999999762
54762  35.484  -38.021  -28.655 0.8999999762
57453  35.481  -35.411  -29.368 1.0000000000
60775  38.998  -31.099  -30.366 0.3000000119
59965  39.172  -31.972  -30.589 0.4000000060
61569  39.531  -30.560  -31.205 0.3000000119
60779  39.719  -31.327  -31.438 0.3000000119
127249  38.124  -33.952  -29.628 0.4000000060
59972  39.075  -32.816  -30.669 0.4000000060
58314  37.765  -34.951  -28.911 0.4000000060
59161  38.438  -33.399  -30.069 0.4000000060
59170  38.977  -33.528  -30.674 0.4000000060
58313  38.105  -34.646  -29.575 0.4000000060
58322  38.575  -34.236  -30.326 0.4000000060
57461  38.436  -35.170  -30.193 0.5000000000
57451  38.046  -35.386  -29.466 0.5000000000
57460  39.357  -35.660  -31.588 0.6000000238
56610  39.359  -36.655  -32.517 0.8000000119
56614  37.905  -35.947  -33.025 0.6999999881
116811  36.779  -35.731  -31.686 0.6999999881
56585  35.260  -36.694  -28.791 0.8999999762
55607  35.040  -37.326  -28.532 0.8999999762
57454  34.538  -35.350  -28.921 0.8000000119
56586  34.463  -36.666  -28.610 0.8000000119
58317  34.000  -34.573  -28.999 0.8000000119
61577  40.043  -30.085  -31.883 0.3000000119
117493  40.242  -30.819  -31.988 0.3000000119
59971  39.577  -32.151  -31.380 0.3000000119
60789  40.079  -31.284  -31.947 0.4000000060
59980  39.590  -31.992  -31.887 0.4000000060
59175  39.449  -32.740  -31.572 0.5000000000
58328  39.367  -33.632  -31.618 0.5000000000
59180  39.266  -33.088  -32.097 0.5000000000
58321  39.196  -34.017  -31.090 0.5000000000
58331  39.244  -34.147  -32.201 0.5000000000
57469  39.373  -34.692  -31.671 0.5000000000
112628  39.211  -34.969  -32.323 0.6000000238
57475  38.775  -35.296  -32.740 0.6999999881
57476  38.226  -35.575  -32.992 0.6999999881
57474  37.164  -35.389  -31.968 0.6999999881
58329  36.562  -34.373  -31.606 0.6999999881
57471  36.094  -35.011  -30.992 0.6999999881
59177  36.008  -33.949  -31.150 0.6999999881
58315  35.425  -34.578  -29.666 0.8000000119
59163  35.320  -33.801  -29.884 0.6999999881
126303  39.400  -29.857  -30.988 0.3000000119
61586  39.906  -30.023  -32.176 0.3000000119
61587  39.407  -29.899  -32.362 0.4000000060
116437  40.134  -30.727  -32.133 0.3000000119
116290  39.706  -30.677  -32.397 0.4000000060
60796  39.758  -31.289  -32.256 0.4000000060
59987  39.162  -32.210  -32.225 0.4000000060
60797  38.907  -31.687  -32.448 0.3000000119
59991  38.910  -33.171  -32.391 0.5000000000
59185  38.557  -33.928  -32.542 0.6000000238
59989  38.118  -32.804  -32.329 0.3000000119
59181  38.335  -33.430  -32.434 0.5000000000
58335  38.440  -34.733  -32.748 0.6999999881
59186  37.951  -34.357  -32.627 0.6999999881
59182  37.642  -33.797  -32.332 0.6000000238
58332  37.468  -34.744  -32.457 0.6999999881
57473  37.671  -35.659  -32.730 0.6999999881
59183  37.072  -34.115  -32.027 0.6999999881
59176  36.473  -33.539  -31.590 0.6000000238
61588  38.833  -30.597  -32.284 0.3000000119
60790  37.798  -31.202  -31.970 0.3000000119
61579  36.935  -30.731  -31.615 0.3000000119
59981  37.549  -32.184  -32.041 0.3000000119
60791  36.744  -31.605  -31.668 0.4000000060
59990  37.191  -33.177  -32.009 0.5000000000
59982  36.527  -32.574  -31.621 0.5000000000
59983  35.772  -32.970  -31.091 0.6000000238
63230  39.217  -28.459  -32.199 0.4000000060
62402  38.970  -29.161  -32.239 0.3000000119
62403  37.806  -29.203  -31.614 0.3000000119
61578  38.367  -29.847  -32.017 0.3000000119
113754  37.227  -29.922  -31.575 0.3000000119
124415  37.788  -30.444  -31.847 0.3000000119
61580  36.157  -30.185  -31.371 0.3000000119
109977  36.181  -31.046  -31.430 0.4000000060
61570  35.516  -30.879  -31.123 0.4000000060
60792  35.796  -31.829  -31.261 0.4000000060
60780  35.080  -31.470  -30.749 0.4000000060
59973  35.289  -32.218  -30.731 0.5000000000
124902  33.303  -33.501  -29.374 0.6999999881
58318  32.971  -34.858  -29.150 0.8000000119
63220  38.393  -28.512  -31.940 0.4000000060
63221  37.349  -28.604  -31.492 0.3000000119
62404  36.584  -29.185  -31.381 0.3000000119
62405  35.662  -29.465  -31.259 0.3000000119
61581  35.225  -30.058  -31.089 0.4000000060
61571  34.772  -30.677  -30.755 0.4000000060
59974  34.706  -32.025  -30.285 0.4000000060
60781  34.353  -31.269  -30.393 0.4000000060
122743  35.128  -32.918  -30.235 0.6000000238
120738  34.055  -31.815  -30.024 0.4000000060
125900  34.104  -33.116  -29.500 0.6999999881
59967  34.251  -32.580  -29.759 0.4000000060
60777  33.432  -32.066  -29.741 0.4000000060
59968  33.485  -32.940  -29.465 0.6000000238
59969  32.632  -32.446  -29.650 0.5000000000
59166  32.590  -33.354  -29.502 0.6000000238
119550  33.165  -34.049  -29.308 0.6999999881
58319  32.108  -34.324  -29.490 0.6999999881
64012  37.637  -27.827  -31.696 0.3000000119
63222  36.555  -28.261  -31.356 0.3000000119
63223  35.572  -28.641  -31.307 0.3000000119
62406  34.795  -29.211  -31.113 0.4000000060
62396  34.399  -29.907  -30.788 0.3000000119
62397  33.534  -29.759  -30.626 0.3000000119
61572  33.978  -30.509  -30.479 0.3000000119
123237  33.190  -30.357  -30.408 0.3000000119
60782  33.448  -31.167  -30.144 0.4000000060
61573  32.489  -30.702  -30.317 0.3000000119
60783  32.573  -31.576  -29.942 0.3000000119
60784  31.687  -31.232  -30.395 0.4000000060
59975  31.808  -32.087  -30.040 0.5000000000
59970  31.910  -32.789  -29.738 0.5000000000
59167  31.540  -33.474  -29.816 0.5000000000
64013  36.597  -27.510  -31.431 0.3000000119
64014  35.742  -27.763  -31.342 0.3000000119
63224  34.701  -28.477  -31.233 0.3000000119
62407  33.129  -28.943  -30.948 0.3000000119
62398  32.492  -29.740  -30.657 0.3000000119
61574  31.567  -30.289  -30.661 0.3000000119
60785  30.923  -31.851  -30.471 0.4000000060
59976  31.176  -32.706  -30.218 0.5000000000
64818  35.911  -26.815  -31.394 0.3000000119
111177  34.894  -27.259  -31.352 0.3000000119
113701  35.008  -28.015  -31.335 0.3000000119
64015  34.144  -27.826  -31.300 0.3000000119
118658  33.993  -28.627  -31.084 0.3000000119
62408  32.137  -28.909  -31.144 0.3000000119
62399  31.495  -29.457  -31.034 0.3000000119
61575  30.687  -30.888  -30.855 0.4000000060
120513  30.088  -31.726  -31.042 0.4000000060
125399  29.672  -32.180  -31.084 0.4000000060
59977  30.199  -32.580  -30.765 0.5000000000
114306  36.565  -26.162  -31.647 0.3000000119
110734  34.017  -26.932  -31.432 0.3000000119
64016  33.352  -27.396  -31.569 0.3000000119
63225  33.290  -28.140  -31.288 0.3000000119
118579  32.579  -28.378  -31.323 0.3000000119
63226  31.792  -28.190  -31.580 0.3000000119
62409  30.699  -29.160  -31.444 0.3000000119
61582  30.784  -29.955  -31.146 0.3000000119
114398  35.776  -25.953  -31.401 0.3000000119
64819  34.803  -26.264  -31.385 0.3000000119
64820  33.806  -26.208  -31.683 0.3000000119
123030  33.379  -26.750  -31.780 0.3000000119
64821  32.719  -26.963  -32.050 0.3000000119
112544  32.607  -27.738  -31.629 0.3000000119
64017  31.983  -27.432  -32.059 0.3000000119
112605  31.392  -28.822  -31.368 0.3000000119
65556  33.477  -25.586  -32.029 0.3000000119
64827  33.112  -26.259  -32.139 0.3000000119
63227  30.797  -28.402  -31.661 0.3000000119
65555  34.282  -25.489  -31.619 0.3000000119
65563  32.793  -25.621  -32.443 0.3000000119
64828  32.422  -26.285  -32.448 0.3000000119
64024  32.072  -26.830  -32.381 0.3000000119
64025  31.360  -27.020  -32.393 0.3000000119
65564  32.005  -25.632  -32.778 0.4000000060
114822  32.448  -24.979  -32.749 0.4000000060
64829  31.614  -26.307  -32.660 0.4000000060
66377  33.211  -24.886  -32.366 0.3000000119
44499  39.523  -50.494  -30.144 1.0000000000
45446  39.397  -49.646  -30.319 1.0000000000
43557  39.346  -51.564  -30.072 0.8999999762
57463  35.983  -35.142  -30.237 0.6999999881
110071  34.869  -34.791  -29.189 0.8000000119
59165  33.936  -33.652  -29.294 0.8000000119
59164  34.617  -33.349  -29.626 0.6999999881
123019  36.316  -62.947  -21.857 0.6000000238
34280  36.709  -62.456  -22.386 0.6000000238
35935  37.369  -60.220  -22.232 0.6000000238
30161  36.753  -67.373  -21.530 0.5000000000
30152  36.579  -67.311  -20.611 0.5000000000
35081  35.500  -61.619  -20.405 0.6000000238
41025  41.633  -54.692  -27.299 0.8999999762
35902  35.407  -60.886  -19.205 0.5000000000
32655  36.198  -64.842  -18.199 0.4000000060
108547  36.664  -66.030  -18.731 0.4000000060
39284  38.215  -56.751  -21.865 0.6999999881
40984  40.760  -54.540  -24.914 0.8999999762
109192  35.560  -61.889  -17.511 0.5000000000
34204  36.227  -62.649  -16.437 0.5000000000
30981  36.369  -66.742  -18.343 0.4000000060
40971  38.969  -54.144  -22.858 0.8000000119
40120  36.864  -55.054  -20.001 0.6999999881
35860  36.829  -60.347  -16.764 0.4000000060
43518  38.467  -51.789  -25.760 0.8000000119
42710  36.828  -52.144  -29.870 0.8000000119
40889  37.012  -55.122  -17.927 0.6000000238
38400  38.082  -57.694  -16.600 0.4000000060
36704  38.195  -59.714  -16.686 0.4000000060
42621  37.286  -52.430  -21.693 0.8000000119
39222  38.051  -56.203  -17.033 0.5000000000
44503  38.892  -50.366  -30.751 1.0000000000
41742  38.017  -53.771  -17.500 0.6999999881
46277  38.161  -48.994  -28.081 1.0000000000
45439  39.312  -50.007  -29.540 1.0000000000
105802  39.106  -45.856  -31.771 1.0000000000
48654  39.187  -45.303  -31.687 1.0000000000
46247  36.618  -48.094  -24.260 0.8000000119
108391  38.207  -45.096  -29.030 1.0000000000
49462  36.953  -44.055  -24.830 0.8000000119
48629  37.571  -45.177  -27.574 1.0000000000
122820  37.787  -45.344  -28.232 1.0000000000
47825  36.518  -46.070  -22.860 0.6999999881
51251  37.627  -42.313  -27.386 0.8000000119
53042  38.470  -40.991  -29.507 1.0000000000
52199  38.867  -41.220  -30.895 1.0000000000
53043  38.184  -40.558  -28.480 1.0000000000
46943  36.628  -47.161  -19.897 0.6000000238
47807  36.563  -46.329  -21.114 0.6999999881
53808  39.770  -39.276  -19.795 0.4000000060
47041  35.391  -46.848  -27.478 1.0000000000
119857  35.951  -44.556  -28.217 1.0000000000
54651  38.945  -37.990  -20.541 0.4000000060
53959  39.012  -39.284  -32.484 1.0000000000
52939  39.456  -40.154  -19.783 0.4000000060
107973  39.062  -39.630  -20.087 0.5000000000
58272  37.514  -34.240  -24.718 0.4000000060
54787  37.060  -39.008  -31.603 1.0000000000
55525  37.764  -37.288  -22.597 0.5000000000
56593  34.981  -36.042  -28.868 0.8000000119
56568  37.507  -36.742  -26.416 0.5000000000
119687  37.647  -36.885  -28.410 0.5000000000
55611  38.203  -37.662  -29.558 0.6999999881
122026  38.279  -35.856  -29.972 0.6000000238
111307  38.999  -34.949  -30.978 0.5000000000
59169  39.340  -33.145  -31.172 0.5000000000
58323  35.829  -34.381  -30.536 0.6999999881
117260  35.632  -33.613  -30.602 0.6999999881
117823  33.975  -29.265  -30.847 0.3000000119
36810  42.147  -58.844  -25.640 0.5000000000
36822  42.442  -59.231  -26.076 0.5000000000
122008  42.319  -57.178  -26.133 0.5000000000
35143  42.097  -61.236  -26.384 0.5000000000
35976  42.402  -60.005  -26.196 0.5000000000
34302  40.962  -61.909  -25.356 0.5000000000
118980  41.673  -60.012  -25.343 0.5000000000
35963  42.212  -59.680  -25.765 0.5000000000
34304  39.401  -62.758  -24.659 0.4000000060
35119  39.912  -61.108  -24.445 0.5000000000
110331  38.884  -62.271  -24.208 0.4000000060
34290  39.617  -61.943  -24.508 0.5000000000
33477  38.065  -63.458  -23.914 0.5000000000
35120  39.088  -61.427  -24.060 0.5000000000
43536  33.581  -51.454  -26.586 0.6999999881
111275  32.950  -51.905  -26.632 0.6999999881
43535  34.597  -51.801  -26.785 0.8000000119
43555  35.786  -51.316  -28.491 0.8000000119
42700  35.167  -52.524  -27.240 0.8000000119
44497  36.199  -50.822  -29.218 0.8999999762
44471  33.494  -50.571  -26.519 0.6999999881
44487  35.593  -50.894  -27.604 0.8999999762
113691  35.466  -50.161  -27.190 0.8999999762
44498  36.014  -50.233  -28.221 0.8999999762
45441  36.449  -49.817  -29.114 0.8999999762
45412  33.568  -49.687  -26.465 0.6000000238
116738  34.207  -50.087  -26.265 0.8000000119
108991  36.508  -49.012  -29.291 0.8999999762
46298  36.627  -48.585  -29.884 0.8999999762
46302  36.858  -48.085  -30.485 0.8999999762
106244  39.454  -49.049  -18.286 0.5000000000
45300  38.792  -49.613  -18.092 0.5000000000
45313  37.884  -49.462  -18.289 0.5000000000
107345  38.662  -51.005  -17.577 0.6000000238
44365  38.124  -50.345  -17.918 0.5000000000
43402  38.215  -51.815  -17.543 0.6000000238
46269  32.924  -49.273  -26.831 0.6000000238
45411  34.459  -49.263  -26.374 0.8999999762
45425  35.743  -49.456  -27.617 0.8999999762
45410  35.250  -49.339  -26.853 0.8999999762
45442  36.230  -49.056  -28.442 0.8999999762
124227  36.424  -48.196  -29.174 0.8999999762
47068  36.652  -47.176  -30.498 0.8999999762
46935  38.809  -47.420  -18.657 0.5000000000
46936  37.694  -47.534  -18.737 0.5000000000
119818  39.371  -48.203  -18.510 0.5000000000
116911  38.383  -48.100  -18.510 0.5000000000
46174  38.570  -48.825  -18.346 0.5000000000
47031  35.046  -47.777  -26.996 0.8999999762
46267  34.370  -48.313  -26.527 0.6999999881
118265  35.004  -48.630  -26.735 0.8999999762
113807  35.754  -47.629  -27.813 0.8999999762
47056  36.256  -47.490  -28.659 0.8999999762
47881  36.399  -46.458  -29.920 0.8999999762
47770  39.041  -46.105  -18.991 0.5000000000
120055  37.458  -46.801  -19.062 0.5000000000
47764  39.323  -46.759  -18.853 0.5000000000
46934  39.797  -47.415  -18.738 0.5000000000
120864  36.013  -46.987  -28.175 0.8999999762
47871  36.322  -46.724  -28.939 0.8999999762
47765  38.299  -46.586  -18.873 0.5000000000
48529  39.379  -45.455  -19.146 0.5000000000
113080  38.416  -45.539  -19.161 0.5000000000
47769  39.836  -46.189  -19.045 0.5000000000
49390  39.842  -44.737  -19.261 0.4000000060
110731  32.378  -45.758  -27.533 0.6000000238
48633  31.859  -44.927  -28.010 0.6000000238
48632  32.945  -44.918  -27.376 0.6999999881
117033  32.486  -44.109  -27.752 0.6999999881
49494  31.683  -44.055  -28.404 0.6999999881
51264  31.279  -42.673  -29.132 0.6999999881
49489  33.502  -44.110  -27.256 0.8000000119
49488  34.504  -44.085  -27.143 0.8000000119
50373  33.036  -43.341  -27.608 0.6999999881
51254  32.600  -42.620  -28.044 0.6999999881
51263  31.818  -42.663  -28.546 0.6999999881
116910  32.224  -41.948  -28.471 0.6999999881
52178  31.664  -41.302  -28.875 0.6999999881
117962  34.458  -42.369  -27.331 0.8000000119
116292  33.735  -41.855  -27.434 0.8000000119
51252  35.304  -42.602  -27.649 0.8000000119
53046  32.800  -40.226  -28.294 0.6999999881
53034  33.309  -40.557  -27.896 0.6999999881
53033  34.016  -40.540  -27.522 0.8000000119
52161  35.111  -41.681  -27.592 0.8000000119
53929  33.594  -39.805  -27.875 0.6999999881
53928  34.366  -39.036  -27.912 0.8000000119
54765  32.836  -38.261  -28.585 0.6000000238
53914  35.108  -39.662  -27.857 0.8000000119
53915  34.435  -39.919  -27.668 0.8000000119
55609  33.282  -37.495  -28.537 0.6000000238
55615  32.418  -37.521  -28.930 0.6000000238
56595  32.092  -36.780  -29.227 0.6000000238
54764  33.796  -38.203  -28.273 0.8000000119
116922  32.867  -36.816  -28.767 0.6000000238
122117  32.588  -36.259  -29.083 0.6000000238
54763  34.721  -38.115  -28.248 0.8000000119
104778  31.861  -35.924  -29.384 0.6000000238
55608  34.171  -37.429  -28.424 0.6999999881
56594  33.342  -36.163  -28.754 0.6000000238
57457  31.456  -35.107  -29.715 0.6000000238
126693  32.225  -35.177  -29.376 0.6000000238
124835  33.894  -36.402  -28.630 0.6999999881
57455  33.633  -35.414  -28.871 0.6999999881
32725  38.624  -64.952  -23.853 0.4000000060
34291  38.670  -63.118  -24.338 0.5000000000
35121  38.381  -61.820  -23.706 0.5000000000
35965  40.543  -60.626  -24.673 0.5000000000
35964  41.300  -60.611  -25.201 0.5000000000
45451  37.021  -48.937  -30.373 0.8999999762
50372  33.975  -43.278  -27.135 0.8000000119
35131  41.648  -61.291  -25.665 0.5000000000
34303  40.164  -62.382  -25.045 0.5000000000
44470  34.383  -50.827  -26.480 0.8000000119
44348  39.168  -50.351  -17.748 0.5000000000
51253  33.473  -42.554  -27.503 0.8000000119
52164  32.996  -41.864  -27.841 0.6999999881
53032  34.919  -40.637  -27.634 0.8000000119
109552  32.874  -39.594  -28.338 0.6999999881
105949  33.327  -38.997  -28.275 0.6999999881
39211  40.202  -56.304  -16.648 0.4000000060
40068  41.258  -55.577  -17.272 0.4000000060
40877  40.015  -54.874  -16.914 0.4000000060
40069  40.749  -55.074  -17.063 0.4000000060
126070  39.747  -53.745  -17.238 0.5000000000
105765  41.427  -55.079  -17.422 0.4000000060
40067  41.910  -55.626  -17.750 0.4000000060
42555  40.055  -52.326  -17.307 0.5000000000
42556  38.989  -52.449  -17.336 0.5000000000
42554  40.931  -52.771  -17.542 0.5000000000
41739  41.051  -53.617  -17.463 0.4000000060
40887  40.384  -54.196  -17.189 0.4000000060
40901  42.325  -54.149  -18.225 0.4000000060
40902  41.726  -53.929  -17.786 0.4000000060
40886  41.223  -54.426  -17.406 0.4000000060
40089  42.612  -55.026  -18.338 0.4000000060
43401  39.328  -51.523  -17.394 0.5000000000
114202  40.287  -53.281  -17.328 0.5000000000
41758  42.114  -53.540  -18.143 0.4000000060
41757  42.532  -53.577  -18.495 0.4000000060
41789  43.968  -53.081  -19.848 0.4000000060
41774  43.504  -53.565  -19.341 0.4000000060
40900  42.996  -54.119  -18.772 0.4000000060
41788  44.533  -53.432  -20.303 0.4000000060
41773  44.146  -53.894  -19.730 0.4000000060
43400  40.268  -51.409  -17.495 0.5000000000
43399  40.900  -51.930  -17.649 0.5000000000
45368  44.788  -49.275  -23.295 0.3000000119
114797  41.637  -53.177  -17.850 0.4000000060
44430  45.316  -50.534  -22.644 0.3000000119
41775  42.903  -53.189  -18.913 0.4000000060
43480  44.940  -51.035  -21.930 0.3000000119
43466  45.155  -51.820  -21.604 0.3000000119
42620  44.737  -52.196  -20.996 0.3000000119
42606  44.365  -52.625  -20.413 0.4000000060
42589  43.349  -52.734  -19.452 0.4000000060
44363  40.516  -50.714  -17.826 0.4000000060
43417  40.904  -51.249  -17.843 0.4000000060
107099  42.106  -52.095  -18.477 0.4000000060
43416  41.543  -51.534  -18.259 0.4000000060
121974  44.297  -49.369  -22.696 0.3000000119
45369  43.704  -49.096  -22.415 0.3000000119
109813  44.751  -49.874  -22.669 0.3000000119
44418  44.338  -50.637  -21.596 0.3000000119
43468  43.928  -50.988  -20.888 0.3000000119
43457  43.405  -51.406  -20.165 0.4000000060
42607  43.739  -52.287  -20.016 0.4000000060
43440  43.209  -52.025  -19.615 0.4000000060
44431  44.686  -50.388  -22.197 0.3000000119
43467  44.540  -51.422  -21.264 0.3000000119
43456  44.147  -51.814  -20.592 0.3000000119
44364  40.034  -50.141  -17.893 0.4000000060
45357  42.752  -48.969  -21.348 0.3000000119
45347  42.391  -49.317  -20.474 0.3000000119
107490  42.289  -50.027  -19.783 0.4000000060
45326  41.856  -49.388  -19.751 0.4000000060
44361  41.795  -50.891  -18.717 0.4000000060
44362  41.202  -50.731  -18.307 0.4000000060
46216  43.114  -48.677  -22.059 0.3000000119
108086  42.741  -50.062  -20.369 0.3000000119
44410  42.780  -50.712  -19.954 0.4000000060
44392  42.270  -50.752  -19.267 0.4000000060
45356  43.396  -49.412  -21.707 0.3000000119
45346  43.048  -49.729  -20.965 0.3000000119
44409  43.281  -50.506  -20.592 0.4000000060
43441  42.768  -51.446  -19.482 0.4000000060
43415  42.247  -51.480  -18.831 0.4000000060
44419  43.688  -50.188  -21.308 0.3000000119
42590  42.694  -52.268  -19.033 0.4000000060
112461  40.313  -48.045  -18.731 0.4000000060
46173  40.670  -48.735  -18.772 0.4000000060
121280  40.060  -48.659  -18.471 0.4000000060
45311  40.246  -49.377  -18.334 0.4000000060
119990  41.410  -48.120  -19.727 0.3000000119
46183  41.313  -48.912  -19.300 0.4000000060
45310  40.958  -49.399  -18.702 0.4000000060
107719  40.774  -50.055  -18.328 0.4000000060
46209  41.816  -48.663  -20.123 0.4000000060
45327  41.570  -50.013  -19.004 0.4000000060
53047  32.080  -40.471  -28.727 0.6000000238
53048  31.403  -40.493  -29.236 0.6000000238
54773  31.942  -38.311  -29.115 0.5000000000
53930  32.349  -39.132  -28.725 0.5000000000
55616  31.594  -37.509  -29.439 0.5000000000
56596  31.335  -36.691  -29.732 0.5000000000
57458  30.988  -35.863  -29.930 0.5000000000
58324  31.035  -34.281  -30.001 0.4000000060
64026  29.524  -27.383  -32.446 0.3000000119
64029  29.155  -26.741  -32.608 0.3000000119
64027  28.469  -27.425  -32.340 0.3000000119
64830  30.581  -26.412  -32.763 0.3000000119
109508  30.491  -27.253  -32.403 0.3000000119
116855  29.867  -26.804  -32.637 0.3000000119
64030  28.318  -26.560  -32.308 0.3000000119
64028  27.922  -27.164  -32.162 0.3000000119
64823  27.971  -26.782  -32.138 0.3000000119
65565  31.026  -25.589  -33.128 0.3000000119
64832  29.656  -26.256  -32.839 0.3000000119
64833  29.178  -25.973  -32.765 0.3000000119
64834  28.994  -26.148  -32.679 0.3000000119
65568  28.690  -26.099  -32.466 0.3000000119
64831  28.410  -26.300  -32.269 0.3000000119
64822  28.320  -26.300  -31.944 0.3000000119
64809  29.969  -26.478  -31.045 0.3000000119
66378  31.615  -24.889  -33.165 0.3000000119
65569  30.464  -24.556  -33.379 0.3000000119
65566  29.842  -25.567  -33.116 0.3000000119
108095  29.542  -24.762  -33.082 0.3000000119
65570  29.140  -25.524  -32.653 0.3000000119
65567  28.982  -25.716  -32.465 0.3000000119
124772  28.388  -25.965  -31.761 0.3000000119
106885  29.146  -26.080  -31.560 0.3000000119
66379  29.483  -24.601  -32.841 0.3000000119
66368  29.464  -24.823  -32.473 0.3000000119
66356  29.717  -24.903  -31.933 0.3000000119
66384  30.787  -23.811  -33.497 0.3000000119
66385  30.275  -23.796  -33.363 0.3000000119
66383  29.742  -24.031  -33.181 0.3000000119
67131  29.755  -23.616  -33.015 0.3000000119
66367  30.092  -24.251  -32.161 0.3000000119
67132  30.583  -23.299  -33.417 0.3000000119
66386  30.070  -23.432  -33.185 0.3000000119
67122  30.227  -23.047  -32.837 0.3000000119
67133  30.437  -22.908  -33.251 0.3000000119
67130  30.174  -22.935  -33.059 0.3000000119
67899  30.592  -22.291  -33.235 0.3000000119
117390  43.344  -54.960  -18.853 0.4000000060
39221  40.798  -56.624  -16.965 0.4000000060
39220  41.363  -56.228  -17.340 0.4000000060
40088  43.121  -55.581  -18.638 0.4000000060
40934  44.667  -54.278  -20.229 0.4000000060
40921  44.256  -54.720  -19.657 0.4000000060
126451  43.839  -55.043  -19.252 0.4000000060
44440  45.848  -50.251  -23.375 0.3000000119
43498  46.080  -51.021  -23.016 0.3000000119
43479  45.593  -51.432  -22.303 0.3000000119
42636  45.777  -52.385  -21.980 0.3000000119
42619  45.239  -52.518  -21.343 0.3000000119
41803  44.946  -52.957  -20.841 0.3000000119
45367  45.251  -49.892  -23.131 0.3000000119
106141  42.604  -48.173  -21.709 0.3000000119
46228  43.458  -48.374  -22.699 0.3000000119
46942  40.596  -47.325  -19.061 0.4000000060
46184  40.987  -48.046  -19.142 0.4000000060
46963  41.826  -47.773  -20.471 0.3000000119
46208  42.272  -48.451  -20.899 0.3000000119
47763  40.097  -46.822  -18.959 0.4000000060
52188  31.157  -41.935  -29.294 0.6000000238
66381  32.195  -24.292  -33.066 0.3000000119
66382  31.394  -24.082  -33.410 0.3000000119
67129  31.203  -23.325  -33.530 0.3000000119
67900  30.871  -22.535  -33.532 0.3000000119
46235  44.489  -48.497  -23.684 0.3000000119
39212  39.480  -56.035  -16.642 0.4000000060
41740  39.489  -53.124  -17.301 0.5000000000
45355  44.131  -49.846  -22.083 0.3000000119
65557  29.065  -25.499  -31.938 0.3000000119
67123  29.762  -23.906  -32.726 0.3000000119
68671  30.655  -21.455  -33.283 0.3000000119
38398  39.906  -57.599  -16.669 0.3000000119
107456  41.328  -56.925  -17.362 0.3000000119
40186  38.023  -55.519  -25.397 0.6000000238
40187  37.217  -55.052  -25.148 0.6999999881
40172  36.678  -55.501  -24.533 0.6999999881
38407  42.005  -56.709  -17.876 0.3000000119
30974  36.428  -65.881  -16.898 0.3000000119
32635  36.237  -64.531  -16.708 0.3000000119
40987  34.778  -54.675  -24.628 0.6999999881
36716  39.561  -59.239  -16.947 0.3000000119
40986  35.681  -55.211  -24.471 0.6999999881
41000  36.405  -54.818  -24.998 0.6999999881
106405  41.114  -58.219  -17.487 0.3000000119
38408  41.572  -57.585  -17.669 0.3000000119
105086  36.610  -54.484  -25.917 0.6999999881
112634  43.415  -56.968  -18.951 0.3000000119
38426  42.316  -57.676  -18.253 0.3000000119
39257  43.942  -56.443  -19.315 0.3000000119
107778  42.813  -56.904  -18.487 0.3000000119
33383  36.672  -63.298  -15.890 0.3000000119
35858  38.452  -60.807  -16.581 0.4000000060
41019  34.986  -53.807  -26.075 0.6999999881
36715  40.318  -59.518  -17.345 0.3000000119
36703  38.979  -59.847  -16.828 0.3000000119
41001  35.537  -54.405  -25.395 0.6999999881
37594  41.048  -59.039  -17.592 0.3000000119
37610  41.782  -58.537  -18.017 0.3000000119
38425  43.157  -57.804  -18.859 0.3000000119
39240  42.651  -56.021  -18.283 0.3000000119
38441  44.490  -57.090  -19.794 0.3000000119
127140  37.227  -61.811  -16.203 0.4000000060
41856  34.188  -53.534  -25.881 0.6999999881
35037  39.849  -60.706  -17.127 0.3000000119
35857  39.155  -60.618  -16.823 0.3000000119
36714  40.914  -59.911  -17.813 0.3000000119
35868  40.335  -60.356  -17.460 0.3000000119
41870  35.333  -53.534  -26.833 0.6999999881
112408  42.180  -59.209  -18.464 0.3000000119
41031  35.920  -53.933  -27.372 0.6999999881
40105  44.216  -55.539  -19.514 0.3000000119
40106  43.634  -55.632  -19.042 0.3000000119
39256  44.649  -56.217  -19.883 0.3000000119
41880  35.016  -53.037  -26.987 0.6999999881
42699  35.503  -52.597  -27.918 0.6999999881
109360  41.769  -60.891  -18.766 0.3000000119
35886  41.417  -60.363  -18.302 0.3000000119
42706  35.768  -53.127  -28.579 0.6999999881
112598  44.811  -55.260  -20.164 0.3000000119
35867  40.876  -60.717  -17.880 0.3000000119
112490  35.691  -52.265  -28.640 0.6999999881
47767  41.499  -46.165  -19.833 0.3000000119
111005  38.835  -56.824  -25.370 0.5000000000
39328  36.809  -56.391  -24.266 0.6999999881
39340  38.216  -56.446  -25.059 0.6000000238
38514  37.545  -56.931  -24.606 0.6000000238
39339  38.801  -55.998  -25.590 0.6000000238
40175  33.963  -54.875  -24.071 0.6999999881
121784  34.085  -54.350  -24.742 0.6999999881
34189  37.476  -62.985  -15.563 0.3000000119
41003  33.762  -53.824  -25.187 0.6999999881
34203  37.726  -62.217  -15.867 0.4000000060
41872  33.924  -53.066  -26.340 0.6999999881
34202  38.564  -62.013  -16.016 0.4000000060
35024  38.858  -61.320  -16.486 0.4000000060
35036  40.377  -61.204  -17.337 0.3000000119
35022  40.172  -61.858  -16.721 0.3000000119
122335  40.569  -62.446  -16.668 0.3000000119
38409  40.777  -57.480  -17.108 0.3000000119
42688  34.321  -52.650  -26.743 0.6999999881
40171  37.495  -55.907  -24.690 0.6000000238
35035  41.091  -61.434  -17.821 0.3000000119
34187  39.219  -62.568  -15.730 0.3000000119
36835  42.258  -59.577  -26.360 0.5000000000
38532  41.000  -57.572  -26.484 0.5000000000
36837  40.711  -59.346  -26.575 0.5000000000
37717  42.302  -58.752  -26.195 0.4000000060
34317  33.674  -62.146  -25.152 0.4000000060
34318  32.464  -62.987  -24.858 0.5000000000
37718  41.534  -58.350  -26.489 0.4000000060
110877  42.090  -58.150  -26.357 0.5000000000
111451  40.365  -57.937  -26.237 0.5000000000
116505  30.682  -65.157  -26.503 0.4000000060
122076  30.227  -65.592  -27.123 0.4000000060
120766  33.105  -62.645  -24.822 0.5000000000
38523  39.240  -57.499  -25.574 0.4000000060
32756  30.117  -64.662  -27.015 0.4000000060
109387  29.769  -66.069  -27.639 0.4000000060
33503  31.027  -63.589  -25.497 0.4000000060
33502  31.854  -63.671  -25.217 0.4000000060
35145  33.860  -61.358  -25.044 0.5000000000
36814  34.675  -59.713  -24.628 0.4000000060
38524  38.331  -57.555  -25.147 0.5000000000
37696  36.524  -58.369  -24.555 0.4000000060
36813  35.395  -59.474  -24.897 0.4000000060
37695  37.396  -57.990  -24.763 0.4000000060
126506  29.782  -65.285  -27.356 0.4000000060
111317  26.754  -63.931  -27.430 0.4000000060
34320  30.706  -62.875  -25.381 0.4000000060
34340  28.324  -62.398  -27.441 0.4000000060
34306  31.897  -62.376  -24.562 0.5000000000
34319  31.461  -62.997  -24.990 0.4000000060
35168  28.877  -61.828  -27.416 0.4000000060
35968  32.807  -61.066  -23.961 0.5000000000
35983  29.558  -60.159  -26.130 0.4000000060
35995  29.122  -60.265  -26.880 0.4000000060
35967  33.680  -60.809  -24.523 0.5000000000
36815  33.976  -60.032  -24.185 0.5000000000
37712  29.433  -58.613  -26.087 0.4000000060
121435  29.309  -57.981  -26.176 0.4000000060
37698  34.966  -59.003  -24.216 0.6000000238
37697  35.718  -58.716  -24.398 0.6000000238
38515  36.726  -57.383  -24.295 0.5000000000
111363  27.932  -63.938  -27.299 0.4000000060
33519  30.059  -63.742  -26.820 0.4000000060
33520  28.582  -63.192  -27.331 0.4000000060
35135  31.375  -61.791  -24.263 0.5000000000
34307  30.967  -62.372  -24.738 0.4000000060
35160  29.401  -61.692  -26.891 0.4000000060
35122  31.876  -61.193  -23.827 0.5000000000
35970  29.779  -59.904  -25.183 0.4000000060
35146  29.531  -60.933  -26.497 0.4000000060
35951  33.163  -60.322  -23.764 0.5000000000
37680  34.526  -58.564  -23.551 0.5000000000
37700  29.612  -58.065  -25.337 0.4000000060
37679  35.235  -58.261  -23.781 0.6000000238
38516  35.970  -57.845  -23.961 0.6000000238
115762  30.423  -62.253  -25.271 0.4000000060
34339  29.222  -62.499  -27.158 0.4000000060
34332  29.747  -62.257  -26.585 0.4000000060
35982  29.882  -60.812  -25.414 0.4000000060
36800  32.600  -59.745  -23.381 0.5000000000
36816  30.169  -59.460  -24.315 0.4000000060
116446  29.697  -58.996  -25.198 0.4000000060
36799  33.466  -59.544  -23.554 0.5000000000
109443  36.173  -55.928  -24.079 0.6000000238
38497  35.285  -57.441  -23.482 0.6000000238
113718  34.749  -57.919  -23.302 0.6000000238
32757  29.434  -64.657  -27.371 0.4000000060
33510  29.429  -63.375  -27.146 0.4000000060
122538  29.961  -61.711  -25.930 0.4000000060
35953  31.328  -60.532  -23.708 0.5000000000
35123  31.017  -61.177  -24.044 0.5000000000
35969  30.381  -60.494  -24.353 0.5000000000
36802  30.881  -59.784  -23.694 0.5000000000
37684  30.677  -58.959  -23.612 0.5000000000
37681  32.911  -59.004  -23.096 0.5000000000
108757  32.056  -59.164  -23.144 0.5000000000
37683  31.441  -58.609  -23.171 0.5000000000
37699  30.051  -58.526  -24.319 0.4000000060
38499  34.113  -58.092  -22.891 0.6000000238
38517  29.981  -57.648  -24.349 0.5000000000
117488  29.886  -56.868  -24.429 0.4000000060
40173  35.471  -55.900  -23.745 0.6000000238
40156  34.799  -55.903  -23.450 0.6000000238
38483  33.562  -57.480  -22.676 0.6000000238
37682  32.338  -58.435  -22.860 0.5000000000
38501  30.715  -57.990  -23.511 0.5000000000
38482  33.768  -56.754  -22.768 0.6000000238
39299  32.972  -56.812  -22.714 0.6000000238
38500  31.707  -57.815  -22.975 0.5000000000
40157  34.142  -55.593  -23.474 0.6000000238
40174  34.812  -55.341  -23.949 0.6000000238
42674  31.650  -52.662  -25.149 0.5000000000
41844  32.154  -53.365  -24.626 0.6000000238
40990  31.738  -53.939  -24.029 0.5000000000
41843  33.002  -53.534  -24.882 0.6000000238
40973  32.193  -54.639  -23.651 0.6000000238
40974  31.197  -54.739  -23.851 0.5000000000
40160  31.064  -55.619  -23.726 0.5000000000
39313  33.409  -56.000  -23.034 0.6000000238
39314  32.055  -56.993  -22.975 0.5000000000
118440  31.260  -57.243  -23.293 0.5000000000
118370  30.556  -57.063  -23.746 0.5000000000
42673  32.792  -52.716  -26.029 0.5000000000
107075  32.231  -52.528  -25.851 0.5000000000
42689  33.364  -52.551  -26.392 0.6000000238
41857  33.344  -53.196  -25.806 0.6000000238
40159  31.835  -55.437  -23.445 0.6000000238
39315  31.366  -56.377  -23.418 0.5000000000
40988  33.419  -54.197  -24.442 0.6000000238
40972  33.062  -54.685  -23.794 0.6000000238
36823  39.454  -59.014  -26.031 0.4000000060
39349  40.012  -56.441  -26.168 0.5000000000
38533  39.923  -57.293  -25.918 0.4000000060
118472  33.462  -55.297  -23.546 0.6000000238
37728  42.048  -59.028  -26.482 0.5000000000
36838  39.954  -59.543  -26.467 0.5000000000
36836  41.448  -59.199  -26.593 0.5000000000
37720  40.167  -58.778  -26.349 0.5000000000
35133  33.232  -61.580  -24.519 0.5000000000
32742  30.700  -64.220  -26.207 0.4000000060
33509  30.401  -63.327  -26.101 0.4000000060
35161  28.883  -61.035  -27.395 0.4000000060
36842  29.168  -59.067  -26.582 0.4000000060
120949  29.865  -62.937  -26.719 0.4000000060
35136  30.476  -61.573  -24.739 0.4000000060
112708  28.975  -63.956  -27.380 0.4000000060
113357  32.394  -56.140  -23.095 0.6000000238
33521  27.389  -63.089  -27.409 0.3000000119
122550  28.796  -59.611  -26.889 0.3000000119
35169  28.188  -61.645  -27.594 0.3000000119
109630  28.622  -58.916  -26.816 0.3000000119
35996  28.395  -60.263  -27.254 0.3000000119
36843  28.063  -59.563  -27.056 0.3000000119
35997  27.342  -60.303  -27.286 0.3000000119
29298  35.133  -68.235  -21.872 0.5000000000
30160  37.945  -67.077  -21.534 0.5000000000
30188  38.805  -67.248  -23.072 0.6000000238
30190  37.007  -67.555  -23.061 0.5000000000
31001  37.407  -66.545  -20.888 0.5000000000
31022  38.335  -66.764  -21.999 0.6000000238
31836  36.519  -65.999  -17.855 0.4000000060
31858  37.383  -65.845  -21.029 0.6000000238
31932  29.190  -65.361  -27.609 0.4000000060
32649  35.955  -64.316  -17.432 0.4000000060
32667  36.055  -64.587  -19.344 0.5000000000
32679  35.863  -64.083  -19.831 0.6000000238
32758  28.531  -64.685  -27.435 0.4000000060
32759  27.258  -64.764  -27.501 0.4000000060
33423  35.438  -63.343  -18.521 0.6000000238
33468  36.722  -63.428  -22.255 0.6000000238
34201  39.411  -61.915  -16.333 0.3000000119
34216  40.786  -61.991  -17.245 0.3000000119
34245  35.368  -62.530  -19.902 0.6000000238
34270  35.821  -62.115  -21.307 0.6999999881
34292  37.748  -62.322  -23.393 0.6000000238
34305  32.826  -62.270  -24.605 0.5000000000
34314  41.586  -62.029  -25.989 0.5000000000
34331  30.162  -62.561  -26.003 0.4000000060
35023  39.652  -61.260  -16.810 0.3000000119
35026  35.895  -61.957  -16.843 0.5000000000
35057  35.330  -61.520  -18.694 0.4000000060
35132  40.762  -61.222  -25.003 0.5000000000
35134  32.372  -61.727  -24.246 0.5000000000
35162  27.888  -60.954  -27.573 0.3000000119
35869  39.692  -60.061  -17.139 0.3000000119
35914  35.472  -60.961  -20.025 0.6000000238
35926  35.788  -60.987  -20.841 0.6000000238
35936  36.746  -60.964  -22.043 0.6000000238
35952  32.275  -60.488  -23.583 0.5000000000
35977  42.204  -60.550  -25.851 0.5000000000
35981  34.226  -60.947  -25.211 0.5000000000
35988  42.216  -60.189  -26.528 0.5000000000
36705  37.387  -59.635  -16.750 0.4000000060
36732  41.577  -59.519  -18.161 0.3000000119
36734  35.566  -60.097  -18.966 0.5000000000
36761  36.149  -59.570  -20.392 0.6000000238
36781  38.594  -59.133  -22.753 0.8000000119
36798  34.258  -59.295  -23.876 0.5000000000
36801  31.732  -59.851  -23.404 0.5000000000
36829  29.534  -59.390  -26.031 0.4000000060
36847  42.013  -59.906  -26.703 0.5000000000
37581  40.309  -58.496  -17.094 0.3000000119
37584  37.649  -58.229  -16.741 0.4000000060
37609  42.574  -58.557  -18.591 0.3000000119
37611  36.531  -57.962  -18.380 0.6000000238
37638  36.750  -58.266  -20.345 0.6999999881
37665  33.252  -58.272  -22.755 0.5000000000
37677  40.373  -58.165  -23.903 0.6999999881
37678  39.727  -58.319  -23.441 0.6999999881
37694  41.544  -58.545  -25.021 0.6000000238
37707  42.406  -58.361  -25.985 0.5000000000
37708  39.722  -58.187  -25.930 0.4000000060
37719  40.821  -58.556  -26.461 0.5000000000
37721  29.059  -58.353  -26.597 0.3000000119
38399  38.886  -57.467  -16.517 0.4000000060
38401  37.545  -57.547  -16.904 0.4000000060
38410  37.061  -57.427  -17.434 0.4000000060
38484  32.649  -57.638  -22.686 0.6000000238
38496  39.958  -57.099  -23.419 0.6999999881
38498  34.470  -57.238  -22.950 0.6000000238
38513  41.690  -57.062  -25.000 0.6000000238
38518  29.554  -57.364  -25.028 0.4000000060
38522  42.364  -57.493  -25.931 0.5000000000
38530  42.300  -57.889  -26.125 0.5000000000
38531  41.711  -57.505  -26.493 0.4000000060
39239  43.289  -56.257  -18.751 0.3000000119
39311  35.095  -56.585  -23.349 0.6000000238
39312  34.315  -56.320  -23.077 0.6000000238
39316  30.456  -56.239  -23.945 0.5000000000
39329  35.978  -56.781  -23.813 0.6000000238
39337  42.397  -56.631  -26.020 0.5000000000
39338  39.432  -56.603  -25.729 0.5000000000
39346  42.209  -56.597  -26.364 0.6000000238
39348  40.947  -56.610  -26.656 0.6000000238
39356  41.476  -56.005  -26.909 0.8000000119
40058  40.098  -55.553  -16.742 0.4000000060
40060  38.783  -55.858  -16.831 0.5000000000
40090  36.769  -55.674  -18.420 0.6000000238
40142  38.685  -55.479  -22.324 0.8000000119
40154  40.495  -55.739  -24.026 0.6999999881
40158  32.724  -55.367  -23.427 0.6000000238
40169  41.814  -55.717  -25.373 0.6999999881
40197  42.069  -55.338  -26.620 0.6000000238
40198  40.190  -55.835  -26.595 0.5000000000
40206  42.041  -55.948  -26.754 0.6999999881
40885  41.892  -54.703  -17.795 0.4000000060
40922  43.676  -54.385  -19.278 0.4000000060
40989  32.608  -54.013  -24.151 0.6000000238
40998  41.494  -54.576  -25.813 0.8999999762
41002  34.545  -54.109  -25.330 0.6999999881
41018  35.760  -54.076  -26.444 0.6999999881
41032  41.322  -54.185  -27.835 0.8999999762
41033  41.058  -54.286  -28.044 0.8999999762
41790  36.972  -53.572  -20.669 0.8000000119
41804  38.078  -53.531  -21.872 0.8000000119
41841  39.669  -53.546  -24.484 0.8000000119
41858  32.533  -52.985  -25.391 0.5000000000
41869  40.933  -53.515  -27.051 0.8999999762
41871  34.604  -53.263  -26.508 0.6999999881
41879  35.544  -53.273  -27.620 0.6999999881
42571  42.248  -52.885  -18.403 0.4000000060
42572  41.579  -52.392  -18.007 0.4000000060
42574  36.587  -52.851  -18.881 0.6999999881
42655  38.417  -52.878  -22.875 0.8000000119
42664  38.033  -52.100  -24.040 0.8000000119
42671  39.704  -52.865  -25.680 0.8999999762
42690  32.517  -52.242  -26.334 0.6999999881
42698  40.172  -52.363  -28.202 1.0000000000
43550  35.431  -51.772  -27.587 0.8000000119
43556  39.606  -51.252  -29.777 1.0000000000
43560  39.520  -50.975  -30.274 1.0000000000
43561  39.064  -51.076  -30.517 1.0000000000
44347  39.778  -50.822  -17.540 0.4000000060
44442  36.820  -50.200  -23.628 0.8000000119
44455  37.509  -50.759  -24.931 0.6999999881
44469  35.163  -50.938  -26.845 0.8999999762
44486  37.980  -50.038  -27.368 1.0000000000
44500  37.258  -50.682  -30.225 1.0000000000
44506  39.248  -49.751  -30.818 1.0000000000
45312  39.550  -49.693  -18.059 0.4000000060
45348  36.489  -49.506  -20.228 0.6000000238
45370  36.472  -49.594  -22.319 0.6999999881
45423  38.337  -49.763  -27.995 1.0000000000
45447  36.703  -49.425  -29.800 0.8999999762
45449  38.807  -49.565  -31.014 1.0000000000
45450  37.848  -49.277  -30.752 1.0000000000
46175  37.562  -48.600  -18.569 0.6000000238
46217  36.399  -48.406  -21.018 0.6999999881
46268  33.596  -48.815  -26.527 0.6000000238
46279  35.600  -48.560  -27.499 0.8999999762
46291  39.104  -49.159  -29.652 1.0000000000
46303  39.269  -48.038  -31.271 1.0000000000
46304  39.057  -48.073  -31.412 1.0000000000
46305  38.301  -47.899  -31.360 1.0000000000
46985  36.405  -47.477  -22.832 0.8000000119
47015  36.753  -47.613  -24.974 0.8000000119
47032  34.288  -47.623  -26.663 0.8999999762
47043  33.714  -47.189  -26.796 0.6999999881
47053  38.134  -47.307  -28.597 1.0000000000
47055  36.432  -47.305  -29.547 0.8999999762
47064  39.106  -47.914  -30.374 1.0000000000
47066  39.478  -47.822  -30.976 1.0000000000
47069  39.352  -47.630  -31.249 1.0000000000
47070  38.897  -47.475  -31.564 1.0000000000
47071  38.235  -47.136  -31.545 1.0000000000
47788  36.704  -46.437  -20.265 0.6000000238
47863  32.896  -46.651  -27.197 0.6999999881
47886  39.306  -47.130  -31.404 1.0000000000
48580  36.627  -45.511  -22.269 0.6999999881
48619  37.399  -45.738  -26.908 1.0000000000
48631  34.503  -45.707  -27.063 0.8999999762
48639  35.975  -45.440  -28.191 1.0000000000
48647  39.312  -45.222  -31.096 1.0000000000
48656  36.858  -45.463  -31.069 1.0000000000
48658  37.883  -44.994  -31.654 1.0000000000
49393  37.650  -44.555  -19.879 0.6000000238
49404  36.950  -45.069  -21.023 0.6999999881
49506  39.101  -44.345  -31.859 1.0000000000
50369  37.551  -43.573  -27.275 1.0000000000
50378  32.166  -43.355  -28.220 0.6999999881
50379  31.455  -43.350  -28.794 0.6999999881
50395  36.610  -43.925  -30.772 1.0000000000
50397  38.475  -43.488  -32.020 1.0000000000
51262  36.143  -42.682  -28.988 0.8999999762
52069  38.492  -41.751  -20.209 0.6999999881
52160  37.647  -41.540  -27.281 0.8000000119
52162  34.323  -41.367  -27.435 0.8000000119
52163  33.497  -41.197  -27.662 0.8000000119
52174  38.314  -41.708  -28.993 1.0000000000
52177  32.632  -41.088  -28.265 0.6999999881
53840  37.682  -39.788  -22.209 0.6000000238
53847  37.533  -39.698  -22.867 0.6000000238
53913  37.543  -39.337  -27.338 0.6999999881
53931  31.783  -39.814  -29.022 0.6000000238
53939  38.534  -39.537  -29.965 1.0000000000
54719  37.520  -38.203  -25.609 0.5000000000
54781  36.603  -38.678  -30.766 1.0000000000
54785  39.541  -38.223  -31.938 1.0000000000
54789  38.884  -38.658  -32.552 1.0000000000
54791  39.343  -38.190  -32.518 0.8999999762
55613  36.240  -37.568  -29.683 1.0000000000
55620  38.711  -37.512  -30.594 0.6999999881
55627  39.583  -37.668  -32.361 0.8999999762
55629  39.459  -37.712  -32.453 0.8999999762
55630  38.806  -37.963  -32.699 1.0000000000
56587  33.663  -36.825  -28.593 0.6999999881
56589  38.325  -36.676  -30.068 0.6000000238
56590  37.973  -36.087  -29.334 0.6000000238
56608  39.508  -36.277  -32.153 0.8000000119
56613  38.785  -36.181  -32.884 0.8999999762
57452  37.778  -35.604  -28.916 0.5000000000
57456  32.754  -35.631  -29.105 0.6000000238
57470  36.584  -35.101  -31.552 0.6999999881
57472  39.216  -35.834  -32.442 0.8000000119
57477  37.790  -35.527  -32.902 0.6999999881
57478  37.541  -35.361  -32.574 0.6999999881
58316  34.747  -34.112  -29.351 0.8000000119
58330  36.167  -34.593  -31.189 0.6999999881
58333  37.187  -34.867  -32.085 0.6999999881
58334  38.946  -34.599  -32.593 0.6999999881
58336  37.758  -35.203  -32.798 0.6999999881
59184  38.979  -33.941  -32.508 0.6000000238
59988  38.756  -32.621  -32.418 0.5000000000
67888  30.474  -22.251  -33.002 0.3000000119
104759  37.502  -36.813  -25.514 0.5000000000
104791  35.840  -67.608  -21.175 0.5000000000
104857  38.698  -59.069  -16.703 0.4000000060
104943  39.168  -41.307  -31.953 1.0000000000
106788  37.334  -48.178  -26.351 0.8999999762
107509  36.360  -67.191  -19.783 0.4000000060
107925  36.276  -45.896  -29.132 0.8999999762
108735  39.505  -59.848  -23.749 0.6000000238
108872  34.866  -50.100  -26.505 0.8999999762
109174  35.538  -41.167  -28.025 0.8999999762
109331  33.291  -63.021  -25.129 0.5000000000
109492  35.313  -61.978  -18.176 0.5000000000
110656  37.061  -61.156  -16.495 0.5000000000
111387  37.509  -40.359  -24.999 0.6999999881
111600  34.142  -35.993  -28.729 0.6999999881
111765  32.360  -39.847  -28.617 0.6999999881
112534  31.341  -59.273  -23.360 0.5000000000
113062  29.639  -64.063  -27.189 0.4000000060
113820  36.015  -37.960  -29.216 0.8999999762
114375  40.762  -55.885  -16.929 0.4000000060
114451  36.618  -45.370  -22.908 0.6999999881
114737  40.264  -61.714  -24.845 0.5000000000
115083  36.474  -46.970  -21.637 0.6000000238
116354  33.729  -52.112  -26.663 0.6999999881
116496  37.505  -33.610  -25.245 0.4000000060
116857  37.504  -52.175  -22.337 0.8000000119
117199  40.831  -55.187  -24.559 0.6999999881
117707  37.549  -43.037  -21.490 0.6999999881
117798  40.503  -56.326  -26.546 0.5000000000
118024  38.525  -60.297  -16.685 0.3000000119
118362  31.602  -42.108  -28.901 0.6000000238
118393  36.939  -62.461  -15.997 0.3000000119
118576  37.929  -61.392  -16.320 0.4000000060
118745  39.350  -49.958  -30.568 1.0000000000
118836  33.761  -58.798  -23.262 0.5000000000
119993  38.580  -66.338  -22.627 0.6000000238
120967  36.962  -45.271  -25.617 0.8000000119
121635  38.070  -60.385  -22.839 0.6000000238
121850  38.648  -57.025  -22.370 0.8000000119
121980  38.475  -53.059  -29.428 0.8000000119
121988  35.712  -61.018  -17.528 0.5000000000
122083  35.981  -64.578  -18.783 0.4000000060
122284  39.432  -35.507  -32.021 0.6000000238
122593  37.187  -43.270  -25.062 0.6999999881
123646  39.446  -46.679  -31.105 1.0000000000
123813  36.450  -65.502  -18.261 0.4000000060
124114  36.549  -47.863  -29.954 0.8999999762
124200  39.244  -50.924  -17.519 0.6000000238
124377  37.529  -40.887  -23.716 0.6000000238
124421  37.479  -42.191  -25.812 0.6999999881
124480  36.978  -46.458  -25.655 0.8000000119
124781  35.803  -61.508  -17.165 0.5000000000
125100  29.252  -59.685  -26.544 0.4000000060
125154  38.127  -39.779  -28.507 0.8999999762
125273  37.542  -36.603  -27.959 0.5000000000
125448  35.378  -62.049  -20.166 0.6000000238
125874  39.589  -37.073  -31.982 0.8000000119
125951  37.476  -34.800  -26.001 0.5000000000
126040  36.322  -43.090  -29.604 1.0000000000
126357  36.110  -48.176  -28.318 0.8999999762
126383  37.630  -50.145  -26.095 0.8000000119
126409  37.406  -56.277  -17.482 0.6000000238
126594  41.310  -61.018  -18.313 0.3000000119
126634  40.302  -56.958  -16.663 0.4000000060
126782  37.567  -37.782  -23.035 0.5000000000
127067  37.715  -63.018  -23.540 0.6000000238
127155  37.536  -67.203  -21.458 0.5000000000
