#!ascii label  , from subject sub-v1s12x0050112_ses-1 vox2ras=TkReg
209
70998  24.889  -18.223  -31.354 0.0000000000
64793  24.314  -26.796  -28.521 0.0000000000
74689  23.365  -13.613  -31.649 0.0000000000
79674  25.075  -6.387  -28.861 0.0000000000
63204  23.268  -28.363  -28.765 0.0000000000
76118  26.135  -11.921  -30.153 0.0000000000
77546  26.118  -9.983  -29.987 0.0000000000
69423  23.825  -20.087  -32.413 0.0000000000
67864  24.848  -22.590  -29.959 0.0000000000
69378  26.324  -20.349  -29.142 0.0000000000
106466  27.141  -15.861  -29.754 0.0000000000
70966  27.705  -18.241  -28.388 0.0000000000
73269  24.060  -15.496  -31.952 0.0000000000
74677  26.549  -13.805  -30.428 0.0000000000
78329  24.023  -8.425  -28.935 0.0000000000
79027  26.923  -8.366  -30.797 0.0000000000
66324  26.038  -24.730  -27.668 0.0000000000
76120  24.178  -11.255  -29.933 0.0000000000
77548  24.265  -10.024  -29.463 0.0000000000
70193  24.590  -19.203  -31.625 0.0000000000
115624  25.018  -19.890  -30.770 0.0000000000
70983  25.684  -18.939  -29.940 0.0000000000
63990  23.736  -27.548  -28.674 0.0000000000
73966  23.643  -14.347  -31.956 0.0000000000
73261  25.634  -15.229  -30.806 0.0000000000
74679  24.804  -13.718  -30.863 0.0000000000
76846  27.634  -11.297  -30.705 0.0000000000
76116  27.820  -11.842  -30.226 0.0000000000
79666  23.704  -6.240  -27.907 0.0000000000
79020  22.742  -7.927  -28.182 0.0000000000
79019  24.450  -7.628  -28.641 0.0000000000
80907  26.501  -5.620  -32.478 0.0000000000
80324  27.006  -6.633  -32.601 0.0000000000
108813  26.733  -7.469  -30.681 0.0000000000
79040  27.488  -7.578  -32.814 0.0000000000
79033  27.526  -8.681  -32.059 0.0000000000
67853  26.074  -22.576  -28.805 0.0000000000
67084  25.648  -23.302  -29.019 0.0000000000
62385  22.471  -29.731  -28.850 0.0000000000
75398  24.929  -13.097  -30.434 0.0000000000
76130  24.158  -11.888  -30.167 0.0000000000
76847  27.012  -11.208  -30.586 0.0000000000
76858  27.721  -10.652  -31.253 0.0000000000
67877  24.296  -22.675  -31.794 0.0000000000
69399  24.418  -20.923  -31.461 0.0000000000
68630  25.319  -21.196  -29.808 0.0000000000
68619  26.464  -21.137  -28.698 0.0000000000
72581  25.749  -16.717  -30.430 0.0000000000
71802  26.428  -17.770  -29.561 0.0000000000
71801  26.978  -17.178  -29.372 0.0000000000
71826  24.595  -17.502  -33.159 0.0000000000
108458  23.877  -16.325  -33.207 0.0000000000
72589  24.690  -16.858  -31.522 0.0000000000
116518  25.930  -15.879  -30.507 0.0000000000
73254  26.551  -15.261  -30.269 0.0000000000
73943  28.084  -13.933  -29.385 0.0000000000
74667  26.534  -13.193  -30.350 0.0000000000
75381  28.043  -12.614  -29.667 0.0000000000
78341  23.420  -9.233  -29.312 0.0000000000
80319  26.258  -6.165  -30.166 0.0000000000
79018  25.388  -7.347  -29.009 0.0000000000
107831  26.048  -8.279  -29.599 0.0000000000
78339  25.583  -9.084  -29.610 0.0000000000
78338  26.599  -9.198  -30.332 0.0000000000
126126  27.921  -9.433  -32.205 0.0000000000
65539  23.957  -25.605  -29.755 0.0000000000
67094  24.528  -23.278  -30.373 0.0000000000
70967  27.101  -18.887  -28.722 0.0000000000
69367  27.331  -20.333  -28.064 0.0000000000
76850  23.711  -10.710  -29.802 0.0000000000
70186  25.170  -19.127  -30.791 0.0000000000
70992  25.447  -18.254  -30.428 0.0000000000
61551  21.857  -30.930  -28.060 0.0000000000
61561  22.177  -30.354  -28.460 0.0000000000
74688  24.205  -14.006  -31.415 0.0000000000
76857  28.360  -10.584  -31.072 0.0000000000
76129  28.105  -11.137  -30.770 0.0000000000
115337  24.362  -5.969  -28.441 0.0000000000
124397  23.841  -7.096  -28.354 0.0000000000
117946  24.473  -6.764  -28.548 0.0000000000
79691  27.999  -7.687  -33.446 0.0000000000
67852  26.530  -22.517  -28.194 0.0000000000
67083  26.160  -23.225  -28.380 0.0000000000
64804  23.375  -26.843  -29.869 0.0000000000
75399  24.184  -12.599  -30.500 0.0000000000
76849  24.732  -10.789  -29.749 0.0000000000
76848  25.888  -10.918  -30.062 0.0000000000
114832  26.800  -10.600  -30.638 0.0000000000
80300  24.460  -5.197  -28.242 0.0000000000
113723  23.960  -20.967  -31.992 0.0000000000
69379  25.709  -20.381  -29.679 0.0000000000
69390  25.148  -20.444  -30.294 0.0000000000
68629  25.972  -20.970  -29.295 0.0000000000
62384  23.103  -29.268  -28.448 0.0000000000
124049  26.898  -16.534  -29.667 0.0000000000
72574  26.380  -16.968  -29.834 0.0000000000
72573  27.455  -16.517  -29.300 0.0000000000
71013  24.462  -18.395  -33.177 0.0000000000
73277  23.663  -15.585  -32.492 0.0000000000
73276  24.083  -16.225  -32.581 0.0000000000
72590  24.388  -16.856  -32.440 0.0000000000
73268  24.396  -16.178  -31.711 0.0000000000
72582  25.166  -16.146  -30.996 0.0000000000
73955  26.125  -14.438  -30.595 0.0000000000
73945  26.947  -14.341  -30.222 0.0000000000
73944  27.631  -14.133  -29.808 0.0000000000
75384  25.870  -12.795  -30.279 0.0000000000
75383  26.711  -12.572  -30.338 0.0000000000
75382  27.421  -12.676  -30.159 0.0000000000
120219  23.581  -7.806  -28.432 0.0000000000
78330  22.203  -8.483  -28.743 0.0000000000
105616  23.075  -8.471  -28.844 0.0000000000
78342  22.447  -9.024  -29.311 0.0000000000
79680  26.490  -6.845  -30.099 0.0000000000
79028  26.328  -7.441  -29.766 0.0000000000
78348  27.980  -9.060  -32.511 0.0000000000
78349  27.485  -9.298  -31.635 0.0000000000
122876  28.176  -8.975  -32.504 0.0000000000
77567  28.162  -9.354  -32.234 0.0000000000
67871  24.451  -22.580  -30.793 0.0000000000
67102  24.210  -23.365  -31.293 0.0000000000
114834  25.714  -23.846  -28.552 0.0000000000
66347  25.125  -24.137  -29.189 0.0000000000
66334  25.507  -24.629  -28.346 0.0000000000
66335  24.921  -24.931  -28.979 0.0000000000
70981  27.044  -18.013  -29.031 0.0000000000
70982  26.435  -18.732  -29.365 0.0000000000
118000  25.236  -10.275  -29.728 0.0000000000
70200  24.271  -19.174  -32.549 0.0000000000
70187  24.670  -20.025  -31.317 0.0000000000
126803  24.891  -19.575  -31.137 0.0000000000
70177  25.418  -19.725  -30.115 0.0000000000
70176  26.080  -19.635  -29.552 0.0000000000
63203  23.890  -28.074  -28.191 0.0000000000
63190  23.778  -28.771  -27.967 0.0000000000
63189  24.391  -28.192  -27.599 0.0000000000
63188  25.049  -28.207  -26.945 0.0000000000
73238  27.910  -15.696  -29.287 0.0000000000
73977  23.274  -14.810  -32.387 0.0000000000
123105  23.743  -14.952  -32.137 0.0000000000
73964  24.734  -15.355  -31.343 0.0000000000
73965  24.216  -14.733  -31.659 0.0000000000
73956  25.074  -14.439  -31.030 0.0000000000
76117  27.150  -11.928  -30.393 0.0000000000
79687  26.776  -6.906  -31.288 0.0000000000
79034  27.240  -7.941  -31.833 0.0000000000
79039  27.890  -8.316  -32.857 0.0000000000
67863  25.474  -22.607  -29.377 0.0000000000
63205  22.690  -28.980  -29.144 0.0000000000
63213  22.858  -28.361  -29.583 0.0000000000
64001  23.229  -27.675  -29.586 0.0000000000
64794  23.657  -26.996  -29.151 0.0000000000
64803  23.939  -26.247  -29.294 0.0000000000
75400  23.236  -12.889  -31.176 0.0000000000
74680  24.025  -13.275  -30.953 0.0000000000
127212  23.650  -12.763  -30.839 0.0000000000
75385  25.049  -12.325  -30.147 0.0000000000
76119  25.034  -11.525  -29.933 0.0000000000
79665  24.096  -5.550  -27.924 0.0000000000
80299  24.756  -5.700  -28.833 0.0000000000
68648  24.256  -21.892  -31.948 0.0000000000
68641  24.453  -21.842  -31.243 0.0000000000
69391  24.799  -20.468  -30.917 0.0000000000
68640  24.784  -21.101  -30.680 0.0000000000
68631  24.786  -21.866  -30.316 0.0000000000
68620  25.876  -21.780  -29.162 0.0000000000
114366  26.384  -21.948  -28.580 0.0000000000
68604  26.868  -21.692  -28.039 0.0000000000
71812  25.341  -17.516  -30.754 0.0000000000
71811  25.831  -17.548  -30.072 0.0000000000
71786  27.582  -17.299  -28.849 0.0000000000
72561  28.072  -16.546  -28.789 0.0000000000
71785  28.188  -17.353  -28.254 0.0000000000
71005  24.543  -18.328  -32.522 0.0000000000
71820  24.383  -17.577  -31.994 0.0000000000
72599  24.272  -17.049  -33.515 0.0000000000
71819  24.910  -17.433  -31.320 0.0000000000
108808  25.160  -16.935  -30.975 0.0000000000
112727  26.440  -16.180  -30.052 0.0000000000
73253  27.420  -15.000  -29.810 0.0000000000
73252  28.111  -14.750  -29.293 0.0000000000
74678  25.734  -13.640  -30.576 0.0000000000
125850  26.997  -12.966  -30.282 0.0000000000
74666  27.169  -13.484  -30.173 0.0000000000
74665  27.807  -13.352  -29.739 0.0000000000
80309  25.416  -5.744  -29.425 0.0000000000
79681  25.890  -6.636  -29.432 0.0000000000
78328  25.034  -8.319  -29.097 0.0000000000
78340  24.549  -9.100  -29.354 0.0000000000
77547  25.139  -9.678  -29.592 0.0000000000
77561  27.116  -10.000  -31.078 0.0000000000
77560  27.832  -9.828  -31.817 0.0000000000
113823  24.569  -26.040  -28.664 0.0000000000
127199  24.202  -23.886  -30.768 0.0000000000
67093  25.030  -23.322  -29.637 0.0000000000
116112  24.516  -24.000  -30.026 0.0000000000
66357  24.011  -24.600  -30.733 0.0000000000
66348  24.358  -24.871  -29.736 0.0000000000
65530  24.480  -25.525  -29.142 0.0000000000
70991  25.930  -18.237  -29.824 0.0000000000
70163  26.669  -19.599  -28.953 0.0000000000
114835  27.546  -19.075  -28.243 0.0000000000
70162  27.206  -19.651  -28.414 0.0000000000
69368  26.821  -20.325  -28.565 0.0000000000
68618  26.955  -20.897  -28.195 0.0000000000
69409  24.260  -20.050  -31.894 0.0000000000
71833  24.364  -17.746  -33.442 0.0000000000
113792  25.228  -22.004  -29.682 0.0000000000
120591  24.363  -16.786  -33.216 0.0000000000
