#!ascii label  , from subject sub-v1s12x0050105_ses-1 vox2ras=TkReg
1516
77559  -43.536  -12.611  29.057 0.0000000000
76840  -52.693  -13.214  17.074 0.0000000000
111633  -48.774  -7.452  36.898 0.0000000000
74194  -49.511  -16.422  26.071 0.0000000000
75849  -49.929  -13.806  32.279 0.0000000000
81550  -49.583  -7.548  24.051 0.0000000000
84018  -49.449  -4.309  27.339 0.0000000000
87259  -40.534  -0.409  21.439 0.0000000000
130461  -43.473  -16.518  35.477 0.0000000000
76760  -46.815  -14.042  26.152 0.0000000000
78394  -51.021  -11.735  24.495 0.0000000000
79945  -46.451  -9.565  26.440 0.0000000000
83929  -47.328  -4.077  38.847 0.0000000000
83973  -51.780  -4.847  33.470 0.0000000000
83136  -45.232  -6.020  33.656 0.0000000000
82382  -42.647  -6.222  25.857 0.0000000000
85674  -42.128  -2.110  28.913 0.0000000000
80030  -51.909  -9.354  17.163 0.0000000000
79132  -40.435  -10.161  34.272 0.0000000000
113938  -45.099  -9.605  32.955 0.0000000000
71513  -51.469  -20.017  27.805 0.0000000000
112745  -49.409  -16.836  30.138 0.0000000000
74173  -45.595  -16.739  28.493 0.0000000000
72366  -45.491  -18.857  32.434 0.0000000000
78426  -53.432  -10.484  22.092 0.0000000000
120279  -53.331  -5.792  22.306 0.0000000000
81511  -49.746  -7.405  30.257 0.0000000000
84913  -53.118  -2.883  26.896 0.0000000000
85753  -50.914  -1.840  20.532 0.0000000000
84124  -45.724  -4.343  19.353 0.0000000000
84987  -40.195  -3.194  18.403 0.0000000000
77566  -44.322  -12.636  27.071 0.0000000000
78378  -45.642  -11.509  25.861 0.0000000000
79167  -44.679  -10.717  27.798 0.0000000000
86399  -46.930  -1.872  36.619 0.0000000000
83106  -45.836  -5.101  36.177 0.0000000000
85639  -44.671  -2.872  34.431 0.0000000000
83979  -42.326  -4.749  32.321 0.0000000000
78453  -52.357  -11.460  17.484 0.0000000000
79123  -39.683  -10.861  36.605 0.0000000000
79891  -41.695  -9.763  36.505 0.0000000000
74140  -49.969  -15.111  31.179 0.0000000000
127481  -48.828  -14.080  29.874 0.0000000000
75004  -48.024  -15.329  30.486 0.0000000000
72334  -44.153  -18.166  34.246 0.0000000000
74149  -39.590  -16.608  30.437 0.0000000000
76736  -38.484  -13.468  31.295 0.0000000000
75002  -36.758  -15.370  31.554 0.0000000000
75076  -50.369  -15.293  24.347 0.0000000000
79971  -49.568  -9.568  23.434 0.0000000000
127728  -53.364  -11.092  24.378 0.0000000000
80769  -52.275  -8.609  23.353 0.0000000000
113492  -54.292  -8.168  22.893 0.0000000000
81557  -52.999  -6.738  23.432 0.0000000000
80698  -46.565  -8.278  35.312 0.0000000000
80717  -47.576  -8.414  32.267 0.0000000000
112181  -49.207  -7.541  33.946 0.0000000000
83994  -50.989  -4.052  30.646 0.0000000000
83996  -53.283  -4.198  31.062 0.0000000000
85675  -52.273  -1.912  28.223 0.0000000000
86501  -52.738  -1.326  24.766 0.0000000000
84932  -50.329  -2.933  24.471 0.0000000000
84959  -48.323  -3.549  20.621 0.0000000000
84072  -47.472  -4.722  23.357 0.0000000000
84929  -39.479  -3.280  24.146 0.0000000000
84092  -41.316  -4.908  22.081 0.0000000000
115044  -39.438  -2.185  20.928 0.0000000000
86549  -39.024  -0.562  16.796 0.0000000000
87966  -40.359  1.174  18.091 0.0000000000
76763  -49.388  -13.538  26.766 0.0000000000
130055  -51.516  -13.610  25.880 0.0000000000
130686  -48.399  -12.801  24.872 0.0000000000
79187  -47.747  -10.481  24.229 0.0000000000
80755  -48.361  -8.450  25.100 0.0000000000
82258  -50.528  -5.930  39.503 0.0000000000
82292  -51.880  -6.128  36.017 0.0000000000
111970  -50.033  -5.447  36.237 0.0000000000
83150  -48.969  -5.361  33.126 0.0000000000
83176  -47.914  -5.485  29.808 0.0000000000
129120  -46.166  -5.802  26.229 0.0000000000
112672  -44.431  -6.541  29.710 0.0000000000
83182  -40.582  -5.492  28.754 0.0000000000
86486  -40.833  -1.447  25.540 0.0000000000
80812  -51.698  -7.776  18.160 0.0000000000
78355  -41.831  -11.490  31.436 0.0000000000
132520  -44.367  -10.594  31.364 0.0000000000
79909  -42.898  -9.556  33.672 0.0000000000
80695  -44.053  -8.626  36.170 0.0000000000
80674  -45.208  -8.183  38.115 0.0000000000
81439  -44.664  -7.793  42.058 0.0000000000
81452  -47.566  -6.992  41.107 0.0000000000
71526  -48.730  -19.568  26.897 0.0000000000
71501  -49.858  -19.303  29.551 0.0000000000
121800  -49.548  -16.330  27.961 0.0000000000
75886  -48.838  -13.935  28.484 0.0000000000
75892  -46.395  -15.022  27.239 0.0000000000
75824  -49.837  -14.269  33.675 0.0000000000
73210  -46.581  -16.790  36.338 0.0000000000
116344  -47.354  -17.914  34.201 0.0000000000
74127  -47.925  -16.463  32.001 0.0000000000
73278  -45.808  -18.210  30.150 0.0000000000
76743  -42.004  -13.822  29.994 0.0000000000
125011  -51.202  -13.707  19.073 0.0000000000
76797  -51.791  -13.517  23.913 0.0000000000
130366  -52.135  -12.240  22.099 0.0000000000
77632  -52.152  -11.525  19.560 0.0000000000
79243  -52.987  -9.745  19.689 0.0000000000
80813  -53.257  -7.983  18.909 0.0000000000
83305  -52.189  -5.346  19.252 0.0000000000
79928  -45.658  -9.496  29.644 0.0000000000
126127  -47.834  -8.173  28.981 0.0000000000
81538  -49.236  -7.391  27.246 0.0000000000
82320  -51.757  -6.612  32.096 0.0000000000
82349  -51.075  -6.068  28.746 0.0000000000
83226  -50.789  -5.472  25.367 0.0000000000
83241  -53.108  -4.388  24.422 0.0000000000
84962  -52.707  -2.913  21.513 0.0000000000
84146  -50.659  -3.079  18.865 0.0000000000
111534  -44.931  -5.469  22.900 0.0000000000
84121  -42.478  -4.631  19.075 0.0000000000
85009  -40.444  -3.844  16.370 0.0000000000
85780  -38.406  -2.497  16.384 0.0000000000
86538  -36.643  -1.333  19.032 0.0000000000
77561  -43.643  -12.780  28.307 0.0000000000
78368  -44.551  -11.616  27.241 0.0000000000
78364  -43.914  -12.072  28.723 0.0000000000
86407  -46.060  -2.091  35.434 0.0000000000
85654  -44.361  -2.315  32.890 0.0000000000
77654  -52.431  -12.272  17.377 0.0000000000
75860  -49.694  -14.029  31.609 0.0000000000
75859  -49.166  -14.099  31.236 0.0000000000
74997  -48.789  -14.581  31.803 0.0000000000
73272  -39.056  -17.167  30.752 0.0000000000
75008  -38.022  -15.540  30.747 0.0000000000
73328  -48.996  -17.251  25.503 0.0000000000
75075  -49.944  -15.800  24.806 0.0000000000
80767  -49.872  -8.842  23.365 0.0000000000
79973  -51.594  -9.496  23.370 0.0000000000
119841  -50.720  -7.730  23.275 0.0000000000
121983  -53.030  -7.730  23.466 0.0000000000
81556  -51.107  -7.021  23.359 0.0000000000
81482  -47.709  -7.700  36.300 0.0000000000
81491  -48.130  -7.903  34.728 0.0000000000
81487  -48.992  -7.527  35.522 0.0000000000
84008  -50.007  -4.332  29.092 0.0000000000
132627  -51.265  -3.405  29.610 0.0000000000
121661  -50.526  -3.029  27.078 0.0000000000
85697  -51.038  -2.283  25.868 0.0000000000
134374  -49.519  -3.768  25.389 0.0000000000
84930  -48.897  -4.089  24.041 0.0000000000
84046  -48.389  -4.644  25.342 0.0000000000
86508  -39.809  -1.852  23.292 0.0000000000
124602  -39.511  -3.112  22.451 0.0000000000
87258  -39.957  -0.862  21.048 0.0000000000
87273  -40.066  -0.229  19.634 0.0000000000
87951  -40.670  0.155  20.092 0.0000000000
76761  -47.708  -13.854  26.089 0.0000000000
76779  -48.998  -13.311  25.708 0.0000000000
76778  -47.979  -13.384  25.530 0.0000000000
79179  -45.982  -10.961  25.697 0.0000000000
78390  -46.855  -11.472  24.737 0.0000000000
79956  -46.749  -9.868  25.574 0.0000000000
79963  -47.650  -9.784  24.607 0.0000000000
79946  -47.112  -9.128  26.017 0.0000000000
83068  -48.705  -5.196  39.761 0.0000000000
83091  -51.016  -5.731  38.078 0.0000000000
83089  -48.185  -5.192  38.164 0.0000000000
83126  -45.633  -5.539  34.848 0.0000000000
83128  -47.668  -5.551  34.491 0.0000000000
117902  -46.776  -5.810  32.939 0.0000000000
83157  -47.811  -5.480  31.454 0.0000000000
83156  -47.074  -5.716  31.311 0.0000000000
82337  -46.105  -6.206  29.617 0.0000000000
82317  -44.573  -6.468  31.649 0.0000000000
84865  -42.072  -3.288  31.131 0.0000000000
83164  -41.208  -5.132  30.733 0.0000000000
84877  -40.654  -3.441  29.031 0.0000000000
84894  -39.801  -3.268  26.766 0.0000000000
132064  -41.458  -1.591  26.684 0.0000000000
80024  -51.614  -9.019  17.522 0.0000000000
79144  -40.913  -10.503  32.699 0.0000000000
79146  -42.666  -10.385  32.450 0.0000000000
79907  -41.081  -9.793  33.973 0.0000000000
79888  -42.409  -9.665  37.769 0.0000000000
112349  -42.856  -9.136  36.334 0.0000000000
80689  -43.908  -8.728  37.009 0.0000000000
80690  -44.661  -8.423  36.663 0.0000000000
80673  -44.471  -8.691  38.513 0.0000000000
81427  -43.420  -7.198  43.181 0.0000000000
81451  -46.512  -7.464  41.241 0.0000000000
82228  -47.256  -6.319  42.514 0.0000000000
82230  -48.696  -5.962  41.746 0.0000000000
83038  -47.345  -4.965  43.191 0.0000000000
70684  -49.536  -20.517  25.942 0.0000000000
70660  -49.928  -20.414  27.431 0.0000000000
72403  -50.504  -19.116  30.167 0.0000000000
114836  -48.949  -17.988  29.702 0.0000000000
73300  -48.712  -17.938  28.796 0.0000000000
115390  -49.201  -16.999  29.271 0.0000000000
127227  -49.526  -14.306  28.500 0.0000000000
75887  -49.333  -14.246  29.221 0.0000000000
130835  -47.633  -15.385  29.235 0.0000000000
75035  -47.770  -14.995  28.790 0.0000000000
75034  -46.164  -16.127  28.081 0.0000000000
73219  -44.967  -16.861  35.509 0.0000000000
72336  -46.107  -18.309  34.167 0.0000000000
72349  -46.612  -18.384  33.380 0.0000000000
73245  -47.414  -17.885  33.359 0.0000000000
122757  -46.857  -18.144  31.853 0.0000000000
73279  -46.844  -17.662  30.985 0.0000000000
130980  -46.136  -18.389  31.022 0.0000000000
77553  -40.971  -12.834  30.520 0.0000000000
76741  -40.532  -13.596  30.314 0.0000000000
75112  -50.782  -15.552  19.424 0.0000000000
77587  -51.158  -12.694  25.734 0.0000000000
76780  -51.811  -13.290  25.488 0.0000000000
76781  -52.253  -12.885  25.090 0.0000000000
127567  -53.817  -11.006  23.563 0.0000000000
77617  -52.537  -12.332  23.028 0.0000000000
117939  -52.722  -11.688  22.372 0.0000000000
77631  -51.786  -12.173  20.274 0.0000000000
78433  -52.538  -10.929  20.223 0.0000000000
78440  -52.445  -10.931  19.086 0.0000000000
79229  -53.479  -9.953  21.568 0.0000000000
81571  -53.777  -7.369  22.366 0.0000000000
80803  -53.418  -8.082  20.378 0.0000000000
81583  -53.294  -7.179  20.831 0.0000000000
81597  -53.060  -6.953  18.455 0.0000000000
83292  -52.686  -5.352  20.643 0.0000000000
79921  -44.973  -9.854  32.204 0.0000000000
79154  -45.204  -10.007  30.871 0.0000000000
79922  -45.535  -9.624  31.555 0.0000000000
80722  -48.271  -7.927  30.974 0.0000000000
80725  -47.595  -8.267  30.468 0.0000000000
80729  -48.385  -7.886  29.330 0.0000000000
81528  -48.781  -7.707  28.000 0.0000000000
81519  -49.793  -7.295  28.923 0.0000000000
83131  -52.184  -5.813  34.879 0.0000000000
82300  -52.048  -6.365  34.145 0.0000000000
82302  -52.672  -5.603  33.399 0.0000000000
84888  -53.244  -3.577  28.785 0.0000000000
83180  -52.556  -5.065  29.578 0.0000000000
83187  -52.251  -4.974  28.648 0.0000000000
134278  -51.263  -5.448  27.557 0.0000000000
84036  -51.874  -4.388  26.510 0.0000000000
84061  -52.145  -4.522  24.738 0.0000000000
84922  -53.087  -3.406  25.452 0.0000000000
86517  -52.060  -1.185  22.638 0.0000000000
85737  -52.580  -1.530  22.843 0.0000000000
86525  -51.999  -1.465  21.402 0.0000000000
84980  -51.758  -2.556  19.963 0.0000000000
86543  -50.883  -1.879  19.479 0.0000000000
84145  -49.912  -2.760  18.430 0.0000000000
86541  -49.428  -1.613  18.586 0.0000000000
84112  -46.939  -4.208  20.129 0.0000000000
84990  -47.130  -2.499  17.952 0.0000000000
82372  -44.852  -6.189  26.131 0.0000000000
83236  -45.232  -5.630  24.413 0.0000000000
130745  -43.997  -5.660  23.936 0.0000000000
84105  -40.732  -4.268  20.406 0.0000000000
84107  -42.448  -4.986  20.676 0.0000000000
84120  -41.518  -4.350  18.927 0.0000000000
84153  -41.823  -3.993  16.883 0.0000000000
122885  -40.184  -3.310  16.509 0.0000000000
85008  -39.689  -3.583  16.305 0.0000000000
85782  -39.478  -2.603  16.317 0.0000000000
128137  -38.243  0.169  17.204 0.0000000000
87282  -37.796  -0.501  17.283 0.0000000000
87271  -36.899  -0.407  18.545 0.0000000000
87256  -36.585  -0.864  20.173 0.0000000000
76759  -45.462  -13.399  26.113 0.0000000000
132385  -45.825  -12.999  25.718 0.0000000000
77568  -44.857  -12.285  26.493 0.0000000000
78370  -45.118  -11.487  26.466 0.0000000000
128674  -45.155  -10.229  27.537 0.0000000000
133479  -46.619  -4.803  37.283 0.0000000000
83935  -45.800  -4.018  37.022 0.0000000000
84837  -44.980  -3.999  35.738 0.0000000000
83125  -44.694  -5.226  34.648 0.0000000000
83147  -43.985  -6.064  33.164 0.0000000000
84847  -43.678  -3.865  33.984 0.0000000000
85659  -43.359  -2.454  31.845 0.0000000000
79261  -52.171  -10.912  17.159 0.0000000000
79127  -39.777  -10.993  35.793 0.0000000000
79895  -41.138  -9.779  35.199 0.0000000000
79124  -40.418  -10.574  36.360 0.0000000000
114116  -49.624  -15.454  30.387 0.0000000000
75881  -49.208  -14.131  29.919 0.0000000000
75873  -49.229  -14.171  30.746 0.0000000000
75014  -48.434  -14.531  30.227 0.0000000000
74165  -47.238  -16.123  29.322 0.0000000000
120245  -43.735  -17.139  34.902 0.0000000000
112503  -42.884  -18.614  32.713 0.0000000000
75011  -40.058  -15.939  30.154 0.0000000000
75869  -39.307  -14.549  30.385 0.0000000000
124982  -39.083  -15.197  30.326 0.0000000000
75857  -37.309  -14.606  31.450 0.0000000000
78410  -50.423  -11.108  23.652 0.0000000000
78395  -52.038  -11.756  24.785 0.0000000000
79205  -51.028  -10.383  23.392 0.0000000000
79190  -53.364  -10.371  24.356 0.0000000000
79208  -54.318  -9.983  23.884 0.0000000000
79998  -54.132  -9.354  22.232 0.0000000000
80771  -54.413  -8.759  23.994 0.0000000000
81558  -53.663  -7.403  23.400 0.0000000000
129326  -53.267  -5.620  23.495 0.0000000000
80708  -46.086  -9.039  33.722 0.0000000000
79919  -46.262  -9.149  32.964 0.0000000000
80709  -46.811  -8.723  33.518 0.0000000000
80711  -48.289  -8.053  32.762 0.0000000000
128073  -49.763  -7.381  31.833 0.0000000000
83160  -51.518  -4.426  32.571 0.0000000000
83981  -52.869  -4.500  32.701 0.0000000000
83995  -52.110  -3.542  31.284 0.0000000000
85670  -52.966  -2.084  29.387 0.0000000000
85689  -53.036  -1.557  27.608 0.0000000000
85710  -53.188  -1.796  25.860 0.0000000000
86489  -52.361  -1.400  25.855 0.0000000000
85716  -51.871  -1.384  24.411 0.0000000000
85735  -50.694  -2.420  22.548 0.0000000000
132553  -49.700  -2.467  20.438 0.0000000000
84961  -49.516  -3.219  21.780 0.0000000000
84097  -47.940  -4.252  21.595 0.0000000000
84095  -46.570  -4.649  21.067 0.0000000000
83233  -41.142  -5.656  24.855 0.0000000000
83247  -41.573  -5.365  23.364 0.0000000000
116381  -40.316  -4.456  23.180 0.0000000000
84957  -39.739  -3.279  21.006 0.0000000000
85761  -39.499  -2.276  18.755 0.0000000000
126096  -39.268  -1.674  17.316 0.0000000000
86540  -39.211  -1.196  18.383 0.0000000000
87278  -39.446  0.124  17.859 0.0000000000
88643  -39.091  1.218  17.314 0.0000000000
75047  -50.339  -14.756  27.281 0.0000000000
75061  -50.680  -14.812  26.512 0.0000000000
76755  -50.347  -13.632  26.818 0.0000000000
123004  -50.482  -12.755  25.806 0.0000000000
77601  -49.238  -12.324  24.380 0.0000000000
77584  -46.645  -12.246  25.034 0.0000000000
77600  -48.313  -11.999  24.237 0.0000000000
123566  -49.002  -11.770  23.873 0.0000000000
79188  -48.554  -10.337  23.763 0.0000000000
80760  -48.623  -8.845  24.187 0.0000000000
81549  -48.916  -7.954  24.548 0.0000000000
81479  -50.155  -6.798  38.546 0.0000000000
81484  -50.930  -6.769  37.099 0.0000000000
82279  -51.209  -6.296  38.065 0.0000000000
83111  -51.719  -5.867  36.750 0.0000000000
83121  -50.595  -5.442  35.517 0.0000000000
83108  -47.980  -5.384  36.681 0.0000000000
133652  -49.658  -5.398  34.775 0.0000000000
83139  -50.378  -5.130  33.593 0.0000000000
119129  -49.276  -5.263  31.733 0.0000000000
130702  -49.467  -5.110  30.416 0.0000000000
83185  -48.305  -5.270  28.436 0.0000000000
83212  -47.881  -5.207  26.703 0.0000000000
83183  -46.849  -5.832  28.351 0.0000000000
82345  -45.340  -6.379  28.324 0.0000000000
127426  -43.723  -6.526  27.982 0.0000000000
82315  -42.666  -6.160  31.372 0.0000000000
82332  -41.772  -6.287  29.500 0.0000000000
82369  -41.715  -6.253  26.885 0.0000000000
84044  -39.917  -4.753  25.917 0.0000000000
85706  -39.726  -2.633  25.395 0.0000000000
87241  -40.776  -0.656  23.194 0.0000000000
117936  -43.028  -11.700  30.878 0.0000000000
78360  -43.607  -11.596  30.545 0.0000000000
79151  -43.073  -10.838  31.839 0.0000000000
79147  -43.594  -10.297  32.395 0.0000000000
79916  -43.708  -9.743  33.149 0.0000000000
79902  -42.399  -9.277  34.617 0.0000000000
112532  -43.213  -9.224  34.372 0.0000000000
79905  -44.689  -9.126  34.207 0.0000000000
80697  -45.668  -8.459  35.371 0.0000000000
80686  -46.223  -7.937  36.743 0.0000000000
81476  -46.831  -7.643  37.454 0.0000000000
80667  -43.616  -9.174  39.814 0.0000000000
80657  -45.455  -8.234  40.135 0.0000000000
81460  -46.040  -7.783  39.561 0.0000000000
81468  -48.129  -7.300  39.034 0.0000000000
81463  -49.054  -6.618  40.569 0.0000000000
124574  -49.388  -5.662  40.743 0.0000000000
83910  -48.463  -4.104  41.169 0.0000000000
72444  -48.703  -19.132  25.161 0.0000000000
73327  -48.647  -17.969  25.971 0.0000000000
71502  -50.791  -19.514  29.428 0.0000000000
71512  -50.523  -20.113  28.035 0.0000000000
122994  -49.008  -19.641  28.219 0.0000000000
73305  -48.691  -17.883  27.853 0.0000000000
122018  -49.500  -16.422  26.809 0.0000000000
75037  -49.904  -14.765  27.953 0.0000000000
76753  -49.079  -13.728  27.690 0.0000000000
75905  -47.517  -14.305  26.708 0.0000000000
75879  -48.567  -14.250  29.124 0.0000000000
75893  -47.288  -14.746  27.349 0.0000000000
75904  -46.551  -14.547  26.737 0.0000000000
75902  -44.987  -13.969  26.556 0.0000000000
74091  -48.543  -16.954  36.076 0.0000000000
73234  -45.606  -17.864  34.968 0.0000000000
73221  -47.127  -17.499  35.628 0.0000000000
74104  -48.699  -16.995  35.219 0.0000000000
74113  -48.987  -16.353  34.490 0.0000000000
74115  -48.543  -15.889  33.069 0.0000000000
74983  -48.964  -14.830  32.692 0.0000000000
74139  -48.319  -15.476  31.642 0.0000000000
129366  -46.868  -17.285  30.258 0.0000000000
73299  -45.969  -17.290  29.072 0.0000000000
77558  -43.111  -12.774  29.678 0.0000000000
77550  -41.447  -12.167  30.938 0.0000000000
117327  -40.922  -11.594  31.539 0.0000000000
78350  -39.622  -11.247  32.386 0.0000000000
78345  -39.231  -11.070  34.117 0.0000000000
74277  -51.928  -16.106  18.651 0.0000000000
125559  -51.729  -14.874  18.465 0.0000000000
75973  -51.930  -14.005  18.352 0.0000000000
133751  -51.251  -14.408  25.525 0.0000000000
75926  -51.405  -14.105  24.340 0.0000000000
77604  -52.532  -12.351  24.556 0.0000000000
76804  -52.204  -12.943  23.502 0.0000000000
76808  -51.236  -13.383  21.843 0.0000000000
134411  -51.439  -12.774  20.544 0.0000000000
76831  -51.719  -13.027  18.647 0.0000000000
77644  -52.157  -12.432  18.298 0.0000000000
118626  -52.386  -11.754  17.869 0.0000000000
79248  -52.591  -10.539  18.385 0.0000000000
117129  -52.502  -9.985  17.790 0.0000000000
80010  -53.409  -9.474  20.924 0.0000000000
80018  -53.105  -9.014  18.816 0.0000000000
80026  -53.036  -8.290  18.145 0.0000000000
81608  -52.645  -7.301  18.017 0.0000000000
82445  -52.569  -6.738  18.421 0.0000000000
83304  -51.875  -5.450  19.097 0.0000000000
79160  -44.645  -10.608  29.651 0.0000000000
79161  -45.090  -10.041  29.161 0.0000000000
79932  -45.628  -9.546  28.698 0.0000000000
79926  -46.221  -9.140  31.162 0.0000000000
79933  -46.315  -8.914  29.162 0.0000000000
80737  -46.802  -8.697  27.740 0.0000000000
80738  -47.587  -8.426  27.400 0.0000000000
81537  -48.782  -7.697  26.431 0.0000000000
116679  -49.435  -7.195  25.044 0.0000000000
81493  -49.980  -7.318  34.547 0.0000000000
81504  -50.969  -6.973  33.358 0.0000000000
129468  -50.985  -6.859  31.369 0.0000000000
82322  -52.864  -5.431  31.887 0.0000000000
118055  -51.574  -6.374  30.429 0.0000000000
82338  -50.884  -6.724  29.843 0.0000000000
82348  -50.482  -6.463  28.300 0.0000000000
82374  -50.336  -6.167  26.562 0.0000000000
82391  -50.307  -6.168  24.940 0.0000000000
83254  -51.400  -5.686  23.992 0.0000000000
83257  -53.419  -5.097  23.454 0.0000000000
85728  -53.303  -2.378  24.266 0.0000000000
84951  -53.253  -3.415  22.854 0.0000000000
84098  -53.064  -4.355  21.849 0.0000000000
126558  -52.365  -3.856  20.488 0.0000000000
124538  -51.799  -4.067  19.460 0.0000000000
85762  -48.433  -1.780  18.372 0.0000000000
83238  -46.922  -5.248  24.446 0.0000000000
131668  -46.188  -5.280  23.232 0.0000000000
83290  -45.193  -5.133  21.104 0.0000000000
116375  -42.878  -5.473  22.303 0.0000000000
83288  -43.500  -5.212  20.797 0.0000000000
129708  -44.125  -4.690  19.080 0.0000000000
114481  -43.338  -4.248  17.261 0.0000000000
84170  -42.491  -4.138  15.799 0.0000000000
83326  -40.896  -4.964  16.094 0.0000000000
86561  -38.757  -1.702  16.152 0.0000000000
85779  -37.637  -2.029  16.948 0.0000000000
87945  -42.396  0.679  21.748 0.0000000000
87962  -42.169  1.212  19.578 0.0000000000
121593  -42.063  1.996  17.921 0.0000000000
89238  -40.266  2.252  18.092 0.0000000000
88617  -39.408  1.774  19.657 0.0000000000
77556  -43.728  -12.015  29.690 0.0000000000
75850  -50.691  -14.107  32.677 0.0000000000
123050  -50.631  -14.590  32.270 0.0000000000
75861  -50.233  -13.909  31.981 0.0000000000
75848  -49.412  -14.068  32.000 0.0000000000
73264  -39.352  -17.862  31.191 0.0000000000
74203  -49.476  -16.506  25.140 0.0000000000
75070  -50.055  -15.658  25.808 0.0000000000
81554  -50.039  -8.018  23.417 0.0000000000
81555  -50.294  -7.231  23.657 0.0000000000
81486  -47.939  -7.802  35.512 0.0000000000
122547  -48.539  -7.559  36.123 0.0000000000
84007  -49.657  -4.325  28.182 0.0000000000
84885  -50.287  -3.814  28.443 0.0000000000
84911  -49.915  -3.680  26.828 0.0000000000
84035  -49.240  -4.306  26.511 0.0000000000
84047  -49.085  -4.277  25.719 0.0000000000
84034  -48.502  -4.741  26.180 0.0000000000
86509  -40.207  -1.219  22.813 0.0000000000
86516  -39.922  -1.144  21.857 0.0000000000
87266  -40.327  -0.375  20.583 0.0000000000
87943  -41.035  0.173  20.813 0.0000000000
125678  -48.504  -13.624  26.129 0.0000000000
76777  -47.065  -13.537  25.586 0.0000000000
79171  -46.153  -10.333  26.010 0.0000000000
83076  -47.916  -4.801  38.997 0.0000000000
83077  -49.241  -5.427  39.044 0.0000000000
115244  -46.049  -5.903  33.896 0.0000000000
82310  -46.349  -6.004  32.047 0.0000000000
127741  -45.639  -6.292  31.606 0.0000000000
82309  -45.299  -6.292  32.334 0.0000000000
134408  -41.750  -2.571  29.462 0.0000000000
118873  -41.125  -3.555  30.129 0.0000000000
85673  -41.239  -2.610  28.789 0.0000000000
85685  -41.050  -2.310  27.881 0.0000000000
86454  -41.758  -2.022  28.246 0.0000000000
79252  -51.218  -10.444  16.834 0.0000000000
80029  -51.396  -9.784  17.266 0.0000000000
79135  -40.600  -10.213  33.429 0.0000000000
79136  -41.406  -10.046  33.253 0.0000000000
79889  -43.106  -9.519  38.294 0.0000000000
79893  -43.131  -9.260  37.252 0.0000000000
80683  -43.816  -9.013  37.918 0.0000000000
80672  -43.768  -9.264  38.883 0.0000000000
82211  -46.153  -5.915  43.493 0.0000000000
119713  -46.856  -5.723  43.237 0.0000000000
70675  -51.151  -20.671  26.560 0.0000000000
70674  -50.265  -20.742  26.497 0.0000000000
70661  -50.843  -20.468  27.253 0.0000000000
74166  -49.545  -15.746  29.528 0.0000000000
75036  -49.686  -14.911  28.796 0.0000000000
74174  -46.461  -16.593  28.770 0.0000000000
119822  -47.039  -15.831  28.621 0.0000000000
75033  -45.244  -16.137  27.882 0.0000000000
73218  -44.110  -16.600  35.457 0.0000000000
72348  -45.733  -18.622  33.369 0.0000000000
72367  -46.338  -18.557  32.603 0.0000000000
73255  -47.031  -18.217  32.705 0.0000000000
72382  -46.072  -18.641  31.872 0.0000000000
72381  -45.399  -18.922  31.468 0.0000000000
75871  -41.129  -14.329  29.950 0.0000000000
75870  -40.130  -14.424  30.167 0.0000000000
75954  -50.520  -14.868  20.693 0.0000000000
77602  -50.449  -12.322  25.027 0.0000000000
77588  -51.760  -12.792  25.444 0.0000000000
78380  -51.518  -12.276  25.203 0.0000000000
78418  -54.053  -10.455  23.204 0.0000000000
124294  -53.443  -11.102  22.723 0.0000000000
78425  -52.759  -11.082  21.476 0.0000000000
79228  -52.893  -10.408  20.994 0.0000000000
82409  -53.363  -6.485  21.788 0.0000000000
82421  -52.934  -6.186  20.574 0.0000000000
127932  -53.009  -5.826  21.407 0.0000000000
79918  -45.633  -9.480  32.493 0.0000000000
81510  -48.987  -7.589  30.590 0.0000000000
80726  -48.329  -7.901  30.128 0.0000000000
81514  -49.035  -7.579  29.778 0.0000000000
81518  -49.084  -7.573  28.903 0.0000000000
81515  -49.764  -7.370  29.520 0.0000000000
83140  -52.282  -5.460  33.939 0.0000000000
82297  -52.467  -5.796  34.126 0.0000000000
83141  -52.592  -5.358  33.553 0.0000000000
84897  -53.348  -2.982  28.008 0.0000000000
84009  -52.939  -4.341  29.120 0.0000000000
84020  -52.734  -4.108  28.219 0.0000000000
84019  -51.866  -4.758  27.607 0.0000000000
84037  -52.610  -3.811  27.217 0.0000000000
84049  -52.649  -3.656  26.165 0.0000000000
85745  -51.928  -1.343  21.892 0.0000000000
86524  -51.633  -1.638  21.017 0.0000000000
86533  -51.433  -1.997  20.066 0.0000000000
86532  -51.239  -1.855  20.218 0.0000000000
86542  -50.102  -1.702  18.914 0.0000000000
86531  -50.558  -1.843  19.634 0.0000000000
84125  -46.507  -4.013  19.443 0.0000000000
84142  -46.214  -3.694  18.733 0.0000000000
84141  -45.615  -3.783  18.208 0.0000000000
134037  -45.245  -4.383  18.894 0.0000000000
82384  -44.072  -6.163  25.735 0.0000000000
111070  -44.031  -5.929  25.043 0.0000000000
82383  -43.238  -6.103  25.257 0.0000000000
84119  -40.657  -3.911  19.376 0.0000000000
84136  -40.885  -3.783  18.193 0.0000000000
116985  -40.400  -3.320  17.376 0.0000000000
85771  -39.732  -2.605  17.133 0.0000000000
87964  -38.272  0.697  17.624 0.0000000000
87971  -37.524  -0.029  17.763 0.0000000000
77569  -45.320  -12.716  26.016 0.0000000000
76758  -44.764  -13.130  26.444 0.0000000000
118383  -44.266  -11.394  28.234 0.0000000000
79168  -45.026  -10.756  27.003 0.0000000000
129751  -46.450  -3.598  37.542 0.0000000000
85623  -46.554  -2.754  37.079 0.0000000000
85640  -45.301  -2.513  34.899 0.0000000000
85630  -45.415  -3.058  35.661 0.0000000000
84849  -44.796  -3.375  35.113 0.0000000000
83960  -44.769  -4.585  35.182 0.0000000000
84836  -44.529  -4.032  35.100 0.0000000000
83969  -44.205  -4.467  34.551 0.0000000000
130426  -44.173  -3.199  34.048 0.0000000000
86433  -45.101  -1.562  32.276 0.0000000000
85660  -44.124  -2.086  32.067 0.0000000000
85663  -43.267  -2.194  31.104 0.0000000000
77664  -52.325  -12.031  17.033 0.0000000000
78462  -52.116  -11.473  16.890 0.0000000000
112699  -49.464  -14.358  30.567 0.0000000000
75005  -48.529  -14.679  30.987 0.0000000000
75872  -48.950  -14.044  30.491 0.0000000000
75013  -47.811  -15.328  29.866 0.0000000000
74153  -47.448  -16.311  30.187 0.0000000000
73275  -41.245  -17.502  30.474 0.0000000000
74150  -40.493  -16.848  30.327 0.0000000000
118237  -39.714  -15.178  30.147 0.0000000000
75010  -39.313  -15.825  30.309 0.0000000000
75867  -37.809  -14.899  30.882 0.0000000000
79204  -49.989  -10.337  23.363 0.0000000000
78411  -51.598  -11.095  24.119 0.0000000000
79207  -53.028  -9.488  24.094 0.0000000000
79965  -54.060  -9.546  24.237 0.0000000000
79974  -54.452  -9.377  23.838 0.0000000000
80770  -53.697  -8.654  23.998 0.0000000000
82400  -53.348  -6.486  23.237 0.0000000000
82399  -52.966  -5.865  23.629 0.0000000000
132541  -46.131  -8.543  34.885 0.0000000000
80703  -46.583  -8.578  34.419 0.0000000000
80705  -48.343  -7.930  33.782 0.0000000000
81496  -49.054  -7.602  33.189 0.0000000000
81502  -49.005  -7.662  32.286 0.0000000000
83986  -51.224  -4.237  31.601 0.0000000000
84887  -51.534  -2.652  28.655 0.0000000000
111247  -51.762  -2.864  29.461 0.0000000000
85669  -52.488  -2.201  29.084 0.0000000000
85677  -53.117  -2.132  29.254 0.0000000000
85688  -52.717  -1.564  27.773 0.0000000000
86467  -52.735  -1.444  27.081 0.0000000000
85687  -52.054  -1.635  27.257 0.0000000000
85708  -51.051  -2.147  24.935 0.0000000000
85715  -51.156  -2.116  23.971 0.0000000000
85726  -51.176  -2.074  23.161 0.0000000000
84940  -50.294  -2.899  23.463 0.0000000000
84949  -49.841  -3.182  22.606 0.0000000000
130945  -48.143  -4.494  23.706 0.0000000000
84084  -48.292  -4.218  22.404 0.0000000000
134048  -47.979  -4.450  23.028 0.0000000000
125878  -47.202  -4.544  21.628 0.0000000000
84083  -47.448  -4.596  22.462 0.0000000000
84057  -40.013  -4.658  25.024 0.0000000000
84070  -40.248  -4.670  24.094 0.0000000000
84069  -39.710  -3.949  23.673 0.0000000000
124735  -39.533  -2.779  21.609 0.0000000000
133521  -39.547  -2.726  20.961 0.0000000000
85751  -39.591  -2.689  20.221 0.0000000000
86530  -39.377  -1.578  19.880 0.0000000000
87959  -39.802  0.282  18.531 0.0000000000
87965  -39.573  0.853  17.515 0.0000000000
87973  -39.289  1.033  17.185 0.0000000000
87974  -39.823  1.309  17.715 0.0000000000
118056  -50.691  -14.175  26.758 0.0000000000
77570  -50.014  -13.065  26.223 0.0000000000
77586  -49.592  -12.780  25.296 0.0000000000
77583  -45.901  -12.300  25.590 0.0000000000
126209  -46.455  -12.956  25.398 0.0000000000
79186  -47.121  -10.840  24.585 0.0000000000
78391  -47.589  -11.345  24.324 0.0000000000
78392  -48.359  -11.194  23.872 0.0000000000
78409  -49.314  -11.024  23.556 0.0000000000
79958  -47.983  -9.173  24.799 0.0000000000
126692  -50.386  -6.337  39.366 0.0000000000
82266  -50.865  -6.148  38.933 0.0000000000
132423  -50.433  -5.537  37.613 0.0000000000
83110  -51.051  -5.638  37.185 0.0000000000
130536  -51.149  -5.597  36.382 0.0000000000
83122  -51.650  -5.780  35.988 0.0000000000
83088  -47.417  -5.135  37.347 0.0000000000
83107  -46.733  -5.231  36.571 0.0000000000
112759  -48.257  -5.463  33.785 0.0000000000
113362  -48.682  -5.461  34.568 0.0000000000
83138  -49.378  -5.359  34.039 0.0000000000
83151  -49.657  -5.209  32.524 0.0000000000
83167  -47.708  -5.506  30.621 0.0000000000
83158  -48.602  -5.379  31.130 0.0000000000
83168  -48.647  -5.382  30.217 0.0000000000
83177  -48.485  -5.313  29.290 0.0000000000
117256  -47.604  -5.506  28.156 0.0000000000
83184  -47.597  -5.577  29.024 0.0000000000
82328  -45.363  -6.415  30.069 0.0000000000
82346  -46.130  -6.196  28.820 0.0000000000
82335  -44.664  -6.506  28.863 0.0000000000
113035  -44.922  -6.420  27.651 0.0000000000
111709  -43.745  -6.584  28.882 0.0000000000
83133  -43.118  -5.097  33.067 0.0000000000
82307  -42.996  -5.967  32.181 0.0000000000
82306  -42.338  -5.470  31.896 0.0000000000
83173  -40.457  -4.980  29.570 0.0000000000
82324  -41.424  -5.803  30.264 0.0000000000
82342  -41.321  -6.153  28.641 0.0000000000
113317  -42.009  -6.417  28.163 0.0000000000
82341  -40.761  -5.833  27.953 0.0000000000
83209  -40.488  -5.522  26.381 0.0000000000
84017  -40.010  -4.738  27.701 0.0000000000
85707  -40.220  -2.142  25.811 0.0000000000
84910  -39.820  -2.748  26.094 0.0000000000
85714  -40.148  -1.812  24.940 0.0000000000
86498  -40.445  -1.339  24.277 0.0000000000
87232  -40.911  -0.783  23.967 0.0000000000
80815  -51.353  -8.627  18.067 0.0000000000
81596  -51.557  -7.097  18.725 0.0000000000
78356  -42.669  -11.380  31.372 0.0000000000
79137  -42.266  -9.955  33.094 0.0000000000
79138  -43.022  -9.946  32.919 0.0000000000
79125  -41.100  -10.084  36.020 0.0000000000
79901  -41.504  -9.567  34.616 0.0000000000
79896  -41.781  -9.486  35.522 0.0000000000
120221  -43.433  -8.857  35.653 0.0000000000
112917  -43.086  -9.012  34.962 0.0000000000
79903  -43.888  -8.965  34.771 0.0000000000
79898  -44.203  -8.696  35.458 0.0000000000
79904  -44.818  -8.715  34.991 0.0000000000
80696  -44.808  -8.480  35.803 0.0000000000
120021  -45.337  -8.171  37.166 0.0000000000
80685  -45.993  -7.873  37.686 0.0000000000
114879  -44.057  -7.487  42.752 0.0000000000
80655  -43.310  -8.558  40.781 0.0000000000
80644  -44.243  -8.226  41.231 0.0000000000
117948  -44.253  -8.753  40.337 0.0000000000
80656  -44.915  -8.365  40.658 0.0000000000
111078  -46.090  -7.810  40.421 0.0000000000
81461  -46.953  -7.395  40.167 0.0000000000
81467  -46.911  -7.479  39.017 0.0000000000
112143  -47.761  -7.319  39.685 0.0000000000
112906  -48.771  -6.969  39.864 0.0000000000
81462  -48.142  -7.046  40.443 0.0000000000
83048  -48.435  -5.067  42.063 0.0000000000
83055  -49.149  -5.797  41.277 0.0000000000
117860  -48.726  -5.123  41.392 0.0000000000
83921  -48.832  -5.164  40.560 0.0000000000
70695  -49.664  -20.555  24.996 0.0000000000
71527  -49.019  -20.006  26.225 0.0000000000
71542  -49.084  -19.934  25.485 0.0000000000
71541  -48.695  -19.389  25.989 0.0000000000
127328  -48.594  -18.688  25.696 0.0000000000
72434  -48.545  -18.725  26.458 0.0000000000
71506  -51.153  -19.763  28.614 0.0000000000
71505  -50.177  -19.737  28.813 0.0000000000
115810  -49.617  -19.936  28.175 0.0000000000
71500  -49.224  -19.449  28.876 0.0000000000
73301  -49.149  -17.054  28.342 0.0000000000
72413  -48.605  -18.663  28.239 0.0000000000
73306  -49.172  -16.967  27.369 0.0000000000
74181  -49.729  -16.018  27.425 0.0000000000
128649  -50.046  -15.316  27.524 0.0000000000
75046  -49.804  -15.541  28.043 0.0000000000
127309  -49.353  -13.977  28.370 0.0000000000
75894  -48.243  -14.216  27.522 0.0000000000
75880  -49.099  -14.012  29.330 0.0000000000
75045  -46.972  -15.387  27.874 0.0000000000
75885  -47.982  -14.569  28.213 0.0000000000
75891  -45.549  -14.746  26.948 0.0000000000
74103  -45.699  -16.295  36.406 0.0000000000
74090  -46.954  -16.357  36.962 0.0000000000
121921  -47.851  -16.674  36.761 0.0000000000
73211  -47.569  -17.102  36.254 0.0000000000
73233  -44.635  -17.582  34.905 0.0000000000
127884  -46.862  -18.209  34.016 0.0000000000
73235  -46.692  -17.978  34.867 0.0000000000
73236  -47.640  -17.661  34.789 0.0000000000
73222  -48.049  -17.361  35.453 0.0000000000
73237  -48.372  -17.176  34.602 0.0000000000
73246  -48.062  -16.815  32.970 0.0000000000
74128  -48.438  -15.668  32.354 0.0000000000
131819  -46.388  -17.878  30.421 0.0000000000
73292  -46.236  -17.646  29.772 0.0000000000
73291  -45.528  -17.853  29.509 0.0000000000
130730  -42.447  -14.339  29.588 0.0000000000
116388  -42.996  -14.849  29.130 0.0000000000
76746  -42.684  -13.517  29.657 0.0000000000
77554  -42.131  -12.824  30.281 0.0000000000
77549  -40.499  -12.270  31.090 0.0000000000
76739  -38.837  -13.961  30.707 0.0000000000
76737  -39.223  -13.172  30.942 0.0000000000
78349  -38.906  -11.604  32.736 0.0000000000
115476  -39.349  -10.983  33.169 0.0000000000
78344  -38.756  -11.529  33.626 0.0000000000
74267  -51.286  -16.389  19.231 0.0000000000
75966  -50.991  -14.640  19.018 0.0000000000
75918  -51.293  -14.181  26.118 0.0000000000
75071  -50.703  -14.961  25.456 0.0000000000
76790  -51.978  -13.433  24.876 0.0000000000
78396  -52.668  -11.749  24.529 0.0000000000
77616  -51.814  -12.819  22.460 0.0000000000
76814  -51.149  -13.322  20.797 0.0000000000
77623  -51.619  -12.616  21.340 0.0000000000
124083  -52.266  -11.452  20.548 0.0000000000
77638  -51.800  -12.240  19.104 0.0000000000
77645  -52.402  -12.370  17.770 0.0000000000
77639  -52.218  -11.703  18.487 0.0000000000
79242  -52.703  -10.334  19.100 0.0000000000
80017  -52.811  -9.857  18.577 0.0000000000
80778  -54.570  -8.883  23.302 0.0000000000
118422  -54.266  -8.668  22.377 0.0000000000
80817  -52.568  -8.008  17.670 0.0000000000
81609  -53.024  -7.587  18.038 0.0000000000
82435  -52.718  -6.254  18.815 0.0000000000
83314  -52.363  -6.131  18.821 0.0000000000
82434  -51.918  -6.326  18.716 0.0000000000
79156  -44.068  -11.055  30.962 0.0000000000
78362  -44.216  -11.232  30.142 0.0000000000
79157  -44.657  -10.534  30.652 0.0000000000
79158  -45.158  -10.040  30.090 0.0000000000
80716  -46.892  -8.777  32.642 0.0000000000
79923  -46.246  -9.194  32.102 0.0000000000
80720  -46.890  -8.760  31.734 0.0000000000
80728  -47.708  -8.213  29.642 0.0000000000
80727  -46.905  -8.512  29.888 0.0000000000
80731  -47.131  -8.390  29.067 0.0000000000
130603  -46.743  -8.637  28.477 0.0000000000
80732  -47.508  -8.329  28.297 0.0000000000
80739  -48.390  -8.036  27.088 0.0000000000
81544  -49.305  -7.212  26.170 0.0000000000
81489  -51.499  -6.437  36.570 0.0000000000
81488  -50.350  -7.125  36.085 0.0000000000
81494  -51.042  -6.865  35.474 0.0000000000
82311  -51.849  -6.594  33.040 0.0000000000
81508  -50.796  -7.005  32.234 0.0000000000
83988  -53.111  -4.005  31.936 0.0000000000
121594  -53.072  -4.757  32.481 0.0000000000
132484  -53.147  -4.660  31.791 0.0000000000
83186  -51.773  -5.620  29.176 0.0000000000
83179  -52.170  -5.703  30.193 0.0000000000
82339  -51.360  -6.242  29.583 0.0000000000
118384  -50.692  -6.607  29.083 0.0000000000
83214  -50.776  -5.559  26.264 0.0000000000
129249  -50.793  -5.758  27.113 0.0000000000
82386  -50.408  -6.005  25.792 0.0000000000
83239  -50.952  -5.555  24.526 0.0000000000
84062  -52.815  -4.037  25.093 0.0000000000
131469  -52.489  -4.854  24.252 0.0000000000
117017  -53.411  -4.585  23.830 0.0000000000
86491  -52.926  -1.444  25.452 0.0000000000
84923  -53.309  -2.500  25.179 0.0000000000
85718  -53.121  -1.624  24.885 0.0000000000
84950  -52.794  -2.450  22.278 0.0000000000
85738  -53.137  -2.356  23.291 0.0000000000
84963  -53.030  -3.503  22.041 0.0000000000
84099  -53.303  -4.145  22.531 0.0000000000
125174  -52.695  -3.696  21.260 0.0000000000
84113  -52.600  -4.540  20.969 0.0000000000
84979  -51.523  -3.071  19.410 0.0000000000
84130  -51.308  -3.520  19.199 0.0000000000
113173  -51.623  -4.497  19.328 0.0000000000
132728  -50.110  -3.516  18.900 0.0000000000
132534  -48.826  -2.961  20.179 0.0000000000
85763  -48.986  -1.631  18.978 0.0000000000
84978  -48.440  -2.584  19.519 0.0000000000
85001  -46.584  -2.740  16.221 0.0000000000
85783  -47.293  -2.255  17.051 0.0000000000
111155  -46.973  -5.533  26.271 0.0000000000
84033  -47.778  -5.134  25.784 0.0000000000
83225  -47.039  -5.361  25.327 0.0000000000
111708  -44.694  -5.589  23.748 0.0000000000
83251  -45.649  -5.451  23.567 0.0000000000
83269  -45.881  -5.261  22.627 0.0000000000
115032  -45.099  -5.345  21.989 0.0000000000
83265  -41.661  -5.216  22.631 0.0000000000
83266  -42.300  -5.441  22.834 0.0000000000
83277  -42.114  -5.271  22.117 0.0000000000
117762  -42.019  -4.694  19.857 0.0000000000
84108  -42.956  -4.917  19.912 0.0000000000
84109  -43.880  -4.950  19.841 0.0000000000
84122  -43.362  -4.729  19.127 0.0000000000
84139  -43.802  -4.495  18.280 0.0000000000
115532  -42.941  -4.542  18.252 0.0000000000
85010  -41.163  -4.040  16.381 0.0000000000
84180  -41.324  -4.271  16.115 0.0000000000
83336  -41.474  -4.627  15.846 0.0000000000
83335  -40.928  -4.394  16.177 0.0000000000
84168  -40.287  -4.310  16.313 0.0000000000
85007  -39.091  -2.826  16.086 0.0000000000
84166  -39.233  -3.706  16.395 0.0000000000
84997  -38.590  -3.289  16.604 0.0000000000
84985  -37.897  -2.904  17.161 0.0000000000
86550  -39.167  -0.953  17.171 0.0000000000
86556  -39.066  -1.335  16.573 0.0000000000
86555  -38.921  -1.231  16.582 0.0000000000
86547  -36.837  -1.235  18.194 0.0000000000
86548  -37.322  -1.210  17.425 0.0000000000
123389  -37.236  -1.726  17.836 0.0000000000
85769  -37.031  -1.890  18.660 0.0000000000
88636  -43.138  1.948  18.173 0.0000000000
88626  -42.104  1.562  18.521 0.0000000000
89241  -42.637  2.342  18.024 0.0000000000
89239  -40.888  2.540  17.926 0.0000000000
89231  -39.828  2.124  18.775 0.0000000000
77565  -43.874  -12.940  27.605 0.0000000000
77562  -44.030  -12.226  27.825 0.0000000000
132070  -46.476  -2.005  36.000 0.0000000000
86418  -45.934  -1.754  34.535 0.0000000000
85648  -44.559  -2.553  33.683 0.0000000000
86429  -45.129  -1.855  33.229 0.0000000000
79115  -39.449  -10.203  37.284 0.0000000000
128197  -50.261  -14.360  31.683 0.0000000000
75874  -49.791  -14.136  31.370 0.0000000000
74148  -38.848  -16.388  30.537 0.0000000000
73339  -49.063  -17.340  24.588 0.0000000000
74214  -49.488  -16.588  24.208 0.0000000000
79972  -50.459  -9.554  23.231 0.0000000000
80768  -50.883  -8.583  23.109 0.0000000000
122904  -51.606  -7.789  23.201 0.0000000000
129605  -52.103  -7.046  23.323 0.0000000000
82398  -51.865  -6.224  23.575 0.0000000000
80693  -47.243  -7.968  35.605 0.0000000000
80699  -47.307  -8.162  34.933 0.0000000000
81492  -49.014  -7.590  34.608 0.0000000000
83993  -50.130  -4.605  30.043 0.0000000000
83999  -50.789  -3.878  29.768 0.0000000000
84886  -50.884  -3.479  29.028 0.0000000000
117043  -50.781  -3.226  28.300 0.0000000000
84896  -51.193  -2.571  27.726 0.0000000000
85686  -51.145  -2.345  26.771 0.0000000000
84921  -50.257  -3.112  25.415 0.0000000000
84931  -49.651  -3.582  24.808 0.0000000000
120497  -49.603  -3.526  24.116 0.0000000000
133275  -49.277  -3.865  24.476 0.0000000000
84060  -49.026  -4.155  24.900 0.0000000000
84059  -48.297  -4.553  24.515 0.0000000000
85725  -39.551  -2.535  23.732 0.0000000000
84938  -39.493  -3.231  23.289 0.0000000000
85733  -39.515  -2.503  22.930 0.0000000000
120791  -39.482  -1.957  21.702 0.0000000000
86523  -39.570  -1.442  20.973 0.0000000000
87265  -39.608  -0.865  20.251 0.0000000000
87960  -40.686  0.561  19.153 0.0000000000
77585  -47.308  -12.932  25.069 0.0000000000
78379  -46.235  -11.532  25.319 0.0000000000
79180  -46.557  -10.730  25.187 0.0000000000
79181  -47.164  -10.195  24.849 0.0000000000
79957  -47.388  -9.481  25.229 0.0000000000
80754  -47.771  -8.798  25.604 0.0000000000
83069  -50.140  -5.799  39.948 0.0000000000
83078  -50.639  -5.810  38.956 0.0000000000
83090  -49.744  -5.455  38.069 0.0000000000
83109  -49.462  -5.475  37.006 0.0000000000
83119  -46.387  -5.450  35.573 0.0000000000
113942  -47.206  -5.552  35.156 0.0000000000
83127  -46.654  -5.651  34.631 0.0000000000
83137  -47.201  -5.654  33.758 0.0000000000
118517  -47.816  -5.510  32.945 0.0000000000
120937  -48.467  -5.394  32.125 0.0000000000
83149  -47.373  -5.615  32.113 0.0000000000
83166  -46.866  -5.810  30.541 0.0000000000
131711  -46.657  -5.942  29.939 0.0000000000
82319  -46.298  -6.079  31.124 0.0000000000
82318  -45.478  -6.385  30.905 0.0000000000
82327  -44.610  -6.528  30.627 0.0000000000
84864  -41.618  -4.003  31.520 0.0000000000
83155  -41.672  -4.810  31.582 0.0000000000
118288  -41.373  -3.732  30.740 0.0000000000
84868  -40.562  -4.390  29.864 0.0000000000
84876  -40.384  -4.217  29.247 0.0000000000
84004  -39.969  -4.188  27.947 0.0000000000
84884  -40.501  -3.048  28.249 0.0000000000
85684  -40.356  -2.751  27.388 0.0000000000
86476  -40.841  -1.793  26.299 0.0000000000
80023  -50.826  -9.568  17.937 0.0000000000
80816  -51.901  -8.237  17.679 0.0000000000
78352  -41.352  -10.981  32.049 0.0000000000
79150  -42.227  -10.882  31.924 0.0000000000
79145  -41.792  -10.419  32.558 0.0000000000
79908  -41.895  -9.630  33.846 0.0000000000
111227  -41.711  -9.840  37.350 0.0000000000
117510  -42.258  -9.394  36.155 0.0000000000
79892  -42.341  -9.536  36.912 0.0000000000
129068  -43.450  -8.881  36.485 0.0000000000
80684  -44.535  -8.492  37.566 0.0000000000
81449  -45.028  -8.034  41.354 0.0000000000
81440  -45.604  -7.572  41.965 0.0000000000
81441  -46.481  -6.989  42.260 0.0000000000
81442  -47.166  -6.874  41.787 0.0000000000
82229  -47.949  -6.454  41.783 0.0000000000
130030  -48.025  -5.979  42.247 0.0000000000
126943  -48.161  -5.493  42.294 0.0000000000
70685  -50.162  -20.893  25.639 0.0000000000
70659  -49.373  -20.317  26.776 0.0000000000
72394  -49.573  -18.659  30.160 0.0000000000
72402  -49.142  -18.888  29.531 0.0000000000
72401  -48.744  -18.725  28.989 0.0000000000
74175  -49.582  -16.072  28.659 0.0000000000
134148  -49.269  -14.102  28.910 0.0000000000
75024  -48.209  -14.662  29.571 0.0000000000
75044  -45.822  -15.518  27.485 0.0000000000
72347  -44.651  -18.750  33.213 0.0000000000
72335  -45.154  -18.381  34.218 0.0000000000
119884  -47.958  -17.439  33.933 0.0000000000
73256  -47.483  -17.518  32.398 0.0000000000
73266  -47.396  -17.176  31.533 0.0000000000
72393  -45.302  -18.702  30.572 0.0000000000
75022  -42.395  -15.312  29.577 0.0000000000
75878  -41.938  -14.631  29.837 0.0000000000
76742  -41.341  -13.441  30.208 0.0000000000
77552  -40.056  -12.961  30.697 0.0000000000
75965  -50.586  -14.932  19.815 0.0000000000
75955  -50.789  -14.056  19.987 0.0000000000
77572  -51.400  -13.156  25.880 0.0000000000
78413  -53.737  -11.109  24.061 0.0000000000
78412  -53.112  -11.709  24.238 0.0000000000
78417  -53.271  -11.642  23.523 0.0000000000
77624  -52.177  -11.828  21.346 0.0000000000
79235  -52.716  -10.385  19.925 0.0000000000
79236  -53.009  -9.977  20.629 0.0000000000
115606  -53.876  -8.087  21.767 0.0000000000
121578  -53.239  -7.298  19.481 0.0000000000
82436  -53.058  -6.483  19.356 0.0000000000
82420  -52.657  -5.691  19.515 0.0000000000
79148  -44.351  -10.324  32.003 0.0000000000
79153  -44.858  -10.175  31.460 0.0000000000
79925  -45.661  -9.543  30.584 0.0000000000
80721  -47.561  -8.337  31.358 0.0000000000
80733  -48.306  -7.965  28.569 0.0000000000
81529  -49.496  -7.306  28.256 0.0000000000
82293  -52.127  -5.983  35.507 0.0000000000
82295  -51.936  -6.306  35.167 0.0000000000
82296  -52.320  -6.003  34.880 0.0000000000
82301  -52.452  -6.110  33.568 0.0000000000
82312  -52.440  -6.166  32.817 0.0000000000
84001  -53.323  -3.479  30.351 0.0000000000
119345  -52.862  -4.966  30.397 0.0000000000
113470  -51.480  -5.480  28.282 0.0000000000
83200  -51.307  -5.164  26.828 0.0000000000
83215  -51.318  -4.920  25.883 0.0000000000
83227  -51.419  -4.913  24.997 0.0000000000
84048  -52.011  -4.265  25.515 0.0000000000
133760  -52.656  -3.874  25.566 0.0000000000
86511  -52.246  -1.266  23.210 0.0000000000
85717  -52.878  -1.368  23.874 0.0000000000
86518  -52.072  -1.256  22.376 0.0000000000
85746  -52.347  -1.669  22.059 0.0000000000
114664  -52.389  -2.117  21.389 0.0000000000
84969  -52.334  -2.899  20.676 0.0000000000
85754  -51.963  -1.951  20.638 0.0000000000
85765  -51.216  -2.290  19.425 0.0000000000
84994  -51.012  -2.658  19.009 0.0000000000
84993  -50.296  -2.331  18.646 0.0000000000
85776  -50.612  -2.026  18.941 0.0000000000
85775  -49.912  -1.922  18.480 0.0000000000
84126  -47.649  -3.538  19.889 0.0000000000
84977  -47.572  -2.665  18.825 0.0000000000
84976  -46.809  -3.259  18.719 0.0000000000
84989  -46.468  -2.973  17.678 0.0000000000
83211  -45.592  -6.118  26.563 0.0000000000
83224  -46.323  -5.608  25.610 0.0000000000
83222  -44.839  -5.896  25.236 0.0000000000
111535  -44.396  -5.734  24.483 0.0000000000
83250  -43.975  -5.585  23.173 0.0000000000
84091  -40.881  -4.520  21.340 0.0000000000
84093  -41.837  -4.962  21.387 0.0000000000
84106  -41.513  -4.673  20.595 0.0000000000
124577  -41.235  -4.453  19.836 0.0000000000
84138  -42.132  -4.352  18.101 0.0000000000
84137  -41.479  -4.032  17.858 0.0000000000
84998  -40.976  -3.712  17.056 0.0000000000
85792  -39.568  -2.959  16.357 0.0000000000
85791  -39.141  -2.313  16.031 0.0000000000
87283  -38.717  -0.265  16.890 0.0000000000
87276  -36.987  -0.654  17.880 0.0000000000
87270  -36.650  -0.860  18.561 0.0000000000
87263  -36.586  -0.841  19.272 0.0000000000
87264  -36.973  -0.401  19.467 0.0000000000
76776  -46.236  -13.521  25.854 0.0000000000
127446  -45.334  -12.062  26.043 0.0000000000
79170  -45.542  -10.812  26.294 0.0000000000
79944  -45.667  -10.047  26.884 0.0000000000
83937  -47.053  -4.562  38.041 0.0000000000
83928  -46.707  -4.015  38.148 0.0000000000
83936  -46.363  -4.242  37.470 0.0000000000
83951  -46.049  -4.640  36.857 0.0000000000
85622  -46.119  -2.700  36.266 0.0000000000
84828  -45.594  -3.636  36.335 0.0000000000
83118  -45.624  -5.239  35.524 0.0000000000
83117  -45.141  -5.109  35.226 0.0000000000
112307  -45.155  -5.769  34.244 0.0000000000
82299  -44.835  -6.192  33.143 0.0000000000
83124  -44.070  -5.109  34.177 0.0000000000
83972  -43.205  -4.470  33.366 0.0000000000
84856  -43.835  -3.029  33.463 0.0000000000
85653  -43.457  -2.817  32.656 0.0000000000
84860  -42.809  -3.414  32.632 0.0000000000
85658  -42.700  -2.804  31.540 0.0000000000
85662  -42.594  -2.542  30.691 0.0000000000
86447  -42.826  -1.673  29.065 0.0000000000
79253  -52.073  -10.135  17.042 0.0000000000
79131  -39.797  -10.702  34.721 0.0000000000
79128  -40.514  -10.304  35.289 0.0000000000
79117  -41.059  -10.210  36.913 0.0000000000
79116  -40.366  -10.367  37.109 0.0000000000
73267  -49.701  -16.560  30.938 0.0000000000
75025  -49.499  -14.591  29.711 0.0000000000
76744  -49.055  -14.032  30.063 0.0000000000
73232  -43.182  -17.607  34.319 0.0000000000
72333  -43.545  -18.450  33.468 0.0000000000
113454  -40.534  -15.202  29.954 0.0000000000
75858  -38.090  -14.230  31.044 0.0000000000
75009  -38.663  -15.654  30.494 0.0000000000
75868  -38.522  -14.843  30.602 0.0000000000
79189  -52.678  -11.104  24.508 0.0000000000
79206  -52.310  -10.355  24.075 0.0000000000
79191  -53.931  -10.484  24.224 0.0000000000
124275  -54.095  -10.654  23.881 0.0000000000
126057  -54.001  -10.007  22.507 0.0000000000
79985  -54.403  -9.674  23.343 0.0000000000
127440  -54.294  -8.362  23.575 0.0000000000
119117  -54.035  -8.084  23.772 0.0000000000
81564  -53.935  -7.566  23.291 0.0000000000
82405  -53.550  -6.573  22.819 0.0000000000
120834  -53.431  -5.727  23.107 0.0000000000
133813  -45.692  -9.348  33.168 0.0000000000
80704  -47.452  -8.327  34.095 0.0000000000
80710  -47.561  -8.408  33.187 0.0000000000
80718  -48.275  -8.024  31.850 0.0000000000
81506  -48.978  -7.639  31.421 0.0000000000
81507  -49.707  -7.395  31.020 0.0000000000
131178  -52.799  -4.695  33.103 0.0000000000
83987  -52.513  -3.979  32.187 0.0000000000
83989  -53.130  -3.323  31.026 0.0000000000
84878  -51.770  -3.292  30.257 0.0000000000
84871  -52.775  -3.077  30.844 0.0000000000
84873  -53.195  -2.884  30.400 0.0000000000
84880  -53.293  -2.827  29.794 0.0000000000
84889  -53.406  -2.792  28.997 0.0000000000
84898  -53.328  -2.006  27.416 0.0000000000
85699  -53.119  -1.587  26.757 0.0000000000
86480  -52.916  -1.479  26.146 0.0000000000
86490  -52.722  -1.388  25.582 0.0000000000
85698  -51.776  -1.651  26.308 0.0000000000
85709  -51.747  -1.584  25.382 0.0000000000
86510  -52.398  -1.126  24.051 0.0000000000
85727  -51.937  -1.235  23.377 0.0000000000
85736  -51.628  -1.563  22.489 0.0000000000
85744  -51.132  -1.951  21.594 0.0000000000
127548  -50.139  -2.020  20.061 0.0000000000
128300  -50.136  -2.461  21.040 0.0000000000
84968  -49.220  -3.050  20.803 0.0000000000
84960  -48.710  -3.728  21.634 0.0000000000
84948  -49.019  -3.711  22.509 0.0000000000
84096  -47.470  -4.227  20.820 0.0000000000
84111  -46.159  -4.532  20.214 0.0000000000
83221  -42.111  -5.992  25.182 0.0000000000
83234  -42.780  -5.858  24.407 0.0000000000
83246  -40.967  -5.372  24.081 0.0000000000
84071  -40.799  -5.012  23.482 0.0000000000
84080  -40.460  -4.383  22.229 0.0000000000
84079  -39.824  -3.818  22.778 0.0000000000
84947  -39.875  -3.678  21.820 0.0000000000
131446  -40.333  -4.158  21.611 0.0000000000
84958  -40.249  -3.957  21.074 0.0000000000
84975  -39.950  -3.190  19.437 0.0000000000
86539  -39.277  -0.388  17.543 0.0000000000
87272  -39.430  -0.607  18.958 0.0000000000
87277  -39.130  0.344  16.941 0.0000000000
87972  -38.854  0.634  16.956 0.0000000000
88632  -38.812  1.333  18.132 0.0000000000
75060  -50.064  -15.589  26.837 0.0000000000
75906  -51.122  -13.624  26.288 0.0000000000
77571  -50.840  -13.108  26.216 0.0000000000
77599  -47.456  -12.178  24.594 0.0000000000
78393  -49.868  -11.852  23.928 0.0000000000
79203  -49.214  -10.153  23.517 0.0000000000
79964  -48.191  -9.681  24.170 0.0000000000
79970  -48.830  -9.569  23.707 0.0000000000
80766  -49.182  -8.997  23.626 0.0000000000
80761  -49.315  -8.339  23.799 0.0000000000
81478  -49.096  -7.272  37.714 0.0000000000
81483  -49.586  -7.321  36.528 0.0000000000
112905  -50.098  -7.093  37.530 0.0000000000
82289  -51.640  -6.150  37.324 0.0000000000
82267  -51.116  -6.025  38.510 0.0000000000
82280  -51.560  -5.988  37.599 0.0000000000
82290  -51.840  -5.986  36.820 0.0000000000
129824  -52.011  -5.909  35.593 0.0000000000
83130  -51.590  -5.585  35.217 0.0000000000
123739  -51.611  -5.344  34.363 0.0000000000
113650  -48.499  -5.344  37.416 0.0000000000
113943  -48.675  -5.444  36.029 0.0000000000
83120  -47.460  -5.468  35.872 0.0000000000
111968  -49.248  -5.423  35.354 0.0000000000
83129  -50.576  -5.308  34.600 0.0000000000
83152  -50.694  -4.794  32.855 0.0000000000
83159  -50.250  -4.846  31.884 0.0000000000
83985  -50.212  -4.701  30.926 0.0000000000
83169  -49.455  -5.156  31.116 0.0000000000
83178  -49.333  -5.044  29.602 0.0000000000
83998  -49.122  -4.916  28.727 0.0000000000
84006  -48.890  -4.849  27.877 0.0000000000
83213  -48.672  -4.796  27.031 0.0000000000
83198  -48.099  -5.236  27.596 0.0000000000
128997  -47.180  -5.586  27.383 0.0000000000
120622  -46.788  -5.914  29.276 0.0000000000
82361  -46.124  -6.171  28.115 0.0000000000
128219  -45.677  -6.246  27.439 0.0000000000
82360  -44.905  -6.366  26.946 0.0000000000
111599  -44.120  -6.351  26.596 0.0000000000
82371  -43.336  -6.306  26.200 0.0000000000
130906  -44.454  -6.331  32.571 0.0000000000
82316  -43.485  -6.389  31.611 0.0000000000
131691  -43.908  -6.540  30.423 0.0000000000
83165  -41.830  -5.693  31.106 0.0000000000
82325  -42.370  -6.355  30.370 0.0000000000
82334  -43.385  -6.556  29.925 0.0000000000
112925  -42.855  -6.551  28.246 0.0000000000
82358  -42.331  -6.418  27.457 0.0000000000
82381  -41.907  -6.164  26.093 0.0000000000
83220  -41.170  -5.886  25.696 0.0000000000
83219  -40.488  -5.324  25.412 0.0000000000
84043  -39.578  -4.028  25.464 0.0000000000
84016  -39.770  -4.105  27.239 0.0000000000
84909  -39.633  -3.338  25.854 0.0000000000
84919  -39.539  -3.308  25.006 0.0000000000
86497  -39.914  -1.856  24.086 0.0000000000
114723  -40.353  -1.271  23.613 0.0000000000
87249  -40.646  -0.522  22.352 0.0000000000
77555  -43.023  -12.171  30.328 0.0000000000
78357  -43.399  -11.265  31.236 0.0000000000
79152  -43.816  -10.755  31.650 0.0000000000
79917  -44.375  -9.887  32.688 0.0000000000
79910  -44.512  -9.511  33.425 0.0000000000
79900  -40.918  -9.846  34.640 0.0000000000
79897  -42.624  -9.146  35.527 0.0000000000
111934  -43.820  -9.351  33.917 0.0000000000
79911  -45.311  -9.266  33.668 0.0000000000
80702  -45.638  -8.828  34.464 0.0000000000
80691  -45.476  -8.256  36.269 0.0000000000
120331  -46.154  -8.178  35.946 0.0000000000
80692  -46.811  -7.939  36.082 0.0000000000
81481  -47.063  -7.715  36.749 0.0000000000
81477  -47.898  -7.537  37.351 0.0000000000
80668  -44.377  -8.888  39.460 0.0000000000
80669  -45.183  -8.340  39.190 0.0000000000
81450  -45.612  -8.005  40.970 0.0000000000
81466  -45.940  -7.809  38.598 0.0000000000
122908  -46.583  -7.630  38.164 0.0000000000
113038  -47.446  -7.470  38.193 0.0000000000
113058  -48.669  -7.268  38.334 0.0000000000
81469  -49.423  -6.859  39.260 0.0000000000
82265  -49.852  -6.357  40.096 0.0000000000
82242  -49.352  -6.193  40.951 0.0000000000
82243  -49.826  -5.922  40.340 0.0000000000
83920  -48.070  -4.289  39.967 0.0000000000
84799  -48.529  -3.021  40.744 0.0000000000
73338  -48.651  -18.169  25.022 0.0000000000
71511  -49.157  -19.959  27.578 0.0000000000
126466  -48.763  -19.244  28.472 0.0000000000
71510  -48.704  -19.362  27.829 0.0000000000
72426  -48.547  -18.707  27.370 0.0000000000
73317  -48.677  -17.898  26.894 0.0000000000
73318  -49.044  -17.148  26.413 0.0000000000
75895  -49.975  -14.191  27.598 0.0000000000
76754  -49.693  -13.787  27.518 0.0000000000
76762  -48.446  -13.883  26.792 0.0000000000
75903  -45.905  -14.068  26.345 0.0000000000
76752  -44.258  -13.604  27.166 0.0000000000
76751  -43.651  -13.557  27.969 0.0000000000
130174  -49.624  -14.111  32.770 0.0000000000
74079  -48.499  -16.428  36.967 0.0000000000
74092  -49.294  -16.407  36.296 0.0000000000
73220  -45.984  -17.161  35.734 0.0000000000
74105  -49.196  -16.511  35.435 0.0000000000
131037  -49.481  -15.832  34.885 0.0000000000
74976  -49.398  -15.267  34.111 0.0000000000
73247  -48.493  -16.597  33.765 0.0000000000
74975  -48.932  -15.600  33.564 0.0000000000
74984  -49.322  -14.740  33.340 0.0000000000
74138  -47.836  -16.033  31.106 0.0000000000
73280  -47.315  -16.924  30.812 0.0000000000
74164  -46.748  -16.961  29.504 0.0000000000
72380  -44.644  -19.113  30.998 0.0000000000
72400  -45.212  -18.377  29.874 0.0000000000
73289  -44.025  -17.798  29.519 0.0000000000
73290  -44.844  -17.984  29.431 0.0000000000
73298  -45.203  -17.367  28.972 0.0000000000
76747  -43.293  -13.371  28.917 0.0000000000
78359  -42.357  -11.954  30.853 0.0000000000
79143  -40.033  -10.577  32.831 0.0000000000
76740  -39.658  -13.756  30.505 0.0000000000
79134  -39.855  -10.520  33.714 0.0000000000
78342  -39.078  -11.344  35.142 0.0000000000
78332  -39.088  -11.330  36.084 0.0000000000
78337  -38.454  -11.535  35.503 0.0000000000
79122  -38.898  -10.903  36.697 0.0000000000
75121  -52.147  -15.471  18.290 0.0000000000
75113  -51.393  -15.520  18.791 0.0000000000
75122  -52.727  -15.421  17.666 0.0000000000
125771  -52.425  -14.759  17.857 0.0000000000
120093  -52.766  -13.977  17.359 0.0000000000
75919  -51.579  -13.965  25.367 0.0000000000
75925  -51.025  -14.608  24.801 0.0000000000
75933  -50.645  -14.803  23.668 0.0000000000
77603  -52.156  -12.382  24.960 0.0000000000
76798  -52.375  -12.927  24.440 0.0000000000
77611  -52.786  -12.362  23.992 0.0000000000
76803  -51.491  -13.476  22.874 0.0000000000
75941  -50.899  -14.096  22.264 0.0000000000
75947  -50.779  -14.079  21.218 0.0000000000
76822  -51.351  -13.023  19.734 0.0000000000
76832  -52.413  -13.133  17.831 0.0000000000
78446  -52.427  -11.171  18.164 0.0000000000
79254  -52.377  -10.705  17.674 0.0000000000
80031  -52.266  -9.445  17.374 0.0000000000
80790  -53.771  -8.802  21.327 0.0000000000
115568  -53.334  -8.902  19.989 0.0000000000
80025  -52.673  -9.059  17.903 0.0000000000
80820  -52.149  -8.777  17.384 0.0000000000
113186  -52.221  -7.636  17.861 0.0000000000
81607  -52.185  -7.137  18.183 0.0000000000
78365  -44.239  -11.330  29.203 0.0000000000
79163  -44.611  -10.646  28.700 0.0000000000
79164  -45.051  -10.087  28.259 0.0000000000
79936  -45.603  -9.686  27.797 0.0000000000
115857  -46.261  -9.323  27.324 0.0000000000
79929  -46.227  -9.005  30.202 0.0000000000
80724  -46.852  -8.644  30.799 0.0000000000
79937  -46.210  -9.134  28.197 0.0000000000
80747  -46.911  -8.851  26.877 0.0000000000
80748  -47.673  -8.561  26.499 0.0000000000
126170  -48.152  -8.128  27.880 0.0000000000
80749  -48.288  -8.213  26.049 0.0000000000
81543  -48.792  -7.755  25.536 0.0000000000
127577  -49.836  -7.342  35.233 0.0000000000
81498  -51.067  -6.928  34.425 0.0000000000
81497  -49.977  -7.311  33.685 0.0000000000
81503  -49.886  -7.326  32.736 0.0000000000
129670  -50.328  -7.163  31.411 0.0000000000
81512  -50.367  -7.133  30.754 0.0000000000
83153  -52.954  -4.948  33.169 0.0000000000
82313  -52.832  -5.509  32.684 0.0000000000
82321  -52.417  -6.132  31.974 0.0000000000
83170  -52.864  -5.225  31.097 0.0000000000
125122  -52.304  -5.977  31.134 0.0000000000
82330  -51.693  -6.497  31.253 0.0000000000
125845  -50.982  -6.788  30.601 0.0000000000
81516  -50.374  -7.128  30.030 0.0000000000
81520  -50.296  -7.060  29.332 0.0000000000
82347  -50.116  -6.961  28.631 0.0000000000
82362  -49.874  -6.829  27.812 0.0000000000
83199  -50.854  -5.901  27.940 0.0000000000
82363  -50.351  -6.315  27.441 0.0000000000
82373  -49.755  -6.679  26.857 0.0000000000
82385  -49.873  -6.559  25.783 0.0000000000
131722  -49.868  -6.674  25.029 0.0000000000
81551  -49.987  -6.840  24.378 0.0000000000
82397  -50.723  -6.324  23.940 0.0000000000
83240  -51.691  -5.114  24.352 0.0000000000
83270  -53.384  -4.970  22.639 0.0000000000
84914  -53.196  -2.736  26.019 0.0000000000
84063  -53.304  -3.428  24.709 0.0000000000
84941  -53.405  -3.594  23.810 0.0000000000
84085  -53.450  -4.351  23.228 0.0000000000
83282  -53.030  -5.157  21.641 0.0000000000
83291  -52.328  -4.599  19.855 0.0000000000
84131  -52.027  -3.492  19.876 0.0000000000
85764  -49.776  -1.716  19.222 0.0000000000
118825  -48.988  -1.505  18.227 0.0000000000
85772  -47.841  -1.894  17.563 0.0000000000
84045  -47.690  -4.980  24.928 0.0000000000
84058  -47.607  -4.852  24.125 0.0000000000
130752  -46.428  -5.461  24.965 0.0000000000
119805  -46.446  -5.280  23.722 0.0000000000
83252  -46.717  -4.995  23.036 0.0000000000
84082  -46.608  -4.879  22.075 0.0000000000
83281  -45.880  -5.080  21.613 0.0000000000
84110  -45.374  -4.806  20.284 0.0000000000
83248  -42.488  -5.626  23.596 0.0000000000
83267  -43.085  -5.563  23.033 0.0000000000
128484  -43.544  -5.533  22.526 0.0000000000
83278  -42.722  -5.290  21.512 0.0000000000
83279  -43.543  -5.446  21.806 0.0000000000
83280  -44.366  -5.348  21.396 0.0000000000
83289  -44.528  -5.091  20.489 0.0000000000
84123  -44.805  -4.693  19.518 0.0000000000
84140  -44.740  -4.341  18.371 0.0000000000
84156  -44.252  -4.036  17.212 0.0000000000
84155  -43.772  -3.804  16.089 0.0000000000
128329  -42.586  -4.245  17.364 0.0000000000
84154  -42.721  -4.029  16.257 0.0000000000
83337  -42.175  -4.738  15.538 0.0000000000
84167  -39.725  -4.189  16.376 0.0000000000
84152  -39.433  -4.531  16.826 0.0000000000
85781  -39.261  -2.022  16.307 0.0000000000
86562  -39.027  -1.795  16.024 0.0000000000
85790  -38.874  -2.113  15.885 0.0000000000
86554  -38.228  -1.278  16.768 0.0000000000
86529  -36.588  -1.390  19.909 0.0000000000
86455  -42.608  -1.507  28.217 0.0000000000
86487  -41.594  -0.878  25.277 0.0000000000
87233  -41.734  -0.473  24.346 0.0000000000
87242  -41.461  -0.320  23.455 0.0000000000
87250  -41.244  -0.205  22.749 0.0000000000
87260  -41.382  0.153  21.832 0.0000000000
88609  -43.072  1.153  20.819 0.0000000000
87944  -42.003  0.780  20.718 0.0000000000
87952  -41.345  0.617  19.962 0.0000000000
87967  -41.178  1.211  18.480 0.0000000000
88635  -41.290  1.658  17.915 0.0000000000
89240  -41.688  2.582  17.935 0.0000000000
89247  -41.099  2.205  17.672 0.0000000000
88634  -40.590  1.743  17.681 0.0000000000
88633  -39.671  1.669  17.998 0.0000000000
78341  -38.467  -11.778  34.944 0.0000000000
79209  -54.427  -9.658  23.753 0.0000000000
82220  -47.631  -5.557  42.768 0.0000000000
82241  -48.602  -6.564  41.181 0.0000000000
82259  -50.845  -6.009  39.096 0.0000000000
82291  -51.899  -6.024  36.138 0.0000000000
82308  -43.749  -6.239  32.391 0.0000000000
82326  -43.250  -6.500  30.819 0.0000000000
82329  -46.162  -6.172  30.365 0.0000000000
82333  -42.690  -6.532  29.296 0.0000000000
82336  -45.345  -6.402  29.231 0.0000000000
82343  -42.111  -6.451  28.779 0.0000000000
82344  -44.442  -6.487  28.185 0.0000000000
82357  -41.466  -6.248  27.700 0.0000000000
82359  -43.317  -6.463  27.205 0.0000000000
82370  -42.559  -6.351  26.602 0.0000000000
83039  -48.027  -4.920  42.648 0.0000000000
83134  -43.650  -5.281  33.536 0.0000000000
83135  -44.446  -5.706  33.856 0.0000000000
83145  -42.783  -5.301  32.567 0.0000000000
83146  -43.365  -5.677  32.835 0.0000000000
83148  -45.781  -6.114  32.999 0.0000000000
83163  -40.776  -4.738  30.268 0.0000000000
83174  -40.990  -5.718  29.509 0.0000000000
83175  -47.256  -5.683  29.874 0.0000000000
83195  -40.350  -5.391  27.348 0.0000000000
83196  -40.912  -6.010  27.106 0.0000000000
83197  -46.454  -5.944  27.647 0.0000000000
83210  -41.189  -6.045  26.417 0.0000000000
83223  -45.579  -5.877  25.800 0.0000000000
83232  -40.543  -5.170  24.682 0.0000000000
83235  -43.626  -5.822  24.484 0.0000000000
83237  -46.084  -5.486  24.359 0.0000000000
83249  -43.326  -5.694  23.768 0.0000000000
83253  -47.043  -5.047  23.732 0.0000000000
83268  -44.250  -5.496  22.296 0.0000000000
83895  -47.933  -4.171  43.164 0.0000000000
83950  -45.561  -4.386  36.328 0.0000000000
83961  -45.280  -4.754  35.716 0.0000000000
83968  -43.742  -4.648  33.939 0.0000000000
83971  -42.787  -4.727  32.830 0.0000000000
83974  -52.609  -4.917  33.371 0.0000000000
83978  -42.041  -4.237  32.088 0.0000000000
83980  -52.472  -4.501  32.973 0.0000000000
83992  -41.211  -4.435  30.862 0.0000000000
84000  -53.247  -4.335  30.012 0.0000000000
84005  -40.210  -4.688  28.574 0.0000000000
84010  -53.340  -3.581  29.522 0.0000000000
84031  -39.650  -4.046  26.365 0.0000000000
84032  -39.888  -4.791  26.844 0.0000000000
84056  -39.608  -4.009  24.568 0.0000000000
84073  -48.591  -4.117  23.178 0.0000000000
84081  -40.999  -4.933  22.812 0.0000000000
84094  -45.833  -4.865  20.873 0.0000000000
84181  -42.019  -4.331  15.741 0.0000000000
84829  -46.057  -3.390  36.846 0.0000000000
84848  -44.294  -3.660  34.571 0.0000000000
84854  -42.551  -4.097  32.746 0.0000000000
84855  -43.182  -3.627  33.208 0.0000000000
84859  -42.303  -3.546  32.056 0.0000000000
84866  -52.895  -3.483  31.522 0.0000000000
84869  -40.847  -4.112  30.317 0.0000000000
84870  -41.779  -2.977  30.223 0.0000000000
84872  -53.040  -2.796  30.509 0.0000000000
84879  -52.687  -2.602  29.960 0.0000000000
84883  -40.223  -3.866  28.480 0.0000000000
84895  -50.238  -3.584  27.693 0.0000000000
84912  -50.386  -3.019  26.343 0.0000000000
84920  -49.684  -3.671  26.047 0.0000000000
84939  -49.343  -3.619  23.330 0.0000000000
84967  -40.134  -3.600  20.265 0.0000000000
85011  -41.801  -4.128  15.992 0.0000000000
85652  -42.868  -2.980  32.196 0.0000000000
85664  -53.057  -2.482  29.909 0.0000000000
85666  -41.181  -3.156  29.565 0.0000000000
85667  -42.530  -2.180  29.760 0.0000000000
85676  -52.997  -1.708  28.612 0.0000000000
85695  -40.269  -2.454  26.576 0.0000000000
85696  -40.960  -2.088  27.041 0.0000000000
85713  -39.627  -2.549  24.567 0.0000000000
85734  -50.234  -2.700  21.941 0.0000000000
85752  -49.329  -2.349  19.842 0.0000000000
85789  -38.367  -1.930  16.286 0.0000000000
86464  -41.799  -1.654  27.429 0.0000000000
86468  -52.920  -1.436  26.798 0.0000000000
86478  -52.416  -1.446  26.582 0.0000000000
86479  -52.750  -1.425  26.349 0.0000000000
86499  -40.907  -1.056  24.750 0.0000000000
86500  -52.379  -1.284  24.966 0.0000000000
86515  -39.672  -1.844  22.490 0.0000000000
86551  -49.642  -1.682  18.459 0.0000000000
87961  -41.471  1.049  19.172 0.0000000000
88625  -39.275  1.662  18.742 0.0000000000
88644  -39.792  1.442  17.707 0.0000000000
88645  -41.377  1.960  17.659 0.0000000000
88646  -41.751  2.211  17.829 0.0000000000
89246  -40.381  2.034  17.686 0.0000000000
89821  -41.427  3.030  18.369 0.0000000000
111661  -44.238  -6.445  27.420 0.0000000000
111933  -46.354  -5.875  26.928 0.0000000000
111969  -48.123  -5.511  35.217 0.0000000000
112018  -45.742  -5.641  25.069 0.0000000000
115657  -41.842  -5.682  24.232 0.0000000000
116132  -43.931  -7.861  42.021 0.0000000000
117439  -40.700  -3.803  29.736 0.0000000000
119530  -40.867  -5.275  30.118 0.0000000000
120064  -40.045  -3.544  27.681 0.0000000000
120515  -53.309  -2.004  28.403 0.0000000000
122190  -40.305  -5.260  28.090 0.0000000000
125719  -39.509  -2.444  22.251 0.0000000000
127386  -43.941  -6.511  31.032 0.0000000000
127693  -47.087  -3.574  19.428 0.0000000000
130939  -44.862  -8.620  39.965 0.0000000000
132595  -51.663  -1.805  20.701 0.0000000000
133165  -49.036  -5.344  30.713 0.0000000000
133182  -53.286  -2.108  26.594 0.0000000000
134196  -50.640  -5.846  39.287 0.0000000000
