#!ascii label  , from subject sub-v1s12x0050105_ses-1 vox2ras=TkReg
321
71086  -27.593  -20.623  -13.443 0.0000000000
112890  -25.778  -16.752  -18.144 0.0000000000
84484  -25.503  -4.328  -16.713 0.0000000000
81951  -26.976  -7.055  -17.129 0.0000000000
78763  -27.726  -11.351  -15.180 0.0000000000
75448  -29.244  -15.354  -12.498 0.0000000000
86062  -25.266  -2.794  -16.135 0.0000000000
80357  -27.387  -9.497  -16.736 0.0000000000
118319  -26.568  -12.018  -18.285 0.0000000000
72842  -26.447  -18.284  -14.998 0.0000000000
75485  -27.174  -15.784  -14.914 0.0000000000
72830  -28.233  -18.222  -13.318 0.0000000000
66870  -25.012  -25.091  -12.937 0.0000000000
110847  -25.473  -21.062  -15.138 0.0000000000
89438  -27.171  2.901  -15.467 0.0000000000
123824  -27.483  1.691  -16.044 0.0000000000
88188  -28.422  0.437  -16.593 0.0000000000
86846  -29.293  -1.069  -17.335 0.0000000000
86074  -29.806  -2.756  -17.685 0.0000000000
83652  -26.451  -5.647  -16.960 0.0000000000
127302  -29.339  -4.473  -17.084 0.0000000000
82758  -29.249  -6.288  -15.262 0.0000000000
81125  -28.656  -8.371  -14.335 0.0000000000
128306  -29.350  -10.175  -12.699 0.0000000000
76370  -26.576  -13.919  -17.188 0.0000000000
123192  -28.307  -12.934  -14.143 0.0000000000
78810  -26.158  -11.034  -18.353 0.0000000000
78023  -24.875  -12.649  -18.245 0.0000000000
71952  -26.788  -19.502  -14.190 0.0000000000
73754  -26.994  -17.747  -14.406 0.0000000000
118657  -28.081  -18.930  -13.426 0.0000000000
63364  -25.632  -29.523  -11.488 0.0000000000
64236  -25.936  -28.785  -11.678 0.0000000000
65104  -26.269  -27.141  -11.757 0.0000000000
110844  -24.743  -19.831  -16.935 0.0000000000
70282  -24.270  -21.519  -16.528 0.0000000000
88843  -27.728  0.960  -16.231 0.0000000000
86063  -26.125  -2.933  -16.264 0.0000000000
86841  -27.584  -1.705  -16.517 0.0000000000
86065  -28.330  -2.419  -17.017 0.0000000000
122476  -29.393  -2.143  -17.606 0.0000000000
85294  -27.551  -4.185  -16.859 0.0000000000
134488  -26.561  -6.716  -17.170 0.0000000000
83654  -28.446  -5.268  -17.050 0.0000000000
82782  -27.963  -5.950  -16.882 0.0000000000
83646  -29.220  -5.426  -16.510 0.0000000000
81938  -27.995  -7.082  -16.318 0.0000000000
118202  -27.460  -9.935  -15.999 0.0000000000
81137  -28.152  -8.446  -15.030 0.0000000000
119512  -28.150  -10.011  -14.437 0.0000000000
81091  -29.344  -8.854  -13.048 0.0000000000
79539  -28.363  -10.602  -14.016 0.0000000000
110680  -25.577  -15.423  -18.700 0.0000000000
110985  -25.989  -14.373  -18.374 0.0000000000
110679  -26.213  -15.235  -17.497 0.0000000000
75460  -28.339  -15.826  -13.442 0.0000000000
76341  -28.033  -14.478  -14.315 0.0000000000
116404  -28.682  -14.235  -13.322 0.0000000000
77970  -29.154  -12.617  -12.870 0.0000000000
77152  -29.857  -13.944  -11.874 0.0000000000
67771  -25.744  -24.824  -12.579 0.0000000000
67794  -24.901  -23.900  -13.954 0.0000000000
67785  -26.174  -23.979  -12.855 0.0000000000
69447  -26.236  -22.532  -13.634 0.0000000000
81179  -25.920  -8.835  -17.935 0.0000000000
81169  -27.161  -8.627  -17.036 0.0000000000
80367  -27.110  -9.462  -17.443 0.0000000000
79577  -27.293  -10.811  -17.577 0.0000000000
78789  -27.393  -11.440  -17.211 0.0000000000
110856  -25.827  -17.803  -16.903 0.0000000000
74641  -26.312  -16.428  -16.367 0.0000000000
73765  -26.759  -17.029  -14.852 0.0000000000
74620  -27.278  -16.717  -14.328 0.0000000000
74606  -28.595  -16.514  -12.990 0.0000000000
65958  -26.077  -26.238  -11.972 0.0000000000
110973  -25.621  -18.294  -19.320 0.0000000000
110666  -25.456  -18.683  -17.147 0.0000000000
110665  -25.782  -19.450  -15.409 0.0000000000
110659  -26.126  -20.675  -14.443 0.0000000000
90039  -26.858  3.712  -15.481 0.0000000000
88167  -26.183  0.603  -14.187 0.0000000000
89428  -27.348  2.009  -15.441 0.0000000000
89453  -28.599  2.770  -17.493 0.0000000000
120116  -28.690  1.938  -17.171 0.0000000000
88854  -29.258  1.029  -17.751 0.0000000000
87529  -27.811  -0.799  -16.444 0.0000000000
87530  -28.669  -0.399  -16.848 0.0000000000
88196  -29.575  -0.021  -18.581 0.0000000000
87536  -29.914  -0.796  -18.985 0.0000000000
86080  -30.356  -1.958  -18.040 0.0000000000
86075  -30.359  -2.340  -17.796 0.0000000000
84491  -25.908  -5.029  -16.824 0.0000000000
84493  -28.086  -4.768  -17.027 0.0000000000
85296  -29.316  -3.945  -17.253 0.0000000000
86066  -30.464  -2.783  -17.221 0.0000000000
132741  -30.158  -4.018  -16.366 0.0000000000
83630  -30.372  -5.219  -14.372 0.0000000000
81923  -27.934  -7.811  -15.749 0.0000000000
82748  -29.043  -7.005  -14.770 0.0000000000
77236  -25.786  -13.400  -18.296 0.0000000000
77229  -26.678  -13.161  -17.343 0.0000000000
116436  -27.265  -12.875  -15.917 0.0000000000
76348  -27.118  -14.571  -15.785 0.0000000000
130060  -27.535  -13.279  -15.319 0.0000000000
77983  -28.012  -12.100  -14.701 0.0000000000
123615  -28.852  -11.951  -13.205 0.0000000000
78740  -29.864  -11.210  -11.970 0.0000000000
69460  -25.226  -21.923  -15.121 0.0000000000
110937  -26.463  -21.343  -13.897 0.0000000000
70250  -28.074  -21.272  -12.992 0.0000000000
110859  -27.189  -20.031  -13.752 0.0000000000
71938  -27.523  -19.316  -13.716 0.0000000000
127563  -27.784  -20.009  -13.460 0.0000000000
71939  -28.221  -19.628  -13.244 0.0000000000
71087  -28.253  -20.417  -13.117 0.0000000000
63365  -26.551  -29.441  -11.520 0.0000000000
124857  -25.970  -3.776  -16.467 0.0000000000
86064  -27.269  -2.652  -16.534 0.0000000000
85289  -26.878  -3.533  -16.656 0.0000000000
86072  -28.017  -3.339  -16.808 0.0000000000
85293  -26.422  -4.329  -16.679 0.0000000000
81167  -25.981  -8.007  -17.705 0.0000000000
81950  -26.154  -7.147  -17.403 0.0000000000
82767  -27.624  -6.715  -16.760 0.0000000000
82768  -28.313  -6.379  -16.481 0.0000000000
79552  -27.574  -10.599  -15.652 0.0000000000
80335  -27.751  -9.804  -15.157 0.0000000000
79538  -27.922  -10.621  -14.776 0.0000000000
110925  -25.518  -16.660  -19.260 0.0000000000
123053  -26.123  -15.077  -18.064 0.0000000000
110934  -25.792  -15.786  -18.185 0.0000000000
76314  -28.672  -15.023  -13.178 0.0000000000
76328  -28.392  -14.556  -13.719 0.0000000000
76315  -29.246  -14.320  -12.649 0.0000000000
76301  -29.798  -14.944  -11.827 0.0000000000
80373  -25.974  -9.555  -18.168 0.0000000000
80366  -26.553  -9.508  -17.872 0.0000000000
79584  -26.431  -10.237  -18.171 0.0000000000
78811  -26.861  -10.989  -18.108 0.0000000000
78799  -27.126  -11.527  -17.876 0.0000000000
72853  -26.014  -17.952  -15.825 0.0000000000
73779  -26.117  -17.195  -16.133 0.0000000000
124495  -26.464  -17.500  -15.275 0.0000000000
73740  -27.727  -17.521  -13.744 0.0000000000
74605  -27.986  -16.630  -13.599 0.0000000000
73741  -28.382  -17.354  -13.163 0.0000000000
118674  -28.948  -17.194  -12.568 0.0000000000
72816  -28.793  -18.028  -12.708 0.0000000000
63363  -24.740  -29.691  -11.514 0.0000000000
62477  -24.577  -30.314  -11.261 0.0000000000
132327  -25.772  -26.782  -11.965 0.0000000000
65945  -26.730  -26.567  -11.686 0.0000000000
110669  -25.259  -18.574  -18.216 0.0000000000
126638  -25.127  -20.619  -15.738 0.0000000000
110843  -25.153  -19.861  -16.060 0.0000000000
110663  -25.632  -20.241  -15.235 0.0000000000
110660  -26.209  -19.835  -14.691 0.0000000000
119086  -27.196  2.383  -14.780 0.0000000000
112823  -26.914  4.056  -16.073 0.0000000000
88831  -27.266  1.152  -15.490 0.0000000000
89439  -27.463  2.511  -16.210 0.0000000000
89452  -27.958  2.595  -16.905 0.0000000000
89440  -27.968  1.828  -16.541 0.0000000000
88853  -28.595  1.126  -16.812 0.0000000000
88195  -29.070  0.297  -17.282 0.0000000000
86840  -26.627  -1.936  -16.143 0.0000000000
86842  -28.481  -1.421  -17.029 0.0000000000
120981  -29.530  -0.500  -17.689 0.0000000000
86847  -30.040  -1.250  -17.914 0.0000000000
86073  -29.032  -3.082  -17.441 0.0000000000
86848  -30.753  -1.606  -18.495 0.0000000000
82780  -26.137  -6.364  -17.207 0.0000000000
83651  -25.478  -5.779  -17.252 0.0000000000
84492  -26.986  -4.918  -16.926 0.0000000000
84494  -28.911  -4.623  -17.236 0.0000000000
85297  -29.886  -3.239  -17.410 0.0000000000
85290  -29.716  -3.956  -16.906 0.0000000000
84485  -30.225  -3.466  -16.805 0.0000000000
83637  -29.496  -5.526  -15.712 0.0000000000
83638  -30.079  -4.996  -15.260 0.0000000000
83629  -29.804  -5.737  -14.808 0.0000000000
81152  -27.459  -8.533  -16.254 0.0000000000
81910  -28.546  -7.684  -14.950 0.0000000000
81911  -29.080  -7.666  -14.259 0.0000000000
114698  -29.406  -7.099  -14.157 0.0000000000
80327  -29.063  -9.635  -13.136 0.0000000000
119908  -29.677  -9.466  -12.448 0.0000000000
77235  -25.295  -13.758  -18.419 0.0000000000
77228  -26.295  -13.770  -17.930 0.0000000000
125851  -27.106  -12.761  -16.887 0.0000000000
77217  -26.964  -13.413  -16.574 0.0000000000
75484  -26.709  -16.054  -15.694 0.0000000000
75497  -26.480  -15.630  -16.552 0.0000000000
75498  -26.920  -15.303  -15.809 0.0000000000
77196  -28.353  -13.881  -13.903 0.0000000000
77195  -27.809  -13.653  -14.729 0.0000000000
123081  -27.726  -12.816  -15.038 0.0000000000
77984  -28.438  -12.042  -13.889 0.0000000000
77969  -28.684  -12.593  -13.439 0.0000000000
77957  -29.605  -12.582  -12.299 0.0000000000
78739  -29.433  -11.815  -12.553 0.0000000000
77958  -30.030  -12.096  -11.789 0.0000000000
68630  -26.953  -22.713  -13.107 0.0000000000
126658  -26.141  -21.948  -13.914 0.0000000000
69436  -26.746  -21.973  -13.503 0.0000000000
110654  -27.223  -21.314  -13.461 0.0000000000
119611  -27.490  -21.994  -13.066 0.0000000000
79583  -25.692  -10.128  -18.354 0.0000000000
78809  -25.918  -11.726  -18.461 0.0000000000
123243  -25.979  -12.332  -18.390 0.0000000000
126313  -26.372  -19.080  -14.851 0.0000000000
72843  -26.936  -18.717  -14.278 0.0000000000
72829  -27.596  -18.421  -13.807 0.0000000000
120190  -28.680  -18.988  -12.856 0.0000000000
71921  -29.325  -19.420  -12.486 0.0000000000
62478  -25.302  -30.223  -11.207 0.0000000000
119535  -25.424  -27.273  -12.016 0.0000000000
65088  -26.212  -27.997  -11.748 0.0000000000
111302  -27.029  -28.084  -11.660 0.0000000000
71129  -24.323  -20.287  -17.154 0.0000000000
70283  -24.640  -20.657  -16.523 0.0000000000
110918  -24.830  -21.328  -15.789 0.0000000000
88177  -27.254  0.344  -15.703 0.0000000000
128488  -27.310  -0.345  -15.958 0.0000000000
88187  -27.892  0.047  -16.238 0.0000000000
83653  -27.510  -5.465  -16.945 0.0000000000
82781  -27.015  -6.276  -16.969 0.0000000000
83655  -29.105  -5.072  -17.057 0.0000000000
128291  -29.701  -4.718  -16.350 0.0000000000
83645  -28.706  -5.674  -16.787 0.0000000000
82769  -28.944  -6.038  -16.120 0.0000000000
82757  -28.562  -6.889  -15.668 0.0000000000
81136  -27.739  -8.600  -15.572 0.0000000000
80343  -27.811  -9.049  -15.164 0.0000000000
80336  -28.241  -9.207  -14.494 0.0000000000
81109  -29.199  -8.256  -13.664 0.0000000000
81108  -28.743  -8.999  -13.679 0.0000000000
80326  -28.527  -9.819  -13.796 0.0000000000
79528  -28.847  -10.528  -13.230 0.0000000000
76381  -25.625  -14.703  -18.559 0.0000000000
111011  -26.307  -14.465  -17.804 0.0000000000
116115  -27.729  -15.864  -14.080 0.0000000000
124029  -27.665  -15.134  -14.556 0.0000000000
75474  -28.172  -15.148  -13.894 0.0000000000
77180  -28.809  -13.413  -13.223 0.0000000000
77165  -29.449  -13.319  -12.463 0.0000000000
77945  -29.986  -13.038  -11.816 0.0000000000
116377  -30.570  -12.654  -11.301 0.0000000000
67783  -24.603  -24.654  -13.658 0.0000000000
67784  -25.325  -24.314  -13.240 0.0000000000
68628  -25.605  -23.579  -13.557 0.0000000000
68644  -25.785  -22.979  -13.798 0.0000000000
68629  -26.261  -23.198  -13.308 0.0000000000
127793  -26.759  -23.399  -12.819 0.0000000000
123167  -26.753  -7.861  -17.295 0.0000000000
81937  -27.441  -7.653  -16.688 0.0000000000
81168  -26.591  -8.715  -17.550 0.0000000000
79576  -27.038  -10.192  -17.820 0.0000000000
120294  -27.357  -10.111  -17.334 0.0000000000
79568  -27.491  -10.532  -16.752 0.0000000000
78777  -27.426  -11.347  -16.153 0.0000000000
128672  -25.782  -17.409  -17.890 0.0000000000
74657  -26.108  -16.101  -17.299 0.0000000000
126329  -26.016  -16.926  -17.106 0.0000000000
74631  -26.517  -16.767  -15.545 0.0000000000
74632  -26.852  -16.461  -15.031 0.0000000000
75447  -28.772  -15.791  -12.859 0.0000000000
75430  -29.644  -15.775  -11.973 0.0000000000
74595  -29.239  -16.320  -12.395 0.0000000000
72817  -29.454  -18.614  -12.342 0.0000000000
61609  -24.084  -30.798  -11.132 0.0000000000
66857  -24.775  -25.899  -12.695 0.0000000000
128699  -25.356  -26.433  -12.238 0.0000000000
66858  -25.489  -25.628  -12.396 0.0000000000
66859  -26.117  -25.400  -12.138 0.0000000000
66844  -26.847  -25.652  -11.742 0.0000000000
110974  -25.804  -17.667  -19.213 0.0000000000
110981  -25.609  -18.058  -18.123 0.0000000000
126328  -25.712  -18.421  -16.292 0.0000000000
110670  -25.166  -19.362  -16.774 0.0000000000
110664  -25.502  -19.067  -16.172 0.0000000000
111844  -25.953  -18.692  -15.568 0.0000000000
134305  -26.617  -20.129  -14.137 0.0000000000
110657  -26.854  -20.673  -13.813 0.0000000000
90035  -26.947  3.292  -14.794 0.0000000000
88830  -27.070  1.371  -14.621 0.0000000000
90048  -27.524  3.151  -16.695 0.0000000000
89463  -29.149  2.957  -18.100 0.0000000000
89454  -29.386  2.000  -18.129 0.0000000000
88859  -29.639  0.759  -19.062 0.0000000000
87528  -27.001  -1.040  -16.029 0.0000000000
88200  -29.957  0.028  -19.459 0.0000000000
87545  -30.365  -0.717  -19.235 0.0000000000
86852  -30.476  -1.265  -18.810 0.0000000000
85295  -28.718  -3.965  -17.238 0.0000000000
117619  -29.398  -3.378  -17.398 0.0000000000
84477  -30.352  -4.254  -15.604 0.0000000000
85271  -30.750  -3.648  -14.939 0.0000000000
84468  -30.571  -4.446  -14.684 0.0000000000
82749  -29.578  -6.488  -14.430 0.0000000000
81880  -29.698  -8.067  -12.902 0.0000000000
78024  -25.627  -12.773  -18.277 0.0000000000
78025  -26.070  -12.868  -18.181 0.0000000000
77237  -26.069  -13.604  -18.218 0.0000000000
78026  -26.372  -12.946  -17.830 0.0000000000
78018  -27.050  -12.273  -17.595 0.0000000000
78008  -27.314  -12.126  -16.600 0.0000000000
77997  -27.525  -12.094  -15.580 0.0000000000
110681  -26.605  -14.727  -16.710 0.0000000000
112368  -26.889  -14.069  -16.370 0.0000000000
76340  -27.516  -14.441  -14.998 0.0000000000
77207  -27.306  -13.760  -15.658 0.0000000000
78764  -28.218  -11.341  -14.374 0.0000000000
78750  -28.590  -11.294  -13.597 0.0000000000
78751  -28.999  -11.300  -13.017 0.0000000000
79516  -29.388  -10.899  -12.601 0.0000000000
69446  -25.615  -22.414  -14.293 0.0000000000
70257  -25.816  -21.551  -14.446 0.0000000000
80342  -27.539  -9.229  -15.789 0.0000000000
132589  -27.313  -15.057  -15.208 0.0000000000
132683  -25.275  -13.184  -18.267 0.0000000000
