#!ascii label  , from subject sub-v1s12x0050105_ses-1 vox2ras=TkReg
767
24327  25.070  -69.805  -16.045 0.6000000238
21372  21.678  -72.076  -9.817 0.6999999881
23230  22.532  -70.724  -10.554 0.6999999881
23264  25.674  -70.338  -11.910 0.8999999762
109727  25.763  -69.890  -12.902 0.8000000119
24299  25.549  -69.622  -14.285 0.8000000119
25362  25.118  -68.714  -15.633 0.6000000238
119582  24.907  -69.111  -16.431 0.6999999881
118529  24.571  -69.041  -17.186 0.6999999881
22300  21.048  -71.403  -10.264 0.6999999881
110705  20.314  -72.731  -9.831 0.6999999881
22299  22.060  -71.361  -10.141 0.6999999881
24256  22.284  -69.754  -11.772 0.6000000238
23246  23.108  -70.054  -11.092 0.6999999881
23245  24.308  -69.996  -10.771 0.6999999881
24273  24.364  -69.133  -12.027 0.8000000119
25300  24.723  -68.830  -12.737 0.8000000119
24287  25.354  -69.154  -13.102 0.8000000119
25332  25.383  -68.956  -13.858 0.8000000119
25349  25.307  -68.808  -14.666 0.6000000238
25363  24.740  -68.357  -16.466 0.6000000238
25373  24.369  -68.175  -17.369 0.6999999881
124439  23.509  -68.837  -18.832 0.6999999881
23232  20.600  -70.675  -10.578 0.5000000000
22301  19.934  -71.965  -9.770 0.6000000238
23248  20.728  -70.209  -11.268 0.4000000060
23231  21.283  -70.841  -10.798 0.6000000238
23247  21.673  -70.318  -11.344 0.5000000000
24255  23.152  -69.317  -12.147 0.6000000238
24254  23.926  -69.523  -11.419 0.8000000119
25318  24.289  -68.420  -13.313 0.6999999881
26319  23.767  -67.990  -13.898 0.6999999881
26335  24.209  -67.749  -14.578 0.6999999881
27393  23.987  -66.748  -16.881 0.5000000000
27394  23.303  -66.596  -17.741 0.6000000238
27405  22.434  -67.224  -18.840 0.6000000238
25374  23.748  -68.183  -18.298 0.6000000238
25407  23.519  -68.870  -19.239 0.5000000000
24243  20.414  -69.877  -10.658 0.5000000000
22284  19.617  -71.204  -9.558 0.6000000238
22285  19.122  -71.929  -9.493 0.6000000238
23214  20.278  -70.601  -10.084 0.5000000000
24274  21.722  -69.307  -12.390 0.5000000000
132103  22.179  -68.399  -13.305 0.6000000238
26320  21.747  -67.512  -14.068 0.6000000238
27351  22.741  -66.690  -15.198 0.6000000238
27365  23.496  -66.403  -15.879 0.5000000000
27380  23.600  -66.190  -16.642 0.5000000000
28361  22.914  -65.713  -17.197 0.6000000238
27395  22.198  -66.344  -18.365 0.6000000238
124776  22.730  -67.785  -19.006 0.5000000000
26384  22.431  -67.290  -19.027 0.5000000000
27417  23.289  -67.203  -19.462 0.5000000000
26397  23.123  -68.033  -19.163 0.5000000000
129299  19.819  -70.614  -9.373 0.5000000000
23216  18.770  -71.322  -9.024 0.5000000000
24258  20.596  -69.366  -11.521 0.5000000000
126771  20.507  -68.672  -12.167 0.4000000060
26304  20.356  -67.722  -12.698 0.3000000119
25322  20.324  -67.968  -12.827 0.4000000060
26322  20.388  -67.344  -13.245 0.3000000119
26321  20.757  -67.474  -13.689 0.5000000000
26336  20.960  -67.025  -14.310 0.5000000000
27367  20.804  -66.164  -15.200 0.5000000000
27366  22.019  -66.068  -15.705 0.5000000000
28345  22.202  -65.435  -16.631 0.5000000000
28362  21.945  -65.543  -17.520 0.6000000238
28374  21.373  -66.143  -18.705 0.6000000238
27406  21.761  -66.763  -18.976 0.5000000000
27418  21.859  -66.632  -19.144 0.5000000000
115070  22.795  -66.564  -19.419 0.5000000000
24231  20.288  -70.072  -9.468 0.5000000000
25270  20.673  -69.543  -10.044 0.5000000000
26282  20.660  -68.521  -11.387 0.5000000000
26293  20.919  -67.867  -11.633 0.4000000060
25290  20.476  -68.602  -11.839 0.5000000000
27312  20.566  -67.500  -12.442 0.4000000060
28289  20.485  -66.390  -13.449 0.3000000119
27340  20.308  -66.490  -13.804 0.3000000119
27368  20.354  -65.861  -15.125 0.4000000060
28331  21.034  -65.517  -15.846 0.5000000000
28346  21.194  -64.923  -16.793 0.4000000060
28387  21.042  -65.706  -19.155 0.5000000000
29288  20.979  -65.060  -19.139 0.5000000000
29287  21.574  -65.142  -19.334 0.5000000000
29285  24.054  -64.534  -19.374 0.5000000000
29286  23.181  -64.667  -19.390 0.4000000060
122102  22.430  -65.259  -19.442 0.5000000000
24218  20.988  -69.460  -8.951 0.5000000000
25279  21.058  -68.911  -10.378 0.5000000000
26281  21.563  -68.282  -10.688 0.5000000000
27311  21.467  -67.216  -12.013 0.4000000060
121632  21.280  -66.197  -13.054 0.3000000119
129809  20.625  -65.602  -13.873 0.3000000119
109120  20.330  -65.238  -15.090 0.4000000060
117718  20.420  -64.424  -15.977 0.4000000060
28332  20.492  -65.017  -15.684 0.4000000060
111774  20.495  -64.510  -16.461 0.4000000060
28347  20.542  -64.676  -17.351 0.5000000000
29265  20.026  -64.396  -17.710 0.5000000000
28363  20.956  -65.438  -18.038 0.6000000238
30211  21.897  -63.451  -18.883 0.4000000060
30226  22.401  -64.285  -19.247 0.5000000000
25268  22.123  -68.481  -9.624 0.4000000060
27310  22.640  -67.053  -11.623 0.4000000060
26280  22.725  -67.967  -10.140 0.4000000060
27326  22.120  -66.487  -12.432 0.4000000060
28288  22.146  -65.783  -13.082 0.4000000060
29209  21.108  -65.083  -14.204 0.4000000060
111583  21.325  -64.455  -14.873 0.4000000060
29224  20.460  -64.852  -14.955 0.4000000060
29239  20.464  -64.449  -15.787 0.4000000060
29251  20.114  -64.215  -16.852 0.5000000000
29275  19.649  -63.941  -17.857 0.5000000000
31258  19.426  -63.239  -17.909 0.6000000238
30212  20.839  -63.503  -18.645 0.5000000000
31256  20.741  -62.435  -18.570 0.4000000060
121037  21.534  -62.708  -18.679 0.4000000060
25254  22.337  -68.509  -8.847 0.4000000060
27325  23.315  -66.551  -11.951 0.4000000060
26291  23.169  -67.408  -10.755 0.4000000060
28287  23.161  -66.013  -12.628 0.4000000060
29208  22.245  -64.632  -14.376 0.4000000060
29238  20.838  -64.072  -15.583 0.4000000060
30176  20.189  -63.661  -16.334 0.4000000060
30188  19.526  -63.456  -16.867 0.4000000060
30201  19.303  -63.347  -17.428 0.5000000000
31243  19.028  -62.619  -17.578 0.4000000060
31257  19.904  -62.977  -18.314 0.6000000238
27298  24.034  -67.093  -10.565 0.4000000060
27309  24.312  -66.530  -11.376 0.4000000060
28286  24.069  -65.648  -12.766 0.4000000060
28304  23.196  -65.423  -13.292 0.4000000060
112889  23.156  -64.261  -14.595 0.4000000060
29223  22.467  -64.070  -14.986 0.4000000060
31218  22.528  -62.800  -15.976 0.5000000000
30175  21.782  -63.398  -15.855 0.4000000060
129554  20.994  -63.345  -16.117 0.3000000119
119044  19.862  -62.278  -16.612 0.3000000119
31221  19.573  -62.936  -16.681 0.4000000060
32271  18.688  -61.780  -17.771 0.4000000060
32284  18.694  -61.349  -18.160 0.4000000060
109686  19.192  -62.260  -18.084 0.5000000000
26268  23.081  -68.030  -9.213 0.4000000060
28303  24.195  -64.929  -13.387 0.4000000060
29222  23.880  -64.110  -14.293 0.4000000060
30160  23.550  -63.482  -15.024 0.3000000119
31219  21.685  -62.748  -16.242 0.3000000119
32251  20.748  -61.792  -16.542 0.3000000119
111376  19.134  -62.257  -16.875 0.3000000119
32285  18.079  -60.966  -17.915 0.4000000060
34168  18.362  -59.692  -18.393 0.4000000060
28270  25.197  -66.099  -11.014 0.3000000119
128620  24.736  -65.179  -12.689 0.3000000119
29206  24.546  -64.059  -13.671 0.3000000119
30159  24.396  -63.372  -14.296 0.3000000119
31207  23.718  -62.564  -15.305 0.3000000119
31217  23.230  -62.048  -15.766 0.3000000119
123047  22.298  -62.036  -16.250 0.4000000060
32250  21.766  -61.236  -16.410 0.4000000060
122364  20.794  -60.905  -16.560 0.3000000119
120922  18.975  -60.719  -16.865 0.3000000119
33221  17.747  -59.823  -17.522 0.4000000060
34169  17.651  -59.631  -18.048 0.4000000060
113931  18.700  -59.001  -18.404 0.4000000060
32249  22.767  -61.171  -16.080 0.4000000060
125566  22.057  -59.720  -16.271 0.4000000060
33211  21.531  -60.270  -16.411 0.4000000060
34139  20.184  -59.264  -16.619 0.3000000119
33220  18.408  -59.913  -17.032 0.4000000060
35174  18.687  -58.351  -17.539 0.4000000060
36202  18.879  -57.405  -17.909 0.4000000060
35175  17.976  -58.799  -17.877 0.4000000060
36208  18.897  -57.800  -18.131 0.4000000060
34138  21.281  -59.338  -16.381 0.4000000060
119798  20.627  -58.648  -16.493 0.5000000000
127425  19.373  -57.728  -17.131 0.4000000060
36196  19.079  -57.373  -17.660 0.4000000060
35193  19.794  -57.784  -18.410 0.3000000119
111082  19.248  -56.775  -17.692 0.3000000119
24313  25.365  -69.667  -15.156 0.6999999881
24272  25.223  -69.337  -12.245 0.8000000119
131694  24.738  -67.865  -15.772 0.6000000238
25333  24.790  -68.325  -14.098 0.6999999881
25350  24.810  -68.064  -15.029 0.6999999881
25386  23.117  -68.297  -18.964 0.6000000238
24275  20.757  -69.082  -12.321 0.4000000060
25303  21.238  -68.669  -12.939 0.4000000060
25319  23.229  -68.351  -13.289 0.6999999881
123090  23.069  -67.406  -14.478 0.6999999881
26350  24.091  -67.144  -15.377 0.6999999881
25280  20.480  -69.164  -11.086 0.5000000000
129646  21.961  -67.082  -14.603 0.5000000000
26337  20.407  -66.798  -13.954 0.4000000060
28376  20.754  -65.213  -18.774 0.5000000000
29274  20.297  -64.553  -18.265 0.6000000238
29237  21.784  -63.897  -15.351 0.3000000119
31231  19.096  -62.847  -17.085 0.4000000060
27297  24.741  -66.576  -10.368 0.4000000060
32252  19.704  -61.469  -16.724 0.3000000119
33213  19.582  -59.953  -16.726 0.3000000119
35167  19.670  -58.451  -16.848 0.3000000119
36201  19.408  -57.046  -18.119 0.3000000119
18487  27.731  -75.030  -9.510 0.6000000238
126616  28.232  -75.553  -9.463 0.6000000238
16558  29.943  -76.762  -10.825 0.6000000238
18518  30.338  -75.904  -11.936 0.6000000238
16545  26.219  -77.802  -9.881 0.5000000000
17501  26.487  -76.276  -9.532 0.6000000238
19487  26.274  -74.632  -9.655 0.6999999881
19486  27.159  -74.447  -9.766 0.6999999881
121221  27.592  -76.798  -9.374 0.6000000238
19499  28.436  -74.136  -10.431 0.6000000238
18486  28.595  -74.894  -9.847 0.6000000238
20478  29.317  -73.662  -11.889 0.6000000238
19518  29.527  -74.408  -11.431 0.6000000238
18534  30.040  -75.158  -11.901 0.6000000238
19548  30.033  -74.321  -13.233 0.6000000238
19561  30.368  -74.140  -14.069 0.6999999881
17510  25.181  -76.848  -9.969 0.6000000238
18490  24.834  -75.226  -9.626 0.6999999881
16538  25.938  -77.030  -9.732 0.5000000000
18489  25.767  -75.506  -9.576 0.6999999881
17502  25.649  -76.362  -9.675 0.6999999881
20480  27.204  -73.052  -11.152 0.6999999881
19500  27.540  -73.700  -10.428 0.6999999881
20479  28.570  -73.210  -11.594 0.5000000000
19532  29.823  -74.323  -12.349 0.6000000238
123443  29.805  -73.791  -13.670 0.6000000238
20519  29.804  -73.595  -14.375 0.6999999881
20536  29.735  -73.383  -15.219 0.6999999881
19574  30.117  -73.860  -15.862 0.6999999881
123574  29.960  -73.817  -16.688 0.6999999881
19667  34.116  -74.256  -22.836 0.4000000060
116108  30.995  -75.293  -21.023 0.5000000000
122916  30.390  -74.783  -19.353 0.6000000238
19620  30.499  -74.593  -18.612 0.6000000238
20570  29.500  -73.962  -18.347 0.6999999881
16573  22.151  -78.087  -12.373 0.5000000000
16561  23.092  -77.008  -10.927 0.5000000000
18491  24.110  -75.022  -9.637 0.6000000238
16548  23.930  -77.179  -10.715 0.5000000000
19489  24.606  -74.314  -9.617 0.6999999881
18501  24.193  -75.787  -9.842 0.5000000000
17511  24.412  -76.622  -10.138 0.6000000238
20462  25.355  -73.127  -9.994 0.6999999881
19502  25.900  -74.121  -9.809 0.6999999881
20460  26.607  -73.295  -10.577 0.6999999881
21383  27.840  -72.708  -11.676 0.6999999881
20503  28.921  -72.794  -12.966 0.6000000238
21420  29.298  -72.807  -14.509 0.6000000238
21437  29.074  -72.572  -15.457 0.6999999881
20548  29.410  -73.266  -16.926 0.6999999881
20558  29.108  -73.330  -17.753 0.6999999881
19621  29.898  -74.478  -18.908 0.6000000238
116226  20.781  -76.414  -11.421 0.5000000000
110713  20.659  -78.229  -13.107 0.4000000060
17513  21.896  -75.986  -10.785 0.5000000000
17525  21.452  -76.634  -11.291 0.5000000000
17512  22.733  -76.147  -10.546 0.5000000000
19503  22.782  -74.475  -9.827 0.6000000238
18502  23.322  -75.367  -9.946 0.6000000238
124798  24.843  -71.656  -9.955 0.6999999881
20449  24.110  -73.532  -9.592 0.6000000238
20448  24.814  -73.503  -9.699 0.6999999881
21369  25.922  -72.878  -10.547 0.6999999881
110096  27.008  -72.534  -11.812 0.6999999881
109421  28.226  -72.171  -12.999 0.6999999881
20491  28.991  -73.117  -12.299 0.6999999881
21421  28.522  -72.192  -14.534 0.6999999881
114535  28.408  -72.317  -16.113 0.6999999881
21469  28.405  -72.711  -18.051 0.6999999881
19649  29.554  -74.458  -21.229 0.5000000000
20581  28.763  -73.575  -20.271 0.6000000238
20571  28.861  -73.383  -18.631 0.6000000238
17540  19.520  -77.025  -12.582 0.4000000060
18504  21.511  -75.204  -10.522 0.6000000238
19504  21.915  -74.470  -10.050 0.6000000238
20463  23.218  -73.592  -9.626 0.6000000238
116974  24.013  -71.839  -9.681 0.6000000238
22296  25.380  -71.432  -10.519 0.6999999881
109743  25.382  -72.309  -10.237 0.6999999881
118204  26.403  -72.019  -11.861 0.6999999881
126228  26.108  -71.769  -13.253 0.8000000119
21396  26.784  -72.156  -12.588 0.8000000119
125780  26.910  -72.131  -13.790 0.6000000238
126481  27.632  -71.969  -15.849 0.6000000238
21470  27.736  -72.133  -17.507 0.8000000119
21457  28.610  -72.599  -17.059 0.6999999881
19662  29.876  -74.733  -21.859 0.5000000000
20592  28.873  -73.922  -21.498 0.6000000238
21489  28.236  -72.840  -19.926 0.6999999881
132166  28.911  -73.879  -22.390 0.6000000238
18506  19.881  -75.241  -10.911 0.5000000000
18522  18.672  -75.599  -11.732 0.4000000060
18536  18.302  -75.778  -12.585 0.4000000060
19505  21.081  -74.459  -10.256 0.5000000000
18520  20.347  -75.842  -11.225 0.5000000000
20465  21.500  -73.669  -9.867 0.6000000238
21371  22.757  -72.740  -9.634 0.6000000238
22298  23.224  -71.269  -9.881 0.6000000238
131454  24.935  -70.956  -10.201 0.6999999881
22308  25.788  -71.312  -11.372 0.8000000119
22326  26.039  -70.977  -12.975 0.8000000119
22339  25.667  -72.071  -14.436 0.6000000238
22343  25.828  -72.102  -15.259 0.6000000238
22358  26.839  -71.837  -16.008 0.6999999881
22376  26.952  -71.670  -16.928 0.6999999881
120120  27.182  -71.769  -18.876 0.6999999881
21503  28.339  -73.026  -21.062 0.6000000238
21504  27.624  -72.217  -20.609 0.6000000238
22422  27.036  -71.371  -20.705 0.6000000238
20607  28.503  -73.241  -22.306 0.6000000238
115898  27.442  -71.836  -21.496 0.6000000238
20467  19.653  -74.013  -10.104 0.5000000000
19507  19.394  -74.708  -10.574 0.5000000000
19533  17.904  -75.237  -11.955 0.5000000000
115967  21.138  -72.827  -9.798 0.5000000000
19506  20.234  -74.554  -10.406 0.5000000000
130652  22.237  -72.382  -9.693 0.6000000238
23288  25.363  -70.842  -14.732 0.6999999881
23296  25.035  -70.970  -15.661 0.6000000238
118201  25.314  -71.690  -15.859 0.6000000238
22360  25.320  -71.544  -16.640 0.6000000238
22397  25.862  -71.449  -18.068 0.6999999881
116464  25.114  -71.238  -18.162 0.6000000238
110647  25.612  -71.006  -19.376 0.6000000238
22410  27.088  -71.624  -19.736 0.6999999881
21532  28.577  -72.807  -23.025 0.5000000000
23384  26.908  -70.496  -21.710 0.4000000060
128024  19.821  -73.296  -9.901 0.5000000000
21375  18.971  -73.441  -9.908 0.5000000000
20469  17.542  -73.851  -10.171 0.5000000000
126811  17.248  -74.204  -10.713 0.5000000000
20481  16.646  -74.056  -11.128 0.5000000000
109776  15.877  -73.681  -11.608 0.5000000000
24328  24.678  -69.894  -16.882 0.6000000238
23329  24.515  -70.589  -17.941 0.6000000238
23351  24.520  -70.542  -18.947 0.4000000060
23363  24.871  -70.488  -19.573 0.5000000000
23375  25.347  -70.254  -20.291 0.4000000060
23374  26.361  -70.675  -20.752 0.5000000000
21374  19.486  -72.647  -9.741 0.6000000238
21360  18.616  -72.630  -9.589 0.5000000000
20451  17.058  -73.135  -9.731 0.5000000000
112954  16.735  -73.708  -10.400 0.5000000000
130235  15.508  -73.510  -11.071 0.5000000000
20482  14.806  -73.368  -11.313 0.5000000000
20495  14.258  -73.404  -12.260 0.4000000060
20508  13.719  -73.343  -12.993 0.5000000000
110964  13.079  -73.179  -13.780 0.4000000060
21444  12.451  -72.591  -15.164 0.4000000060
21461  13.350  -72.349  -16.212 0.4000000060
24362  23.786  -69.583  -18.850 0.6000000238
24381  23.868  -69.546  -19.444 0.4000000060
23376  24.431  -69.842  -19.932 0.4000000060
24406  25.835  -69.474  -20.878 0.4000000060
22286  18.262  -71.945  -9.195 0.5000000000
123361  16.994  -72.442  -9.271 0.4000000060
21362  16.406  -72.604  -9.451 0.4000000060
21376  15.065  -72.751  -9.908 0.5000000000
22302  14.054  -71.729  -9.965 0.4000000060
20483  13.708  -73.176  -11.543 0.5000000000
22303  13.375  -71.743  -10.622 0.4000000060
22310  12.451  -71.751  -11.924 0.5000000000
21398  12.984  -72.937  -11.896 0.5000000000
22318  12.148  -71.693  -12.712 0.3000000119
21412  11.900  -72.263  -14.110 0.3000000119
130988  11.263  -71.626  -15.163 0.3000000119
22273  17.901  -71.320  -8.609 0.5000000000
22288  16.377  -71.910  -8.926 0.5000000000
21363  15.624  -72.374  -9.392 0.4000000060
24232  19.753  -70.165  -8.655 0.4000000060
23202  18.439  -70.683  -8.381 0.4000000060
22274  16.961  -71.237  -8.430 0.4000000060
23205  15.866  -70.204  -8.528 0.4000000060
23201  19.015  -70.088  -8.155 0.4000000060
24220  18.188  -70.005  -7.825 0.4000000060
23204  16.674  -70.415  -8.235 0.4000000060
25257  20.184  -69.088  -7.899 0.4000000060
24208  17.968  -69.195  -7.727 0.4000000060
24222  16.402  -69.453  -8.343 0.4000000060
117731  15.318  -68.935  -9.481 0.4000000060
24207  18.805  -69.361  -7.749 0.4000000060
25255  21.606  -68.826  -8.539 0.3000000119
25243  17.791  -68.312  -7.929 0.4000000060
25259  16.497  -68.552  -8.489 0.4000000060
26269  16.205  -67.895  -8.978 0.4000000060
25281  15.152  -68.481  -10.367 0.4000000060
26283  16.126  -67.275  -9.879 0.4000000060
26250  22.820  -67.935  -8.472 0.3000000119
26234  20.655  -67.702  -7.588 0.4000000060
26236  19.020  -67.882  -7.630 0.4000000060
26254  17.796  -67.497  -8.244 0.4000000060
112418  17.244  -67.139  -8.637 0.4000000060
27273  16.646  -67.180  -9.009 0.4000000060
112833  17.811  -66.697  -8.548 0.3000000119
23309  24.774  -70.735  -16.509 0.6000000238
24342  24.368  -69.876  -17.853 0.6000000238
25406  24.025  -69.147  -19.845 0.4000000060
131540  29.620  -75.603  -10.638 0.6000000238
21456  29.097  -72.717  -16.345 0.6999999881
19660  31.475  -75.387  -21.973 0.5000000000
19661  30.509  -75.072  -21.879 0.5000000000
19647  31.288  -75.283  -20.203 0.5000000000
19648  30.267  -74.832  -21.016 0.4000000060
19635  29.891  -74.577  -20.027 0.6000000238
16562  21.771  -77.480  -11.745 0.5000000000
21395  27.639  -72.276  -12.364 0.6999999881
119522  28.674  -73.327  -19.408 0.6000000238
21370  23.679  -72.729  -9.605 0.6000000238
110807  27.946  -71.921  -13.734 0.6999999881
21458  27.724  -72.033  -16.582 0.8000000119
21478  28.280  -72.752  -18.953 0.6999999881
18535  19.145  -76.221  -12.175 0.4000000060
21423  26.249  -72.196  -14.286 0.6000000238
21439  27.015  -71.947  -15.188 0.6000000238
22396  26.919  -71.629  -17.985 0.6999999881
21479  27.697  -72.215  -18.440 0.6999999881
21531  29.133  -73.045  -23.146 0.5000000000
21530  29.740  -73.483  -22.817 0.5000000000
21490  27.658  -72.243  -19.405 0.6999999881
22344  25.296  -71.790  -15.046 0.6999999881
22359  25.931  -71.843  -16.288 0.6999999881
22377  25.992  -71.630  -17.216 0.6999999881
22411  26.341  -71.143  -19.967 0.6000000238
21518  27.923  -72.450  -21.827 0.6000000238
22432  27.638  -71.831  -22.454 0.6000000238
118013  18.823  -74.267  -10.284 0.5000000000
19508  17.978  -74.503  -10.583 0.5000000000
19522  17.418  -74.622  -11.390 0.4000000060
23310  24.610  -70.637  -17.285 0.6000000238
22398  25.039  -70.894  -18.845 0.6000000238
119765  13.145  -72.683  -15.402 0.3000000119
23364  24.092  -70.132  -19.294 0.5000000000
24394  25.221  -69.682  -20.462 0.4000000060
21386  13.980  -72.917  -10.726 0.5000000000
21411  12.285  -72.569  -13.309 0.4000000060
129889  11.907  -72.367  -15.208 0.4000000060
25240  20.404  -68.456  -7.712 0.4000000060
25242  18.567  -68.558  -7.674 0.4000000060
14888  39.516  -78.753  -22.838 0.3000000119
19554  36.036  -74.185  -14.589 0.4000000060
20529  37.599  -73.510  -15.512 0.4000000060
18580  37.846  -75.588  -14.913 0.4000000060
18579  38.616  -75.753  -15.214 0.4000000060
20532  35.042  -73.495  -15.683 0.4000000060
19555  35.254  -74.012  -14.264 0.4000000060
20515  34.713  -73.564  -14.654 0.4000000060
20516  33.748  -73.585  -14.406 0.5000000000
19543  34.100  -74.755  -13.407 0.5000000000
19544  33.140  -74.574  -13.339 0.5000000000
20553  36.163  -73.176  -16.832 0.4000000060
20513  36.411  -73.831  -15.076 0.5000000000
18567  35.719  -74.824  -14.120 0.5000000000
117592  33.245  -76.083  -12.690 0.5000000000
21455  36.687  -72.785  -16.633 0.5000000000
20530  36.810  -73.528  -15.574 0.5000000000
20541  37.169  -73.006  -15.968 0.5000000000
19570  37.955  -74.162  -15.248 0.4000000060
19569  38.827  -74.273  -15.332 0.4000000060
115747  39.172  -75.118  -15.367 0.4000000060
18594  39.850  -76.139  -16.006 0.4000000060
17610  40.087  -76.724  -17.128 0.3000000119
16682  39.529  -77.317  -18.619 0.4000000060
124855  34.889  -74.241  -19.651 0.4000000060
19599  33.882  -74.016  -18.141 0.4000000060
19600  33.278  -73.840  -17.501 0.4000000060
20568  35.444  -73.444  -18.525 0.4000000060
20555  34.844  -73.754  -18.026 0.4000000060
124863  33.464  -73.609  -16.820 0.4000000060
115928  33.154  -73.501  -16.004 0.5000000000
20534  33.243  -73.477  -15.098 0.5000000000
21468  35.904  -73.058  -18.074 0.4000000060
20554  35.645  -73.345  -17.453 0.4000000060
20543  35.728  -73.414  -16.450 0.4000000060
19585  32.718  -73.706  -16.896 0.5000000000
20535  32.389  -73.530  -15.363 0.5000000000
19558  32.680  -73.945  -13.871 0.5000000000
19545  32.226  -74.658  -13.416 0.6000000238
19546  31.348  -74.810  -13.510 0.6000000238
18531  32.250  -75.981  -12.572 0.6000000238
126728  30.415  -73.982  -16.472 0.6000000238
19573  30.736  -74.036  -15.667 0.6000000238
18532  31.332  -75.857  -12.615 0.5000000000
20527  39.341  -73.597  -15.529 0.4000000060
19531  30.310  -74.892  -12.754 0.5000000000
18577  40.038  -75.341  -15.826 0.4000000060
112211  40.625  -75.072  -16.459 0.4000000060
17609  40.516  -75.985  -17.673 0.4000000060
19631  33.110  -74.841  -19.790 0.4000000060
110277  32.541  -74.553  -18.965 0.5000000000
109364  31.982  -74.309  -18.113 0.5000000000
19619  31.162  -74.523  -18.392 0.5000000000
20518  32.029  -73.731  -14.582 0.5000000000
19603  30.664  -74.318  -17.796 0.5000000000
119486  31.175  -74.114  -14.748 0.6000000238
19604  30.056  -74.321  -18.029 0.6000000238
111862  30.883  -74.148  -16.867 0.6000000238
13958  38.468  -80.032  -23.092 0.3000000119
17687  40.911  -76.944  -21.898 0.3000000119
18625  41.001  -74.721  -20.788 0.3000000119
20579  35.163  -74.083  -20.438 0.4000000060
114123  34.617  -74.506  -20.564 0.4000000060
115866  33.732  -74.942  -20.649 0.4000000060
19618  33.525  -74.402  -18.928 0.4000000060
19646  32.763  -75.373  -20.776 0.4000000060
110062  31.721  -74.659  -18.929 0.5000000000
19632  32.016  -75.110  -19.831 0.4000000060
19633  31.057  -74.936  -19.319 0.5000000000
19560  30.938  -74.448  -14.094 0.6000000238
18552  31.023  -75.294  -13.068 0.5000000000
20545  34.123  -73.535  -16.313 0.4000000060
115247  32.715  -75.278  -12.929 0.5000000000
18615  40.745  -75.017  -19.730 0.3000000119
110131  34.095  -74.562  -19.699 0.4000000060
19601  32.540  -74.002  -17.570 0.5000000000
124293  31.797  -74.002  -17.093 0.5000000000
125848  31.388  -73.897  -16.199 0.6000000238
32261  18.734  -61.490  -17.080 0.3000000119
15781  40.848  -77.644  -21.939 0.3000000119
16537  26.816  -77.183  -9.535 0.6000000238
16546  25.492  -77.561  -10.207 0.5000000000
16574  21.235  -77.946  -12.404 0.4000000060
17499  28.276  -76.295  -9.386 0.6000000238
17500  27.466  -75.958  -9.388 0.6000000238
17503  24.976  -76.079  -9.707 0.6000000238
17509  29.517  -76.128  -10.250 0.6000000238
17523  29.941  -75.900  -11.185 0.6000000238
17524  22.248  -76.841  -11.112 0.5000000000
17526  20.071  -76.592  -11.846 0.4000000060
17534  33.343  -76.945  -12.540 0.5000000000
17535  32.629  -76.783  -12.276 0.5000000000
17538  20.932  -77.180  -11.815 0.5000000000
17625  40.059  -76.706  -18.188 0.4000000060
18488  26.811  -75.294  -9.511 0.6999999881
18500  29.146  -74.568  -10.597 0.6000000238
18503  22.346  -75.276  -10.269 0.6000000238
18505  20.704  -75.191  -10.723 0.5000000000
18519  21.110  -75.869  -10.978 0.5000000000
18521  19.517  -75.809  -11.483 0.5000000000
18533  30.609  -75.545  -12.553 0.5000000000
18550  34.077  -75.769  -13.056 0.5000000000
18551  31.789  -75.304  -12.988 0.6000000238
18553  30.675  -75.120  -12.948 0.5000000000
18578  39.358  -75.987  -15.574 0.4000000060
18593  40.373  -75.921  -16.608 0.4000000060
19485  27.923  -74.389  -9.913 0.6000000238
19488  25.440  -74.620  -9.635 0.6999999881
19490  23.677  -74.388  -9.633 0.6000000238
19501  26.581  -73.917  -10.004 0.6999999881
19519  28.942  -73.867  -11.094 0.5000000000
19520  19.027  -75.290  -11.059 0.5000000000
19521  18.226  -75.087  -11.199 0.5000000000
19547  30.646  -74.753  -13.402 0.5000000000
19557  33.566  -73.976  -13.760 0.5000000000
19559  31.706  -74.215  -13.982 0.6000000238
19571  37.146  -74.042  -15.202 0.5000000000
19572  31.533  -73.795  -15.394 0.5000000000
19586  30.295  -74.087  -17.230 0.6000000238
19602  31.257  -74.253  -17.655 0.5000000000
19634  30.642  -75.056  -20.092 0.5000000000
19645  34.280  -74.707  -21.600 0.4000000060
19672  30.010  -74.561  -22.298 0.5000000000
20447  25.342  -73.875  -9.744 0.6999999881
20450  18.039  -73.304  -9.751 0.5000000000
20459  28.319  -73.580  -10.904 0.6000000238
20461  25.943  -73.543  -10.137 0.6999999881
20464  22.346  -73.650  -9.741 0.6000000238
20466  20.556  -73.659  -9.955 0.5000000000
20468  18.268  -73.919  -10.080 0.5000000000
20470  15.998  -73.147  -9.952 0.4000000060
20471  14.672  -72.989  -10.480 0.5000000000
20490  29.503  -73.559  -12.864 0.6000000238
20496  13.455  -73.244  -12.270 0.5000000000
20502  29.381  -73.139  -13.688 0.6000000238
20514  35.604  -73.651  -14.901 0.5000000000
20517  32.887  -73.604  -14.524 0.5000000000
20528  38.448  -73.512  -15.457 0.4000000060
20531  36.026  -73.513  -15.629 0.5000000000
20533  34.019  -73.464  -15.310 0.4000000060
20542  36.427  -73.241  -16.180 0.4000000060
20544  34.932  -73.528  -16.860 0.4000000060
20546  32.182  -73.664  -16.244 0.5000000000
20547  29.611  -73.297  -16.099 0.6999999881
20556  34.092  -73.681  -17.287 0.4000000060
20557  29.748  -73.870  -17.494 0.6999999881
20569  35.061  -73.924  -18.946 0.4000000060
20580  29.255  -73.982  -19.404 0.6000000238
20591  29.253  -74.146  -20.473 0.6000000238
20606  29.346  -74.268  -22.277 0.6000000238
20620  29.648  -73.939  -22.744 0.5000000000
20621  29.012  -73.631  -22.846 0.6000000238
21359  24.640  -72.661  -9.750 0.6999999881
21361  17.733  -72.575  -9.399 0.5000000000
21373  20.743  -72.037  -9.892 0.6999999881
21377  14.324  -72.496  -10.093 0.5000000000
21378  13.730  -72.330  -10.437 0.4000000060
21384  26.502  -72.664  -11.144 0.6999999881
21385  25.904  -72.132  -10.939 0.6999999881
21387  13.200  -72.559  -11.064 0.5000000000
21388  12.715  -72.376  -11.650 0.5000000000
21394  28.407  -72.625  -12.289 0.6999999881
21397  26.379  -71.881  -12.966 0.8000000119
21399  12.506  -72.493  -12.339 0.5000000000
21403  28.753  -72.468  -13.736 0.6999999881
21404  27.254  -72.103  -13.131 0.6999999881
21405  26.478  -72.071  -13.449 0.6000000238
21406  26.007  -72.051  -13.765 0.6000000238
21410  12.899  -73.121  -12.728 0.5000000000
21422  27.479  -71.975  -14.463 0.6999999881
21428  12.811  -72.841  -14.662 0.4000000060
21429  12.134  -72.540  -14.689 0.4000000060
21438  28.090  -72.017  -15.282 0.6000000238
21462  12.365  -72.356  -15.814 0.4000000060
21467  36.238  -72.871  -17.363 0.4000000060
21538  28.522  -72.203  -23.182 0.5000000000
22287  17.376  -71.918  -8.940 0.5000000000
22297  24.269  -71.053  -9.946 0.6000000238
22309  12.826  -71.757  -11.249 0.5000000000
22317  26.145  -71.439  -12.350 0.8000000119
22327  11.836  -71.655  -13.539 0.3000000119
22328  11.520  -72.051  -14.810 0.3000000119
22340  25.776  -71.770  -13.822 0.6999999881
22348  11.499  -71.899  -15.592 0.3000000119
22361  24.791  -71.225  -16.938 0.6000000238
22378  25.223  -71.424  -17.430 0.6000000238
22379  24.719  -71.089  -17.663 0.6000000238
22399  24.658  -70.818  -18.342 0.4000000060
22412  25.655  -70.691  -20.020 0.6000000238
22423  27.161  -71.199  -21.633 0.4000000060
22433  27.337  -71.134  -22.437 0.6000000238
23203  17.570  -70.596  -8.161 0.4000000060
23215  19.236  -70.700  -8.836 0.4000000060
23228  24.550  -70.536  -10.320 0.6999999881
23229  23.711  -70.537  -10.332 0.6000000238
23244  25.200  -70.471  -10.782 0.6999999881
23249  20.457  -70.137  -10.912 0.5000000000
23266  12.453  -70.848  -12.304 0.3000000119
23352  24.282  -70.289  -18.569 0.4000000060
23385  26.031  -70.052  -20.895 0.4000000060
24219  20.324  -69.586  -8.492 0.4000000060
24221  17.320  -69.800  -7.917 0.4000000060
24223  15.593  -69.514  -8.803 0.4000000060
24253  24.895  -69.613  -11.377 0.8000000119
24257  21.097  -69.719  -11.842 0.4000000060
25239  21.271  -68.374  -7.880 0.4000000060
25241  19.495  -68.675  -7.657 0.4000000060
25256  20.871  -69.024  -8.176 0.4000000060
25258  17.151  -68.881  -8.054 0.4000000060
25269  21.513  -69.002  -9.296 0.4000000060
25271  15.848  -68.699  -8.871 0.4000000060
25301  23.802  -68.716  -12.664 0.6999999881
25302  22.563  -68.811  -12.825 0.6000000238
25304  20.546  -68.409  -12.620 0.4000000060
25305  20.381  -68.185  -12.380 0.3000000119
25317  25.011  -68.688  -13.404 0.8000000119
25320  21.408  -68.034  -13.500 0.5000000000
25321  20.567  -68.039  -13.157 0.3000000119
25385  24.106  -68.940  -18.112 0.6999999881
25423  24.676  -69.277  -20.242 0.4000000060
26235  19.820  -67.836  -7.565 0.4000000060
26237  18.340  -67.859  -7.843 0.4000000060
26251  22.114  -68.239  -8.157 0.3000000119
26252  19.345  -67.279  -7.721 0.4000000060
26253  18.596  -67.131  -8.065 0.4000000060
26255  17.006  -67.894  -8.416 0.4000000060
26266  24.294  -67.023  -9.697 0.4000000060
26270  15.657  -68.136  -9.698 0.4000000060
26279  23.596  -67.536  -9.874 0.4000000060
26284  15.528  -67.727  -10.685 0.4000000060
26292  22.099  -67.654  -11.138 0.4000000060
26294  20.356  -68.053  -12.087 0.5000000000
26363  24.459  -67.394  -16.500 0.5000000000
26375  23.941  -67.387  -17.566 0.6999999881
26376  23.227  -67.568  -18.512 0.6000000238
27324  24.015  -66.196  -12.210 0.4000000060
27327  20.839  -66.780  -12.736 0.4000000060
27328  20.325  -67.054  -13.084 0.3000000119
27352  21.436  -66.605  -14.920 0.5000000000
27353  20.473  -66.451  -14.583 0.4000000060
27354  20.205  -66.275  -14.348 0.4000000060
27364  24.047  -66.667  -16.187 0.6999999881
27381  22.993  -65.875  -16.308 0.5000000000
27407  21.274  -66.308  -19.059 0.5000000000
28305  22.142  -65.189  -13.705 0.4000000060
28306  20.997  -65.679  -13.595 0.4000000060
28307  20.131  -65.905  -13.945 0.3000000119
28318  20.152  -65.896  -14.409 0.4000000060
28364  20.542  -65.067  -18.272 0.6000000238
28375  20.956  -65.757  -18.807 0.5000000000
28385  23.382  -65.472  -19.512 0.5000000000
28386  21.634  -65.954  -19.313 0.5000000000
29207  23.306  -64.776  -13.983 0.4000000060
29225  20.280  -65.535  -14.432 0.4000000060
29240  20.033  -63.950  -16.513 0.4000000060
29252  19.653  -63.868  -17.223 0.5000000000
29273  20.664  -64.514  -18.739 0.5000000000
30173  23.191  -62.895  -15.586 0.3000000119
30174  22.607  -63.445  -15.504 0.4000000060
30213  20.009  -63.900  -18.297 0.6000000238
30225  23.500  -63.928  -19.145 0.4000000060
30227  21.352  -64.359  -19.080 0.5000000000
31220  20.622  -62.714  -16.397 0.3000000119
32262  18.165  -60.637  -17.448 0.4000000060
32282  20.491  -61.571  -18.601 0.4000000060
32283  19.510  -61.466  -18.486 0.5000000000
32293  18.321  -60.851  -18.207 0.4000000060
33212  20.632  -60.059  -16.552 0.3000000119
33229  17.628  -60.110  -17.840 0.4000000060
33243  17.992  -60.340  -18.183 0.4000000060
34144  19.025  -59.148  -16.957 0.3000000119
34145  18.017  -59.207  -17.455 0.4000000060
34156  17.623  -59.386  -17.839 0.4000000060
35187  18.429  -58.105  -17.961 0.4000000060
35188  17.928  -58.913  -18.076 0.4000000060
35194  18.517  -58.400  -18.174 0.4000000060
110443  16.010  -73.595  -10.778 0.5000000000
111028  32.969  -74.209  -18.193 0.5000000000
111789  22.659  -77.594  -11.633 0.5000000000
112176  30.302  -73.874  -15.001 0.6999999881
112924  20.322  -71.269  -10.015 0.6000000238
113078  19.934  -62.149  -18.429 0.6000000238
113789  29.663  -75.115  -10.948 0.6000000238
113899  23.553  -77.664  -11.463 0.5000000000
113934  19.622  -69.523  -8.004 0.4000000060
114421  33.862  -74.748  -22.448 0.4000000060
115595  24.806  -65.753  -11.989 0.3000000119
115767  26.412  -71.420  -18.966 0.6000000238
116969  18.878  -62.086  -17.343 0.4000000060
117327  22.597  -67.919  -13.752 0.6999999881
117648  25.483  -71.660  -14.406 0.6000000238
117867  21.945  -72.884  -9.705 0.6000000238
117998  38.302  -74.914  -15.119 0.4000000060
118486  23.590  -76.371  -10.320 0.5000000000
118932  18.666  -74.818  -10.723 0.5000000000
120695  31.821  -75.528  -20.938 0.5000000000
121040  36.537  -74.831  -14.506 0.4000000060
121092  23.260  -72.051  -9.661 0.6000000238
121918  12.420  -72.734  -14.117 0.4000000060
122018  33.483  -75.271  -13.035 0.5000000000
122698  40.547  -75.798  -20.000 0.3000000119
122889  24.953  -71.295  -16.303 0.6000000238
123013  22.550  -71.919  -9.746 0.6000000238
123615  21.537  -67.593  -7.700 0.4000000060
123740  22.379  -66.029  -19.428 0.5000000000
124287  21.490  -62.116  -16.414 0.3000000119
124621  30.183  -74.361  -22.554 0.5000000000
125520  11.590  -71.663  -14.234 0.3000000119
125979  15.337  -73.261  -10.569 0.5000000000
126387  27.919  -73.215  -11.135 0.6999999881
126406  12.680  -72.072  -16.541 0.4000000060
126859  23.525  -66.956  -11.287 0.4000000060
126866  34.456  -74.182  -18.893 0.4000000060
127275  25.741  -70.641  -13.817 0.8000000119
127320  18.504  -61.389  -17.575 0.3000000119
127978  25.608  -71.223  -18.685 0.6999999881
128121  27.079  -76.554  -9.454 0.6000000238
128773  40.764  -75.217  -20.434 0.3000000119
128957  23.194  -69.653  -11.600 0.6999999881
129800  33.233  -73.708  -14.075 0.5000000000
130159  22.882  -66.241  -15.754 0.5000000000
130552  20.005  -60.622  -16.686 0.3000000119
130812  24.015  -64.505  -13.872 0.4000000060
131840  31.840  -73.676  -15.812 0.5000000000
131973  25.607  -69.574  -13.595 0.8000000119
132114  30.705  -74.118  -14.732 0.6000000238
