#!ascii label  , from subject sub-v1s12x0050103_ses-1 vox2ras=TkReg
844
71031  19.728  -6.355  -21.338 0.2500000000
71030  20.572  -6.519  -21.881 0.2500000000
70151  20.261  -7.092  -21.564 0.7500000000
72897  19.408  -3.842  -21.748 0.2500000000
129765  19.345  -4.442  -21.372 0.1250000000
70172  21.169  -7.194  -22.181 0.8750000000
70171  21.947  -7.750  -22.855 0.8750000000
72896  20.014  -4.632  -22.058 0.3750000000
71955  20.727  -4.984  -22.871 0.8750000000
71940  20.442  -5.662  -22.099 0.7500000000
71068  22.420  -6.622  -23.736 1.0000000000
114038  21.772  -6.115  -23.372 1.0000000000
71939  21.141  -5.665  -22.978 0.8750000000
70186  22.560  -7.416  -23.571 1.0000000000
71046  21.182  -6.353  -22.593 0.8750000000
70185  23.338  -7.771  -23.977 1.0000000000
73779  19.536  -3.223  -22.382 0.2500000000
131661  20.057  -3.954  -22.582 0.7500000000
72910  20.781  -4.247  -23.374 0.8750000000
135977  21.690  -5.133  -23.714 0.8750000000
135128  20.398  -4.464  -22.748 0.7500000000
71093  22.848  -6.304  -24.212 1.0000000000
71977  22.336  -5.935  -23.941 1.0000000000
71091  24.487  -6.427  -24.343 1.0000000000
71092  23.534  -6.365  -24.396 1.0000000000
70199  23.857  -7.160  -24.238 1.0000000000
71067  23.085  -6.989  -24.139 1.0000000000
73768  19.171  -3.225  -21.550 0.1250000000
73778  20.261  -3.392  -23.272 0.6250000000
73808  21.820  -3.561  -24.448 1.0000000000
73790  21.069  -3.480  -23.931 0.8750000000
72909  21.543  -4.153  -23.987 1.0000000000
71975  24.029  -5.673  -24.674 1.0000000000
118900  23.764  -4.980  -24.801 1.0000000000
71976  22.943  -5.434  -24.447 1.0000000000
72931  22.289  -4.406  -24.411 1.0000000000
119517  24.921  -5.637  -24.643 1.0000000000
71954  26.255  -5.892  -24.063 1.0000000000
112246  20.074  0.544  -24.273 0.2500000000
74680  19.298  -2.535  -22.335 0.2500000000
73792  19.767  -2.578  -23.212 0.3750000000
73809  21.355  -2.827  -24.429 1.0000000000
74692  20.274  -2.187  -23.829 0.6250000000
73807  22.629  -3.652  -24.828 1.0000000000
72928  24.533  -4.988  -25.001 1.0000000000
73806  23.492  -3.705  -25.151 1.0000000000
72927  25.851  -4.291  -25.392 1.0000000000
71974  25.633  -5.571  -24.538 1.0000000000
72926  26.530  -4.612  -24.878 1.0000000000
71973  26.203  -5.181  -24.672 1.0000000000
127989  20.817  0.331  -24.918 0.5000000000
112045  19.778  0.035  -23.884 0.3750000000
75573  19.955  -0.762  -23.988 0.3750000000
75572  20.299  -1.523  -24.101 0.5000000000
120040  20.561  -0.869  -24.464 0.5000000000
75571  21.168  -1.333  -24.744 0.8750000000
74708  21.670  -2.128  -24.854 1.0000000000
75581  22.051  -1.308  -25.270 1.0000000000
73819  23.901  -3.125  -25.503 1.0000000000
74721  22.503  -2.214  -25.264 1.0000000000
73817  25.324  -3.507  -25.993 1.0000000000
73818  24.692  -3.364  -25.889 1.0000000000
114070  26.903  -3.360  -25.049 1.0000000000
134636  27.098  -4.473  -24.674 0.8750000000
76386  20.366  -0.206  -24.407 0.5000000000
112055  21.428  0.141  -25.390 0.6250000000
76395  21.859  -0.411  -25.474 1.0000000000
134164  21.585  -0.866  -25.093 0.7500000000
112059  23.317  -0.997  -25.692 1.0000000000
76384  25.668  -1.123  -25.147 1.0000000000
75578  24.441  -1.770  -25.621 1.0000000000
75579  23.718  -1.701  -25.611 1.0000000000
75569  26.184  -1.908  -25.093 1.0000000000
74706  25.898  -2.569  -25.684 1.0000000000
129608  24.919  -2.459  -25.902 1.0000000000
75568  27.143  -2.080  -24.551 0.8750000000
74705  26.621  -2.714  -25.143 1.0000000000
74704  27.624  -2.932  -24.724 0.8750000000
128167  21.257  0.879  -25.635 0.5000000000
112538  21.952  0.352  -25.831 0.8750000000
123291  23.697  0.254  -26.156 1.0000000000
128065  23.358  -0.262  -25.992 1.0000000000
76393  24.578  -0.372  -25.763 1.0000000000
76394  23.911  -0.981  -25.685 1.0000000000
128136  26.531  0.338  -24.864 1.0000000000
112674  27.851  -1.557  -24.442 1.0000000000
76383  26.745  -1.149  -24.545 1.0000000000
77221  26.092  -0.380  -24.929 1.0000000000
112053  27.672  -0.788  -24.486 1.0000000000
127943  20.474  1.105  -24.893 0.5000000000
127940  21.911  1.133  -26.141 1.0000000000
78838  24.030  2.119  -26.465 1.0000000000
112057  23.647  0.956  -26.267 1.0000000000
128061  23.054  1.589  -26.429 1.0000000000
78836  26.889  2.596  -25.102 1.0000000000
121090  25.759  1.570  -25.371 1.0000000000
112467  27.904  1.461  -25.150 1.0000000000
78030  26.773  1.768  -25.022 1.0000000000
128088  26.137  0.976  -25.126 1.0000000000
128089  28.140  0.723  -25.103 1.0000000000
112304  27.129  0.950  -24.945 1.0000000000
112054  28.130  -0.119  -24.733 0.8750000000
82226  22.471  5.877  -26.306 1.0000000000
81326  21.345  5.375  -25.997 0.3750000000
81336  22.585  5.308  -26.502 0.8750000000
128278  23.573  3.633  -26.549 1.0000000000
79625  26.449  3.222  -25.230 1.0000000000
79634  25.448  3.272  -25.665 1.0000000000
83112  22.425  6.648  -26.136 0.8750000000
83111  22.853  6.562  -26.406 1.0000000000
82225  22.949  5.940  -26.520 1.0000000000
81335  23.082  5.336  -26.557 1.0000000000
82224  23.716  5.888  -26.368 1.0000000000
80468  24.155  4.301  -26.324 1.0000000000
117777  26.184  3.958  -25.382 1.0000000000
120651  27.054  3.830  -25.371 1.0000000000
125361  22.351  7.303  -25.999 0.7500000000
116126  23.450  6.626  -26.398 1.0000000000
81323  26.498  5.254  -25.647 1.0000000000
82209  25.824  5.714  -25.754 1.0000000000
80457  25.939  4.632  -25.578 1.0000000000
114238  24.474  6.783  -26.045 1.0000000000
82223  25.048  6.192  -25.886 1.0000000000
87038  21.483  13.011  -23.997 0.1250000000
87799  21.449  13.988  -23.587 0.1250000000
119925  21.756  13.330  -25.479 0.2500000000
87806  21.555  13.848  -24.869 0.1250000000
87819  22.088  13.563  -25.657 0.3750000000
87820  21.774  14.092  -25.397 0.2500000000
87818  22.977  13.374  -25.829 0.5000000000
87827  23.542  13.555  -26.248 0.3750000000
88527  21.710  14.683  -24.983 0.2500000000
88540  23.086  14.238  -25.902 0.2500000000
88541  22.278  14.580  -25.553 0.2500000000
118878  22.903  15.244  -25.829 0.2500000000
88552  23.769  14.188  -26.730 0.2500000000
88559  23.769  14.915  -27.414 0.2500000000
88562  24.209  14.577  -28.259 0.3750000000
124228  23.803  15.176  -28.191 0.2500000000
71032  19.387  -6.762  -21.076 0.1250000000
71926  19.569  -5.225  -21.365 0.2500000000
114501  19.099  -4.673  -21.060 0.1250000000
71065  25.166  -6.728  -23.857 1.0000000000
112305  22.390  0.734  -26.134 0.8750000000
112056  25.238  0.983  -25.614 1.0000000000
70140  19.492  -7.510  -21.050 0.1250000000
133759  21.345  -8.021  -22.197 0.6250000000
120059  21.953  -8.564  -22.566 0.7500000000
72887  19.037  -3.962  -21.185 0.1250000000
69293  22.575  -9.040  -22.920 1.0000000000
71927  19.311  -5.711  -21.093 0.1250000000
112849  23.538  -8.431  -23.789 1.0000000000
70184  24.179  -7.974  -24.038 1.0000000000
70182  25.849  -6.966  -23.325 1.0000000000
112773  19.347  -1.880  -23.017 0.3750000000
76377  19.489  -0.588  -23.401 0.2500000000
75560  19.637  -1.311  -23.493 0.2500000000
133127  26.986  -5.059  -24.450 0.8750000000
74703  28.538  -2.757  -24.719 0.8750000000
73804  27.628  -3.897  -24.654 0.8750000000
75567  29.007  -2.071  -24.740 0.8750000000
81327  20.841  5.496  -25.544 0.1250000000
80460  21.027  4.486  -25.868 0.1250000000
112384  20.840  1.718  -25.634 0.3750000000
128270  21.425  2.381  -26.152 0.6250000000
135559  28.468  1.174  -25.388 1.0000000000
112047  28.548  -1.022  -24.718 0.8750000000
126125  22.050  5.742  -26.172 0.5000000000
80459  21.514  4.781  -26.288 0.3750000000
79638  22.166  4.214  -26.589 0.8750000000
79624  27.589  3.209  -25.468 1.0000000000
79633  28.441  3.574  -26.391 1.0000000000
80455  27.788  4.068  -25.754 1.0000000000
80456  27.056  4.603  -25.506 1.0000000000
83969  22.619  8.051  -25.937 0.8750000000
122826  23.894  8.172  -25.827 1.0000000000
83099  25.076  7.574  -25.697 1.0000000000
87793  20.874  13.437  -21.775 0.1250000000
87048  21.312  12.086  -23.631 0.1250000000
86301  22.125  11.976  -25.798 0.6250000000
87057  22.382  12.713  -25.788 0.6250000000
87062  23.472  12.737  -26.129 0.5000000000
87831  24.127  13.296  -26.971 0.5000000000
89232  21.836  15.520  -24.494 0.2500000000
88542  21.957  14.801  -25.272 0.2500000000
88558  24.302  14.048  -27.583 0.5000000000
87835  24.799  13.909  -28.397 0.5000000000
89242  22.374  15.510  -25.358 0.1250000000
115979  23.405  15.057  -26.475 0.2500000000
126615  23.419  15.443  -29.340 0.2500000000
88565  24.415  14.342  -29.239 0.3750000000
89264  22.925  15.530  -29.905 0.2500000000
89251  23.431  15.767  -26.994 0.1250000000
70152  19.555  -7.520  -21.084 0.1250000000
69276  20.538  -7.846  -21.600 0.5000000000
71069  21.851  -6.917  -23.076 0.8750000000
69294  22.744  -8.322  -23.373 1.0000000000
71066  24.521  -7.167  -24.035 1.0000000000
73791  20.596  -2.766  -23.869 0.8750000000
72930  23.191  -4.414  -24.794 1.0000000000
71090  25.393  -6.095  -24.197 1.0000000000
126762  25.866  -6.387  -23.741 1.0000000000
75559  19.869  -1.982  -23.568 0.3750000000
74709  20.843  -2.153  -24.397 0.8750000000
74707  22.152  -2.886  -24.846 1.0000000000
73820  22.983  -2.993  -25.223 1.0000000000
121637  25.352  -5.009  -25.028 1.0000000000
131201  24.899  -4.211  -25.574 1.0000000000
72929  24.049  -4.342  -25.129 1.0000000000
72940  24.241  -3.747  -25.472 1.0000000000
73805  26.673  -3.994  -25.071 1.0000000000
76385  21.153  -0.451  -24.911 0.6250000000
128659  22.627  -0.641  -25.723 1.0000000000
74719  24.361  -2.542  -25.710 1.0000000000
74720  23.388  -2.357  -25.502 1.0000000000
75580  22.906  -1.546  -25.577 1.0000000000
73816  26.107  -3.333  -25.659 1.0000000000
72925  27.759  -4.773  -24.253 0.8750000000
112292  22.605  0.119  -26.008 1.0000000000
112594  27.069  -0.253  -24.552 1.0000000000
75570  25.197  -1.863  -25.584 1.0000000000
115020  24.497  -1.030  -25.599 1.0000000000
129924  24.962  -0.976  -25.527 1.0000000000
113649  28.041  -2.262  -24.479 0.8750000000
112062  24.331  1.149  -26.148 1.0000000000
128039  23.054  0.687  -26.227 1.0000000000
128171  24.181  0.286  -26.082 1.0000000000
112058  24.051  -0.333  -25.912 1.0000000000
76392  25.243  -0.400  -25.478 1.0000000000
112352  24.819  0.277  -25.804 1.0000000000
112395  27.404  0.354  -24.736 1.0000000000
135023  21.494  1.592  -26.043 0.6250000000
128090  22.006  1.956  -26.369 0.7500000000
112286  22.575  2.230  -26.503 1.0000000000
112060  23.511  1.797  -26.461 1.0000000000
129624  22.991  2.268  -26.573 1.0000000000
121760  23.737  2.935  -26.555 1.0000000000
78837  24.717  2.618  -26.179 1.0000000000
121104  27.957  2.292  -25.292 1.0000000000
78825  25.805  2.401  -25.393 1.0000000000
112061  24.963  1.774  -25.960 1.0000000000
81337  22.172  5.221  -26.427 0.7500000000
80471  22.319  4.735  -26.555 1.0000000000
80472  21.945  4.728  -26.519 0.7500000000
78839  22.690  2.882  -26.578 1.0000000000
79635  24.463  3.436  -26.313 1.0000000000
123540  22.401  3.589  -26.574 1.0000000000
80469  23.088  4.217  -26.587 1.0000000000
116617  22.726  7.215  -26.205 0.8750000000
80470  22.724  4.813  -26.595 1.0000000000
81334  23.403  4.988  -26.469 1.0000000000
80458  25.097  4.666  -25.936 1.0000000000
79626  25.213  4.042  -25.886 1.0000000000
83110  24.099  7.396  -26.013 1.0000000000
123916  24.626  5.254  -26.039 1.0000000000
83109  25.577  7.061  -25.679 1.0000000000
83958  24.698  8.073  -25.683 1.0000000000
117121  23.273  7.251  -26.241 1.0000000000
87800  21.254  13.259  -22.830 0.1250000000
87039  21.213  12.520  -23.051 0.1250000000
88521  21.595  14.754  -24.187 0.2500000000
87047  21.569  12.387  -24.656 0.3750000000
87058  21.933  12.750  -25.656 0.5000000000
88563  23.863  15.032  -28.920 0.2500000000
69256  19.454  -8.068  -19.947 0.1250000000
69265  19.627  -8.253  -20.902 0.1250000000
69277  20.028  -8.425  -21.161 0.6250000000
117140  21.036  -8.728  -21.776 0.7500000000
79627  21.406  4.183  -26.268 0.5000000000
78840  22.113  2.928  -26.494 0.7500000000
79639  21.800  4.222  -26.496 0.7500000000
78826  21.501  3.439  -26.290 0.8750000000
125292  22.026  3.723  -26.568 1.0000000000
79637  22.533  4.173  -26.594 1.0000000000
83968  23.111  7.808  -25.995 1.0000000000
84777  24.958  8.868  -25.693 1.0000000000
83108  26.584  7.536  -25.822 1.0000000000
86296  21.387  11.596  -24.199 0.3750000000
134671  22.408  11.559  -25.899 0.7500000000
86300  22.875  11.996  -25.867 0.7500000000
119782  21.972  12.193  -25.647 0.5000000000
88566  23.513  14.934  -29.924 0.2500000000
88568  24.092  14.255  -30.366 0.3750000000
112745  24.089  -12.364  -21.399 0.7500000000
65768  25.117  -12.316  -21.505 0.7500000000
65770  22.541  -12.149  -21.157 0.7500000000
66618  22.394  -11.568  -21.704 0.7500000000
66616  24.498  -11.648  -21.845 0.7500000000
134564  23.830  -11.853  -21.780 0.7500000000
66617  23.560  -11.425  -22.189 0.7500000000
131180  22.945  -11.556  -22.055 0.7500000000
130843  25.052  -11.136  -22.101 0.7500000000
66629  24.323  -10.952  -22.464 0.7500000000
68369  21.904  -9.438  -22.329 0.7500000000
67496  23.514  -10.797  -22.759 0.7500000000
112957  23.432  -10.222  -23.068 0.8750000000
135182  22.225  -10.157  -22.423 0.8750000000
66628  25.838  -10.995  -22.036 0.7500000000
115785  25.151  -10.521  -22.422 0.7500000000
67495  24.297  -10.201  -23.009 0.7500000000
68374  23.755  -9.610  -23.380 0.8750000000
69301  23.270  -9.029  -23.403 0.8750000000
68366  25.367  -9.695  -22.674 0.7500000000
68367  24.603  -9.264  -23.275 0.8750000000
69292  25.581  -8.732  -22.832 0.7500000000
69299  24.792  -8.364  -23.492 0.8750000000
70169  26.817  -7.300  -22.776 0.8750000000
70170  25.733  -7.779  -23.008 0.8750000000
71062  29.516  -7.246  -23.446 0.3750000000
71044  28.613  -6.700  -23.166 0.6250000000
71063  27.667  -6.396  -23.242 0.7500000000
124073  27.067  -6.011  -23.621 0.7500000000
71951  30.096  -6.403  -23.940 0.5000000000
71952  29.228  -6.276  -23.430 0.5000000000
72908  28.499  -5.359  -23.763 0.7500000000
71972  27.577  -5.368  -23.992 0.7500000000
71971  30.852  -5.884  -24.999 0.1250000000
71950  30.348  -5.654  -24.346 0.3750000000
72923  30.014  -4.750  -24.408 0.6250000000
72924  28.830  -4.490  -24.259 0.6250000000
71982  32.039  -5.378  -25.607 0.1250000000
71983  31.320  -5.358  -25.403 0.1250000000
73801  30.522  -4.248  -25.128 0.1250000000
112692  31.102  -3.661  -25.743 0.1250000000
74701  30.379  -3.495  -25.354 0.6250000000
135247  29.699  -2.569  -25.207 0.6250000000
73815  31.662  -3.961  -26.126 0.1250000000
73828  32.119  -3.258  -27.688 0.1250000000
112036  31.170  -2.709  -26.921 0.1250000000
112038  30.683  -2.351  -26.176 0.5000000000
74717  29.987  -2.108  -25.423 0.6250000000
112048  29.475  -1.281  -25.202 0.7500000000
72945  32.347  -4.183  -26.570 0.1250000000
112039  30.832  -1.802  -27.109 0.5000000000
129071  30.426  -0.925  -26.860 0.5000000000
112042  29.955  -0.457  -26.325 0.6250000000
112044  29.650  -0.706  -25.661 0.7500000000
83970  22.094  7.856  -25.913 0.6250000000
84792  21.975  9.500  -25.871 0.5000000000
125399  22.262  8.773  -25.931 0.7500000000
122678  29.880  0.686  -27.252 0.6250000000
112049  29.591  1.122  -26.616 0.6250000000
78029  28.739  1.666  -25.585 0.8750000000
77238  30.024  0.513  -28.332 0.5000000000
78043  29.623  1.413  -27.647 0.6250000000
78036  29.402  1.790  -26.672 0.7500000000
78824  28.783  2.253  -25.813 0.8750000000
80467  27.928  4.832  -25.991 0.8750000000
81322  27.417  5.383  -25.837 0.8750000000
78835  28.914  2.906  -26.936 0.7500000000
124187  28.540  4.168  -27.056 0.8750000000
80466  28.328  4.887  -26.674 0.8750000000
81333  28.027  5.507  -26.331 0.8750000000
82220  27.948  6.196  -26.668 0.8750000000
77245  30.063  0.619  -29.730 0.3750000000
78050  29.653  1.323  -29.019 0.5000000000
78846  29.321  2.076  -28.447 0.5000000000
126704  28.981  2.750  -27.934 0.6250000000
78052  29.668  1.308  -30.237 0.2500000000
78847  28.969  2.675  -29.032 0.5000000000
84791  22.419  9.806  -26.014 0.6250000000
123761  23.329  8.647  -25.873 0.8750000000
84790  22.842  9.164  -25.943 0.7500000000
84789  24.208  9.257  -25.868 0.8750000000
82222  26.233  6.528  -25.713 0.8750000000
83107  27.352  7.726  -26.510 0.7500000000
82239  27.815  6.998  -26.982 0.8750000000
79644  28.739  3.429  -27.457 0.6250000000
78856  29.273  1.983  -29.675 0.3750000000
78857  28.975  2.682  -30.200 0.5000000000
81342  28.549  5.500  -28.086 0.7500000000
78865  29.267  1.961  -30.722 0.2500000000
85558  22.136  10.455  -25.994 0.6250000000
128968  23.558  9.521  -26.014 0.8750000000
84776  25.953  9.117  -25.620 0.8750000000
84788  25.374  9.840  -26.046 0.7500000000
83967  26.978  8.473  -26.129 0.8750000000
83121  28.076  7.086  -27.860 0.7500000000
80483  28.592  4.563  -28.739 0.5000000000
79661  28.659  3.429  -30.626 0.2500000000
80488  28.509  4.362  -29.983 0.5000000000
79650  28.701  3.512  -29.328 0.5000000000
78868  29.373  1.984  -31.182 0.2500000000
86308  22.060  10.902  -25.936 0.5000000000
86307  22.206  11.147  -25.922 0.5000000000
118631  23.017  11.184  -26.043 0.6250000000
86305  24.140  11.033  -26.638 0.7500000000
85555  25.165  10.734  -26.740 0.7500000000
85554  26.195  10.470  -26.610 0.7500000000
85564  27.257  10.200  -27.611 0.7500000000
85553  26.965  10.041  -26.781 0.7500000000
85566  25.923  11.203  -27.174 0.7500000000
84801  27.433  9.444  -27.139 0.7500000000
83975  27.716  8.711  -27.627 0.7500000000
84808  27.604  9.539  -28.041 0.7500000000
82260  28.007  6.082  -29.680 0.5000000000
83133  27.923  7.030  -28.907 0.3750000000
83128  27.879  7.896  -28.204 0.6250000000
80498  28.270  4.178  -31.084 0.2500000000
81349  28.045  5.111  -30.533 0.3750000000
86306  23.725  11.843  -26.408 0.6250000000
86313  25.622  11.933  -27.548 0.7500000000
86312  26.331  11.466  -27.980 0.7500000000
85574  27.248  10.245  -28.478 0.7500000000
123595  27.444  9.482  -28.984 0.6250000000
82261  27.506  6.884  -30.081 0.3750000000
83985  27.470  8.634  -29.545 0.3750000000
133457  27.734  4.668  -31.428 0.1250000000
81355  27.214  5.494  -31.733 0.1250000000
82272  27.206  6.273  -31.233 0.2500000000
86314  24.486  11.831  -26.821 0.6250000000
124651  24.983  12.247  -27.153 0.7500000000
85575  26.671  11.062  -28.983 0.7500000000
84815  27.225  9.361  -29.950 0.3750000000
85583  27.104  10.160  -29.442 0.3750000000
83137  27.165  7.361  -30.885 0.2500000000
130129  27.401  7.845  -30.039 0.3750000000
83979  27.684  8.710  -28.573 0.6250000000
82294  27.665  6.116  -32.823 0.1250000000
82283  27.253  6.073  -32.123 0.1250000000
80519  27.765  4.859  -32.421 0.1250000000
87066  24.262  12.459  -26.811 0.6250000000
87065  25.276  12.663  -27.745 0.6250000000
87069  26.303  11.916  -28.767 0.3750000000
87070  25.865  12.317  -28.284 0.3750000000
86326  26.610  11.330  -29.869 0.3750000000
84827  26.511  9.360  -31.810 0.2500000000
85584  26.793  10.643  -30.023 0.3750000000
83148  26.903  7.409  -32.710 0.1250000000
83998  26.799  7.810  -31.608 0.3750000000
83990  27.132  8.444  -30.590 0.3750000000
83145  28.529  6.767  -33.022 0.1250000000
115269  27.034  6.897  -31.886 0.1250000000
132427  25.113  13.716  -29.099 0.3750000000
131192  24.699  12.807  -27.302 0.3750000000
87080  26.156  12.578  -30.176 0.3750000000
87076  26.129  12.641  -29.154 0.3750000000
86343  26.270  10.881  -31.417 0.3750000000
87079  26.455  11.808  -30.254 0.3750000000
87075  26.425  11.949  -29.545 0.3750000000
85598  26.314  10.184  -31.802 0.3750000000
85591  26.672  10.230  -30.981 0.3750000000
86334  26.536  11.129  -30.602 0.3750000000
84016  26.979  8.913  -34.069 0.1250000000
83999  26.585  8.357  -32.262 0.1250000000
84831  26.196  8.947  -32.822 0.2500000000
135968  28.038  7.280  -33.585 0.1250000000
87841  25.344  13.174  -30.452 0.2500000000
87087  25.570  12.572  -31.104 0.2500000000
87838  25.659  13.255  -29.544 0.3750000000
85607  25.334  10.278  -33.105 0.1250000000
86335  26.147  11.793  -31.050 0.3750000000
85606  25.986  9.781  -32.541 0.1250000000
85599  25.904  10.603  -32.214 0.2500000000
84845  25.851  9.617  -34.556 0.1250000000
87839  24.851  13.700  -29.884 0.3750000000
87846  24.937  13.100  -31.205 0.2500000000
86355  25.015  11.046  -33.129 0.1250000000
87103  24.325  12.360  -33.436 0.1250000000
85608  24.813  10.612  -33.664 0.1250000000
86361  24.316  11.814  -34.017 0.1250000000
85620  26.923  10.327  -34.564 0.1250000000
85622  25.429  10.295  -34.971 0.1250000000
87104  23.160  13.667  -33.718 0.1250000000
86375  24.932  11.669  -35.137 0.1250000000
86370  24.170  12.265  -34.446 0.1250000000
86367  26.712  11.187  -34.860 0.1250000000
125190  27.287  10.860  -34.193 0.1250000000
69300  24.046  -8.841  -23.735 0.8750000000
71045  28.037  -7.084  -22.857 0.6250000000
116949  30.186  -0.123  -27.295 0.6250000000
123217  28.678  3.950  -28.063 0.5000000000
85557  22.497  10.576  -26.056 0.6250000000
85556  23.224  10.214  -26.142 0.8750000000
118243  24.273  10.159  -26.264 0.7500000000
84787  26.429  9.675  -26.137 0.8750000000
83966  27.460  8.618  -26.786 0.7500000000
83122  27.738  7.857  -27.294 0.7500000000
81345  28.440  5.328  -29.275 0.5000000000
82249  28.349  6.263  -28.526 0.7500000000
84838  26.139  8.896  -33.565 0.1250000000
86344  25.500  11.911  -31.850 0.2500000000
86369  24.403  11.297  -34.539 0.1250000000
85628  26.039  10.952  -35.140 0.1250000000
73802  29.637  -3.897  -24.804 0.5000000000
73803  28.589  -3.473  -24.679 0.7500000000
112043  30.638  -0.927  -27.725 0.3750000000
112225  30.392  -0.288  -28.241 0.3750000000
81332  28.350  5.559  -27.081 0.7500000000
84832  25.620  9.422  -33.410 0.1250000000
77252  30.345  0.813  -31.017 0.1250000000
64899  23.919  -13.137  -20.881 0.7500000000
64916  25.648  -13.832  -21.252 0.7500000000
65767  26.054  -12.409  -21.775 0.7500000000
68349  21.548  -10.124  -21.901 0.6250000000
67486  22.061  -10.817  -22.070 0.7500000000
66614  26.428  -11.734  -22.073 0.6250000000
67494  26.146  -10.262  -22.281 0.7500000000
69291  26.731  -8.257  -22.581 0.6250000000
70168  27.963  -7.988  -22.648 0.5000000000
70167  29.075  -8.022  -23.045 0.3750000000
119181  29.924  -7.060  -23.755 0.1250000000
124235  30.612  -6.452  -24.431 0.1250000000
71970  31.467  -6.079  -25.147 0.1250000000
71981  33.056  -5.257  -25.835 0.1250000000
72944  33.390  -4.426  -27.197 0.1250000000
73822  32.802  -3.860  -27.538 0.1250000000
73827  33.101  -3.450  -28.449 0.1250000000
126870  21.925  8.482  -25.860 0.3750000000
74725  32.392  -3.060  -28.654 0.1250000000
112032  31.891  -2.840  -28.336 0.1250000000
113582  31.167  -1.646  -28.303 0.1250000000
112306  30.826  -0.845  -28.770 0.2500000000
77244  30.410  -0.130  -29.232 0.2500000000
85550  21.909  10.495  -25.761 0.5000000000
131646  29.451  2.061  -31.350 0.1250000000
78054  29.745  1.350  -30.989 0.2500000000
79678  29.555  3.431  -32.030 0.1250000000
80518  28.531  4.703  -32.650 0.1250000000
81368  28.776  5.257  -32.792 0.1250000000
86302  21.956  11.373  -25.719 0.3750000000
82292  28.988  5.914  -32.688 0.1250000000
83146  28.478  7.762  -32.981 0.1250000000
83141  29.046  7.489  -32.197 0.1250000000
84836  28.009  8.980  -33.457 0.1250000000
85604  28.366  10.491  -32.641 0.1250000000
89215  21.226  15.796  -22.599 0.1250000000
88573  23.724  14.033  -31.317 0.2500000000
87848  23.212  13.831  -32.116 0.1250000000
87856  23.046  13.860  -32.877 0.1250000000
87117  24.623  12.515  -35.092 0.1250000000
87110  23.960  12.868  -34.387 0.1250000000
86374  25.711  11.699  -35.197 0.1250000000
86360  27.166  11.731  -34.230 0.1250000000
87109  26.530  12.371  -34.989 0.1250000000
123413  26.943  -5.588  -24.065 0.7500000000
112052  29.081  0.859  -25.716 0.7500000000
112810  29.379  -0.009  -25.759 0.7500000000
82210  21.457  6.506  -25.661 0.3750000000
118560  27.567  5.975  -26.146 0.8750000000
70183  24.996  -7.494  -23.661 0.8750000000
68368  22.851  -9.761  -22.961 0.8750000000
74702  29.426  -3.048  -25.076 0.6250000000
118310  28.541  2.832  -25.995 0.8750000000
83957  25.536  8.340  -25.548 0.8750000000
83956  26.317  8.414  -25.663 0.8750000000
82221  27.263  6.724  -26.189 0.8750000000
88569  23.120  14.543  -30.954 0.1250000000
65769  23.187  -11.951  -21.653 0.7500000000
65754  23.172  -12.592  -20.995 0.7500000000
64917  24.849  -13.045  -21.165 0.7500000000
117681  25.641  -12.962  -21.455 0.7500000000
66615  25.499  -11.680  -21.829 0.7500000000
66619  21.654  -11.217  -21.254 0.7500000000
67485  22.826  -11.155  -22.343 0.7500000000
68350  21.120  -9.516  -21.668 0.6250000000
67497  22.792  -10.516  -22.676 0.7500000000
68365  26.647  -9.361  -22.448 0.7500000000
71064  26.768  -6.474  -23.299 0.7500000000
135065  29.103  -7.420  -23.143 0.5000000000
71953  27.910  -5.943  -23.539 0.7500000000
72907  29.574  -5.442  -23.845 0.5000000000
72922  30.635  -5.113  -25.005 0.2500000000
72938  31.815  -4.700  -25.850 0.1250000000
72937  32.684  -4.757  -26.212 0.1250000000
72939  31.150  -4.627  -25.494 0.1250000000
113685  31.023  -3.028  -26.121 0.1250000000
73824  31.512  -3.293  -26.683 0.1250000000
73823  32.058  -3.627  -26.840 0.1250000000
113509  31.604  -2.913  -27.481 0.1250000000
112037  31.411  -2.458  -27.857 0.1250000000
112041  30.238  -1.373  -26.034 0.6250000000
112553  29.709  0.356  -26.483 0.6250000000
127683  29.297  2.246  -27.321 0.6250000000
80477  28.548  4.785  -27.583 0.7500000000
82238  28.264  6.297  -27.489 0.7500000000
124142  28.780  3.224  -28.372 0.5000000000
84786  27.085  9.260  -26.388 0.7500000000
116476  28.209  4.226  -31.971 0.1250000000
79672  28.760  3.470  -31.320 0.1250000000
78866  28.945  2.750  -30.940 0.2500000000
78869  29.171  2.676  -31.295 0.1250000000
85567  25.119  11.529  -27.014 0.7500000000
85565  26.657  10.726  -27.344 0.7500000000
120950  27.639  7.835  -29.203 0.3750000000
81354  27.395  5.214  -31.315 0.3750000000
80510  27.389  4.873  -31.944 0.1250000000
81360  27.458  5.363  -32.339 0.1250000000
84822  26.906  9.343  -30.835 0.3750000000
84816  26.949  9.955  -30.260 0.3750000000
83147  27.510  6.892  -33.283 0.1250000000
82293  28.272  6.049  -32.858 0.1250000000
124914  27.221  6.621  -32.650 0.1250000000
87834  25.467  13.182  -28.566 0.3750000000
83991  26.759  8.655  -31.400 0.2500000000
83153  27.258  7.631  -33.352 0.1250000000
84005  26.711  8.304  -33.064 0.1250000000
86354  25.411  11.158  -32.476 0.3750000000
126763  27.605  7.824  -33.447 0.1250000000
84011  26.895  8.428  -33.630 0.1250000000
84837  27.467  9.297  -33.926 0.1250000000
84009  28.025  8.154  -33.453 0.1250000000
87847  24.305  13.489  -31.847 0.2500000000
87842  24.558  13.630  -30.834 0.2500000000
87088  24.911  12.644  -31.886 0.2500000000
85615  25.093  9.851  -33.880 0.1250000000
84839  25.547  9.327  -34.060 0.1250000000
85621  26.299  10.267  -34.827 0.1250000000
87855  23.782  13.554  -32.620 0.1250000000
87098  23.798  13.324  -33.344 0.1250000000
86362  23.905  12.938  -34.038 0.1250000000
85616  24.840  10.518  -34.333 0.1250000000
84840  25.253  9.898  -34.463 0.1250000000
64046  23.697  -13.873  -20.552 0.7500000000
64898  24.592  -13.847  -20.841 0.7500000000
64900  23.037  -13.302  -20.556 0.7500000000
67487  21.421  -10.586  -21.446 0.5000000000
112440  31.841  -2.306  -29.081 0.1250000000
112034  32.704  -2.451  -29.777 0.1250000000
79679  29.133  3.998  -32.425 0.1250000000
85613  27.994  9.799  -33.511 0.1250000000
64901  22.296  -13.561  -20.174 0.7500000000
66605  21.880  -11.942  -20.904 0.5000000000
64044  25.159  -14.751  -20.867 0.6250000000
64055  26.667  -14.188  -21.506 0.3750000000
64914  27.273  -13.417  -21.984 0.2500000000
64915  26.447  -13.267  -21.747 0.3750000000
85546  21.537  10.763  -24.991 0.2500000000
86295  21.689  11.797  -25.159 0.2500000000
66627  26.763  -11.030  -22.308 0.5000000000
67493  27.227  -10.332  -22.489 0.3750000000
64042  27.200  -14.706  -21.060 0.5000000000
64056  25.979  -14.671  -21.228 0.6250000000
114657  27.851  -8.949  -22.650 0.5000000000
62145  24.680  -16.191  -20.299 0.6250000000
65756  21.462  -12.346  -20.132 0.3750000000
64902  21.688  -13.134  -19.872 0.3750000000
63134  24.460  -15.373  -20.470 0.6250000000
64045  24.184  -14.555  -20.540 0.6250000000
64047  22.938  -14.042  -20.291 0.6250000000
63110  26.736  -16.001  -20.093 0.3750000000
63132  26.164  -15.779  -20.670 0.5000000000
63133  25.299  -15.649  -20.677 0.6250000000
66606  21.260  -11.525  -20.438 0.2500000000
64023  27.643  -14.919  -20.338 0.3750000000
65766  27.746  -12.829  -22.312 0.2500000000
118892  27.528  -13.975  -21.415 0.2500000000
128671  27.228  -11.769  -22.435 0.2500000000
66626  27.717  -11.217  -22.701 0.3750000000
67492  28.266  -10.525  -22.921 0.2500000000
115274  28.971  -8.849  -23.055 0.2500000000
75550  19.278  -1.147  -23.002 0.1250000000
70181  29.794  -8.065  -23.576 0.2500000000
125303  20.870  3.697  -25.751 0.3750000000
78827  20.635  2.718  -25.518 0.2500000000
82227  22.025  6.178  -25.955 0.2500000000
133818  21.447  11.240  -24.567 0.2500000000
135680  19.424  0.051  -23.341 0.1250000000
74681  19.259  -1.885  -22.704 0.2500000000
68351  20.425  -9.169  -21.172 0.2500000000
65755  22.241  -12.737  -20.560 0.5000000000
133971  23.489  -14.447  -20.328 0.6250000000
67470  21.059  -10.742  -20.750 0.3750000000
115275  27.804  -9.773  -22.681 0.2500000000
113253  25.827  -15.232  -21.011 0.6250000000
64913  27.982  -13.289  -21.831 0.2500000000
118638  27.077  -12.568  -22.255 0.3750000000
64043  26.485  -15.054  -21.114 0.5000000000
63131  26.987  -15.410  -20.624 0.3750000000
63135  23.669  -15.059  -20.213 0.6250000000
66613  27.931  -12.081  -22.665 0.2500000000
75551  19.243  -1.080  -22.902 0.1250000000
62123  22.909  -15.880  -19.438 0.5000000000
62143  26.138  -16.334  -20.174 0.2500000000
134936  24.876  -16.940  -19.939 0.3750000000
63111  23.791  -15.902  -19.991 0.5000000000
63113  22.349  -15.030  -19.489 0.5000000000
63112  23.138  -15.319  -19.830 0.5000000000
64025  22.316  -14.256  -19.877 0.3750000000
64024  22.969  -14.702  -20.023 0.5000000000
130395  21.098  -16.669  -17.484 0.1250000000
62107  22.638  -16.596  -18.915 0.3750000000
64882  21.843  -13.781  -19.729 0.2500000000
123378  22.182  -18.717  -17.692 0.1250000000
61137  22.368  -17.306  -18.388 0.2500000000
61136  23.302  -17.537  -19.026 0.3750000000
62106  26.085  -17.042  -19.136 0.2500000000
61135  24.155  -17.955  -19.191 0.3750000000
61152  24.105  -17.274  -19.587 0.5000000000
61120  21.194  -17.463  -17.383 0.1250000000
134646  21.101  -15.325  -17.746 0.1250000000
64008  21.281  -14.186  -18.766 0.1250000000
77247  30.591  0.077  -30.323 0.1250000000
62144  25.490  -16.331  -20.338 0.3750000000
115244  21.190  -12.774  -19.410 0.2500000000
62120  26.450  -16.532  -19.605 0.2500000000
62122  23.499  -16.667  -19.504 0.5000000000
134018  24.196  -16.637  -19.912 0.5000000000
62121  25.737  -16.784  -19.813 0.3750000000
61151  24.668  -17.504  -19.456 0.3750000000
63094  22.061  -15.722  -18.866 0.2500000000
63114  21.613  -14.913  -18.820 0.1250000000
64026  21.742  -14.303  -19.349 0.1250000000
131850  21.680  -17.146  -17.854 0.1250000000
62108  21.721  -16.399  -18.201 0.2500000000
62093  21.080  -15.921  -17.606 0.1250000000
63095  21.410  -15.484  -18.224 0.1250000000
61119  22.063  -17.914  -17.820 0.1250000000
120809  24.943  -17.911  -19.002 0.2500000000
60187  22.813  -18.127  -18.396 0.2500000000
60185  24.452  -18.411  -18.563 0.2500000000
68334  20.825  -9.982  -21.133 0.2500000000
61150  25.335  -17.316  -19.368 0.2500000000
134971  22.537  -18.428  -18.010 0.1250000000
60186  23.584  -18.364  -18.648 0.2500000000
67471  20.528  -10.196  -20.356 0.1250000000
83959  21.655  7.841  -25.763 0.1250000000
83113  21.949  7.024  -25.806 0.1250000000
83960  21.101  8.078  -25.441 0.1250000000
84779  20.917  8.980  -25.087 0.1250000000
84771  20.981  9.886  -24.534 0.1250000000
84778  21.534  8.743  -25.580 0.1250000000
84772  20.465  9.206  -24.399 0.1250000000
83100  21.335  7.252  -25.557 0.1250000000
84773  20.382  10.044  -23.883 0.1250000000
85547  20.990  10.774  -24.033 0.1250000000
85535  20.527  10.957  -22.461 0.1250000000
120624  21.536  5.813  -25.905 0.1250000000
127923  20.100  1.937  -24.785 0.1250000000
67451  20.806  -10.977  -20.011 0.1250000000
78828  20.267  3.326  -25.009 0.1250000000
82211  20.933  6.233  -25.451 0.1250000000
83101  20.858  6.882  -25.257 0.1250000000
83091  20.478  7.451  -24.656 0.1250000000
83943  20.367  8.719  -24.247 0.1250000000
85534  20.621  10.550  -22.521 0.1250000000
86278  20.509  11.668  -21.517 0.1250000000
86284  20.620  11.377  -22.463 0.1250000000
120161  19.891  -8.830  -20.821 0.1250000000
124959  21.547  9.724  -25.266 0.1250000000
68335  20.204  -9.437  -20.637 0.1250000000
68321  20.263  -9.708  -20.288 0.1250000000
67452  20.544  -10.472  -19.897 0.1250000000
125459  20.844  7.565  -25.208 0.1250000000
83949  20.639  8.326  -24.855 0.1250000000
84768  20.354  9.478  -23.732 0.1250000000
85541  20.537  10.725  -23.225 0.1250000000
84764  20.421  10.211  -23.212 0.1250000000
83939  20.557  9.241  -23.399 0.1250000000
86273  20.089  11.893  -20.656 0.1250000000
63109  27.436  -15.577  -19.838 0.1250000000
64041  27.768  -14.334  -20.777 0.1250000000
128400  28.532  -11.235  -22.894 0.1250000000
66611  29.206  -11.448  -22.267 0.1250000000
67484  29.068  -11.054  -22.989 0.1250000000
68362  29.805  -9.790  -23.434 0.1250000000
68364  28.818  -9.789  -23.160 0.1250000000
68361  30.013  -9.588  -23.484 0.1250000000
113168  29.753  -8.816  -23.517 0.1250000000
61134  25.709  -17.592  -18.678 0.1250000000
61133  26.481  -17.301  -18.443 0.1250000000
62104  27.526  -16.500  -18.619 0.1250000000
63108  28.204  -15.058  -19.456 0.1250000000
63093  27.887  -15.853  -19.051 0.1250000000
113839  28.232  -14.350  -20.111 0.1250000000
64881  28.780  -13.754  -19.879 0.1250000000
65753  28.606  -12.904  -21.410 0.1250000000
65764  28.903  -12.169  -21.842 0.1250000000
66604  29.495  -11.675  -21.200 0.1250000000
67482  29.838  -10.070  -23.030 0.1250000000
70166  30.132  -8.698  -23.655 0.1250000000
70165  30.389  -8.319  -23.618 0.1250000000
69288  30.191  -8.997  -23.543 0.1250000000
117724  29.783  -7.520  -23.738 0.1250000000
62119  27.152  -16.212  -19.369 0.1250000000
69290  29.650  -9.501  -23.425 0.1250000000
64897  28.261  -13.685  -20.851 0.1250000000
113853  29.027  -10.542  -23.237 0.1250000000
62105  26.799  -16.751  -18.899 0.1250000000
60184  25.303  -18.173  -18.244 0.1250000000
65765  28.308  -12.560  -22.239 0.1250000000
66612  28.642  -11.779  -22.583 0.1250000000
116924  29.433  -10.307  -23.200 0.1250000000
67483  29.501  -10.739  -22.661 0.1250000000
68363  29.483  -10.013  -23.333 0.1250000000
69289  30.007  -9.316  -23.579 0.1250000000
136302  30.158  -9.716  -22.923 0.1250000000
61118  26.114  -17.855  -17.945 0.1250000000
61117  27.032  -17.581  -17.754 0.1250000000
64022  28.781  -14.356  -19.345 0.1250000000
69287  30.807  -8.333  -23.067 0.1250000000
74716  30.374  -2.864  -25.584 0.6250000000
74718  25.398  -2.821  -26.049 1.0000000000
77248  30.181  0.733  -30.669 0.1250000000
78023  29.161  1.950  -26.065 0.8750000000
78028  29.260  1.492  -26.098 0.8750000000
78834  29.096  2.364  -26.440 0.8750000000
79636  22.940  3.426  -26.616 1.0000000000
79676  29.004  3.421  -31.738 0.1250000000
81324  25.605  5.111  -25.791 1.0000000000
81325  21.748  5.235  -26.285 0.7500000000
81369  28.022  5.341  -32.746 0.1250000000
82208  26.868  5.954  -25.774 0.8750000000
82212  20.524  5.969  -25.129 0.1250000000
82271  27.485  5.830  -30.678 0.3750000000
82301  27.965  6.726  -33.446 0.1250000000
83098  25.857  7.786  -25.540 0.8750000000
83152  27.764  7.173  -33.563 0.1250000000
84010  27.476  8.604  -33.614 0.1250000000
84012  26.297  9.034  -34.131 0.1250000000
84844  26.751  9.575  -34.394 0.1250000000
85529  20.619  11.363  -21.540 0.1250000000
85614  27.426  10.040  -34.110 0.1250000000
85623  24.768  10.881  -34.965 0.1250000000
85629  25.371  11.023  -35.076 0.1250000000
86345  24.831  11.879  -32.698 0.2500000000
86368  26.243  11.684  -35.144 0.1250000000
86376  24.409  11.789  -34.896 0.1250000000
87059  21.783  12.658  -25.453 0.5000000000
87097  24.370  12.932  -32.675 0.1250000000
87119  23.281  13.345  -34.839 0.1250000000
87830  24.818  13.351  -27.759 0.3750000000
88512  21.525  14.927  -23.015 0.2500000000
89243  21.932  15.313  -25.029 0.2500000000
112051  29.022  -0.446  -25.174 0.7500000000
112823  32.333  -2.720  -29.228 0.1250000000
113076  25.642  0.284  -25.320 1.0000000000
114454  23.240  2.583  -26.588 1.0000000000
119479  24.609  11.408  -33.504 0.1250000000
123414  21.602  13.083  -25.096 0.2500000000
123868  26.905  10.773  -28.056 0.7500000000
126233  24.501  11.060  -34.020 0.1250000000
127154  21.025  4.968  -25.780 0.1250000000
127476  26.621  9.028  -25.886 0.8750000000
128168  22.506  1.408  -26.326 1.0000000000
130840  24.997  -2.963  -26.159 1.0000000000
132613  28.761  0.228  -25.290 0.7500000000
133027  25.887  11.290  -31.822 0.3750000000
133280  27.246  5.644  -31.263 0.3750000000
133641  30.812  -3.265  -25.700 0.5000000000
134218  30.967  -5.302  -25.286 0.2500000000
134344  22.263  -0.131  -25.777 1.0000000000
134699  25.010  10.278  -34.818 0.1250000000
135361  28.243  4.317  -26.345 1.0000000000
