#!ascii label  , from subject sub-v1s12x0050110_ses-1 vox2ras=TkReg
1266
8496  -22.518  -70.867  -37.240 0.5000000000
7212  -22.620  -73.297  -37.172 0.5000000000
7213  -23.214  -73.323  -36.308 0.5000000000
6570  -23.043  -74.067  -35.446 0.5000000000
8489  -22.117  -70.685  -35.695 0.5000000000
9129  -22.860  -70.406  -36.239 0.5000000000
9130  -23.654  -70.287  -36.723 0.5000000000
9753  -24.346  -70.178  -36.900 0.6000000238
9136  -23.319  -70.849  -37.385 0.5000000000
7853  -23.053  -71.801  -37.701 0.5000000000
6563  -23.309  -74.414  -34.595 0.5000000000
7845  -23.509  -72.327  -36.869 0.6000000238
7200  -23.586  -73.664  -35.050 0.6000000238
8497  -24.348  -71.031  -36.969 0.6000000238
7838  -23.846  -72.854  -35.609 0.6000000238
7201  -24.139  -73.177  -34.467 0.6999999881
102284  -24.724  -71.314  -35.848 0.6999999881
7839  -24.342  -72.486  -34.905 0.6999999881
8491  -25.366  -71.122  -35.005 0.6999999881
8490  -24.894  -71.838  -34.651 0.6999999881
9123  -23.175  -69.831  -35.170 0.5000000000
9745  -24.436  -69.541  -36.715 0.6000000238
10382  -24.288  -69.018  -35.891 0.6000000238
10386  -24.732  -68.910  -36.916 0.6000000238
9137  -24.018  -70.739  -37.287 0.5000000000
7188  -23.908  -73.948  -34.073 0.5000000000
6558  -23.666  -74.709  -33.746 0.5000000000
6553  -23.945  -74.941  -32.928 0.6999999881
6559  -24.187  -74.162  -33.188 0.6999999881
8503  -23.584  -71.359  -37.364 0.6000000238
7189  -24.434  -73.372  -33.471 0.6999999881
8498  -25.039  -70.687  -36.373 0.6999999881
108125  -25.778  -70.544  -35.323 0.6999999881
7830  -25.328  -72.018  -33.316 0.6999999881
9124  -26.472  -70.240  -34.477 0.6999999881
9116  -26.662  -70.507  -33.504 0.6999999881
8484  -26.242  -70.996  -33.290 0.6999999881
10376  -23.781  -69.152  -34.869 0.5000000000
11093  -24.888  -67.757  -35.487 0.6000000238
11098  -25.024  -67.988  -36.605 0.6000000238
111541  -25.314  -66.988  -36.177 0.6000000238
113120  -25.020  -69.034  -37.378 0.6000000238
11099  -25.437  -67.403  -37.374 0.6000000238
9754  -24.876  -69.657  -37.140 0.6000000238
6001  -24.048  -75.111  -32.064 0.6999999881
9138  -24.547  -70.386  -36.959 0.6999999881
106588  -24.656  -73.584  -32.579 0.6999999881
5995  -24.206  -75.316  -31.274 0.6999999881
9755  -25.413  -69.092  -37.463 0.6999999881
6554  -24.355  -74.345  -32.325 0.6999999881
9139  -25.129  -70.007  -37.101 0.6999999881
9746  -25.890  -69.781  -36.840 0.6999999881
7822  -25.031  -72.762  -32.776 0.6999999881
7175  -24.762  -73.778  -31.757 0.6999999881
6550  -24.463  -74.542  -31.485 0.6999999881
9131  -25.580  -70.241  -36.366 0.6999999881
9747  -26.789  -69.602  -36.280 0.6999999881
106967  -25.584  -72.721  -32.002 0.6999999881
8475  -26.085  -71.589  -32.764 0.6999999881
7823  -25.667  -72.202  -32.498 0.6999999881
9733  -27.187  -69.910  -33.777 0.6999999881
109979  -26.647  -71.881  -32.506 0.6999999881
8485  -26.855  -71.167  -32.922 0.6999999881
9117  -27.409  -70.497  -33.290 0.6999999881
9732  -23.321  -69.453  -33.727 0.5000000000
10370  -23.924  -68.754  -33.751 0.6000000238
114907  -24.813  -67.754  -34.593 0.6000000238
102471  -25.109  -67.539  -34.002 0.6000000238
9725  -22.257  -69.807  -32.560 0.5000000000
9726  -22.844  -69.660  -32.866 0.5000000000
11094  -25.185  -67.150  -34.909 0.6000000238
11088  -25.699  -66.908  -34.202 0.6000000238
114353  -25.794  -66.127  -36.313 0.6000000238
11095  -25.740  -66.397  -35.254 0.6000000238
10392  -25.641  -67.781  -37.847 0.6000000238
9759  -25.978  -68.255  -37.920 0.6999999881
11103  -26.671  -66.526  -38.378 0.6999999881
10388  -26.789  -68.528  -37.793 0.6999999881
10393  -26.852  -67.459  -38.295 0.6999999881
94208  -24.632  -74.818  -30.727 0.6999999881
9757  -27.308  -69.055  -37.024 0.6999999881
10389  -27.700  -68.216  -37.730 0.6999999881
94214  -24.878  -73.998  -30.947 0.6999999881
94206  -24.869  -75.167  -30.019 0.6999999881
10383  -28.245  -68.640  -36.834 0.6999999881
94213  -25.407  -73.325  -31.364 0.6999999881
114680  -24.555  -75.995  -29.894 0.6999999881
9748  -27.874  -69.226  -35.700 0.6000000238
7824  -26.264  -72.305  -32.113 0.6999999881
94221  -26.207  -72.845  -31.496 0.6999999881
96706  -25.533  -73.685  -30.543 0.6999999881
94204  -24.836  -76.428  -29.379 0.6999999881
9739  -27.067  -69.757  -34.910 0.6999999881
96102  -27.089  -72.353  -32.138 0.6000000238
94220  -26.877  -72.640  -31.733 0.6999999881
96026  -26.110  -73.207  -30.927 0.6999999881
9734  -28.005  -69.869  -33.519 0.6000000238
8486  -27.590  -71.216  -33.080 0.6999999881
109567  -27.334  -72.085  -32.738 0.6000000238
9118  -28.101  -70.563  -33.402 0.6000000238
7831  -27.727  -72.181  -33.532 0.6000000238
95733  -27.599  -73.398  -33.826 0.5000000000
9125  -28.781  -70.703  -33.721 0.6000000238
8493  -28.997  -71.429  -34.770 0.5000000000
8492  -28.189  -71.906  -34.196 0.5000000000
10371  -24.561  -68.129  -33.847 0.6000000238
10357  -23.497  -69.016  -32.662 0.6000000238
11074  -25.575  -67.549  -33.403 0.5000000000
10359  -25.397  -68.091  -31.885 0.6999999881
10356  -22.824  -68.973  -32.358 0.6000000238
110735  -23.419  -68.563  -31.939 0.6000000238
103694  -21.452  -68.573  -33.039 0.6000000238
9724  -21.938  -69.247  -32.602 0.6000000238
11089  -26.317  -67.044  -33.484 0.4000000060
10355  -21.986  -67.735  -33.052 0.6000000238
11750  -26.683  -66.098  -34.452 0.5000000000
11755  -26.491  -65.636  -35.809 0.6000000238
11766  -27.431  -64.995  -37.734 0.6000000238
11104  -27.660  -66.248  -38.601 0.6999999881
11769  -27.517  -65.487  -38.539 0.6000000238
11101  -28.925  -66.208  -38.249 0.6999999881
10390  -29.040  -67.575  -37.534 0.6000000238
9740  -27.887  -69.463  -34.213 0.6000000238
96291  -27.714  -72.997  -32.140 0.6000000238
94212  -27.179  -72.887  -31.273 0.6000000238
6544  -25.700  -73.956  -29.757 0.6999999881
6543  -25.397  -74.695  -29.523 0.6999999881
96314  -25.253  -75.574  -29.296 0.6999999881
9741  -28.867  -69.227  -33.941 0.6000000238
109643  -27.650  -73.278  -32.935 0.6000000238
114193  -25.030  -76.752  -29.125 0.6999999881
108048  -28.785  -69.880  -33.625 0.6000000238
95579  -27.776  -73.229  -34.724 0.4000000060
109566  -27.943  -74.373  -34.837 0.4000000060
96162  -27.866  -74.472  -33.933 0.5000000000
95930  -25.477  -76.331  -28.778 0.6000000238
8499  -28.325  -72.769  -35.515 0.5000000000
94209  -28.119  -74.295  -32.974 0.4000000060
96714  -28.263  -73.428  -32.046 0.6000000238
10339  -24.493  -68.366  -31.462 0.6000000238
114684  -25.341  -67.934  -32.712 0.6000000238
11058  -26.356  -67.890  -31.948 0.6000000238
11073  -22.662  -68.043  -32.171 0.6000000238
10337  -23.264  -68.166  -31.416 0.5000000000
108917  -22.380  -66.976  -32.110 0.6000000238
110314  -25.969  -67.686  -32.717 0.6000000238
10369  -21.166  -67.583  -33.447 0.6999999881
11072  -22.151  -66.842  -32.885 0.6000000238
11739  -20.808  -65.534  -33.010 0.6000000238
11090  -27.359  -66.500  -33.397 0.5000000000
10368  -19.943  -67.734  -33.608 0.6000000238
11748  -19.978  -65.551  -34.032 0.6999999881
11756  -27.848  -65.133  -35.410 0.5000000000
11084  -19.519  -66.392  -34.229 0.6999999881
12410  -28.490  -64.177  -37.190 0.6000000238
116299  -18.596  -66.172  -34.627 0.6000000238
11770  -28.780  -65.181  -38.469 0.6000000238
12413  -28.641  -64.496  -37.965 0.6000000238
11767  -30.047  -64.197  -37.923 0.6000000238
11102  -30.279  -65.926  -37.632 0.6000000238
10384  -29.191  -68.298  -35.982 0.6000000238
10378  -29.796  -68.441  -34.794 0.6000000238
9736  -30.560  -69.114  -34.320 0.6000000238
9119  -29.540  -69.734  -33.923 0.6000000238
95977  -27.863  -73.003  -31.071 0.6000000238
7135  -26.459  -73.709  -29.344 0.6000000238
6538  -25.903  -74.248  -29.011 0.6000000238
9126  -29.604  -70.294  -34.388 0.5000000000
8500  -29.316  -72.082  -36.188 0.5000000000
5985  -26.192  -74.721  -28.374 0.6000000238
94219  -28.617  -74.395  -32.510 0.4000000060
100383  -25.090  -68.405  -30.936 0.6000000238
107095  -24.873  -68.574  -30.166 0.5000000000
10325  -25.686  -68.655  -30.343 0.5000000000
10338  -23.781  -68.374  -31.310 0.6000000238
10323  -23.646  -68.135  -30.112 0.6000000238
98573  -25.974  -68.315  -31.145 0.5000000000
10340  -26.879  -68.215  -31.222 0.5000000000
10322  -23.183  -67.738  -30.464 0.5000000000
102044  -23.608  -68.169  -30.733 0.6000000238
11056  -21.989  -66.733  -31.234 0.5000000000
11075  -26.819  -67.337  -32.691 0.6000000238
12407  -19.348  -64.816  -34.075 0.6999999881
12405  -19.992  -65.131  -33.519 0.6000000238
12404  -19.115  -64.433  -33.569 0.6000000238
12408  -28.995  -63.849  -36.381 0.5000000000
11746  -17.030  -65.766  -34.224 0.5000000000
112800  -17.549  -64.501  -34.036 0.6999999881
12411  -29.755  -63.619  -37.248 0.5000000000
11768  -31.088  -64.402  -37.671 0.5000000000
10391  -30.317  -67.104  -36.809 0.6000000238
10379  -32.039  -67.852  -35.470 0.6000000238
10373  -31.285  -68.691  -34.554 0.6000000238
10372  -30.116  -68.710  -34.315 0.6000000238
9127  -30.422  -69.856  -35.072 0.5000000000
96144  -28.695  -74.832  -33.157 0.5000000000
96156  -28.776  -73.722  -31.794 0.5000000000
6539  -27.182  -73.509  -28.874 0.6000000238
105407  -26.544  -74.011  -28.516 0.6000000238
113968  -24.227  -68.424  -29.977 0.6000000238
10310  -23.766  -68.461  -29.461 0.6000000238
10326  -26.544  -68.643  -30.466 0.5000000000
11045  -22.424  -67.191  -30.305 0.6000000238
11059  -27.290  -67.673  -31.924 0.6000000238
12402  -20.011  -64.838  -32.920 0.6000000238
11733  -20.735  -65.303  -32.178 0.6000000238
11076  -27.820  -66.968  -32.565 0.6000000238
12403  -17.835  -64.003  -33.417 0.6000000238
12401  -19.072  -64.441  -32.722 0.6000000238
11751  -28.339  -65.472  -34.199 0.5000000000
12412  -30.870  -63.540  -37.341 0.5000000000
11745  -16.234  -66.579  -34.197 0.5000000000
11738  -17.047  -64.744  -33.514 0.6000000238
11097  -31.879  -65.531  -36.954 0.5000000000
11096  -33.156  -66.315  -35.271 0.6000000238
112243  -32.570  -66.419  -36.165 0.5000000000
10374  -31.858  -68.586  -34.101 0.5000000000
7137  -28.342  -73.012  -30.830 0.6000000238
110310  -28.240  -72.959  -30.020 0.6000000238
10311  -24.554  -68.822  -29.513 0.6000000238
10312  -25.377  -68.992  -29.604 0.5000000000
10313  -26.240  -69.044  -29.695 0.5000000000
10299  -24.114  -69.058  -28.804 0.6999999881
11044  -21.535  -66.722  -30.267 0.6999999881
10309  -22.981  -67.764  -29.563 0.6000000238
10314  -27.228  -68.931  -29.749 0.5000000000
11724  -21.073  -66.152  -31.222 0.6000000238
111545  -27.321  -68.508  -30.585 0.5000000000
97762  -28.177  -67.391  -31.887 0.6000000238
11732  -19.248  -64.969  -31.853 0.6999999881
11731  -18.244  -64.817  -32.357 0.6000000238
11740  -28.703  -65.980  -33.195 0.6000000238
11055  -16.793  -65.884  -32.427 0.6999999881
11730  -17.154  -64.761  -32.828 0.6999999881
12409  -30.629  -63.324  -36.449 0.5000000000
11757  -29.665  -64.229  -35.209 0.5000000000
11071  -16.004  -66.454  -33.343 0.6000000238
11758  -31.651  -63.755  -35.158 0.5000000000
11070  -15.003  -67.319  -33.320 0.5000000000
11764  -32.440  -65.054  -35.878 0.6000000238
11763  -31.548  -63.998  -36.727 0.5000000000
10363  -14.434  -67.870  -33.526 0.6000000238
10380  -33.254  -67.932  -35.021 0.6000000238
10375  -32.671  -68.256  -33.334 0.5000000000
9673  -24.586  -69.484  -28.098 0.6999999881
9674  -25.468  -69.573  -28.130 0.5000000000
9675  -26.318  -69.485  -28.201 0.5000000000
10287  -23.062  -69.006  -27.839 0.8000000119
9672  -23.752  -69.226  -28.008 0.6999999881
9684  -26.697  -69.280  -28.967 0.5000000000
9685  -27.406  -69.129  -28.905 0.5000000000
11027  -21.120  -66.919  -29.401 0.6999999881
11014  -22.364  -67.850  -28.779 0.6999999881
10298  -23.212  -68.513  -28.639 0.8000000119
11043  -20.609  -66.386  -30.187 0.6999999881
111813  -28.392  -68.705  -28.229 0.5000000000
11042  -19.641  -66.362  -30.061 0.6999999881
10327  -28.080  -68.479  -30.290 0.6000000238
10301  -28.292  -68.711  -29.212 0.5000000000
11721  -17.669  -65.990  -31.644 0.6000000238
11722  -18.841  -65.785  -31.021 0.6000000238
11077  -28.941  -66.681  -32.357 0.6000000238
11040  -16.680  -66.854  -31.359 0.6999999881
11752  -30.169  -64.722  -34.038 0.6000000238
11054  -15.880  -66.751  -32.533 0.6000000238
11068  -13.014  -68.203  -32.006 0.6000000238
111195  -33.530  -67.717  -34.106 0.5000000000
9660  -23.452  -69.311  -27.227 0.6000000238
9661  -24.240  -69.480  -27.339 0.5000000000
9662  -25.035  -69.611  -27.358 0.5000000000
10288  -27.374  -69.212  -27.724 0.5000000000
114567  -21.946  -68.006  -28.372 0.8000000119
10289  -27.983  -68.840  -27.435 0.5000000000
106285  -20.730  -67.230  -28.736 0.6999999881
10342  -28.688  -67.962  -30.766 0.6000000238
100084  -15.064  -69.154  -27.175 0.6000000238
112463  -18.759  -66.603  -29.918 0.8000000119
115218  -17.445  -66.714  -30.893 0.6999999881
11060  -29.082  -67.323  -31.506 0.6000000238
95967  -13.026  -68.653  -28.135 0.6000000238
11753  -31.752  -64.452  -33.721 0.6000000238
94370  -12.531  -67.841  -29.983 0.6000000238
101890  -13.526  -67.768  -31.003 0.6000000238
98849  -15.222  -67.446  -31.293 0.6000000238
11759  -33.084  -64.654  -34.629 0.6000000238
11754  -33.096  -64.749  -33.355 0.6000000238
11053  -14.443  -67.586  -32.143 0.5000000000
11091  -34.259  -66.099  -34.316 0.5000000000
11092  -33.904  -66.900  -33.157 0.5000000000
102360  -24.646  -69.190  -26.265 0.5000000000
9649  -25.297  -69.431  -26.628 0.5000000000
10286  -22.633  -69.099  -27.210 0.6000000238
10270  -23.889  -68.934  -25.998 0.5000000000
10296  -21.527  -68.189  -27.945 0.8000000119
10998  -20.775  -67.736  -28.078 0.8000000119
11026  -20.237  -66.831  -29.249 0.8000000119
10328  -28.949  -68.155  -30.120 0.6000000238
10290  -28.867  -68.322  -27.651 0.5000000000
94353  -15.816  -68.696  -25.527 0.6000000238
11011  -19.215  -67.099  -29.032 0.8000000119
10302  -29.101  -68.263  -28.584 0.5000000000
94360  -15.749  -68.782  -26.517 0.6999999881
11025  -17.982  -67.240  -29.371 0.8000000119
11046  -29.605  -67.497  -30.761 0.6000000238
10315  -29.382  -68.018  -29.476 0.6000000238
96712  -15.579  -68.637  -27.504 0.6000000238
11742  -31.585  -65.080  -32.636 0.6000000238
11741  -30.116  -65.555  -32.946 0.6000000238
96513  -13.531  -68.299  -29.153 0.6000000238
11039  -16.003  -67.487  -30.251 0.6000000238
11024  -17.192  -67.130  -30.232 0.5000000000
11735  -31.500  -65.692  -31.794 0.6000000238
11038  -14.433  -67.977  -30.229 0.6000000238
11744  -33.779  -65.614  -32.993 0.6000000238
11743  -32.704  -65.236  -32.307 0.6000000238
11063  -32.447  -66.509  -31.235 0.5000000000
113387  -32.871  -66.561  -31.820 0.5000000000
106586  -33.053  -67.274  -32.392 0.5000000000
101767  -32.451  -67.551  -31.649 0.5000000000
9648  -23.098  -69.177  -26.397 0.6000000238
97251  -21.812  -68.773  -27.249 0.6999999881
94374  -15.919  -68.045  -24.187 0.6000000238
94352  -15.725  -68.482  -24.750 0.6000000238
11012  -20.001  -67.308  -28.318 0.8000000119
10274  -29.459  -67.676  -26.979 0.5000000000
94356  -16.556  -68.059  -24.820 0.6000000238
116343  -19.670  -67.576  -27.763 0.8000000119
10999  -29.769  -67.706  -28.044 0.5000000000
11010  -18.386  -67.514  -28.266 0.8000000119
10329  -29.809  -67.637  -30.135 0.6000000238
11015  -29.993  -67.531  -28.933 0.6000000238
108009  -16.437  -68.454  -26.787 0.8000000119
11061  -30.453  -66.671  -31.362 0.6000000238
108511  -30.881  -66.792  -29.205 0.6000000238
10993  -16.765  -68.112  -27.515 0.6999999881
11008  -16.064  -68.047  -28.388 0.6999999881
107453  -16.699  -67.602  -29.316 0.6000000238
100292  -31.659  -66.582  -29.031 0.6000000238
11023  -15.303  -68.022  -29.293 0.6000000238
11030  -31.515  -66.588  -29.698 0.5000000000
11047  -32.071  -66.514  -30.483 0.5000000000
10250  -22.479  -69.022  -25.782 0.6000000238
10251  -23.150  -68.785  -25.561 0.5000000000
96064  -14.849  -67.179  -24.482 0.6000000238
10235  -22.378  -68.681  -24.943 0.6999999881
96197  -15.324  -68.125  -23.987 0.6000000238
10285  -20.818  -68.454  -27.178 0.6999999881
10249  -21.625  -69.006  -25.688 0.6000000238
10941  -15.613  -67.466  -24.117 0.6000000238
106616  -20.912  -68.817  -26.239 0.6000000238
10267  -20.298  -68.445  -26.357 0.6999999881
10996  -19.406  -67.829  -27.131 0.6999999881
10247  -19.932  -68.033  -25.787 0.6000000238
94355  -16.610  -68.405  -25.893 0.8000000119
10995  -18.647  -67.669  -27.288 0.8000000119
10982  -18.852  -67.713  -26.546 0.6999999881
10284  -17.272  -68.163  -26.566 0.6999999881
10994  -17.786  -67.816  -27.412 0.6000000238
112035  -13.911  -67.364  -24.979 0.6000000238
116854  -15.982  -66.955  -24.160 0.6999999881
10943  -20.497  -67.122  -24.247 0.6000000238
10963  -16.361  -67.254  -24.348 0.6999999881
103661  -17.043  -66.422  -24.603 0.6999999881
10966  -19.499  -67.481  -25.447 0.6999999881
10942  -19.699  -67.037  -24.817 0.6000000238
103095  -17.237  -67.287  -24.776 0.8000000119
111959  -17.719  -66.706  -24.852 0.6000000238
10964  -18.003  -67.328  -25.352 0.5000000000
10965  -18.755  -67.491  -25.688 0.6999999881
11664  -19.096  -66.525  -24.685 0.6999999881
11665  -19.814  -66.434  -24.366 0.6000000238
10246  -17.415  -67.939  -25.523 0.8000000119
10981  -18.163  -67.785  -26.347 0.6000000238
94358  -12.842  -67.829  -25.896 0.6000000238
94359  -13.281  -67.576  -26.576 0.6000000238
11690  -14.848  -66.194  -26.174 0.6999999881
110957  -14.356  -66.871  -25.551 0.6000000238
11661  -15.439  -66.689  -24.719 0.6999999881
12363  -15.740  -65.885  -25.416 0.6999999881
11678  -16.222  -66.506  -24.505 0.6999999881
12364  -16.544  -65.725  -25.036 0.6000000238
115443  -20.431  -66.291  -24.046 0.6000000238
12331  -20.710  -65.676  -23.653 0.5000000000
99995  -19.203  -65.857  -24.318 0.6000000238
12330  -20.046  -65.114  -23.762 0.5000000000
12907  -20.290  -64.041  -22.893 0.5000000000
12935  -19.357  -65.114  -24.017 0.6000000238
12921  -19.567  -64.307  -23.453 0.5000000000
95921  -11.374  -68.293  -28.759 0.6000000238
109777  -11.551  -68.144  -28.332 0.6000000238
94367  -13.775  -66.776  -27.013 0.6999999881
94366  -13.213  -66.578  -27.913 0.6999999881
12376  -14.246  -65.825  -27.379 0.6999999881
12377  -15.189  -65.368  -26.743 0.6999999881
12378  -16.013  -65.079  -26.135 0.6000000238
12948  -16.742  -64.810  -25.652 0.6999999881
12958  -16.978  -63.835  -26.270 0.6000000238
12365  -17.223  -65.455  -24.767 0.6000000238
12345  -17.869  -65.302  -24.498 0.6000000238
13567  -17.772  -63.797  -24.927 0.6000000238
12346  -18.595  -65.224  -24.293 0.6000000238
12934  -18.697  -64.403  -24.016 0.5000000000
13549  -18.786  -63.590  -23.795 0.5000000000
13550  -19.325  -63.411  -23.186 0.5000000000
13576  -11.096  -63.996  -25.286 0.6999999881
13577  -12.140  -64.373  -25.572 0.6999999881
13563  -11.517  -63.753  -24.662 0.6999999881
12383  -11.776  -66.764  -28.237 0.6000000238
111064  -12.108  -64.921  -25.894 0.6999999881
13564  -12.531  -63.860  -24.992 0.6999999881
13546  -13.470  -63.590  -23.995 0.6999999881
13548  -15.141  -63.153  -23.400 0.6000000238
94373  -12.238  -66.843  -28.417 0.6999999881
12946  -12.440  -65.187  -26.792 0.6999999881
12947  -12.824  -64.472  -26.383 0.6999999881
13565  -13.715  -63.502  -25.200 0.6999999881
94372  -12.949  -66.267  -28.125 0.6999999881
12955  -12.640  -65.820  -27.824 0.6999999881
13579  -13.955  -63.318  -26.376 0.6999999881
12957  -16.281  -64.228  -26.757 0.6000000238
13580  -17.611  -63.400  -25.832 0.6000000238
14207  -17.996  -62.405  -26.299 0.6000000238
12949  -17.399  -64.438  -25.143 0.6000000238
13568  -18.085  -63.004  -25.272 0.6000000238
14191  -18.894  -62.076  -24.669 0.6000000238
14797  -19.236  -61.501  -24.515 0.6000000238
99795  -18.212  -63.686  -24.400 0.5000000000
101508  -18.529  -62.850  -24.579 0.5000000000
113530  -19.183  -62.058  -23.896 0.5000000000
102973  -13.749  -63.553  -23.097 0.6000000238
13525  -14.411  -63.412  -22.696 0.6000000238
104832  -15.888  -62.816  -22.931 0.6000000238
14169  -16.446  -62.188  -23.059 0.4000000060
103330  -14.567  -62.814  -25.559 0.6000000238
105181  -14.466  -63.300  -24.314 0.5000000000
14180  -15.956  -62.422  -23.829 0.5000000000
14771  -16.953  -61.474  -22.970 0.4000000060
14772  -17.501  -60.762  -22.803 0.5000000000
12384  -13.775  -65.460  -27.741 0.6999999881
13597  -13.954  -64.098  -27.517 0.8000000119
14190  -15.267  -62.108  -25.592 0.5000000000
14783  -15.828  -61.779  -24.837 0.4000000060
14784  -17.132  -60.756  -23.623 0.4000000060
15420  -18.178  -59.736  -22.729 0.4000000060
101267  -14.293  -64.457  -27.628 0.8000000119
13598  -14.651  -63.551  -27.606 0.8000000119
13588  -14.291  -63.299  -27.229 0.8000000119
14205  -14.678  -62.500  -26.790 0.8000000119
14794  -15.675  -61.330  -25.809 0.6000000238
14795  -16.293  -60.797  -25.338 0.5000000000
116482  -16.642  -60.513  -24.775 0.4000000060
15432  -17.484  -59.920  -23.708 0.4000000060
12385  -14.624  -64.846  -27.546 0.6999999881
12967  -15.766  -63.622  -27.523 0.8000000119
13600  -16.046  -62.884  -27.717 0.6999999881
13601  -16.749  -62.563  -27.461 0.5000000000
15443  -16.821  -59.994  -25.138 0.5000000000
15444  -17.333  -59.261  -24.606 0.4000000060
108316  -17.892  -58.996  -23.736 0.4000000060
13589  -16.555  -63.338  -27.221 0.6000000238
105940  -17.348  -62.817  -26.879 0.5000000000
14219  -17.799  -61.814  -27.195 0.5000000000
14808  -18.866  -60.950  -26.428 0.6000000238
14208  -18.583  -62.001  -25.707 0.6000000238
14796  -19.064  -61.230  -25.424 0.6000000238
108282  -12.392  -63.650  -24.080 0.6000000238
103376  -12.804  -63.579  -23.115 0.5000000000
13524  -13.584  -63.480  -22.399 0.5000000000
13503  -14.263  -63.266  -21.812 0.4000000060
13504  -15.280  -63.092  -22.196 0.5000000000
14168  -16.180  -62.612  -22.209 0.5000000000
113095  -16.737  -62.097  -22.330 0.5000000000
110086  -17.415  -61.423  -21.306 0.5000000000
14762  -17.768  -60.822  -21.683 0.5000000000
16065  -18.656  -59.949  -20.659 0.5000000000
15412  -18.511  -60.104  -21.515 0.5000000000
16060  -18.994  -59.367  -20.062 0.5000000000
14217  -14.921  -62.693  -27.437 0.6999999881
14206  -15.326  -61.651  -26.566 0.6000000238
116819  -16.024  -60.600  -27.112 0.5000000000
14807  -15.920  -60.740  -26.519 0.5000000000
16073  -19.181  -59.596  -21.308 0.5000000000
16066  -19.543  -59.350  -20.786 0.5000000000
12965  -14.998  -63.942  -27.704 0.8000000119
13599  -15.376  -63.030  -27.706 0.6999999881
14230  -16.152  -62.234  -27.621 0.6000000238
15453  -16.598  -60.120  -26.036 0.5000000000
16096  -17.181  -59.425  -25.594 0.4000000060
16088  -18.231  -58.435  -24.224 0.5000000000
16081  -18.996  -59.002  -22.124 0.4000000060
16074  -19.871  -58.706  -21.707 0.5000000000
14823  -17.390  -60.992  -27.436 0.5000000000
15468  -17.332  -60.201  -27.316 0.5000000000
15454  -17.282  -59.776  -26.557 0.6000000238
16109  -17.930  -59.173  -26.018 0.5000000000
16782  -18.681  -58.167  -24.607 0.5000000000
16783  -19.090  -57.275  -23.887 0.5000000000
14824  -18.293  -60.729  -27.139 0.5000000000
116032  -18.890  -59.519  -26.551 0.5000000000
16110  -18.778  -59.084  -26.182 0.5000000000
16790  -18.668  -58.501  -25.336 0.5000000000
14809  -19.402  -60.223  -25.998 0.6000000238
15456  -19.466  -59.263  -26.085 0.6000000238
112606  -12.783  -63.478  -22.217 0.5000000000
13502  -13.303  -63.321  -21.595 0.5000000000
14153  -14.903  -62.874  -21.164 0.4000000060
14154  -15.808  -62.647  -21.359 0.4000000060
13501  -12.125  -63.284  -21.549 0.5000000000
13494  -13.951  -62.979  -20.947 0.4000000060
14155  -16.609  -62.272  -21.541 0.5000000000
14754  -17.490  -61.205  -20.844 0.5000000000
15403  -17.998  -60.599  -20.831 0.5000000000
16059  -18.195  -59.721  -19.964 0.4000000060
16746  -18.755  -58.255  -18.941 0.4000000060
14143  -13.627  -62.675  -20.086 0.4000000060
14144  -14.591  -62.614  -20.264 0.4000000060
14145  -15.467  -62.474  -20.485 0.4000000060
14146  -16.290  -62.264  -20.715 0.5000000000
14753  -17.053  -61.847  -20.935 0.5000000000
15398  -17.449  -60.757  -20.291 0.5000000000
14135  -15.913  -62.052  -20.013 0.4000000060
15397  -16.704  -60.751  -19.962 0.4000000060
16058  -17.277  -60.017  -19.918 0.5000000000
16749  -17.552  -59.261  -19.693 0.4000000060
16750  -18.292  -58.913  -19.455 0.4000000060
14133  -14.292  -62.389  -19.379 0.4000000060
14134  -15.137  -62.251  -19.657 0.4000000060
14740  -14.814  -61.323  -18.913 0.4000000060
15394  -15.180  -60.728  -19.245 0.4000000060
15396  -15.870  -60.796  -19.700 0.4000000060
16057  -16.212  -59.991  -19.801 0.4000000060
16744  -16.532  -59.104  -19.643 0.5000000000
16745  -17.323  -58.593  -19.366 0.5000000000
113039  -17.963  -58.265  -18.967 0.4000000060
103058  -16.424  -58.224  -19.331 0.4000000060
18130  -16.704  -56.708  -18.501 0.4000000060
108843  -17.226  -57.289  -18.574 0.4000000060
17421  -18.116  -57.574  -18.509 0.4000000060
14739  -14.247  -61.515  -18.287 0.4000000060
15393  -14.648  -60.681  -18.605 0.3000000119
16053  -15.591  -59.419  -19.496 0.3000000119
17417  -14.499  -57.766  -18.443 0.4000000060
107165  -14.983  -59.163  -18.932 0.3000000119
16743  -15.618  -58.514  -19.292 0.4000000060
18782  -15.508  -55.483  -18.149 0.5000000000
18784  -17.178  -56.010  -18.126 0.4000000060
18772  -17.529  -55.306  -17.822 0.4000000060
18773  -18.427  -55.247  -17.463 0.3000000119
18771  -14.908  -55.258  -17.720 0.5000000000
19412  -15.637  -54.615  -18.010 0.5000000000
116893  -16.818  -55.362  -18.134 0.4000000060
19414  -16.941  -54.678  -18.000 0.4000000060
19403  -17.755  -54.516  -17.642 0.3000000119
16051  -14.582  -59.863  -18.328 0.4000000060
105668  -14.034  -57.216  -18.143 0.4000000060
18128  -14.538  -56.971  -18.514 0.5000000000
105630  -15.298  -56.238  -18.378 0.5000000000
18124  -13.733  -56.481  -17.851 0.4000000060
18781  -14.617  -56.063  -18.061 0.5000000000
19402  -15.082  -54.370  -17.589 0.5000000000
114628  -16.397  -53.607  -17.827 0.4000000060
20067  -17.078  -53.833  -17.818 0.3000000119
19401  -14.402  -54.259  -16.997 0.3000000119
20064  -15.097  -53.604  -17.391 0.3000000119
108421  -14.502  -59.040  -18.113 0.4000000060
18116  -12.727  -55.780  -17.178 0.3000000119
19392  -12.837  -54.147  -16.538 0.4000000060
20065  -16.168  -53.210  -17.666 0.3000000119
18761  -12.636  -55.516  -16.671 0.3000000119
19385  -12.359  -54.295  -15.443 0.3000000119
11087  -24.952  -67.994  -33.189 0.6000000238
97716  -23.954  -68.493  -32.033 0.5000000000
11663  -18.482  -66.022  -24.466 0.6000000238
6569  -22.527  -73.993  -36.296 0.5000000000
7846  -24.191  -71.903  -36.128 0.6000000238
7829  -24.679  -72.599  -33.882 0.6999999881
9132  -26.271  -70.089  -35.705 0.6999999881
8483  -25.639  -71.346  -33.769 0.6999999881
9115  -25.992  -70.742  -34.125 0.6999999881
11765  -26.527  -65.976  -38.057 0.5000000000
112870  -25.060  -73.186  -32.062 0.6999999881
9749  -28.617  -68.922  -34.716 0.6000000238
113541  -28.104  -71.249  -33.392 0.5000000000
96629  -26.546  -73.378  -30.319 0.6000000238
6537  -25.689  -74.908  -28.923 0.6000000238
9133  -29.857  -70.793  -35.557 0.5000000000
11085  -20.571  -66.554  -33.709 0.6999999881
10385  -30.877  -67.318  -35.898 0.5000000000
9735  -29.679  -69.199  -33.943 0.5000000000
9120  -30.460  -69.341  -34.381 0.5000000000
7136  -27.449  -73.248  -29.944 0.6000000238
96889  -29.015  -74.578  -32.400 0.5000000000
11723  -20.050  -65.559  -31.170 0.6000000238
94363  -14.305  -68.963  -27.781 0.6000000238
96359  -12.311  -68.245  -31.079 0.6000000238
99021  -19.233  -67.441  -27.957 0.8000000119
96050  -14.634  -68.569  -28.391 0.6000000238
96986  -30.898  -66.708  -30.455 0.6000000238
11062  -31.739  -66.076  -31.133 0.6000000238
103115  -19.311  -67.834  -26.171 0.8000000119
11016  -30.727  -66.945  -28.524 0.6000000238
11009  -17.295  -67.680  -28.390 0.6000000238
11662  -17.818  -66.081  -24.601 0.6000000238
11679  -18.422  -66.771  -24.947 0.6999999881
12933  -17.995  -64.467  -24.465 0.6000000238
14181  -18.956  -62.762  -23.787 0.5000000000
12945  -10.966  -64.714  -25.487 0.6999999881
12362  -11.584  -65.548  -26.339 0.6000000238
13578  -13.135  -63.916  -25.956 0.6999999881
12956  -13.280  -64.737  -27.226 0.8000000119
114378  -14.923  -62.239  -26.230 0.6000000238
13566  -15.239  -62.662  -24.543 0.5000000000
16089  -18.761  -57.995  -23.220 0.5000000000
14821  -15.724  -61.208  -27.172 0.6000000238
14822  -16.446  -60.779  -27.413 0.6000000238
16111  -19.554  -58.383  -25.361 0.5000000000
13493  -12.917  -63.029  -20.762 0.5000000000
16064  -17.965  -60.290  -20.284 0.5000000000
14749  -16.973  -61.366  -20.319 0.6000000238
14127  -13.925  -62.143  -18.649 0.4000000060
14746  -14.688  -61.967  -18.969 0.4000000060
14747  -15.417  -61.595  -19.477 0.4000000060
16052  -15.004  -59.954  -19.110 0.3000000119
16056  -15.520  -60.132  -19.535 0.4000000060
17420  -17.246  -57.898  -18.924 0.4000000060
116267  -15.848  -57.949  -19.255 0.4000000060
17419  -16.288  -57.492  -18.999 0.4000000060
18131  -17.668  -56.755  -18.183 0.4000000060
18785  -18.076  -56.063  -17.718 0.4000000060
16742  -14.846  -58.395  -18.740 0.3000000119
17418  -15.277  -57.692  -18.937 0.5000000000
18129  -15.636  -56.824  -18.729 0.4000000060
105079  -16.203  -55.925  -18.374 0.5000000000
106162  -15.725  -53.765  -17.837 0.5000000000
18783  -16.232  -55.003  -18.191 0.4000000060
19413  -16.312  -54.214  -18.052 0.4000000060
18770  -13.880  -55.836  -17.679 0.5000000000
18769  -13.290  -55.649  -17.389 0.5000000000
104626  -14.265  -55.113  -17.193 0.4000000060
112479  -15.668  -53.081  -17.478 0.4000000060
19393  -13.659  -53.988  -16.726 0.4000000060
19391  -12.555  -54.700  -16.287 0.3000000119
20047  -12.181  -53.302  -15.421 0.3000000119
20056  -12.574  -53.227  -16.269 0.3000000119
3440  -26.523  -81.348  -29.913 0.5000000000
3434  -26.544  -81.631  -28.406 0.5000000000
3082  -26.651  -82.216  -27.077 0.5000000000
98627  -26.763  -81.286  -27.191 0.5000000000
94094  -27.226  -81.884  -26.338 0.5000000000
3780  -27.290  -80.840  -26.382 0.5000000000
94089  -27.725  -81.341  -25.799 0.6000000238
3450  -27.107  -80.509  -30.968 0.5000000000
3441  -27.026  -80.955  -29.700 0.5000000000
3787  -26.776  -80.508  -28.357 0.5000000000
99933  -26.826  -80.266  -26.951 0.5000000000
94088  -28.243  -81.213  -25.562 0.6000000238
111767  -27.268  -79.920  -26.438 0.6000000238
94093  -27.567  -80.451  -26.049 0.6000000238
3449  -26.312  -80.907  -31.259 0.4000000060
100495  -22.536  -80.734  -30.472 0.4000000060
3801  -22.806  -80.823  -29.597 0.4000000060
3802  -24.021  -80.604  -29.881 0.5000000000
3447  -23.933  -81.645  -29.673 0.5000000000
3807  -25.765  -79.980  -31.884 0.5000000000
94197  -24.488  -79.547  -30.012 0.5000000000
3448  -25.551  -80.760  -31.194 0.5000000000
94200  -27.028  -79.589  -32.495 0.5000000000
96302  -28.644  -80.656  -25.724 0.6000000238
96230  -29.506  -80.421  -26.249 0.6000000238
3803  -27.338  -79.674  -31.552 0.5000000000
102066  -27.292  -79.279  -30.716 0.5000000000
96321  -26.120  -78.580  -29.486 0.5000000000
96108  -27.932  -79.918  -25.876 0.6000000238
97878  -26.817  -79.474  -29.350 0.5000000000
4153  -26.838  -79.317  -26.782 0.6000000238
94092  -27.536  -79.875  -26.199 0.6000000238
109866  -28.704  -79.845  -26.235 0.6000000238
94102  -27.104  -77.949  -26.250 0.6000000238
94108  -27.839  -78.645  -26.592 0.6000000238
4966  -28.211  -77.755  -26.519 0.6999999881
4510  -27.416  -77.879  -26.245 0.6000000238
5030  -23.326  -77.497  -31.464 0.6000000238
4559  -23.149  -78.201  -30.988 0.6000000238
5485  -24.017  -76.388  -30.495 0.6000000238
4555  -22.836  -79.082  -30.456 0.5000000000
4549  -23.042  -79.278  -29.798 0.5000000000
4556  -23.443  -78.445  -29.993 0.6000000238
4176  -23.247  -79.878  -29.655 0.5000000000
94199  -23.667  -79.004  -29.616 0.5000000000
109976  -23.922  -78.275  -29.508 0.5000000000
96573  -26.130  -79.031  -31.321 0.5000000000
94198  -24.767  -78.649  -29.663 0.5000000000
94201  -25.985  -78.693  -30.421 0.5000000000
109844  -30.298  -80.229  -26.991 0.6999999881
94097  -29.552  -79.689  -26.825 0.6000000238
96306  -30.169  -79.382  -27.586 0.8000000119
4162  -26.218  -78.975  -28.616 0.5000000000
4528  -26.359  -78.788  -27.283 0.5000000000
104336  -26.321  -77.963  -26.977 0.6000000238
94107  -28.612  -79.144  -26.903 0.6999999881
4163  -29.373  -78.847  -27.473 0.6999999881
94105  -27.188  -78.893  -26.548 0.6000000238
5453  -28.491  -76.864  -26.297 0.6999999881
4951  -27.032  -77.313  -26.134 0.6000000238
5437  -27.390  -76.828  -26.076 0.6000000238
111160  -27.777  -76.190  -25.925 0.6999999881
5439  -28.884  -76.053  -25.773 0.6999999881
5964  -29.386  -75.406  -25.196 0.6000000238
4558  -22.897  -77.992  -32.070 0.5000000000
5504  -23.975  -75.963  -31.096 0.6000000238
94203  -23.926  -77.610  -29.623 0.6000000238
94202  -24.560  -77.095  -29.368 0.6000000238
96422  -25.283  -78.275  -29.136 0.5000000000
5000  -25.276  -77.221  -28.955 0.6000000238
94091  -30.830  -79.677  -27.922 0.6999999881
109879  -25.592  -77.808  -28.490 0.5000000000
5467  -25.856  -76.864  -28.061 0.5000000000
4164  -30.743  -78.725  -28.310 0.5000000000
113628  -31.560  -78.612  -28.797 0.6000000238
114168  -26.261  -77.133  -27.078 0.5000000000
4983  -29.866  -77.366  -27.928 0.6000000238
5451  -26.764  -76.745  -26.430 0.5000000000
4967  -29.163  -77.366  -27.163 0.6999999881
5452  -27.311  -76.283  -26.145 0.5000000000
5454  -29.431  -76.425  -26.585 0.6000000238
5950  -29.757  -74.980  -24.599 0.6000000238
6529  -27.691  -74.811  -26.264 0.5000000000
6519  -28.336  -74.742  -25.611 0.6000000238
6520  -29.055  -74.606  -24.949 0.5000000000
7099  -29.124  -72.766  -25.625 0.5000000000
7076  -29.381  -73.120  -23.919 0.5000000000
111771  -23.829  -75.881  -31.834 0.6000000238
107065  -23.639  -76.692  -31.452 0.6000000238
5514  -23.436  -76.471  -32.499 0.4000000060
5984  -25.837  -75.492  -28.506 0.5000000000
4984  -30.601  -77.166  -28.112 0.6000000238
5975  -26.852  -75.909  -26.698 0.5000000000
5469  -30.043  -76.681  -27.578 0.5000000000
5455  -30.431  -76.079  -26.830 0.5000000000
5470  -31.015  -76.477  -27.616 0.5000000000
102141  -27.405  -74.475  -26.996 0.5000000000
5440  -29.851  -75.801  -25.849 0.5000000000
5965  -30.266  -75.407  -25.029 0.5000000000
7097  -27.874  -74.048  -26.676 0.6000000238
7110  -28.173  -73.453  -27.238 0.6000000238
6507  -29.593  -74.184  -24.228 0.5000000000
6508  -30.095  -73.727  -23.705 0.6000000238
7780  -28.940  -72.973  -26.922 0.6000000238
6014  -23.433  -75.455  -33.463 0.4000000060
5982  -26.415  -75.431  -27.616 0.5000000000
5456  -31.446  -75.985  -26.781 0.5000000000
6533  -26.899  -74.503  -27.720 0.5000000000
6534  -27.536  -73.932  -27.493 0.5000000000
5966  -31.213  -75.329  -25.026 0.5000000000
5978  -31.786  -75.560  -25.932 0.5000000000
6521  -32.650  -74.664  -24.859 0.5000000000
6522  -33.244  -74.846  -25.201 0.5000000000
6510  -34.290  -74.066  -24.814 0.5000000000
7798  -28.712  -73.029  -27.957 0.6000000238
114046  -30.547  -74.741  -24.178 0.5000000000
7737  -31.547  -71.148  -23.737 0.5000000000
96022  -30.509  -72.373  -27.854 0.5000000000
109579  -30.863  -72.211  -27.138 0.5000000000
116286  -28.801  -72.857  -30.427 0.5000000000
5951  -31.757  -74.692  -24.330 0.5000000000
108525  -33.380  -74.084  -24.659 0.5000000000
7121  -27.976  -73.104  -29.240 0.5000000000
7808  -28.839  -72.734  -29.615 0.6000000238
108551  -31.248  -73.594  -23.591 0.5000000000
6509  -32.498  -73.854  -23.998 0.5000000000
7080  -33.800  -73.369  -24.647 0.5000000000
7082  -35.274  -73.191  -24.594 0.5000000000
7799  -29.582  -72.666  -27.826 0.5000000000
105389  -31.250  -72.353  -23.441 0.5000000000
96795  -32.269  -72.059  -23.583 0.5000000000
7148  -29.176  -73.267  -31.116 0.5000000000
7752  -33.611  -72.587  -25.102 0.5000000000
96444  -33.447  -72.748  -24.442 0.5000000000
106633  -34.262  -73.002  -24.906 0.5000000000
110037  -36.892  -71.294  -25.035 0.4000000060
7767  -34.584  -72.605  -25.347 0.4000000060
99051  -22.371  -70.200  -32.957 0.4000000060
109757  -15.261  -69.299  -26.307 0.5000000000
94354  -15.242  -68.647  -24.378 0.5000000000
101387  -14.700  -67.805  -24.006 0.5000000000
9642  -15.073  -69.322  -25.302 0.5000000000
12944  -9.795  -64.767  -25.263 0.5000000000
12932  -10.079  -64.130  -25.274 0.5000000000
13545  -11.402  -63.560  -23.712 0.5000000000
116249  -27.183  -73.861  -28.157 0.5000000000
96373  -27.873  -80.549  -25.770 0.6000000238
104926  -26.548  -79.553  -27.694 0.6000000238
94099  -27.453  -79.293  -26.402 0.6000000238
99704  -26.844  -78.019  -26.363 0.6000000238
5438  -28.025  -76.457  -25.857 0.6999999881
5023  -23.629  -77.359  -30.466 0.6000000238
4982  -25.998  -77.550  -27.730 0.5000000000
5962  -27.813  -75.559  -25.926 0.6000000238
5963  -28.495  -75.553  -25.627 0.6000000238
7088  -28.737  -73.741  -25.300 0.6000000238
5468  -26.315  -76.339  -27.272 0.5000000000
5976  -27.368  -75.565  -26.308 0.5000000000
6530  -28.191  -74.172  -25.972 0.6000000238
7098  -28.478  -73.538  -26.262 0.6000000238
104816  -29.071  -73.659  -24.514 0.5000000000
7077  -30.213  -72.680  -23.540 0.5000000000
5977  -30.834  -75.659  -25.947 0.5000000000
116018  -29.968  -72.427  -26.726 0.5000000000
102657  -27.868  -73.377  -28.239 0.5000000000
101747  -29.248  -72.649  -28.755 0.5000000000
110193  -28.502  -72.918  -28.769 0.5000000000
7079  -33.118  -73.137  -24.135 0.5000000000
7078  -32.272  -72.589  -23.601 0.5000000000
95700  -32.967  -72.404  -23.876 0.5000000000
7753  -35.304  -72.650  -24.900 0.5000000000
94307  -33.170  -72.152  -24.186 0.4000000060
8430  -35.482  -72.182  -25.342 0.4000000060
4551  -33.402  -77.968  -30.796 0.5000000000
4541  -33.118  -77.902  -29.804 0.6000000238
4986  -32.954  -77.520  -27.878 0.6000000238
94078  -32.087  -78.962  -31.380 0.4000000060
4968  -33.505  -76.999  -27.311 0.4000000060
5457  -32.227  -76.689  -27.226 0.4000000060
4532  -32.498  -77.904  -28.586 0.6000000238
4985  -31.707  -77.300  -27.941 0.5000000000
4540  -32.243  -78.338  -29.263 0.5000000000
4531  -31.339  -77.966  -28.411 0.5000000000
4172  -31.884  -78.810  -29.866 0.6000000238
110543  -31.079  -79.983  -28.662 0.6000000238
94098  -30.747  -80.530  -27.876 0.6000000238
94096  -30.378  -81.093  -27.055 0.6000000238
109853  -29.958  -80.869  -26.410 0.6000000238
100384  -30.042  -81.895  -27.208 0.6000000238
94103  -29.842  -81.552  -26.399 0.5000000000
94106  -29.368  -81.983  -25.810 0.5000000000
96624  -28.196  -82.745  -25.526 0.4000000060
3069  -27.623  -82.564  -25.713 0.5000000000
116218  -36.498  -71.766  -24.682 0.3000000119
11000  -30.516  -67.018  -27.637 0.4000000060
11698  -31.260  -66.420  -27.300 0.4000000060
105825  -31.571  -66.626  -28.229 0.5000000000
14785  -19.630  -61.365  -23.736 0.5000000000
99564  -19.526  -60.642  -24.880 0.5000000000
15421  -20.127  -60.749  -23.237 0.5000000000
15433  -20.021  -60.170  -24.162 0.4000000060
16090  -20.845  -58.185  -24.726 0.4000000060
15414  -21.555  -60.321  -21.110 0.4000000060
16792  -20.544  -57.479  -24.655 0.4000000060
16784  -21.140  -57.349  -24.266 0.4000000060
16091  -21.136  -58.146  -23.795 0.4000000060
16791  -19.560  -57.444  -24.456 0.4000000060
17455  -20.705  -56.519  -23.828 0.4000000060
16075  -21.448  -59.332  -21.276 0.4000000060
17454  -20.256  -56.469  -23.661 0.4000000060
16777  -20.815  -57.763  -22.600 0.4000000060
104619  -22.340  -58.313  -20.706 0.4000000060
16776  -20.163  -57.241  -22.489 0.4000000060
16766  -20.583  -58.417  -21.976 0.4000000060
101731  -19.582  -57.615  -22.582 0.4000000060
104020  -19.121  -58.754  -19.518 0.3000000119
16751  -19.714  -58.806  -20.136 0.4000000060
18132  -18.664  -56.824  -18.014 0.3000000119
17422  -19.206  -57.578  -18.478 0.3000000119
16747  -19.729  -58.153  -19.253 0.3000000119
15413  -20.944  -59.928  -21.679 0.4000000060
102261  -20.679  -59.142  -22.528 0.4000000060
15434  -20.427  -59.617  -23.365 0.4000000060
112546  -21.046  -58.933  -21.838 0.4000000060
16082  -20.865  -58.067  -22.633 0.4000000060
110406  -22.496  -59.104  -20.590 0.4000000060
16778  -21.239  -58.461  -21.386 0.4000000060
16785  -21.253  -56.976  -23.612 0.4000000060
4939  -37.722  -77.761  -24.887 0.3000000119
4504  -36.635  -78.709  -24.892 0.4000000060
4512  -37.265  -78.060  -25.535 0.3000000119
4954  -37.782  -77.271  -26.101 0.4000000060
4146  -35.419  -79.544  -25.799 0.3000000119
106108  -36.806  -78.354  -26.340 0.3000000119
4154  -34.906  -80.080  -26.252 0.3000000119
4521  -36.066  -78.918  -26.580 0.3000000119
4522  -36.535  -78.089  -27.553 0.3000000119
4155  -35.610  -79.453  -27.080 0.3000000119
4166  -35.937  -78.812  -28.095 0.3000000119
100689  -35.060  -80.072  -27.264 0.3000000119
4165  -35.551  -79.513  -28.365 0.3000000119
4543  -35.488  -78.225  -28.893 0.3000000119
3789  -34.794  -80.382  -28.009 0.3000000119
3797  -34.996  -79.868  -29.194 0.3000000119
4173  -35.053  -78.700  -29.548 0.3000000119
3091  -33.160  -81.947  -28.087 0.3000000119
3442  -33.766  -81.347  -28.544 0.3000000119
3796  -34.474  -80.728  -28.869 0.3000000119
112259  -34.573  -80.189  -29.842 0.3000000119
3805  -34.556  -79.169  -30.225 0.3000000119
4953  -37.348  -77.562  -26.586 0.3000000119
4140  -35.229  -79.399  -24.807 0.4000000060
4970  -36.920  -77.219  -27.466 0.4000000060
4534  -36.327  -77.245  -28.053 0.4000000060
3782  -34.337  -80.628  -26.779 0.3000000119
4533  -35.921  -77.809  -28.292 0.4000000060
3781  -33.609  -81.352  -26.757 0.3000000119
108800  -34.747  -77.754  -29.560 0.4000000060
113262  -32.604  -82.495  -27.588 0.3000000119
3084  -33.126  -82.009  -27.167 0.4000000060
4179  -34.300  -78.155  -30.362 0.4000000060
3804  -34.060  -79.790  -30.749 0.3000000119
101454  -32.352  -83.183  -26.522 0.3000000119
4955  -38.312  -76.983  -25.528 0.3000000119
5445  -37.874  -76.316  -26.326 0.3000000119
5447  -38.954  -75.656  -25.365 0.3000000119
4971  -37.364  -76.709  -26.890 0.3000000119
5462  -37.295  -75.984  -26.777 0.3000000119
102968  -35.071  -79.084  -24.333 0.4000000060
5461  -36.795  -76.410  -27.348 0.3000000119
3776  -34.210  -80.443  -25.668 0.3000000119
4145  -34.668  -79.900  -25.217 0.4000000060
4990  -36.290  -76.707  -27.914 0.4000000060
5460  -36.152  -76.290  -27.501 0.3000000119
4989  -35.742  -76.969  -28.385 0.4000000060
5471  -35.590  -76.633  -27.979 0.4000000060
3775  -33.844  -80.925  -26.013 0.3000000119
106090  -33.370  -81.380  -25.035 0.3000000119
5003  -35.218  -77.325  -28.900 0.4000000060
4988  -35.037  -76.930  -28.528 0.4000000060
3424  -33.431  -81.399  -25.755 0.3000000119
3070  -33.130  -82.138  -25.299 0.3000000119
5002  -34.517  -77.360  -29.139 0.4000000060
4987  -34.130  -77.147  -28.338 0.5000000000
4542  -33.971  -77.715  -30.105 0.4000000060
5001  -33.615  -77.560  -29.016 0.4000000060
2434  -31.886  -84.507  -26.214 0.3000000119
5972  -37.920  -75.539  -26.176 0.3000000119
5956  -38.893  -74.942  -25.410 0.3000000119
4138  -33.570  -79.862  -24.428 0.4000000060
5443  -35.883  -75.996  -26.728 0.4000000060
5442  -34.856  -76.162  -26.137 0.4000000060
3768  -33.895  -80.270  -24.803 0.4000000060
4969  -34.651  -76.783  -27.717 0.4000000060
5458  -34.075  -76.575  -26.592 0.5000000000
5979  -33.245  -76.015  -26.112 0.4000000060
102368  -33.137  -81.720  -24.474 0.3000000119
94050  -33.022  -82.612  -24.443 0.3000000119
101272  -33.042  -76.532  -26.671 0.4000000060
106339  -32.375  -75.976  -26.460 0.4000000060
94056  -32.905  -83.094  -25.197 0.3000000119
94055  -32.401  -83.663  -25.890 0.3000000119
2115  -31.869  -85.189  -25.722 0.3000000119
103277  -37.163  -75.551  -26.247 0.3000000119
110998  -36.960  -75.792  -26.716 0.3000000119
97100  -33.291  -80.482  -24.394 0.4000000060
5968  -33.570  -75.418  -25.587 0.4000000060
113031  -32.881  -81.173  -23.962 0.4000000060
104687  -32.747  -83.882  -23.661 0.3000000119
3059  -32.860  -82.239  -23.654 0.3000000119
94041  -32.839  -83.456  -24.431 0.3000000119
2424  -32.482  -84.266  -24.526 0.3000000119
116666  -31.827  -85.633  -25.232 0.3000000119
5954  -36.423  -75.241  -25.347 0.3000000119
5970  -35.505  -75.617  -25.593 0.4000000060
5969  -34.438  -75.534  -25.508 0.4000000060
94037  -32.631  -84.232  -22.847 0.3000000119
2107  -31.953  -84.909  -22.948 0.3000000119
2421  -32.257  -84.654  -23.765 0.3000000119
2110  -31.684  -85.422  -23.857 0.3000000119
2423  -31.886  -85.139  -24.767 0.3000000119
2099  -31.584  -85.021  -22.154 0.3000000119
1802  -31.215  -86.103  -23.873 0.3000000119
99581  -31.517  -86.328  -24.325 0.3000000119
2112  -31.637  -85.817  -24.533 0.3000000119
7083  -36.257  -73.435  -24.204 0.3000000119
6511  -35.349  -74.052  -24.668 0.4000000060
1796  -30.644  -86.301  -22.997 0.3000000119
1801  -30.749  -86.789  -24.037 0.3000000119
111192  -37.303  -73.264  -23.538 0.3000000119
7754  -36.042  -72.701  -24.374 0.3000000119
7739  -37.396  -72.457  -23.248 0.3000000119
7738  -36.756  -72.689  -23.801 0.3000000119
8421  -36.518  -72.181  -24.187 0.3000000119
15445  -20.000  -59.347  -25.234 0.5000000000
16755  -20.452  -58.805  -20.999 0.4000000060
107631  -20.300  -59.014  -24.265 0.4000000060
98035  -31.309  -79.226  -28.864 0.6000000238
6523  -33.939  -74.778  -25.136 0.4000000060
14773  -20.021  -61.650  -22.685 0.5000000000
15422  -20.468  -60.614  -22.321 0.4000000060
16076  -22.028  -59.661  -20.840 0.4000000060
4511  -36.019  -79.106  -25.363 0.3000000119
3788  -34.112  -81.042  -27.737 0.3000000119
3435  -33.545  -81.537  -27.626 0.3000000119
4139  -34.431  -79.620  -24.609 0.4000000060
103226  -33.691  -80.845  -25.252 0.3000000119
5459  -35.243  -76.434  -27.144 0.4000000060
5441  -34.031  -76.051  -25.903 0.4000000060
2427  -32.216  -84.468  -25.405 0.3000000119
5952  -34.814  -74.850  -25.007 0.4000000060
94047  -32.949  -82.897  -23.014 0.3000000119
1811  -31.863  -86.131  -25.196 0.3000000119
101970  -36.017  -74.650  -24.661 0.3000000119
100356  -29.566  -82.301  -26.499 0.5000000000
2755  -29.336  -83.036  -28.060 0.5000000000
102259  -29.944  -82.263  -28.114 0.5000000000
94095  -30.469  -81.324  -29.664 0.5000000000
94085  -31.340  -79.686  -29.996 0.4000000060
7814  -29.505  -72.839  -30.376 0.4000000060
4177  -33.042  -78.425  -31.463 0.3000000119
3457  -33.560  -80.458  -31.004 0.3000000119
4552  -33.732  -77.978  -30.966 0.4000000060
3451  -34.028  -80.943  -29.880 0.3000000119
105883  -32.612  -81.748  -23.286 0.3000000119
3756  -32.385  -80.810  -23.194 0.3000000119
3761  -32.827  -80.190  -23.941 0.3000000119
4503  -35.892  -79.039  -24.342 0.3000000119
3407  -32.082  -81.046  -22.317 0.3000000119
3760  -32.422  -79.692  -23.275 0.3000000119
4132  -32.980  -79.256  -23.954 0.3000000119
4502  -34.023  -79.108  -24.393 0.3000000119
4494  -35.697  -78.534  -23.922 0.3000000119
4493  -34.585  -78.310  -24.090 0.3000000119
104822  -32.743  -78.737  -23.013 0.3000000119
4492  -33.479  -78.393  -23.788 0.3000000119
4932  -34.031  -77.627  -23.477 0.3000000119
4495  -36.485  -78.501  -23.979 0.3000000119
4934  -36.307  -77.899  -23.464 0.3000000119
4933  -35.156  -77.506  -23.552 0.3000000119
3068  -26.984  -82.828  -26.269 0.3000000119
97966  -30.833  -80.609  -29.088 0.4000000060
3090  -30.136  -81.916  -29.027 0.5000000000
3808  -33.090  -79.377  -31.655 0.3000000119
16077  -23.101  -58.546  -20.386 0.3000000119
102180  -21.871  -58.798  -20.905 0.3000000119
16756  -21.139  -58.238  -20.722 0.3000000119
94100  -28.523  -83.138  -25.863 0.4000000060
2754  -28.672  -83.680  -28.574 0.4000000060
1852  -30.930  -86.503  -32.203 0.4000000060
2470  -29.164  -83.947  -32.425 0.4000000060
3103  -29.517  -82.878  -31.571 0.4000000060
3104  -30.107  -82.154  -31.417 0.4000000060
96968  -30.490  -81.373  -30.993 0.4000000060
2767  -28.956  -83.172  -30.796 0.4000000060
3089  -29.656  -82.475  -29.193 0.4000000060
3098  -30.026  -81.962  -30.162 0.4000000060
1532  -32.461  -87.059  -30.513 0.3000000119
1846  -30.465  -86.252  -31.169 0.4000000060
2471  -30.078  -83.893  -32.142 0.4000000060
2761  -29.153  -83.144  -29.465 0.4000000060
2146  -29.815  -85.469  -31.839 0.4000000060
2772  -28.971  -83.431  -31.892 0.4000000060
1540  -32.128  -86.847  -31.403 0.3000000119
101964  -29.562  -84.597  -32.249 0.4000000060
3097  -29.533  -82.604  -30.476 0.4000000060
3109  -30.024  -82.711  -31.947 0.4000000060
1521  -32.932  -87.023  -29.792 0.3000000119
1848  -32.350  -86.750  -30.585 0.3000000119
2141  -30.395  -85.307  -31.199 0.3000000119
103451  -30.580  -86.131  -30.313 0.3000000119
2778  -30.968  -82.732  -31.895 0.3000000119
3460  -31.187  -81.236  -31.956 0.3000000119
3110  -30.675  -82.190  -31.904 0.3000000119
94072  -32.031  -80.566  -32.096 0.3000000119
94073  -32.436  -79.102  -31.948 0.3000000119
94077  -31.976  -79.538  -32.025 0.3000000119
3456  -30.715  -81.547  -31.682 0.3000000119
94084  -31.479  -79.930  -31.531 0.3000000119
94090  -30.880  -80.593  -30.589 0.3000000119
889  -24.280  -90.424  -18.590 0.3000000119
1180  -24.670  -89.396  -19.085 0.3000000119
94051  -30.859  -83.919  -21.149 0.3000000119
105898  -25.841  -86.470  -18.677 0.3000000119
1763  -26.348  -85.882  -19.030 0.3000000119
115700  -27.317  -85.087  -19.708 0.3000000119
2396  -27.470  -84.519  -19.830 0.3000000119
2400  -27.879  -84.287  -20.663 0.3000000119
96933  -29.092  -83.256  -21.088 0.3000000119
110391  -29.979  -83.289  -21.077 0.3000000119
2390  -26.188  -84.592  -18.426 0.3000000119
2713  -26.405  -84.137  -19.084 0.3000000119
2719  -27.042  -83.988  -19.457 0.3000000119
94069  -27.162  -83.282  -19.835 0.3000000119
94065  -28.073  -83.345  -20.500 0.3000000119
2773  -30.659  -83.405  -31.866 0.3000000119
1181  -24.957  -88.473  -19.752 0.3000000119
2087  -27.044  -85.783  -20.314 0.3000000119
1768  -25.601  -86.767  -19.977 0.3000000119
1448  -25.261  -87.443  -19.329 0.3000000119
1769  -26.353  -86.267  -20.158 0.3000000119
2084  -26.901  -85.402  -19.350 0.3000000119
2718  -26.042  -83.355  -19.581 0.3000000119
894  -24.630  -90.185  -19.413 0.3000000119
1248  -32.352  -87.662  -30.101 0.3000000119
1493  -31.052  -87.135  -24.520 0.3000000119
1797  -31.332  -85.604  -23.021 0.3000000119
1847  -31.066  -86.476  -30.422 0.3000000119
1853  -31.815  -86.580  -31.622 0.3000000119
2395  -26.965  -84.730  -19.101 0.3000000119
2720  -27.608  -83.901  -19.957 0.3000000119
2743  -27.250  -83.463  -25.947 0.3000000119
2744  -27.823  -83.336  -25.696 0.5000000000
2749  -29.132  -83.062  -26.701 0.5000000000
2776  -29.646  -83.261  -32.142 0.4000000060
2777  -30.310  -83.015  -32.050 0.3000000119
3055  -32.759  -82.480  -22.848 0.3000000119
3075  -29.133  -82.627  -25.977 0.5000000000
3083  -29.626  -82.531  -27.282 0.6000000238
3439  -23.263  -81.178  -29.564 0.5000000000
3454  -26.556  -80.300  -32.164 0.5000000000
3455  -27.070  -80.194  -32.084 0.4000000060
3795  -27.261  -80.055  -30.272 0.5000000000
4171  -26.909  -78.876  -30.078 0.5000000000
4178  -33.801  -78.617  -31.058 0.4000000060
4181  -22.696  -79.945  -29.996 0.4000000060
4519  -26.695  -78.602  -26.650 0.6000000238
4520  -28.749  -78.336  -27.156 0.6999999881
4529  -29.492  -78.030  -27.800 0.6999999881
4530  -30.218  -77.888  -28.257 0.5000000000
4550  -32.682  -78.324  -30.601 0.4000000060
4952  -27.230  -77.403  -26.130 0.6000000238
4965  -26.637  -77.429  -26.490 0.5000000000
5444  -36.665  -75.973  -27.030 0.3000000119
5446  -38.427  -75.996  -25.804 0.3000000119
5953  -35.586  -74.932  -24.925 0.3000000119
5955  -37.457  -75.084  -25.600 0.3000000119
5967  -32.693  -75.366  -25.668 0.4000000060
5971  -36.491  -75.706  -26.324 0.3000000119
5973  -38.439  -75.349  -25.690 0.3000000119
5981  -25.944  -76.067  -28.020 0.5000000000
5994  -23.690  -75.707  -32.694 0.6999999881
6512  -36.206  -74.160  -24.390 0.3000000119
6528  -27.110  -75.122  -26.914 0.5000000000
7081  -34.571  -73.502  -24.739 0.5000000000
7161  -29.500  -74.006  -31.737 0.5000000000
7220  -22.883  -72.507  -37.516 0.5000000000
7751  -31.797  -71.544  -23.535 0.5000000000
8420  -36.022  -72.161  -24.757 0.3000000119
9643  -25.384  -69.033  -25.977 0.5000000000
9676  -27.065  -69.324  -28.287 0.5000000000
9682  -24.988  -69.312  -28.875 0.5000000000
9683  -25.862  -69.365  -28.930 0.5000000000
9756  -26.324  -69.195  -37.398 0.6999999881
10234  -21.480  -68.616  -24.818 0.6000000238
10268  -21.443  -68.931  -26.583 0.6999999881
10269  -22.171  -69.099  -26.472 0.6000000238
10297  -22.369  -68.493  -28.014 0.8000000119
10300  -27.751  -69.046  -28.301 0.5000000000
10324  -24.228  -68.395  -30.633 0.6000000238
10330  -32.362  -67.266  -30.919 0.5000000000
10341  -27.936  -68.027  -31.186 0.6000000238
10358  -24.727  -68.223  -32.320 0.6000000238
10377  -24.369  -68.385  -34.867 0.6000000238
10381  -23.901  -69.642  -36.121 0.6000000238
10387  -25.236  -68.397  -37.416 0.6000000238
10394  -27.987  -67.225  -38.246 0.6999999881
10967  -20.214  -67.695  -25.005 0.6000000238
10983  -19.746  -68.131  -26.510 0.6000000238
10984  -20.036  -68.201  -26.989 0.6999999881
10997  -20.094  -67.837  -27.595 0.8000000119
11013  -21.506  -67.552  -28.679 0.8000000119
11028  -22.002  -67.260  -29.477 0.6999999881
11029  -30.397  -67.210  -29.688 0.6000000238
11041  -18.029  -66.604  -30.441 0.6000000238
11052  -13.070  -67.945  -31.629 0.6000000238
11057  -22.721  -67.451  -31.167 0.5000000000
11069  -13.849  -67.938  -32.651 0.6000000238
11078  -30.158  -66.264  -32.103 0.6000000238
11079  -32.521  -65.839  -31.692 0.6000000238
11080  -33.260  -66.136  -32.335 0.5000000000
11082  -15.592  -67.247  -34.316 0.5000000000
11083  -16.427  -66.956  -34.535 0.5000000000
11086  -21.468  -66.693  -33.326 0.6999999881
11100  -25.939  -66.917  -37.985 0.6000000238
11680  -19.081  -67.029  -25.176 0.6999999881
11689  -11.290  -67.672  -28.474 0.6000000238
11693  -31.813  -66.031  -26.800 0.4000000060
11729  -16.609  -65.527  -33.069 0.6999999881
11734  -21.589  -66.208  -32.400 0.6000000238
11736  -15.659  -66.812  -33.925 0.6000000238
11737  -16.530  -65.956  -33.638 0.6000000238
11747  -19.046  -65.327  -34.529 0.6999999881
11749  -20.801  -65.848  -33.480 0.6999999881
11760  -25.807  -66.474  -37.277 0.6000000238
11761  -26.459  -65.629  -37.035 0.6000000238
11762  -27.490  -64.772  -36.611 0.6000000238
11771  -29.964  -65.009  -38.268 0.6000000238
12347  -19.949  -65.733  -24.078 0.6000000238
12375  -11.881  -65.947  -27.395 0.6000000238
12406  -18.468  -64.474  -34.184 0.6999999881
12964  -13.569  -65.135  -27.681 0.8000000119
12966  -15.470  -64.484  -27.202 0.6999999881
13547  -14.281  -63.453  -23.455 0.6000000238
13587  -13.560  -63.906  -26.926 0.8000000119
14218  -15.272  -62.003  -27.111 0.6999999881
14220  -18.422  -61.579  -26.691 0.6000000238
14229  -15.560  -62.129  -27.515 0.6999999881
14231  -16.856  -61.713  -27.516 0.5000000000
14748  -16.246  -61.434  -19.967 0.4000000060
14833  -16.058  -61.510  -27.522 0.6000000238
15431  -17.000  -60.245  -24.390 0.4000000060
15455  -18.250  -59.642  -26.881 0.5000000000
15467  -16.490  -60.270  -26.940 0.5000000000
16097  -17.816  -58.700  -25.147 0.4000000060
16098  -20.108  -58.520  -25.247 0.4000000060
16775  -19.707  -56.692  -23.216 0.4000000060
16793  -21.037  -56.782  -24.059 0.4000000060
17450  -20.498  -56.648  -23.305 0.4000000060
17459  -19.865  -56.662  -23.749 0.4000000060
17460  -20.439  -56.656  -24.025 0.4000000060
18123  -13.138  -56.049  -17.564 0.4000000060
18762  -12.561  -56.031  -16.968 0.3000000119
19399  -12.730  -55.091  -16.737 0.3000000119
19400  -13.331  -54.917  -16.922 0.5000000000
20058  -14.359  -53.452  -16.846 0.3000000119
94040  -32.910  -83.505  -22.886 0.3000000119
94048  -32.949  -83.084  -23.649 0.3000000119
94049  -32.641  -83.813  -25.106 0.3000000119
94057  -30.529  -83.044  -20.724 0.3000000119
94060  -32.157  -83.141  -27.198 0.3000000119
94076  -31.644  -80.340  -32.071 0.3000000119
94083  -31.030  -80.798  -31.664 0.3000000119
94101  -28.766  -82.395  -25.559 0.4000000060
94104  -29.931  -78.549  -27.995 0.6000000238
94205  -24.358  -75.602  -30.562 0.6999999881
94207  -25.122  -74.356  -30.223 0.6999999881
94362  -12.749  -67.796  -27.964 0.6000000238
94364  -12.340  -68.989  -28.381 0.6000000238
94375  -11.794  -67.563  -28.812 0.6999999881
95721  -11.668  -68.638  -28.562 0.6000000238
96058  -29.438  -81.175  -25.868 0.5000000000
96232  -28.221  -81.998  -25.500 0.4000000060
96451  -28.031  -79.379  -26.404 0.6000000238
96501  -32.511  -71.453  -23.766 0.5000000000
96546  -27.100  -78.794  -31.228 0.5000000000
96682  -24.549  -77.791  -29.318 0.6000000238
96691  -11.187  -68.295  -28.320 0.6000000238
96886  -30.452  -81.425  -28.218 0.5000000000
98364  -12.258  -67.581  -28.619 0.6999999881
100419  -24.270  -68.484  -32.898 0.6000000238
102208  -28.835  -81.588  -25.523 0.6000000238
102631  -27.692  -77.191  -26.063 0.6000000238
103513  -18.982  -60.019  -26.676 0.5000000000
104225  -24.645  -69.478  -26.822 0.5000000000
104513  -18.057  -65.392  -34.515 0.6000000238
104711  -27.227  -78.492  -26.368 0.6000000238
104836  -33.355  -80.927  -24.613 0.3000000119
105713  -36.181  -78.731  -27.570 0.3000000119
106003  -32.049  -75.140  -25.202 0.5000000000
107577  -19.907  -64.879  -32.157 0.6000000238
107887  -17.232  -61.617  -21.923 0.5000000000
108418  -12.372  -53.904  -16.076 0.3000000119
108595  -32.664  -82.599  -26.778 0.3000000119
109386  -31.961  -71.121  -23.879 0.5000000000
110214  -24.187  -76.812  -29.803 0.6999999881
110243  -25.967  -78.281  -28.044 0.5000000000
110256  -14.418  -58.378  -18.036 0.4000000060
110492  -16.545  -61.856  -20.330 0.6000000238
112421  -16.326  -52.580  -17.505 0.3000000119
112699  -26.639  -85.167  -18.497 0.3000000119
113117  -12.380  -67.936  -30.658 0.6000000238
113345  -23.993  -69.329  -26.665 0.5000000000
113708  -21.395  -66.208  -33.093 0.6000000238
114620  -17.273  -62.253  -27.311 0.5000000000
114654  -25.551  -68.365  -37.682 0.6999999881
114950  -26.105  -67.361  -38.127 0.6000000238
115260  -15.777  -62.584  -27.678 0.6999999881
115282  -32.630  -86.860  -30.139 0.3000000119
116163  -24.624  -68.405  -35.938 0.6000000238
116694  -16.563  -61.297  -24.106 0.4000000060
117037  -27.133  -76.826  -26.127 0.5000000000
