#!ascii label  , from subject sub-v1s12x0050110_ses-1 vox2ras=TkReg
1457
42131  46.519  -27.811  24.260 0.0000000000
31479  29.902  -40.016  36.379 0.0000000000
24789  19.964  -47.879  34.586 0.0000000000
24784  12.831  -49.008  35.331 0.0000000000
24018  30.470  -50.719  45.762 0.0000000000
106017  25.237  -45.314  32.324 0.0000000000
104808  41.175  -29.323  27.266 0.0000000000
44626  54.019  -25.218  22.572 0.0000000000
103320  43.318  -33.252  39.520 0.0000000000
34049  35.810  -37.920  31.751 0.0000000000
33351  25.897  -38.312  29.406 0.0000000000
24736  18.865  -48.793  39.322 0.0000000000
24790  16.075  -47.995  33.888 0.0000000000
104540  16.617  -45.641  34.822 0.0000000000
24060  23.943  -50.160  39.578 0.0000000000
104051  48.442  -31.724  38.399 0.0000000000
31421  30.672  -40.543  39.046 0.0000000000
30565  36.500  -41.466  38.386 0.0000000000
33226  40.161  -38.963  38.338 0.0000000000
32354  33.531  -39.407  34.252 0.0000000000
34054  31.245  -37.950  30.874 0.0000000000
92466  27.651  -39.100  33.424 0.0000000000
26275  20.197  -46.030  30.343 0.0000000000
28064  21.879  -44.087  29.129 0.0000000000
104771  49.747  -25.857  23.303 0.0000000000
43866  49.654  -25.670  17.907 0.0000000000
95889  18.306  -48.670  31.035 0.0000000000
23405  16.767  -51.023  32.803 0.0000000000
28007  28.663  -44.986  37.758 0.0000000000
29761  26.554  -43.008  35.397 0.0000000000
24766  27.962  -48.161  36.513 0.0000000000
25506  22.131  -47.573  34.060 0.0000000000
40480  43.704  -29.345  25.554 0.0000000000
24738  14.210  -48.174  39.061 0.0000000000
100458  12.580  -50.729  38.853 0.0000000000
109863  51.093  -28.193  27.446 0.0000000000
105700  48.137  -30.109  28.951 0.0000000000
40407  45.917  -29.948  31.676 0.0000000000
38648  42.321  -31.361  33.485 0.0000000000
91275  38.320  -32.289  32.937 0.0000000000
90094  43.946  -36.326  43.598 0.0000000000
36311  38.439  -34.655  37.707 0.0000000000
37130  34.054  -33.940  31.785 0.0000000000
105966  32.763  -37.187  28.320 0.0000000000
30632  24.952  -41.722  32.031 0.0000000000
108448  19.055  -47.235  39.789 0.0000000000
100197  18.514  -45.877  36.059 0.0000000000
27028  18.745  -45.499  36.794 0.0000000000
23285  21.032  -50.913  43.997 0.0000000000
31439  30.908  -41.012  37.328 0.0000000000
101418  32.355  -41.395  36.453 0.0000000000
31475  34.575  -40.920  35.930 0.0000000000
32338  31.324  -40.573  35.159 0.0000000000
32378  31.073  -39.673  33.608 0.0000000000
94320  29.275  -39.584  35.220 0.0000000000
24850  19.033  -48.703  28.317 0.0000000000
24848  20.557  -47.980  27.837 0.0000000000
42969  48.456  -26.508  23.404 0.0000000000
43824  47.378  -25.248  20.881 0.0000000000
43810  46.194  -25.765  21.525 0.0000000000
25509  19.450  -47.532  33.254 0.0000000000
24107  17.446  -49.562  32.124 0.0000000000
24797  17.265  -48.022  32.802 0.0000000000
24792  13.843  -48.545  34.513 0.0000000000
23394  14.829  -49.882  33.590 0.0000000000
23396  13.110  -50.007  34.101 0.0000000000
23398  11.972  -51.126  35.085 0.0000000000
27984  29.567  -44.513  40.245 0.0000000000
25427  31.929  -47.846  42.075 0.0000000000
26225  29.401  -46.783  37.635 0.0000000000
24717  29.139  -49.454  40.222 0.0000000000
24759  21.533  -49.222  37.173 0.0000000000
107350  23.517  -48.880  36.984 0.0000000000
24787  21.555  -48.374  35.063 0.0000000000
25516  20.241  -47.073  32.602 0.0000000000
40469  42.427  -29.000  26.701 0.0000000000
41338  41.689  -28.603  23.627 0.0000000000
105167  40.143  -28.604  24.015 0.0000000000
23343  11.720  -50.664  40.319 0.0000000000
39491  47.450  -30.011  30.726 0.0000000000
98941  48.544  -30.707  32.648 0.0000000000
102710  46.333  -33.111  39.549 0.0000000000
37868  45.178  -32.252  35.552 0.0000000000
102933  43.278  -32.393  36.845 0.0000000000
102564  40.472  -31.501  33.234 0.0000000000
90540  40.917  -32.141  36.539 0.0000000000
34035  37.839  -38.200  34.855 0.0000000000
33999  40.041  -37.493  38.863 0.0000000000
35573  37.558  -36.291  35.107 0.0000000000
36334  36.572  -34.213  34.331 0.0000000000
35589  35.278  -36.217  31.816 0.0000000000
35596  33.382  -36.004  29.497 0.0000000000
34058  34.393  -37.400  30.571 0.0000000000
92727  30.039  -36.978  28.507 0.0000000000
28031  26.027  -44.643  33.460 0.0000000000
96028  25.889  -42.235  33.329 0.0000000000
28972  24.716  -43.787  31.670 0.0000000000
28078  22.544  -43.739  27.831 0.0000000000
44684  55.834  -24.476  19.322 0.0000000000
92087  53.790  -24.260  20.181 0.0000000000
99090  19.610  -48.268  36.395 0.0000000000
25502  18.196  -46.976  33.854 0.0000000000
26240  17.779  -46.251  34.511 0.0000000000
25491  16.069  -46.651  34.789 0.0000000000
25493  14.141  -47.191  35.690 0.0000000000
24705  26.899  -48.840  41.640 0.0000000000
24733  26.591  -48.662  39.892 0.0000000000
23295  24.382  -51.928  43.741 0.0000000000
23337  20.866  -50.681  40.740 0.0000000000
39420  50.596  -30.420  36.611 0.0000000000
89647  46.330  -32.858  42.532 0.0000000000
31417  38.731  -40.971  38.175 0.0000000000
32333  36.784  -39.948  35.153 0.0000000000
32396  35.263  -39.136  32.696 0.0000000000
33310  33.981  -38.375  31.320 0.0000000000
108703  32.434  -38.479  32.327 0.0000000000
33296  29.804  -39.283  32.144 0.0000000000
33316  27.411  -39.137  31.109 0.0000000000
27066  22.555  -45.792  32.010 0.0000000000
28054  22.788  -44.474  30.877 0.0000000000
27086  21.112  -45.224  29.338 0.0000000000
43805  51.251  -25.033  22.800 0.0000000000
44670  51.795  -24.317  19.768 0.0000000000
44656  49.452  -24.554  20.183 0.0000000000
24099  16.264  -49.373  33.092 0.0000000000
30571  28.739  -41.926  38.914 0.0000000000
30584  27.623  -41.744  37.542 0.0000000000
31464  26.671  -41.076  36.515 0.0000000000
28016  27.649  -44.427  36.456 0.0000000000
105913  26.557  -45.711  35.610 0.0000000000
26239  25.863  -46.364  34.682 0.0000000000
92958  26.211  -48.408  37.931 0.0000000000
25487  24.558  -47.463  35.556 0.0000000000
26259  23.173  -46.580  33.222 0.0000000000
97036  21.664  -46.239  32.220 0.0000000000
25524  18.867  -47.024  30.633 0.0000000000
41322  45.334  -28.558  24.571 0.0000000000
42980  43.875  -26.586  22.170 0.0000000000
42144  43.008  -27.967  23.178 0.0000000000
25470  14.431  -46.445  36.876 0.0000000000
24763  13.366  -48.453  36.786 0.0000000000
107098  13.685  -50.160  38.998 0.0000000000
94386  12.501  -49.653  36.700 0.0000000000
43787  52.136  -25.894  25.073 0.0000000000
42954  50.134  -27.188  25.234 0.0000000000
94978  48.914  -28.095  25.348 0.0000000000
41295  47.268  -29.608  26.245 0.0000000000
92095  46.570  -29.609  27.293 0.0000000000
40446  44.997  -29.126  28.306 0.0000000000
40436  43.383  -29.564  29.313 0.0000000000
38632  46.767  -31.386  34.734 0.0000000000
95988  44.141  -30.449  33.049 0.0000000000
39500  41.770  -30.550  29.922 0.0000000000
39495  40.207  -31.083  30.317 0.0000000000
38675  38.689  -31.481  30.451 0.0000000000
36273  44.130  -34.328  41.854 0.0000000000
89041  42.818  -38.352  43.229 0.0000000000
89767  41.441  -36.196  42.402 0.0000000000
37067  40.517  -33.432  39.468 0.0000000000
37871  38.645  -32.692  35.910 0.0000000000
37895  36.402  -32.441  32.853 0.0000000000
33349  32.583  -37.832  29.625 0.0000000000
95332  26.139  -40.318  35.090 0.0000000000
32383  25.792  -39.785  33.054 0.0000000000
32416  24.876  -39.494  31.042 0.0000000000
28993  23.171  -43.139  30.508 0.0000000000
95243  23.356  -41.651  28.929 0.0000000000
26222  19.288  -46.377  38.419 0.0000000000
26999  19.389  -46.101  39.139 0.0000000000
31460  30.200  -40.434  36.937 0.0000000000
91928  31.651  -41.398  36.802 0.0000000000
31459  30.927  -41.204  36.358 0.0000000000
31458  31.750  -41.098  35.897 0.0000000000
32339  30.573  -40.550  35.253 0.0000000000
96222  30.000  -40.221  34.722 0.0000000000
32340  29.979  -40.064  35.611 0.0000000000
42140  47.033  -27.249  23.776 0.0000000000
42976  47.272  -26.296  22.638 0.0000000000
42972  45.851  -26.777  22.920 0.0000000000
25500  19.903  -47.747  33.861 0.0000000000
25518  18.105  -47.780  32.447 0.0000000000
25510  18.601  -47.391  33.146 0.0000000000
24793  13.038  -49.113  34.590 0.0000000000
24092  13.597  -49.304  34.083 0.0000000000
24093  12.580  -49.718  34.744 0.0000000000
23397  12.447  -50.569  34.557 0.0000000000
25388  29.577  -49.594  46.689 0.0000000000
24644  31.630  -48.597  47.210 0.0000000000
26156  32.353  -47.163  44.790 0.0000000000
25402  32.250  -48.488  44.762 0.0000000000
24703  31.394  -48.856  42.448 0.0000000000
24040  30.479  -49.939  43.179 0.0000000000
24779  20.898  -48.645  35.646 0.0000000000
24788  20.710  -48.250  34.890 0.0000000000
25499  20.588  -47.880  34.133 0.0000000000
40470  41.508  -29.044  26.731 0.0000000000
41310  41.260  -28.981  25.261 0.0000000000
108951  40.523  -28.831  25.470 0.0000000000
40374  50.385  -29.662  33.630 0.0000000000
39472  48.856  -30.382  32.257 0.0000000000
93575  50.082  -30.513  33.867 0.0000000000
105771  44.676  -33.670  39.031 0.0000000000
89849  44.805  -33.236  37.640 0.0000000000
102711  43.601  -33.269  38.067 0.0000000000
90101  42.641  -32.024  36.669 0.0000000000
102832  42.431  -32.731  38.340 0.0000000000
34045  37.004  -38.219  33.141 0.0000000000
34809  37.616  -37.270  34.696 0.0000000000
107815  37.010  -37.323  33.455 0.0000000000
35580  36.185  -35.719  33.256 0.0000000000
97373  35.585  -37.098  31.531 0.0000000000
34827  35.047  -36.644  31.238 0.0000000000
109416  35.362  -37.745  31.288 0.0000000000
28027  25.614  -45.493  33.082 0.0000000000
28965  25.951  -43.807  33.118 0.0000000000
28042  25.081  -44.644  31.897 0.0000000000
44635  55.132  -24.708  21.350 0.0000000000
91559  53.352  -24.389  21.343 0.0000000000
107584  19.330  -49.002  37.911 0.0000000000
25479  19.302  -47.649  35.913 0.0000000000
25468  19.183  -47.832  36.802 0.0000000000
26241  17.672  -45.399  35.160 0.0000000000
108424  17.294  -45.799  34.654 0.0000000000
25492  15.023  -46.921  35.196 0.0000000000
26242  15.510  -46.104  35.298 0.0000000000
24694  25.323  -48.968  43.377 0.0000000000
24041  25.490  -50.112  42.736 0.0000000000
24020  25.488  -51.045  45.108 0.0000000000
24042  18.962  -49.872  41.958 0.0000000000
23297  21.220  -51.123  43.324 0.0000000000
108611  19.758  -50.534  40.767 0.0000000000
108685  19.912  -49.660  38.489 0.0000000000
104955  34.921  -41.372  38.027 0.0000000000
30550  36.274  -41.695  39.660 0.0000000000
30549  37.515  -41.565  39.458 0.0000000000
30536  39.569  -41.153  40.735 0.0000000000
30564  38.023  -41.433  38.475 0.0000000000
32335  34.873  -40.272  35.309 0.0000000000
31473  36.256  -40.611  35.770 0.0000000000
32353  35.182  -39.727  34.415 0.0000000000
32351  36.762  -39.521  34.229 0.0000000000
32375  34.569  -39.366  33.669 0.0000000000
33276  33.350  -38.719  32.777 0.0000000000
32376  32.949  -39.117  33.658 0.0000000000
103770  29.519  -39.802  33.457 0.0000000000
32398  30.209  -39.573  32.965 0.0000000000
32399  29.261  -39.580  32.780 0.0000000000
33297  28.920  -39.452  31.960 0.0000000000
108418  27.572  -39.275  32.651 0.0000000000
27078  20.772  -45.572  30.860 0.0000000000
96113  21.436  -45.065  30.979 0.0000000000
27087  20.580  -45.597  29.904 0.0000000000
43802  50.545  -25.524  23.258 0.0000000000
44629  50.965  -24.674  21.981 0.0000000000
43812  49.135  -25.123  21.634 0.0000000000
44675  47.479  -24.855  19.459 0.0000000000
94577  18.383  -49.111  30.421 0.0000000000
23427  17.779  -50.338  30.962 0.0000000000
25511  16.897  -47.519  33.460 0.0000000000
24798  16.486  -48.405  33.179 0.0000000000
24799  15.752  -48.853  33.553 0.0000000000
22694  14.356  -51.560  33.543 0.0000000000
23408  14.660  -50.813  33.662 0.0000000000
27996  29.008  -44.411  39.304 0.0000000000
29734  29.032  -43.013  39.644 0.0000000000
29735  28.326  -42.836  38.526 0.0000000000
30583  28.248  -41.405  38.129 0.0000000000
29741  27.914  -42.801  37.551 0.0000000000
29751  27.505  -42.848  36.782 0.0000000000
28008  28.205  -44.324  37.154 0.0000000000
99981  28.706  -47.813  36.944 0.0000000000
27027  27.775  -46.026  36.279 0.0000000000
26231  27.770  -46.956  35.859 0.0000000000
103584  26.437  -46.481  35.246 0.0000000000
26238  26.552  -46.887  35.094 0.0000000000
24734  25.424  -48.810  39.560 0.0000000000
24744  26.038  -48.476  39.162 0.0000000000
24745  24.677  -48.959  38.385 0.0000000000
25488  23.372  -47.976  35.309 0.0000000000
25478  24.531  -48.119  36.325 0.0000000000
25496  23.963  -47.127  34.768 0.0000000000
26250  22.796  -47.137  33.857 0.0000000000
26265  22.393  -46.440  32.721 0.0000000000
26260  22.222  -46.988  33.423 0.0000000000
25521  18.881  -47.233  31.536 0.0000000000
26273  19.431  -46.683  31.264 0.0000000000
25522  18.480  -47.768  31.017 0.0000000000
41307  44.243  -29.133  24.975 0.0000000000
42143  44.248  -28.466  23.836 0.0000000000
41336  43.496  -28.518  23.782 0.0000000000
41346  41.047  -28.282  21.885 0.0000000000
24750  13.889  -47.644  38.285 0.0000000000
25471  13.876  -47.196  37.262 0.0000000000
24074  13.888  -48.776  38.455 0.0000000000
107508  12.734  -50.532  40.090 0.0000000000
23364  13.130  -50.273  38.408 0.0000000000
24082  12.916  -49.783  37.517 0.0000000000
23365  12.573  -50.613  37.985 0.0000000000
23379  11.908  -50.891  36.831 0.0000000000
23374  12.023  -51.051  37.732 0.0000000000
43786  53.350  -26.083  25.381 0.0000000000
42114  51.590  -27.417  26.593 0.0000000000
42115  50.650  -27.767  26.186 0.0000000000
42116  49.716  -27.897  25.657 0.0000000000
42108  50.052  -28.361  26.296 0.0000000000
101732  48.785  -29.888  28.768 0.0000000000
40451  48.516  -29.958  27.375 0.0000000000
40452  47.816  -30.113  27.605 0.0000000000
91027  47.212  -29.981  27.034 0.0000000000
91465  47.249  -29.858  27.833 0.0000000000
40406  46.792  -30.111  31.112 0.0000000000
108454  46.505  -29.568  29.523 0.0000000000
40420  45.867  -29.489  30.140 0.0000000000
40435  44.511  -29.331  29.166 0.0000000000
40421  44.743  -29.626  30.486 0.0000000000
38602  49.085  -31.373  37.893 0.0000000000
38617  48.630  -31.465  35.771 0.0000000000
37856  47.620  -32.147  36.791 0.0000000000
101185  43.287  -31.459  34.713 0.0000000000
39445  44.725  -30.775  34.695 0.0000000000
38647  43.156  -31.091  33.254 0.0000000000
93449  42.495  -30.744  31.274 0.0000000000
39485  41.742  -30.890  30.974 0.0000000000
39494  41.082  -30.936  30.384 0.0000000000
38664  41.003  -30.994  31.383 0.0000000000
38650  39.883  -31.854  33.418 0.0000000000
91397  39.286  -31.686  32.061 0.0000000000
38667  38.639  -31.740  31.412 0.0000000000
104630  37.246  -31.744  31.200 0.0000000000
36253  44.278  -34.808  43.046 0.0000000000
31365  42.089  -40.059  41.236 0.0000000000
32230  43.270  -40.085  43.178 0.0000000000
32256  41.807  -39.214  40.931 0.0000000000
34775  39.100  -36.360  38.050 0.0000000000
34754  40.268  -36.525  40.128 0.0000000000
104151  39.339  -34.975  39.502 0.0000000000
89055  40.502  -34.691  41.255 0.0000000000
37069  39.275  -34.029  38.866 0.0000000000
37832  39.885  -33.243  37.656 0.0000000000
37093  38.888  -33.636  37.004 0.0000000000
36341  35.066  -34.007  32.783 0.0000000000
37882  36.340  -33.003  33.827 0.0000000000
37896  34.759  -32.762  31.939 0.0000000000
37899  35.306  -32.324  31.647 0.0000000000
104018  33.718  -32.735  30.439 0.0000000000
94331  32.791  -33.868  29.492 0.0000000000
34833  33.353  -36.890  29.088 0.0000000000
36360  32.894  -35.392  28.818 0.0000000000
33311  32.877  -38.136  31.243 0.0000000000
33330  32.714  -37.947  30.278 0.0000000000
33331  31.910  -37.902  30.022 0.0000000000
92976  30.900  -37.178  27.891 0.0000000000
30595  26.504  -41.957  35.803 0.0000000000
31481  26.355  -40.674  35.848 0.0000000000
30608  26.138  -41.319  35.006 0.0000000000
29774  25.466  -42.041  32.700 0.0000000000
31501  25.659  -40.482  33.257 0.0000000000
31512  25.360  -40.241  32.363 0.0000000000
32403  25.686  -39.587  32.263 0.0000000000
31526  24.851  -40.273  31.564 0.0000000000
28058  22.286  -44.027  30.093 0.0000000000
28057  23.168  -43.890  30.568 0.0000000000
29001  22.299  -43.489  29.394 0.0000000000
98750  22.974  -42.388  28.721 0.0000000000
31561  23.947  -40.416  28.403 0.0000000000
44689  50.678  -24.724  18.904 0.0000000000
44688  51.538  -24.579  19.015 0.0000000000
43818  43.202  -25.640  20.844 0.0000000000
25453  18.968  -47.826  39.173 0.0000000000
25469  19.030  -47.262  37.248 0.0000000000
25462  19.104  -47.374  38.215 0.0000000000
26227  18.904  -46.372  36.968 0.0000000000
104181  18.157  -45.156  36.064 0.0000000000
24708  18.838  -49.119  41.981 0.0000000000
100938  30.985  -40.669  38.238 0.0000000000
30569  32.504  -41.348  38.133 0.0000000000
92741  31.672  -41.166  37.891 0.0000000000
30582  33.194  -41.530  37.442 0.0000000000
104367  34.636  -41.499  37.118 0.0000000000
31437  35.473  -41.447  37.006 0.0000000000
92344  33.872  -41.217  36.284 0.0000000000
94403  33.932  -40.577  35.603 0.0000000000
32336  33.210  -40.022  35.119 0.0000000000
32377  32.073  -39.450  33.689 0.0000000000
32357  30.773  -40.266  34.490 0.0000000000
32358  29.372  -39.825  34.216 0.0000000000
32359  28.524  -39.298  34.709 0.0000000000
25549  19.272  -47.723  28.661 0.0000000000
105883  19.650  -47.003  28.857 0.0000000000
24849  19.788  -48.307  28.048 0.0000000000
43803  49.069  -25.974  23.011 0.0000000000
43807  48.765  -25.653  22.344 0.0000000000
43808  47.923  -25.874  22.286 0.0000000000
43815  46.964  -25.545  21.378 0.0000000000
98367  18.510  -47.719  31.845 0.0000000000
24808  17.934  -49.047  31.633 0.0000000000
24802  17.635  -48.575  32.217 0.0000000000
92792  16.733  -49.989  32.762 0.0000000000
24791  15.087  -48.493  34.223 0.0000000000
24091  15.116  -49.218  33.691 0.0000000000
95059  14.348  -49.177  33.859 0.0000000000
23395  13.959  -49.934  33.687 0.0000000000
22684  12.352  -51.554  34.451 0.0000000000
26195  31.434  -46.171  41.413 0.0000000000
26211  30.347  -46.383  39.381 0.0000000000
107409  29.085  -45.696  37.665 0.0000000000
25451  30.531  -47.289  39.729 0.0000000000
104544  30.265  -48.245  39.613 0.0000000000
24753  28.270  -48.422  37.397 0.0000000000
24070  22.448  -49.583  38.771 0.0000000000
24747  23.117  -49.274  37.965 0.0000000000
24758  22.532  -49.151  37.152 0.0000000000
24777  22.713  -48.567  35.885 0.0000000000
93764  22.093  -48.023  34.619 0.0000000000
25507  21.288  -47.417  33.642 0.0000000000
25508  20.274  -47.515  33.358 0.0000000000
107266  19.683  -47.371  32.772 0.0000000000
40481  42.774  -29.280  25.768 0.0000000000
41325  42.355  -28.992  24.380 0.0000000000
41309  42.132  -29.236  25.086 0.0000000000
96338  40.836  -28.630  23.872 0.0000000000
23325  12.193  -50.527  41.131 0.0000000000
23355  11.997  -50.832  39.495 0.0000000000
22647  11.520  -51.484  38.412 0.0000000000
22634  11.234  -51.222  39.213 0.0000000000
39489  48.123  -29.846  30.222 0.0000000000
40432  47.638  -30.026  29.132 0.0000000000
39482  47.820  -30.021  31.211 0.0000000000
39473  47.953  -30.366  32.006 0.0000000000
39474  47.097  -30.662  32.277 0.0000000000
37820  47.328  -32.426  39.503 0.0000000000
37857  46.735  -32.460  36.808 0.0000000000
37847  45.693  -33.028  37.713 0.0000000000
37870  43.743  -32.249  35.847 0.0000000000
105781  42.810  -31.666  34.748 0.0000000000
38649  41.383  -31.481  33.638 0.0000000000
107663  41.929  -31.792  34.781 0.0000000000
38637  40.625  -31.793  34.476 0.0000000000
89072  39.550  -32.108  34.941 0.0000000000
33247  39.046  -38.903  36.432 0.0000000000
34009  40.130  -38.384  38.357 0.0000000000
34020  39.171  -37.833  36.970 0.0000000000
34798  38.597  -36.762  36.813 0.0000000000
35566  37.665  -35.437  35.904 0.0000000000
36326  37.382  -34.468  35.745 0.0000000000
95777  36.805  -34.999  34.434 0.0000000000
98042  35.753  -35.052  33.150 0.0000000000
36350  34.247  -34.941  31.614 0.0000000000
36351  33.551  -34.438  30.986 0.0000000000
35591  34.015  -35.563  30.880 0.0000000000
34831  33.853  -36.916  29.904 0.0000000000
34071  33.320  -37.455  29.473 0.0000000000
109628  29.740  -38.343  30.681 0.0000000000
34061  30.414  -37.853  30.302 0.0000000000
34075  29.083  -37.659  29.438 0.0000000000
34091  28.558  -37.305  28.423 0.0000000000
34137  28.856  -37.696  27.068 0.0000000000
28960  26.440  -43.605  34.635 0.0000000000
29763  26.348  -42.473  34.769 0.0000000000
29764  26.245  -42.968  33.755 0.0000000000
29767  25.725  -42.927  32.853 0.0000000000
29775  24.991  -42.787  32.093 0.0000000000
29015  22.198  -43.723  28.650 0.0000000000
28098  22.369  -44.521  27.116 0.0000000000
44650  55.799  -24.557  20.822 0.0000000000
44667  55.244  -24.386  19.827 0.0000000000
102308  53.958  -24.889  18.799 0.0000000000
24780  20.005  -48.184  35.555 0.0000000000
92929  19.171  -47.452  34.005 0.0000000000
25489  19.309  -47.546  35.000 0.0000000000
25501  18.581  -46.916  34.646 0.0000000000
96852  17.383  -46.815  33.892 0.0000000000
26232  18.407  -46.310  35.286 0.0000000000
26251  16.981  -46.251  34.370 0.0000000000
25503  16.524  -47.107  34.175 0.0000000000
104956  15.600  -47.556  34.626 0.0000000000
24781  14.589  -47.784  34.978 0.0000000000
24782  13.709  -47.997  35.432 0.0000000000
89871  27.794  -50.466  43.390 0.0000000000
88993  28.358  -50.717  43.166 0.0000000000
24719  26.096  -48.444  40.913 0.0000000000
24059  25.023  -49.510  40.134 0.0000000000
23335  23.787  -51.055  41.412 0.0000000000
23283  23.033  -51.656  45.204 0.0000000000
23317  23.398  -51.362  42.531 0.0000000000
24053  22.036  -50.368  40.158 0.0000000000
24071  21.433  -49.767  38.776 0.0000000000
24760  20.516  -49.169  37.146 0.0000000000
40458  40.461  -29.681  27.429 0.0000000000
40471  40.067  -28.955  26.076 0.0000000000
40472  39.115  -29.007  25.903 0.0000000000
39440  51.152  -29.849  35.456 0.0000000000
103268  48.200  -31.789  40.749 0.0000000000
103269  47.157  -32.585  40.579 0.0000000000
89763  46.250  -33.093  40.564 0.0000000000
89705  45.302  -33.339  40.801 0.0000000000
31367  40.320  -40.633  41.083 0.0000000000
104827  39.840  -39.840  38.793 0.0000000000
31435  37.385  -41.108  36.895 0.0000000000
31452  38.295  -40.341  36.610 0.0000000000
32324  38.798  -39.289  36.281 0.0000000000
95125  37.838  -39.070  34.960 0.0000000000
33275  36.972  -38.998  33.388 0.0000000000
33292  35.812  -38.679  32.134 0.0000000000
33308  35.274  -38.314  31.461 0.0000000000
104285  34.829  -38.783  31.828 0.0000000000
108063  33.379  -38.473  31.924 0.0000000000
33312  31.833  -38.195  31.579 0.0000000000
33278  31.735  -39.084  32.974 0.0000000000
33295  30.611  -39.111  32.224 0.0000000000
107352  30.252  -38.867  31.677 0.0000000000
33314  29.508  -38.875  31.341 0.0000000000
33334  28.100  -38.720  30.401 0.0000000000
103841  26.644  -38.842  30.747 0.0000000000
27065  23.478  -45.746  32.124 0.0000000000
28043  24.307  -44.552  31.395 0.0000000000
27071  23.331  -45.032  31.571 0.0000000000
27076  21.869  -44.621  30.592 0.0000000000
28065  21.562  -44.536  29.716 0.0000000000
26294  20.334  -46.736  28.591 0.0000000000
26293  21.014  -46.567  28.021 0.0000000000
44627  52.945  -24.836  22.503 0.0000000000
44637  52.566  -24.374  21.607 0.0000000000
44638  51.557  -24.361  21.344 0.0000000000
44655  50.316  -24.436  20.260 0.0000000000
44672  49.963  -24.596  19.364 0.0000000000
44641  49.033  -24.762  20.847 0.0000000000
44691  48.665  -24.742  18.945 0.0000000000
100091  17.739  -47.347  33.224 0.0000000000
24098  16.931  -49.044  32.607 0.0000000000
23406  16.221  -50.334  33.186 0.0000000000
24100  15.601  -49.704  33.430 0.0000000000
23407  15.517  -50.654  33.492 0.0000000000
30570  29.447  -41.328  39.327 0.0000000000
31423  28.789  -40.957  38.396 0.0000000000
31441  28.997  -40.362  37.699 0.0000000000
31462  28.554  -39.913  37.104 0.0000000000
107262  27.709  -40.157  37.047 0.0000000000
31463  27.220  -40.884  37.119 0.0000000000
30594  27.052  -41.943  36.668 0.0000000000
28948  27.328  -43.772  36.254 0.0000000000
27019  28.110  -45.100  36.687 0.0000000000
95595  27.334  -45.228  36.212 0.0000000000
28017  26.896  -44.619  35.726 0.0000000000
28023  26.249  -45.059  34.882 0.0000000000
28026  25.964  -45.314  34.002 0.0000000000
27045  25.152  -46.008  33.471 0.0000000000
24058  28.149  -49.624  40.278 0.0000000000
94857  27.701  -48.728  38.106 0.0000000000
24754  27.240  -48.523  37.313 0.0000000000
24756  24.877  -48.563  37.581 0.0000000000
25467  25.155  -48.144  36.779 0.0000000000
25476  26.744  -47.634  35.495 0.0000000000
25485  25.944  -47.090  35.128 0.0000000000
26247  25.382  -46.144  34.136 0.0000000000
27056  23.879  -46.032  32.652 0.0000000000
26264  23.118  -46.179  32.523 0.0000000000
26272  20.139  -46.214  31.067 0.0000000000
26266  20.904  -46.622  32.415 0.0000000000
26267  20.199  -46.650  31.845 0.0000000000
26276  19.554  -46.485  30.378 0.0000000000
24835  18.690  -48.176  29.244 0.0000000000
42132  45.709  -27.993  24.054 0.0000000000
42973  45.103  -26.772  22.809 0.0000000000
106005  44.535  -27.875  23.500 0.0000000000
42145  42.143  -28.125  22.982 0.0000000000
42152  41.691  -27.782  22.142 0.0000000000
41328  39.644  -28.754  24.526 0.0000000000
101266  18.365  -44.760  36.409 0.0000000000
27029  17.393  -44.607  35.876 0.0000000000
26233  15.937  -45.251  35.470 0.0000000000
26234  15.100  -45.828  36.169 0.0000000000
25481  14.639  -46.510  35.926 0.0000000000
25482  14.052  -46.932  36.424 0.0000000000
24772  13.647  -47.708  36.412 0.0000000000
24773  13.153  -48.538  35.966 0.0000000000
24066  14.120  -49.656  39.133 0.0000000000
24081  13.435  -48.984  37.521 0.0000000000
24084  13.016  -49.096  36.737 0.0000000000
24085  12.608  -49.267  36.049 0.0000000000
23378  12.115  -50.025  36.185 0.0000000000
43799  54.567  -26.063  24.004 0.0000000000
43800  53.177  -25.589  23.964 0.0000000000
91743  52.148  -25.538  24.081 0.0000000000
43796  51.142  -25.825  24.234 0.0000000000
42106  52.391  -27.060  26.660 0.0000000000
42962  51.277  -26.212  25.106 0.0000000000
43797  50.170  -26.143  23.918 0.0000000000
42965  48.927  -27.062  24.111 0.0000000000
42129  48.546  -27.667  24.636 0.0000000000
101053  47.937  -27.858  24.541 0.0000000000
41293  48.782  -29.430  26.563 0.0000000000
41302  48.481  -28.837  25.730 0.0000000000
41320  46.933  -28.423  24.826 0.0000000000
41304  46.517  -29.138  25.531 0.0000000000
40478  45.690  -29.308  25.803 0.0000000000
40479  44.736  -29.339  25.879 0.0000000000
40445  47.222  -29.827  28.595 0.0000000000
40453  45.718  -29.234  27.608 0.0000000000
40467  44.727  -29.271  26.883 0.0000000000
40454  44.060  -29.169  27.622 0.0000000000
40447  42.790  -29.345  28.226 0.0000000000
40448  41.908  -29.695  28.426 0.0000000000
39430  49.575  -30.978  35.261 0.0000000000
39444  47.254  -31.070  33.964 0.0000000000
40392  46.292  -30.469  32.834 0.0000000000
108012  45.858  -32.142  35.434 0.0000000000
39462  45.765  -30.457  33.973 0.0000000000
40394  45.095  -29.940  32.445 0.0000000000
40422  43.764  -29.913  30.751 0.0000000000
40437  42.498  -30.079  29.657 0.0000000000
39507  41.176  -30.272  28.677 0.0000000000
40449  40.455  -30.318  28.170 0.0000000000
39509  39.600  -30.778  28.503 0.0000000000
38665  40.054  -31.060  31.830 0.0000000000
38674  39.517  -31.263  30.371 0.0000000000
37031  44.607  -33.856  41.863 0.0000000000
103318  43.959  -33.555  41.075 0.0000000000
89792  43.932  -37.463  44.072 0.0000000000
33990  41.396  -37.998  40.970 0.0000000000
102845  42.109  -36.988  42.744 0.0000000000
102806  42.937  -36.033  43.165 0.0000000000
90119  42.878  -35.129  42.805 0.0000000000
37044  41.902  -34.099  41.598 0.0000000000
93167  41.905  -33.153  39.575 0.0000000000
90087  41.214  -32.959  38.003 0.0000000000
102761  40.094  -32.095  36.514 0.0000000000
91230  38.113  -32.378  33.760 0.0000000000
37873  37.236  -33.026  35.070 0.0000000000
37888  37.405  -32.508  34.054 0.0000000000
38652  37.340  -32.354  33.154 0.0000000000
38669  35.965  -31.968  31.218 0.0000000000
36354  32.972  -34.916  29.565 0.0000000000
36361  32.601  -34.658  28.235 0.0000000000
33328  34.229  -37.974  30.744 0.0000000000
34060  33.096  -37.825  29.825 0.0000000000
34088  32.519  -37.517  28.627 0.0000000000
34074  31.058  -37.596  29.570 0.0000000000
34089  31.848  -37.469  28.291 0.0000000000
32342  27.459  -39.370  35.978 0.0000000000
32360  27.578  -39.107  35.218 0.0000000000
107470  26.893  -39.074  34.791 0.0000000000
31487  25.882  -40.653  34.209 0.0000000000
32361  26.262  -39.618  34.494 0.0000000000
32382  26.241  -39.414  33.597 0.0000000000
32402  26.177  -39.337  32.773 0.0000000000
32415  25.588  -39.236  31.462 0.0000000000
33337  25.410  -38.555  30.206 0.0000000000
28983  24.313  -43.045  31.514 0.0000000000
29787  24.355  -42.219  31.495 0.0000000000
29000  22.741  -42.799  29.612 0.0000000000
29808  23.132  -42.141  29.474 0.0000000000
30645  24.431  -41.157  31.325 0.0000000000
31551  24.083  -40.070  29.929 0.0000000000
32437  24.391  -39.263  29.679 0.0000000000
105708  52.521  -24.238  19.927 0.0000000000
43845  52.326  -25.072  18.593 0.0000000000
43863  52.820  -25.868  18.056 0.0000000000
42978  45.406  -26.248  22.119 0.0000000000
31478  30.463  -40.681  35.981 0.0000000000
31477  30.957  -41.018  35.690 0.0000000000
32326  29.163  -39.483  36.286 0.0000000000
42971  46.722  -26.771  23.082 0.0000000000
42141  46.173  -27.333  23.575 0.0000000000
24794  12.698  -49.295  34.974 0.0000000000
24660  30.495  -50.269  46.929 0.0000000000
25380  30.745  -49.216  47.912 0.0000000000
24645  31.285  -49.678  47.246 0.0000000000
24659  31.774  -49.260  46.359 0.0000000000
24680  31.564  -50.051  45.431 0.0000000000
24029  30.727  -50.405  44.538 0.0000000000
40483  40.981  -29.004  26.042 0.0000000000
91332  40.627  -29.187  26.743 0.0000000000
39458  50.008  -30.269  33.335 0.0000000000
40352  50.723  -29.975  33.989 0.0000000000
102668  44.321  -33.433  39.901 0.0000000000
103247  43.909  -33.533  38.864 0.0000000000
103319  43.008  -32.979  37.952 0.0000000000
34048  36.369  -38.087  32.384 0.0000000000
34823  36.621  -37.355  32.820 0.0000000000
102120  36.125  -37.275  32.170 0.0000000000
28032  25.628  -44.659  32.636 0.0000000000
44636  54.340  -24.887  21.855 0.0000000000
106072  53.412  -24.658  22.003 0.0000000000
106623  19.036  -48.462  38.254 0.0000000000
24748  19.007  -48.007  37.550 0.0000000000
25429  24.952  -47.560  42.970 0.0000000000
24030  25.494  -50.141  43.924 0.0000000000
24662  24.888  -50.311  45.883 0.0000000000
24721  18.503  -49.215  40.308 0.0000000000
23320  19.177  -50.316  41.379 0.0000000000
100372  18.915  -50.081  40.450 0.0000000000
24073  19.301  -49.239  38.476 0.0000000000
30566  35.564  -41.464  38.861 0.0000000000
30538  37.415  -41.701  40.649 0.0000000000
94034  37.274  -41.484  38.473 0.0000000000
96534  34.212  -39.758  34.824 0.0000000000
104412  33.748  -39.068  33.430 0.0000000000
32380  28.653  -39.423  33.641 0.0000000000
32400  28.372  -39.410  32.699 0.0000000000
26283  20.011  -46.398  29.492 0.0000000000
43806  50.492  -25.080  22.488 0.0000000000
91341  49.684  -25.422  22.556 0.0000000000
24117  18.178  -49.508  31.008 0.0000000000
27008  29.335  -45.224  38.820 0.0000000000
28923  28.616  -43.727  38.981 0.0000000000
27997  28.443  -44.262  38.192 0.0000000000
28924  28.136  -43.623  37.836 0.0000000000
25474  28.282  -47.406  36.336 0.0000000000
25475  27.566  -47.695  35.811 0.0000000000
26237  27.174  -47.257  35.419 0.0000000000
24735  24.408  -49.448  39.041 0.0000000000
25497  22.901  -47.588  34.539 0.0000000000
100696  43.910  -28.942  24.288 0.0000000000
102496  43.587  -29.210  24.791 0.0000000000
25463  14.150  -46.668  38.004 0.0000000000
107807  12.555  -50.662  39.440 0.0000000000
23354  13.053  -50.523  39.216 0.0000000000
42949  55.803  -26.420  26.851 0.0000000000
42934  55.003  -26.620  27.545 0.0000000000
95695  51.329  -28.007  27.053 0.0000000000
42107  50.642  -28.392  26.871 0.0000000000
40443  48.326  -30.089  28.160 0.0000000000
40444  47.739  -30.061  28.366 0.0000000000
103421  46.237  -29.761  30.836 0.0000000000
92083  44.992  -29.471  29.753 0.0000000000
92740  45.409  -29.686  31.053 0.0000000000
38609  48.714  -31.583  36.818 0.0000000000
38603  48.072  -31.969  37.582 0.0000000000
38634  42.879  -31.410  34.117 0.0000000000
39477  42.538  -31.099  32.647 0.0000000000
93092  42.724  -30.910  31.928 0.0000000000
38656  41.796  -31.054  31.999 0.0000000000
91880  41.830  -31.208  32.936 0.0000000000
38659  39.207  -32.082  32.887 0.0000000000
91396  38.563  -32.074  32.188 0.0000000000
38668  37.899  -31.966  31.633 0.0000000000
38660  37.716  -32.197  32.338 0.0000000000
89836  44.074  -35.533  43.448 0.0000000000
32272  40.692  -39.302  40.044 0.0000000000
32271  41.072  -39.036  40.485 0.0000000000
95550  38.658  -35.410  37.994 0.0000000000
35531  39.452  -35.761  39.116 0.0000000000
36296  38.954  -34.812  38.942 0.0000000000
37077  38.984  -33.994  38.477 0.0000000000
37085  38.508  -34.132  37.246 0.0000000000
37127  34.717  -33.399  32.367 0.0000000000
108184  34.233  -33.171  31.757 0.0000000000
37131  33.693  -33.359  31.196 0.0000000000
37134  33.204  -33.587  30.385 0.0000000000
34835  33.046  -36.831  28.393 0.0000000000
92590  32.127  -37.942  30.830 0.0000000000
30631  25.346  -41.122  32.619 0.0000000000
31513  24.977  -40.901  31.985 0.0000000000
28994  22.664  -43.437  30.073 0.0000000000
103565  50.024  -24.931  18.687 0.0000000000
43847  50.252  -25.392  18.251 0.0000000000
101817  18.526  -48.043  40.206 0.0000000000
27020  19.135  -45.901  37.668 0.0000000000
107948  19.143  -46.676  37.706 0.0000000000
25434  18.896  -47.619  41.171 0.0000000000
105393  18.954  -48.243  41.840 0.0000000000
100601  18.318  -48.648  41.213 0.0000000000
31440  30.296  -40.556  37.948 0.0000000000
31438  32.407  -41.542  37.169 0.0000000000
31457  33.098  -41.506  36.648 0.0000000000
30593  33.928  -41.555  36.888 0.0000000000
31456  34.820  -41.296  36.524 0.0000000000
31476  32.898  -40.922  35.912 0.0000000000
32337  32.233  -40.339  35.194 0.0000000000
32356  31.665  -39.983  34.449 0.0000000000
43804  48.428  -26.056  22.781 0.0000000000
42975  47.930  -26.296  22.867 0.0000000000
42977  46.419  -26.258  22.388 0.0000000000
43809  47.069  -25.863  21.982 0.0000000000
43826  45.785  -25.369  20.811 0.0000000000
25517  18.947  -47.462  32.440 0.0000000000
24807  18.203  -48.260  31.737 0.0000000000
109003  17.068  -49.748  32.483 0.0000000000
22682  13.751  -50.850  33.778 0.0000000000
22683  12.996  -51.124  34.080 0.0000000000
21971  12.273  -52.521  34.328 0.0000000000
26955  31.304  -45.957  43.038 0.0000000000
25415  32.294  -47.442  43.286 0.0000000000
26173  32.137  -46.538  43.172 0.0000000000
26185  32.074  -46.779  42.092 0.0000000000
26210  30.913  -46.256  40.398 0.0000000000
25438  31.302  -47.206  40.929 0.0000000000
107189  30.348  -49.394  41.989 0.0000000000
24716  30.125  -48.876  40.167 0.0000000000
24730  29.655  -48.768  39.392 0.0000000000
24741  29.323  -48.440  38.566 0.0000000000
24742  28.496  -48.727  38.308 0.0000000000
24078  21.981  -49.417  37.963 0.0000000000
24778  21.806  -48.708  35.750 0.0000000000
24786  22.408  -48.250  35.181 0.0000000000
25498  21.406  -47.986  34.387 0.0000000000
41327  40.468  -28.677  24.672 0.0000000000
41326  41.468  -28.865  24.470 0.0000000000
41339  40.400  -28.828  23.395 0.0000000000
108760  11.281  -50.840  39.780 0.0000000000
39481  48.133  -29.855  30.886 0.0000000000
93454  48.331  -30.013  31.629 0.0000000000
39483  47.331  -30.321  31.516 0.0000000000
101380  47.664  -30.743  32.612 0.0000000000
37831  46.458  -32.886  38.530 0.0000000000
89674  43.691  -32.876  36.990 0.0000000000
102934  44.373  -32.984  36.821 0.0000000000
89065  43.746  -32.502  36.470 0.0000000000
38622  43.369  -31.882  35.276 0.0000000000
38611  43.111  -32.021  36.062 0.0000000000
93006  42.483  -31.789  35.185 0.0000000000
89051  41.789  -31.978  36.611 0.0000000000
103025  41.384  -31.905  35.850 0.0000000000
102752  40.551  -31.938  35.785 0.0000000000
103026  40.217  -31.861  35.004 0.0000000000
33253  38.152  -38.706  35.368 0.0000000000
34031  38.864  -38.562  36.356 0.0000000000
34034  38.359  -38.376  35.706 0.0000000000
95330  38.014  -37.423  35.420 0.0000000000
34799  38.065  -36.519  36.042 0.0000000000
35567  37.232  -35.198  35.114 0.0000000000
35574  37.110  -35.735  34.523 0.0000000000
35585  35.606  -35.739  32.578 0.0000000000
36345  35.232  -34.790  32.733 0.0000000000
35586  34.911  -35.343  32.107 0.0000000000
35590  34.665  -35.895  31.389 0.0000000000
34830  34.474  -36.594  30.688 0.0000000000
34062  29.467  -37.978  30.046 0.0000000000
34063  28.631  -38.172  29.849 0.0000000000
34113  28.479  -37.442  27.793 0.0000000000
28961  26.271  -44.494  34.269 0.0000000000
28963  26.255  -43.907  33.841 0.0000000000
28966  25.373  -43.762  32.365 0.0000000000
44651  54.647  -24.354  20.439 0.0000000000
44668  54.100  -24.473  19.453 0.0000000000
25490  18.894  -47.035  35.408 0.0000000000
25480  18.939  -46.877  36.237 0.0000000000
25440  25.968  -47.534  41.990 0.0000000000
25428  26.446  -47.712  42.094 0.0000000000
24706  26.903  -48.354  42.323 0.0000000000
24019  27.921  -50.069  44.328 0.0000000000
90252  27.325  -49.446  42.430 0.0000000000
105651  26.398  -48.450  41.238 0.0000000000
23315  24.989  -51.250  43.112 0.0000000000
24050  25.447  -49.772  41.390 0.0000000000
23334  24.788  -50.724  41.857 0.0000000000
24051  24.428  -50.449  40.637 0.0000000000
23316  24.320  -51.422  42.433 0.0000000000
24021  21.584  -50.722  44.901 0.0000000000
23276  22.353  -51.262  45.972 0.0000000000
23284  21.823  -51.276  44.726 0.0000000000
23318  21.029  -51.100  41.988 0.0000000000
96800  22.146  -50.994  42.632 0.0000000000
23336  22.337  -50.880  41.365 0.0000000000
24062  21.093  -50.227  39.624 0.0000000000
24080  19.875  -49.297  37.842 0.0000000000
24771  20.252  -48.732  36.387 0.0000000000
91358  39.597  -29.425  26.796 0.0000000000
102621  47.840  -32.112  41.774 0.0000000000
103267  47.323  -32.417  42.443 0.0000000000
102629  46.975  -32.660  41.382 0.0000000000
102947  46.315  -32.967  41.567 0.0000000000
102799  45.673  -33.267  41.732 0.0000000000
31399  39.068  -40.983  38.975 0.0000000000
31384  39.967  -40.527  40.101 0.0000000000
31383  40.540  -39.874  40.543 0.0000000000
31416  39.451  -40.352  38.461 0.0000000000
31455  35.838  -41.140  36.450 0.0000000000
31436  36.405  -41.387  36.923 0.0000000000
108990  36.950  -40.414  35.750 0.0000000000
31453  37.490  -40.428  36.155 0.0000000000
32314  39.122  -39.805  36.899 0.0000000000
32325  38.141  -39.739  35.989 0.0000000000
32332  38.307  -39.106  35.613 0.0000000000
92249  37.336  -39.455  34.729 0.0000000000
32374  35.593  -39.416  33.525 0.0000000000
109908  36.334  -39.352  33.573 0.0000000000
32373  36.138  -39.051  32.928 0.0000000000
33291  36.472  -38.626  32.750 0.0000000000
33279  31.010  -39.259  32.802 0.0000000000
32413  27.985  -39.427  31.901 0.0000000000
33315  28.497  -39.125  31.204 0.0000000000
27072  22.210  -45.032  31.323 0.0000000000
27077  21.133  -44.982  30.287 0.0000000000
25548  20.006  -47.450  28.315 0.0000000000
27098  21.286  -45.667  28.396 0.0000000000
44621  52.332  -25.136  23.202 0.0000000000
44628  51.903  -24.632  22.266 0.0000000000
44640  49.755  -24.611  20.996 0.0000000000
44639  50.633  -24.465  21.139 0.0000000000
43813  48.347  -25.450  21.795 0.0000000000
44642  48.286  -25.109  21.041 0.0000000000
44674  48.271  -24.725  19.496 0.0000000000
24118  17.815  -49.789  31.565 0.0000000000
99812  17.457  -50.356  31.828 0.0000000000
91429  15.387  -51.854  33.223 0.0000000000
96382  29.355  -44.131  40.785 0.0000000000
28914  29.258  -43.794  40.280 0.0000000000
31422  29.674  -40.626  38.500 0.0000000000
31442  28.055  -40.679  37.678 0.0000000000
28937  27.894  -43.622  36.861 0.0000000000
29752  26.929  -42.955  36.095 0.0000000000
26226  29.070  -46.334  37.229 0.0000000000
27026  28.607  -45.765  36.926 0.0000000000
105910  27.031  -45.917  36.110 0.0000000000
98785  26.476  -44.342  35.000 0.0000000000
27037  26.012  -46.026  34.819 0.0000000000
27044  25.640  -45.879  33.972 0.0000000000
24718  27.161  -49.083  40.507 0.0000000000
90217  28.487  -50.238  41.540 0.0000000000
99401  25.456  -48.517  38.301 0.0000000000
24743  26.860  -48.640  38.546 0.0000000000
106644  26.473  -48.372  36.963 0.0000000000
24757  24.072  -48.990  37.686 0.0000000000
25477  25.530  -47.659  35.945 0.0000000000
25466  26.147  -48.080  36.363 0.0000000000
26249  23.566  -46.815  34.030 0.0000000000
26248  24.534  -46.397  34.153 0.0000000000
26258  24.176  -46.228  33.408 0.0000000000
26271  20.892  -46.172  31.660 0.0000000000
25515  20.841  -47.024  33.051 0.0000000000
25532  19.122  -47.118  29.564 0.0000000000
24820  18.678  -47.634  30.122 0.0000000000
42133  44.940  -28.267  23.915 0.0000000000
104266  43.857  -27.900  23.329 0.0000000000
42150  43.423  -27.279  22.678 0.0000000000
41337  42.649  -28.547  23.734 0.0000000000
95501  41.334  -28.369  22.741 0.0000000000
42155  41.466  -27.598  21.330 0.0000000000
40484  39.020  -28.979  25.082 0.0000000000
41311  39.730  -28.764  25.285 0.0000000000
108476  39.193  -29.191  24.428 0.0000000000
28003  19.106  -45.057  37.388 0.0000000000
27038  16.794  -44.905  35.222 0.0000000000
24762  13.647  -48.098  37.441 0.0000000000
23353  14.183  -50.207  39.645 0.0000000000
23341  14.632  -50.289  40.431 0.0000000000
23352  14.762  -49.829  39.891 0.0000000000
24075  13.562  -49.617  38.313 0.0000000000
23385  11.805  -50.867  35.935 0.0000000000
22658  11.627  -51.744  37.577 0.0000000000
43794  55.558  -26.225  24.974 0.0000000000
106434  53.985  -26.033  24.720 0.0000000000
43795  52.857  -25.734  24.634 0.0000000000
42935  53.473  -26.958  27.296 0.0000000000
42953  50.966  -26.880  25.618 0.0000000000
42952  51.851  -26.617  25.818 0.0000000000
42963  50.526  -26.457  24.750 0.0000000000
42964  49.735  -26.794  24.399 0.0000000000
42128  49.321  -27.450  24.878 0.0000000000
42117  48.182  -28.282  25.051 0.0000000000
41292  49.802  -28.956  26.858 0.0000000000
41284  49.209  -29.541  27.276 0.0000000000
40464  47.928  -29.970  26.805 0.0000000000
41294  48.016  -29.465  26.122 0.0000000000
41303  47.568  -28.894  25.457 0.0000000000
40465  46.507  -29.581  26.446 0.0000000000
40466  45.695  -29.421  26.650 0.0000000000
39499  47.549  -29.928  29.910 0.0000000000
40433  47.123  -29.860  29.347 0.0000000000
40434  45.711  -29.243  29.165 0.0000000000
91349  46.010  -29.146  28.407 0.0000000000
109014  44.910  -29.142  27.613 0.0000000000
91393  44.086  -29.519  29.966 0.0000000000
91392  43.758  -29.291  28.483 0.0000000000
108313  43.097  -29.460  28.735 0.0000000000
91391  42.566  -29.691  28.926 0.0000000000
39429  50.596  -30.428  35.759 0.0000000000
38608  49.733  -31.016  36.261 0.0000000000
38618  47.515  -31.598  35.368 0.0000000000
38631  47.627  -31.259  34.591 0.0000000000
39461  46.843  -30.964  33.169 0.0000000000
94556  46.292  -31.111  34.210 0.0000000000
37858  45.878  -32.769  36.922 0.0000000000
37867  46.023  -32.338  36.086 0.0000000000
39463  44.622  -30.103  34.012 0.0000000000
40375  45.323  -29.941  33.232 0.0000000000
39475  44.207  -30.326  32.073 0.0000000000
40409  44.386  -29.925  31.308 0.0000000000
39493  42.330  -30.493  30.466 0.0000000000
39492  43.009  -30.342  30.835 0.0000000000
40438  41.843  -30.177  29.173 0.0000000000
39501  41.142  -30.639  29.478 0.0000000000
39502  40.534  -30.938  29.743 0.0000000000
39503  39.802  -31.096  29.549 0.0000000000
38658  40.391  -31.238  32.620 0.0000000000
38666  39.353  -31.404  31.194 0.0000000000
38684  38.359  -31.206  29.396 0.0000000000
36264  44.440  -33.861  42.787 0.0000000000
32242  43.172  -39.156  43.319 0.0000000000
32229  43.671  -39.736  43.791 0.0000000000
32228  43.764  -38.943  44.154 0.0000000000
89969  44.033  -38.144  44.489 0.0000000000
103102  43.571  -38.198  43.796 0.0000000000
34785  39.626  -37.532  37.942 0.0000000000
33998  40.503  -38.215  39.208 0.0000000000
34761  40.444  -37.387  39.650 0.0000000000
102807  40.495  -36.253  41.389 0.0000000000
102628  41.258  -37.155  41.759 0.0000000000
102965  43.275  -36.836  43.368 0.0000000000
89972  41.824  -35.490  42.573 0.0000000000
37056  40.557  -33.572  40.380 0.0000000000
37045  40.864  -34.017  41.237 0.0000000000
37055  41.480  -33.720  40.917 0.0000000000
89783  42.126  -33.585  40.371 0.0000000000
102794  41.227  -33.333  40.033 0.0000000000
108940  40.845  -33.489  39.008 0.0000000000
106013  38.950  -33.066  36.503 0.0000000000
98708  39.862  -32.603  37.120 0.0000000000
89794  39.329  -32.416  36.374 0.0000000000
102753  39.050  -32.287  35.419 0.0000000000
38623  38.239  -32.395  35.191 0.0000000000
36327  37.033  -34.336  34.946 0.0000000000
37104  37.268  -33.593  35.474 0.0000000000
37113  36.890  -33.572  34.728 0.0000000000
37890  35.972  -32.850  33.285 0.0000000000
37889  36.683  -32.638  33.611 0.0000000000
107618  36.930  -32.171  32.459 0.0000000000
38661  36.225  -32.120  32.025 0.0000000000
37904  34.511  -32.128  30.317 0.0000000000
98543  33.442  -35.256  30.257 0.0000000000
34842  32.804  -35.852  27.870 0.0000000000
33309  34.684  -38.321  31.223 0.0000000000
33329  33.437  -37.949  30.570 0.0000000000
34072  32.792  -37.706  29.218 0.0000000000
100760  29.938  -37.397  29.406 0.0000000000
104712  30.536  -37.346  29.057 0.0000000000
32327  28.016  -39.551  36.514 0.0000000000
31480  27.015  -40.087  36.490 0.0000000000
32343  26.684  -39.638  35.509 0.0000000000
30609  26.094  -41.847  34.050 0.0000000000
31500  25.909  -39.939  33.772 0.0000000000
104284  26.852  -39.136  33.141 0.0000000000
31525  25.247  -39.752  31.749 0.0000000000
33318  25.894  -38.810  30.802 0.0000000000
32426  25.252  -38.942  30.767 0.0000000000
28053  23.634  -44.361  31.002 0.0000000000
28984  23.963  -43.712  31.012 0.0000000000
29788  23.788  -42.730  30.979 0.0000000000
29014  22.540  -43.120  28.649 0.0000000000
30669  23.529  -41.618  29.853 0.0000000000
30661  23.829  -41.833  30.771 0.0000000000
31542  23.946  -40.942  30.355 0.0000000000
91592  24.061  -39.820  29.008 0.0000000000
32444  24.535  -39.055  28.844 0.0000000000
44653  52.199  -24.204  20.644 0.0000000000
109991  52.783  -24.235  21.025 0.0000000000
42979  44.645  -26.530  22.367 0.0000000000
25443  19.116  -46.987  40.451 0.0000000000
102005  19.193  -46.870  39.115 0.0000000000
26213  19.346  -46.447  39.786 0.0000000000
42970  47.560  -26.719  23.288 0.0000000000
23384  12.159  -50.243  35.291 0.0000000000
26148  31.800  -47.570  46.438 0.0000000000
106276  31.694  -46.421  44.041 0.0000000000
26147  32.193  -48.097  46.073 0.0000000000
24692  32.075  -48.372  43.178 0.0000000000
24693  31.559  -49.383  43.871 0.0000000000
24704  29.689  -49.514  41.181 0.0000000000
24770  21.181  -49.001  36.395 0.0000000000
40482  41.846  -29.083  25.945 0.0000000000
23344  10.914  -50.660  40.287 0.0000000000
40391  49.669  -30.023  32.713 0.0000000000
39471  49.323  -30.539  32.806 0.0000000000
39459  49.185  -30.860  33.347 0.0000000000
103287  45.393  -33.464  39.702 0.0000000000
103248  45.385  -33.399  38.615 0.0000000000
102607  44.377  -33.424  38.272 0.0000000000
103246  43.278  -32.883  37.408 0.0000000000
102669  42.855  -32.383  37.155 0.0000000000
102996  42.180  -32.273  37.190 0.0000000000
89888  41.879  -32.538  37.866 0.0000000000
33274  37.473  -38.612  33.978 0.0000000000
34038  37.401  -37.760  33.992 0.0000000000
34810  37.168  -36.641  34.140 0.0000000000
35579  36.720  -35.717  33.899 0.0000000000
34818  36.649  -36.532  33.384 0.0000000000
34819  36.188  -36.514  32.715 0.0000000000
107880  35.787  -36.561  32.150 0.0000000000
34057  35.031  -37.280  30.977 0.0000000000
91390  54.035  -24.368  20.966 0.0000000000
24761  19.478  -48.694  37.257 0.0000000000
25441  25.581  -47.532  42.297 0.0000000000
24707  25.631  -48.664  42.366 0.0000000000
24720  25.915  -48.618  41.347 0.0000000000
23314  25.430  -50.922  43.856 0.0000000000
90186  25.161  -51.834  44.431 0.0000000000
23298  20.391  -50.598  43.025 0.0000000000
96174  20.421  -50.887  42.399 0.0000000000
23319  20.086  -50.784  41.559 0.0000000000
23338  20.000  -50.301  39.930 0.0000000000
24072  20.380  -50.013  38.955 0.0000000000
30581  33.983  -41.452  37.760 0.0000000000
98180  34.607  -41.470  39.252 0.0000000000
30537  38.515  -41.455  40.774 0.0000000000
102385  39.143  -41.435  41.399 0.0000000000
30548  38.406  -41.363  39.691 0.0000000000
30563  38.389  -41.318  38.883 0.0000000000
31418  37.898  -41.280  37.685 0.0000000000
31474  35.388  -40.767  35.858 0.0000000000
32334  35.916  -40.094  34.968 0.0000000000
32352  35.974  -39.650  34.106 0.0000000000
32397  34.332  -39.020  32.680 0.0000000000
33277  32.493  -38.893  33.122 0.0000000000
32401  26.912  -39.250  32.150 0.0000000000
27073  21.561  -45.616  31.548 0.0000000000
44630  50.089  -24.829  21.819 0.0000000000
44659  47.000  -25.021  20.161 0.0000000000
44658  47.832  -24.899  20.227 0.0000000000
97232  17.132  -50.347  32.392 0.0000000000
30572  28.172  -42.105  38.101 0.0000000000
97515  29.181  -47.456  37.410 0.0000000000
26230  28.452  -46.582  36.533 0.0000000000
27036  27.069  -46.549  35.562 0.0000000000
107765  23.998  -48.509  36.605 0.0000000000
24776  23.663  -48.403  36.129 0.0000000000
26261  21.541  -46.730  32.959 0.0000000000
26268  19.539  -47.073  32.083 0.0000000000
24821  18.477  -48.376  30.239 0.0000000000
41323  44.607  -28.765  24.394 0.0000000000
95788  40.972  -28.613  23.229 0.0000000000
41347  40.643  -28.856  22.560 0.0000000000
96411  13.211  -50.524  41.126 0.0000000000
110153  13.513  -50.419  39.619 0.0000000000
23373  12.277  -50.311  37.116 0.0000000000
98279  54.875  -26.266  25.684 0.0000000000
42950  54.174  -26.474  26.427 0.0000000000
42951  52.861  -26.473  26.071 0.0000000000
42096  52.229  -27.420  27.345 0.0000000000
109118  51.705  -27.729  27.229 0.0000000000
41301  49.335  -28.660  26.020 0.0000000000
40442  49.054  -29.769  27.966 0.0000000000
40419  46.870  -29.837  30.206 0.0000000000
38601  50.073  -30.828  37.361 0.0000000000
95518  47.885  -31.837  36.153 0.0000000000
38621  44.254  -32.088  35.414 0.0000000000
38620  44.939  -31.715  35.009 0.0000000000
39431  44.011  -31.420  35.017 0.0000000000
39446  43.724  -30.801  34.211 0.0000000000
39476  43.355  -30.824  32.376 0.0000000000
39484  43.401  -30.468  31.519 0.0000000000
106323  41.717  -30.729  30.443 0.0000000000
38673  40.455  -31.019  30.975 0.0000000000
91398  39.846  -31.595  32.707 0.0000000000
38685  37.770  -31.443  30.115 0.0000000000
38676  37.945  -31.706  30.894 0.0000000000
106658  37.300  -31.580  30.605 0.0000000000
89049  44.058  -34.862  42.335 0.0000000000
31348  42.149  -40.733  41.837 0.0000000000
31322  42.770  -40.776  43.518 0.0000000000
31364  42.532  -40.105  41.816 0.0000000000
33197  42.465  -39.336  41.648 0.0000000000
108033  42.653  -39.071  42.568 0.0000000000
34774  39.558  -36.592  38.676 0.0000000000
34762  39.925  -36.624  39.337 0.0000000000
90547  40.077  -35.764  40.513 0.0000000000
104093  40.271  -35.360  41.142 0.0000000000
103107  40.881  -35.417  41.930 0.0000000000
90863  39.829  -34.927  40.347 0.0000000000
89057  40.136  -34.104  40.458 0.0000000000
37057  39.907  -33.626  39.826 0.0000000000
91279  40.488  -33.544  38.754 0.0000000000
37821  39.813  -33.673  38.383 0.0000000000
37833  39.278  -33.564  37.778 0.0000000000
37860  38.439  -33.325  36.335 0.0000000000
36340  35.650  -34.200  33.295 0.0000000000
37114  36.455  -33.498  34.120 0.0000000000
37123  35.417  -33.376  33.009 0.0000000000
37891  35.472  -32.663  32.502 0.0000000000
37900  34.404  -32.579  31.217 0.0000000000
35599  33.129  -36.257  28.721 0.0000000000
34112  29.859  -36.939  27.608 0.0000000000
30616  25.723  -41.376  33.361 0.0000000000
29031  23.135  -42.921  27.657 0.0000000000
31552  23.766  -40.808  29.250 0.0000000000
44671  50.919  -24.458  19.581 0.0000000000
42984  43.429  -25.929  21.425 0.0000000000
24022  20.800  -50.070  43.622 0.0000000000
108995  20.348  -49.325  42.978 0.0000000000
24031  19.749  -49.732  42.575 0.0000000000
30580  36.046  -41.398  37.669 0.0000000000
32355  32.591  -39.674  34.434 0.0000000000
32379  30.129  -40.082  33.849 0.0000000000
24145  19.696  -49.375  27.662 0.0000000000
43814  47.653  -25.515  21.583 0.0000000000
43825  46.558  -25.322  20.823 0.0000000000
26954  31.768  -46.139  42.265 0.0000000000
106479  30.361  -45.395  40.253 0.0000000000
26991  29.859  -45.053  39.845 0.0000000000
27018  29.519  -46.081  38.047 0.0000000000
26221  29.845  -46.559  38.466 0.0000000000
104664  30.686  -48.052  40.224 0.0000000000
25461  29.620  -47.486  38.175 0.0000000000
24752  29.048  -48.149  37.691 0.0000000000
24061  22.839  -50.051  39.478 0.0000000000
24069  23.414  -49.615  38.851 0.0000000000
109006  22.904  -48.825  36.517 0.0000000000
24769  22.117  -48.980  36.459 0.0000000000
41308  42.943  -29.328  24.952 0.0000000000
23366  12.029  -51.064  38.627 0.0000000000
39498  47.949  -29.977  29.691 0.0000000000
39490  47.845  -29.902  30.434 0.0000000000
95040  46.574  -30.395  31.944 0.0000000000
37830  47.504  -32.308  38.330 0.0000000000
37845  47.294  -32.385  37.400 0.0000000000
37846  46.577  -32.675  37.602 0.0000000000
37859  45.133  -32.667  36.407 0.0000000000
89787  45.175  -33.077  37.043 0.0000000000
37869  44.359  -32.515  36.051 0.0000000000
38635  42.163  -31.705  34.337 0.0000000000
38636  41.354  -31.752  34.470 0.0000000000
90618  42.243  -31.773  35.939 0.0000000000
91541  40.577  -31.697  33.909 0.0000000000
38638  39.884  -31.968  34.197 0.0000000000
92934  39.375  -32.194  33.637 0.0000000000
89042  43.784  -36.844  44.343 0.0000000000
33236  39.870  -38.783  37.701 0.0000000000
33225  40.450  -38.846  38.884 0.0000000000
33246  39.444  -38.750  36.902 0.0000000000
34019  39.678  -38.302  37.429 0.0000000000
34805  38.526  -37.653  36.200 0.0000000000
34786  39.021  -36.916  37.453 0.0000000000
35558  38.654  -36.028  37.431 0.0000000000
35559  38.171  -35.597  36.753 0.0000000000
35551  38.387  -35.240  37.424 0.0000000000
36318  37.836  -34.618  36.461 0.0000000000
36339  36.253  -34.838  33.759 0.0000000000
36346  34.656  -34.398  32.264 0.0000000000
35594  33.831  -36.111  30.251 0.0000000000
34087  33.030  -37.373  28.824 0.0000000000
33332  30.358  -38.399  31.089 0.0000000000
109867  29.148  -37.169  28.792 0.0000000000
34090  29.121  -36.864  28.077 0.0000000000
28079  22.024  -44.344  28.171 0.0000000000
97053  22.978  -44.742  26.232 0.0000000000
28097  23.059  -43.866  26.730 0.0000000000
44685  54.886  -24.766  18.866 0.0000000000
43843  54.284  -25.421  18.367 0.0000000000
43862  53.743  -25.969  17.986 0.0000000000
24783  13.251  -48.571  35.121 0.0000000000
25405  27.665  -48.693  43.787 0.0000000000
24661  28.517  -50.291  45.409 0.0000000000
102973  29.413  -50.592  45.679 0.0000000000
94069  29.409  -50.928  44.338 0.0000000000
89704  28.408  -50.735  44.435 0.0000000000
104243  27.890  -50.429  42.393 0.0000000000
24009  24.169  -50.939  46.328 0.0000000000
102596  23.993  -51.672  46.120 0.0000000000
94824  24.308  -52.268  45.000 0.0000000000
23296  22.892  -51.547  43.942 0.0000000000
24052  23.226  -50.574  40.359 0.0000000000
108164  21.964  -49.891  39.386 0.0000000000
24079  20.815  -49.502  38.036 0.0000000000
39412  50.521  -30.262  38.107 0.0000000000
92436  50.048  -30.758  38.412 0.0000000000
38591  49.325  -31.212  38.856 0.0000000000
103356  48.969  -31.167  40.369 0.0000000000
38592  48.486  -31.689  39.422 0.0000000000
109192  44.352  -33.435  40.749 0.0000000000
30508  41.878  -41.346  42.517 0.0000000000
31366  41.149  -40.300  41.317 0.0000000000
31398  40.194  -39.762  39.480 0.0000000000
32302  39.834  -39.519  38.100 0.0000000000
30579  36.966  -41.480  37.571 0.0000000000
31454  36.681  -40.935  36.346 0.0000000000
31434  38.635  -40.674  37.323 0.0000000000
31433  39.324  -40.157  37.652 0.0000000000
32313  39.602  -39.351  37.248 0.0000000000
32323  39.307  -39.128  36.684 0.0000000000
33252  38.623  -38.814  35.992 0.0000000000
33258  37.776  -38.759  34.679 0.0000000000
32350  37.475  -39.098  34.204 0.0000000000
33293  34.030  -38.786  32.012 0.0000000000
33294  31.420  -38.795  32.255 0.0000000000
33313  30.948  -38.545  31.629 0.0000000000
33333  28.997  -38.534  30.592 0.0000000000
27064  24.391  -45.410  31.975 0.0000000000
27085  21.572  -44.833  28.726 0.0000000000
26282  20.783  -46.041  28.983 0.0000000000
107922  20.648  -47.238  28.034 0.0000000000
44654  51.223  -24.319  20.436 0.0000000000
44657  48.636  -24.707  20.228 0.0000000000
44673  49.049  -24.618  19.457 0.0000000000
31404  30.109  -40.867  39.649 0.0000000000
106389  29.686  -40.294  37.602 0.0000000000
31461  29.447  -39.965  37.008 0.0000000000
28949  26.754  -43.774  35.534 0.0000000000
27055  24.846  -45.834  32.715 0.0000000000
88994  29.324  -50.273  42.533 0.0000000000
24732  27.668  -49.076  39.172 0.0000000000
24731  28.777  -49.184  39.227 0.0000000000
24767  27.078  -48.220  36.225 0.0000000000
24746  23.932  -49.325  38.346 0.0000000000
24768  24.344  -48.557  36.991 0.0000000000
24755  25.685  -48.293  37.319 0.0000000000
25486  25.063  -46.612  34.812 0.0000000000
24135  18.643  -49.079  28.738 0.0000000000
42142  45.240  -27.445  23.416 0.0000000000
42149  44.382  -27.176  22.923 0.0000000000
41324  43.168  -28.998  24.310 0.0000000000
40499  39.699  -29.065  23.787 0.0000000000
27009  19.438  -45.465  38.522 0.0000000000
24065  14.569  -49.103  39.420 0.0000000000
24088  12.463  -49.540  35.418 0.0000000000
44619  55.018  -25.875  23.325 0.0000000000
44620  53.634  -25.452  23.240 0.0000000000
43801  51.451  -25.398  23.498 0.0000000000
42968  49.349  -26.380  23.687 0.0000000000
42966  47.976  -27.266  23.997 0.0000000000
42130  47.315  -27.760  24.390 0.0000000000
41291  50.489  -28.612  27.525 0.0000000000
42118  47.595  -28.259  24.813 0.0000000000
41321  46.096  -28.459  24.755 0.0000000000
41305  45.710  -28.929  25.182 0.0000000000
41306  45.033  -28.981  25.129 0.0000000000
91714  46.643  -29.463  28.096 0.0000000000
103419  46.612  -29.505  28.851 0.0000000000
108387  44.179  -29.388  26.189 0.0000000000
40468  43.562  -29.223  26.590 0.0000000000
40455  43.007  -29.112  27.464 0.0000000000
108329  43.414  -29.202  27.964 0.0000000000
40456  41.976  -29.164  27.566 0.0000000000
39441  50.561  -30.368  34.699 0.0000000000
39442  49.419  -30.923  34.288 0.0000000000
38630  48.485  -31.252  34.871 0.0000000000
39443  48.313  -31.069  34.016 0.0000000000
39460  47.960  -30.929  33.252 0.0000000000
38610  47.023  -32.068  36.100 0.0000000000
38619  46.468  -31.924  35.404 0.0000000000
108116  45.545  -31.176  34.667 0.0000000000
40393  45.899  -30.116  32.468 0.0000000000
40408  45.036  -29.867  31.761 0.0000000000
40423  43.152  -29.946  30.173 0.0000000000
40457  41.216  -29.785  27.897 0.0000000000
39508  40.453  -30.723  29.012 0.0000000000
38657  41.086  -31.193  32.818 0.0000000000
92674  40.841  -31.012  32.171 0.0000000000
91050  39.899  -31.117  30.951 0.0000000000
38683  39.116  -31.258  29.787 0.0000000000
89063  45.411  -33.311  42.353 0.0000000000
102712  44.904  -33.517  41.404 0.0000000000
103245  43.567  -33.390  40.373 0.0000000000
90538  44.007  -37.672  44.768 0.0000000000
90195  43.853  -36.815  43.698 0.0000000000
33209  40.749  -38.791  39.749 0.0000000000
33198  42.027  -38.617  41.247 0.0000000000
89043  42.369  -38.520  42.276 0.0000000000
102763  40.790  -37.277  40.611 0.0000000000
102762  41.870  -37.872  42.051 0.0000000000
89651  42.493  -37.703  43.046 0.0000000000
102805  43.425  -37.495  43.583 0.0000000000
89050  43.993  -36.210  43.334 0.0000000000
89048  44.174  -35.603  42.950 0.0000000000
89056  41.513  -34.709  42.098 0.0000000000
90844  42.683  -34.666  42.151 0.0000000000
37032  43.176  -34.340  41.689 0.0000000000
90114  43.530  -33.880  41.312 0.0000000000
102641  43.028  -33.572  40.734 0.0000000000
102995  42.739  -33.283  39.968 0.0000000000
89657  42.509  -32.914  39.164 0.0000000000
102994  41.717  -32.784  38.724 0.0000000000
103013  41.307  -32.435  37.284 0.0000000000
89813  40.548  -33.335  38.058 0.0000000000
103350  40.509  -32.467  37.135 0.0000000000
89733  39.749  -31.976  35.697 0.0000000000
38639  38.885  -32.328  34.387 0.0000000000
38651  38.819  -32.328  33.488 0.0000000000
37103  37.821  -33.764  36.121 0.0000000000
37872  37.789  -32.898  35.674 0.0000000000
37881  36.875  -32.898  34.378 0.0000000000
37880  37.535  -32.581  34.857 0.0000000000
38640  38.005  -32.391  34.490 0.0000000000
107762  36.620  -31.852  31.421 0.0000000000
38670  35.215  -32.077  30.865 0.0000000000
103579  33.098  -34.403  30.185 0.0000000000
36357  32.696  -34.512  28.955 0.0000000000
34053  34.921  -37.900  30.952 0.0000000000
34059  33.713  -37.605  30.176 0.0000000000
110126  31.168  -37.781  30.219 0.0000000000
34073  32.067  -37.754  29.115 0.0000000000
94220  31.126  -37.403  28.732 0.0000000000
32341  28.370  -39.200  35.704 0.0000000000
97950  27.672  -38.986  34.326 0.0000000000
32381  26.830  -38.998  34.016 0.0000000000
32414  26.088  -39.265  32.046 0.0000000000
33317  26.402  -39.109  31.383 0.0000000000
29800  23.333  -42.374  30.233 0.0000000000
31541  24.376  -40.220  30.801 0.0000000000
106945  24.457  -39.556  30.375 0.0000000000
32427  24.790  -38.938  30.306 0.0000000000
33338  24.926  -38.627  29.561 0.0000000000
44652  53.103  -24.221  20.520 0.0000000000
44669  53.171  -24.350  19.656 0.0000000000
44687  52.419  -24.476  19.258 0.0000000000
44686  53.214  -24.674  18.956 0.0000000000
43844  53.386  -25.297  18.473 0.0000000000
43865  50.169  -25.895  17.794 0.0000000000
43816  45.121  -25.584  21.216 0.0000000000
42983  44.424  -26.027  21.675 0.0000000000
23275  25.161  -51.425  46.220 0.0000000000
23299  19.654  -50.460  42.198 0.0000000000
24008  31.170  -50.248  46.547 0.0000000000
24049  27.660  -49.824  41.390 0.0000000000
24054  18.433  -49.637  41.271 0.0000000000
24063  19.270  -49.742  39.343 0.0000000000
24681  27.456  -49.485  43.376 0.0000000000
25386  31.154  -48.127  47.434 0.0000000000
25439  26.147  -47.620  41.939 0.0000000000
25452  30.019  -47.940  38.968 0.0000000000
25465  28.962  -47.060  36.909 0.0000000000
26975  30.744  -45.465  41.212 0.0000000000
27007  29.997  -45.769  39.021 0.0000000000
30521  41.602  -41.131  41.888 0.0000000000
30547  39.270  -41.024  39.843 0.0000000000
31347  42.508  -40.536  42.619 0.0000000000
31472  37.581  -39.728  35.436 0.0000000000
32219  43.976  -39.728  44.599 0.0000000000
32243  42.805  -39.711  42.439 0.0000000000
32257  41.189  -39.461  40.891 0.0000000000
32286  40.210  -39.314  38.772 0.0000000000
33208  41.261  -38.686  40.594 0.0000000000
33991  40.859  -38.106  40.085 0.0000000000
35543  39.044  -35.621  38.587 0.0000000000
36286  39.560  -34.223  39.714 0.0000000000
36295  39.243  -34.322  39.229 0.0000000000
36304  38.638  -34.716  38.368 0.0000000000
36312  38.220  -34.672  37.074 0.0000000000
36335  36.159  -34.033  33.834 0.0000000000
37033  42.395  -33.906  41.129 0.0000000000
37068  39.816  -33.793  39.118 0.0000000000
37084  38.695  -34.011  37.820 0.0000000000
37094  38.284  -33.970  36.713 0.0000000000
37122  35.979  -33.456  33.566 0.0000000000
37807  41.869  -33.934  41.231 0.0000000000
37848  39.353  -33.048  37.110 0.0000000000
38633  45.825  -31.770  34.917 0.0000000000
89059  41.221  -33.222  39.250 0.0000000000
89064  40.780  -32.888  37.607 0.0000000000
90104  41.004  -31.855  35.075 0.0000000000
90601  25.281  -52.319  45.581 0.0000000000
91395  37.105  -31.960  31.856 0.0000000000
93496  30.923  -48.576  41.134 0.0000000000
95203  39.640  -40.419  39.233 0.0000000000
98961  40.522  -39.208  39.299 0.0000000000
102640  42.604  -32.602  37.618 0.0000000000
102980  41.747  -31.816  35.188 0.0000000000
103084  41.029  -33.283  38.621 0.0000000000
103183  43.973  -33.201  37.497 0.0000000000
103342  43.111  -33.070  38.656 0.0000000000
105237  30.113  -47.118  38.882 0.0000000000
105756  39.758  -35.787  39.772 0.0000000000
106688  40.313  -32.943  37.529 0.0000000000
107644  39.868  -38.307  37.817 0.0000000000
108725  41.855  -40.629  41.526 0.0000000000
109442  38.075  -40.951  37.112 0.0000000000
110189  24.929  -52.372  44.746 0.0000000000
