#!ascii label  , from subject sub-v1s12x0050110_ses-1 vox2ras=TkReg
2129
29653  1.784  -42.195  46.869 0.6250000000
28857  0.636  -42.331  47.359 0.6250000000
30430  2.065  -41.584  47.441 0.6250000000
99007  1.124  -41.546  47.360 0.5000000000
29654  0.057  -41.602  47.612 0.5000000000
108239  1.014  -42.867  46.887 0.6250000000
28858  -0.069  -43.204  47.486 0.5000000000
95033  -0.290  -42.479  48.137 0.5000000000
29638  -0.752  -41.613  48.534 0.2500000000
28859  -0.835  -43.515  48.737 0.3750000000
99550  -0.882  -42.484  48.977 0.2500000000
30413  -1.541  -41.844  49.212 0.2500000000
28819  -1.524  -43.501  49.226 0.3750000000
29629  -1.976  -42.680  49.539 0.2500000000
98112  -0.629  -44.047  48.055 0.5000000000
30414  -2.357  -41.884  49.313 0.2500000000
28837  -2.630  -42.913  49.105 0.2500000000
29655  -2.897  -41.783  48.556 0.2500000000
27928  3.833  -43.966  49.194 0.6250000000
28855  3.815  -43.016  47.498 0.6250000000
28835  3.456  -43.211  48.477 0.6250000000
29651  3.329  -42.664  46.900 0.6250000000
28856  3.117  -42.585  47.706 0.6250000000
29652  2.622  -42.164  47.148 0.6250000000
29637  2.532  -42.132  48.090 0.6250000000
107308  3.896  -43.105  46.838 0.7500000000
29673  2.707  -42.631  46.499 0.6250000000
28872  2.717  -43.252  46.044 0.6250000000
28873  1.876  -43.146  46.349 0.6250000000
31282  -1.327  -40.661  47.671 0.2500000000
30421  -0.724  -41.004  47.824 0.2500000000
28874  0.665  -43.553  46.617 0.6250000000
30448  -1.791  -41.040  46.566 0.2500000000
31293  -1.518  -40.730  47.270 0.2500000000
31273  -1.235  -40.713  47.934 0.2500000000
27938  -0.928  -44.606  47.829 0.5000000000
30433  -2.598  -41.269  48.073 0.2500000000
27916  -1.648  -44.057  48.988 0.5000000000
28860  -2.636  -43.530  48.543 0.3750000000
28875  -2.640  -44.055  46.866 0.2500000000
102145  -2.761  -43.169  47.774 0.3750000000
29674  -2.900  -42.008  47.675 0.2500000000
25400  -0.624  -46.592  45.340 0.2500000000
26145  -2.057  -46.830  46.361 0.3750000000
26949  -0.052  -45.956  45.099 0.2500000000
26942  -1.192  -46.133  45.731 0.3750000000
93137  -2.960  -46.802  46.060 0.3750000000
26154  -3.055  -46.359  45.070 0.3750000000
27926  5.498  -44.602  48.724 0.6250000000
27927  4.692  -44.366  48.909 0.6250000000
27936  5.056  -44.153  48.245 0.6250000000
107066  4.362  -43.655  48.165 0.6250000000
28854  5.067  -43.792  47.565 0.7500000000
91554  4.443  -43.353  47.205 0.8750000000
31292  -0.847  -40.583  46.915 0.2500000000
93436  4.243  -43.411  46.417 1.0000000000
28871  3.441  -43.232  46.317 0.7500000000
27942  0.233  -44.283  46.258 0.6250000000
31302  -0.388  -40.598  45.901 0.2500000000
27941  1.334  -44.124  46.102 0.7500000000
31303  -1.227  -40.793  46.151 0.2500000000
30449  -2.344  -41.341  47.036 0.2500000000
28881  3.046  -43.825  45.713 0.8750000000
27940  2.248  -43.973  45.877 0.7500000000
26934  -1.739  -45.010  48.124 0.6250000000
27944  -2.626  -44.994  47.335 0.3750000000
30468  -1.876  -41.717  45.576 0.2500000000
29684  -2.327  -42.246  46.326 0.2500000000
27949  1.750  -44.690  45.526 0.5000000000
27951  -0.204  -44.999  45.834 0.6250000000
26936  -1.437  -45.071  47.620 0.5000000000
26940  1.290  -45.273  45.278 0.3750000000
91695  -1.333  -45.580  46.548 0.5000000000
26941  0.454  -45.428  45.339 0.3750000000
27910  5.977  -45.147  49.308 0.6250000000
27935  5.726  -44.213  47.955 0.6250000000
94053  -0.991  -40.507  44.856 0.2500000000
31346  -1.013  -40.597  43.840 0.2500000000
96359  -1.486  -40.832  44.307 0.2500000000
30488  -1.619  -40.966  45.242 0.2500000000
28879  4.709  -43.536  45.682 0.8750000000
28880  3.834  -43.731  45.689 0.5000000000
27948  2.569  -44.507  45.270 0.6250000000
30489  -1.953  -41.553  44.261 0.2500000000
27946  4.149  -44.075  44.861 0.3750000000
27947  3.348  -44.258  45.073 0.5000000000
28890  6.781  -43.800  42.696 0.3750000000
92647  6.516  -43.596  43.348 0.1250000000
28885  5.348  -43.831  44.257 0.3750000000
27945  4.841  -43.800  44.811 0.3750000000
27956  2.982  -44.890  44.583 0.2500000000
27953  5.802  -43.821  43.604 0.3750000000
92046  7.946  -43.057  43.756 0.5000000000
28889  7.405  -43.429  43.007 0.2500000000
26930  7.503  -44.965  48.707 0.5000000000
27933  7.833  -44.549  47.809 0.5000000000
96550  7.136  -44.514  47.978 0.5000000000
27925  6.449  -44.711  48.503 0.6250000000
27934  6.498  -44.206  47.638 0.7500000000
28852  7.213  -44.131  47.172 0.7500000000
28853  5.871  -43.726  47.114 0.8750000000
28870  5.002  -43.465  46.727 1.0000000000
28869  5.626  -43.422  46.144 1.0000000000
103981  6.145  -43.518  45.585 0.7500000000
97209  6.792  -43.544  45.594 0.7500000000
29692  9.005  -41.944  43.418 0.3750000000
28888  8.474  -42.979  43.172 0.5000000000
28878  5.475  -43.619  45.168 0.5000000000
28877  7.325  -43.348  45.108 0.7500000000
108417  9.014  -42.614  43.015 0.2500000000
28884  7.236  -43.288  44.036 0.5000000000
104120  6.318  -43.579  44.563 0.5000000000
27932  8.349  -44.261  47.741 0.5000000000
28834  8.883  -43.955  48.154 0.5000000000
28851  8.028  -44.038  47.117 0.7500000000
28868  6.559  -43.681  46.434 1.0000000000
28867  7.530  -43.670  46.210 0.7500000000
28876  8.132  -43.124  45.560 0.8750000000
28883  7.969  -42.970  44.580 0.8750000000
29686  8.423  -42.280  43.989 0.6250000000
29691  9.906  -41.854  43.285 0.5000000000
30487  9.672  -41.540  43.902 0.6250000000
29670  10.508  -41.901  46.737 0.6250000000
28849  9.378  -43.217  47.698 0.6250000000
29650  9.882  -42.537  47.220 0.7500000000
28865  9.150  -42.985  46.827 0.7500000000
29671  9.615  -42.270  46.363 0.7500000000
28866  8.387  -43.385  46.505 0.7500000000
29672  8.800  -42.574  45.957 0.8750000000
29683  8.504  -42.238  44.972 0.8750000000
99610  11.428  -41.452  42.762 0.3750000000
30503  11.121  -41.516  43.583 0.7500000000
29685  9.003  -41.704  44.348 0.7500000000
31340  12.747  -40.881  42.837 0.1250000000
30502  12.104  -41.303  43.461 0.5000000000
29669  11.274  -41.632  47.238 0.5000000000
30447  10.706  -41.632  46.016 0.7500000000
29682  10.080  -41.838  45.985 0.8750000000
104563  9.351  -41.840  45.405 0.8750000000
30466  11.318  -41.501  45.467 1.0000000000
30485  11.696  -41.523  44.445 0.7500000000
103486  9.730  -41.544  44.677 0.8750000000
31317  13.050  -41.012  43.789 0.7500000000
30486  10.556  -41.482  44.415 0.7500000000
31360  13.366  -40.571  42.305 0.2500000000
30446  11.365  -41.483  46.505 0.5000000000
29681  13.099  -41.258  46.161 0.8750000000
30445  12.228  -41.349  46.259 0.5000000000
30464  13.176  -41.179  45.374 0.8750000000
30465  12.364  -41.396  45.317 1.0000000000
30484  12.630  -41.316  44.510 1.0000000000
31338  14.292  -40.249  43.480 0.7500000000
31359  14.106  -40.127  42.696 0.8750000000
31339  13.546  -40.558  43.205 0.7500000000
30444  14.180  -41.806  46.144 0.6250000000
30429  12.134  -41.455  47.215 0.5000000000
103901  13.688  -41.390  46.035 0.7500000000
101415  13.853  -41.300  45.442 0.8750000000
31299  15.053  -40.911  44.865 0.8750000000
30483  14.189  -41.004  44.815 0.8750000000
31315  14.613  -40.500  44.208 0.8750000000
102224  13.421  -41.074  44.681 1.0000000000
31316  13.838  -40.764  44.029 1.0000000000
32253  15.443  -39.532  42.479 0.8750000000
101478  14.902  -40.077  43.639 1.0000000000
32239  14.757  -39.718  43.009 0.8750000000
32317  21.089  -38.852  37.059 0.1250000000
32318  20.597  -39.622  37.552 0.5000000000
32309  20.531  -39.620  38.465 0.7500000000
30463  14.601  -41.438  45.476 0.7500000000
31314  16.418  -40.642  44.166 0.8750000000
31337  15.506  -40.435  44.110 0.8750000000
32237  16.129  -40.298  43.571 0.8750000000
32238  15.485  -39.935  43.284 1.0000000000
32252  16.325  -39.975  42.808 0.8750000000
99545  17.511  -40.337  41.649 0.7500000000
31358  16.950  -40.086  42.123 0.8750000000
34027  21.735  -37.300  37.092 0.2500000000
33250  21.633  -38.137  36.826 0.2500000000
34016  21.462  -37.272  37.814 0.5000000000
33233  21.265  -38.163  38.335 0.6250000000
32295  21.100  -39.107  38.799 0.7500000000
32296  20.642  -39.856  39.300 0.7500000000
31336  16.923  -40.475  43.498 0.8750000000
31357  17.677  -40.481  42.322 0.8750000000
93401  17.139  -40.321  42.784 0.8750000000
94576  18.682  -40.705  40.856 0.7500000000
93819  18.346  -40.660  41.695 0.7500000000
31390  19.463  -40.677  40.309 0.7500000000
32278  21.415  -39.415  39.575 0.7500000000
32279  20.496  -40.467  40.015 0.7500000000
34780  21.997  -36.065  38.257 0.7500000000
34006  21.556  -37.389  38.946 0.8750000000
33223  21.520  -38.485  39.288 0.7500000000
31335  17.814  -40.574  43.150 0.8750000000
102586  17.584  -40.702  43.855 0.8750000000
31355  19.049  -40.757  42.306 0.8750000000
31375  19.400  -40.784  41.396 0.7500000000
32265  21.141  -40.347  40.543 0.7500000000
31389  20.325  -40.698  40.966 0.7500000000
33215  21.890  -38.854  40.076 0.8750000000
110230  21.193  -40.094  39.872 0.7500000000
34768  21.997  -36.154  39.917 0.8750000000
33996  21.831  -37.894  39.919 0.8750000000
90150  26.161  -35.399  48.650 0.3750000000
89154  25.450  -35.735  48.023 0.6250000000
34722  24.659  -36.811  47.187 0.6250000000
90827  28.124  -34.623  48.630 0.5000000000
89165  26.838  -34.475  48.091 0.6250000000
94079  25.846  -34.887  48.098 0.6250000000
35470  25.159  -35.436  47.285 0.7500000000
34728  24.474  -36.393  46.676 0.8750000000
95815  24.081  -37.761  46.196 0.7500000000
33174  23.825  -38.489  44.836 0.8750000000
31329  23.769  -39.618  43.617 0.8750000000
31330  23.149  -40.540  43.145 0.8750000000
102792  28.494  -34.948  47.885 0.7500000000
89169  26.761  -34.400  47.491 0.7500000000
89159  26.096  -34.400  47.710 0.6250000000
91770  25.552  -34.888  47.504 1.0000000000
106925  24.762  -35.594  46.743 1.0000000000
33966  23.985  -36.843  45.928 1.0000000000
33969  23.363  -37.679  44.556 0.8750000000
33179  23.576  -38.507  43.929 0.8750000000
31353  22.599  -40.505  42.508 0.8750000000
31334  18.721  -40.725  43.118 0.8750000000
89826  27.905  -35.014  47.043 0.8750000000
90637  26.238  -34.343  47.104 0.8750000000
35476  24.712  -35.089  46.171 0.8750000000
99694  23.123  -36.879  44.264 0.8750000000
33186  23.250  -38.341  43.159 0.8750000000
32236  23.257  -39.395  42.685 0.8750000000
31332  20.755  -40.873  42.529 0.8750000000
31333  19.621  -40.827  42.942 0.8750000000
36195  28.464  -34.934  46.393 0.8750000000
89167  26.057  -34.746  46.336 0.8750000000
36196  25.256  -34.748  46.259 0.8750000000
34737  23.411  -36.134  44.621 1.0000000000
32250  22.556  -39.863  42.063 0.8750000000
31373  21.305  -40.452  41.787 0.8750000000
31374  20.544  -40.601  41.761 0.8750000000
36213  27.369  -34.891  45.135 1.0000000000
36215  25.419  -34.760  45.464 0.8750000000
36216  24.706  -34.714  45.419 0.8750000000
36217  24.208  -34.941  44.944 1.0000000000
34739  23.125  -36.149  43.973 1.0000000000
34740  22.960  -36.695  43.464 1.0000000000
33972  22.937  -37.483  42.893 1.0000000000
33195  22.609  -38.474  41.481 0.8750000000
32263  22.404  -39.466  41.510 0.7500000000
32264  21.717  -39.985  41.147 0.7500000000
110079  20.038  -40.673  41.614 0.7500000000
36234  28.204  -34.321  44.513 1.0000000000
36237  25.806  -34.799  44.407 1.0000000000
36238  24.322  -34.580  44.605 1.0000000000
35489  23.404  -35.385  44.175 1.0000000000
34743  22.794  -36.429  42.457 1.0000000000
33979  22.771  -37.485  41.958 0.8750000000
109593  21.028  -40.481  41.254 0.7500000000
37025  28.961  -33.604  43.037 1.0000000000
36235  27.424  -34.577  44.058 1.0000000000
36236  26.727  -34.877  44.502 1.0000000000
37011  24.386  -34.277  44.071 1.0000000000
36258  23.545  -34.475  43.640 1.0000000000
35503  22.882  -35.387  42.376 1.0000000000
33987  22.364  -37.499  41.138 0.8750000000
33988  22.177  -38.225  40.674 0.7500000000
33206  22.206  -39.166  40.820 0.7500000000
36254  28.161  -34.021  43.385 1.0000000000
36256  26.610  -34.611  43.616 0.8750000000
36257  25.633  -34.361  43.372 0.8750000000
37026  24.569  -33.974  43.453 0.8750000000
36270  23.677  -33.665  42.867 0.8750000000
36271  22.843  -34.693  41.757 0.8750000000
97990  22.622  -35.692  41.633 0.8750000000
106691  22.140  -36.769  40.632 0.8750000000
105649  22.063  -37.472  40.484 0.8750000000
93390  21.673  -39.710  40.300 0.7500000000
36268  26.938  -34.400  42.692 1.0000000000
107771  26.330  -34.367  43.037 0.8750000000
37040  25.029  -33.761  42.690 0.8750000000
37042  23.853  -33.111  42.132 0.8750000000
36283  22.801  -34.029  40.978 0.8750000000
35515  22.612  -35.021  40.854 0.8750000000
106293  29.803  -34.915  47.167 0.7500000000
103167  28.879  -35.056  47.154 0.7500000000
36211  29.653  -34.406  45.751 1.0000000000
100501  28.966  -34.638  45.829 1.0000000000
36996  29.877  -33.978  45.110 1.0000000000
36212  28.278  -34.662  45.514 1.0000000000
37008  29.704  -33.661  44.371 1.0000000000
36233  29.094  -34.226  45.003 1.0000000000
37039  29.765  -33.503  42.741 1.0000000000
36210  30.173  -34.538  46.441 0.8750000000
36995  30.433  -34.041  45.666 0.8750000000
37007  30.545  -33.618  44.712 1.0000000000
98303  30.243  -33.380  43.924 1.0000000000
37023  30.579  -33.336  43.164 1.0000000000
37038  30.648  -33.541  42.306 1.0000000000
102520  31.377  -33.384  40.976 0.8750000000
37060  31.497  -33.324  40.264 0.8750000000
37071  31.590  -33.625  39.448 0.7500000000
37081  31.321  -33.303  38.148 0.7500000000
36976  31.154  -34.117  46.463 0.8750000000
36994  31.292  -33.665  45.434 0.8750000000
37006  31.528  -33.444  44.453 1.0000000000
37022  31.744  -33.416  43.420 1.0000000000
37037  31.484  -33.426  42.522 1.0000000000
97420  30.906  -33.365  43.930 1.0000000000
37048  31.454  -33.430  41.715 1.0000000000
109770  31.683  -33.037  40.708 1.0000000000
37080  31.648  -33.050  38.879 0.8750000000
37851  30.408  -32.710  36.926 0.6250000000
37088  31.276  -34.058  37.756 0.6250000000
37089  30.848  -33.365  37.323 0.7500000000
37097  30.513  -33.296  36.564 0.6250000000
92201  32.223  -33.398  45.096 0.6250000000
37005  32.538  -33.409  44.131 0.8750000000
91265  32.100  -33.626  46.026 0.6250000000
37021  32.865  -33.401  43.225 1.0000000000
107527  32.298  -33.381  42.679 1.0000000000
37804  32.249  -33.213  41.983 1.0000000000
37810  32.048  -32.928  41.199 1.0000000000
37817  31.822  -32.597  40.471 1.0000000000
37824  31.648  -32.701  39.657 1.0000000000
37836  31.378  -32.608  38.431 1.0000000000
37837  30.945  -32.622  37.735 0.7500000000
37864  29.978  -32.759  36.112 0.6250000000
37036  32.983  -33.128  42.427 0.8750000000
37803  32.777  -32.649  41.748 0.8750000000
95571  31.607  -32.088  39.015 1.0000000000
38596  31.135  -31.916  38.209 0.7500000000
38604  30.508  -31.811  37.357 0.7500000000
38605  30.001  -32.142  36.575 0.6250000000
38614  29.455  -32.017  35.898 0.6250000000
107801  31.807  -31.277  39.294 1.0000000000
37816  32.453  -32.016  41.024 1.0000000000
38571  31.923  -31.752  40.000 1.0000000000
38595  31.418  -31.241  38.681 1.0000000000
101845  30.840  -31.118  38.001 1.0000000000
39436  28.988  -31.168  35.848 0.7500000000
39437  28.219  -30.934  35.127 0.6250000000
96951  29.799  -31.281  36.703 1.0000000000
39415  30.556  -30.361  37.841 1.0000000000
101503  30.332  -30.979  37.444 1.0000000000
39416  30.011  -30.398  37.219 1.0000000000
39424  29.389  -30.390  36.572 1.0000000000
39425  28.668  -30.234  35.895 0.8750000000
40348  28.018  -29.958  35.218 0.7500000000
40321  30.221  -29.649  37.636 1.0000000000
40322  29.715  -29.761  37.090 1.0000000000
41204  27.948  -28.965  35.304 0.8750000000
42016  27.786  -27.796  34.265 0.8750000000
100878  27.825  -27.694  33.368 0.8750000000
42046  29.137  -27.390  31.352 0.6250000000
40310  30.778  -29.657  38.282 0.8750000000
41190  29.760  -28.892  37.323 1.0000000000
40332  29.167  -29.512  36.619 1.0000000000
41196  29.075  -28.577  36.652 1.0000000000
40333  28.511  -29.255  35.987 1.0000000000
42010  28.057  -27.973  35.153 1.0000000000
101205  28.001  -27.042  33.962 0.8750000000
42849  28.267  -26.697  33.226 1.0000000000
42855  29.016  -26.308  31.939 0.7500000000
42864  28.797  -26.944  31.638 0.7500000000
42848  28.784  -25.991  32.767 0.8750000000
40309  31.374  -29.746  38.913 0.7500000000
41184  31.007  -28.877  38.754 0.7500000000
41185  30.445  -28.846  38.058 0.7500000000
41998  29.647  -27.926  37.171 0.8750000000
42000  29.170  -27.656  36.504 0.8750000000
42001  28.532  -28.279  35.938 1.0000000000
42835  28.364  -26.952  34.790 1.0000000000
43704  28.868  -25.730  33.755 1.0000000000
42842  28.409  -26.423  34.090 1.0000000000
43708  29.465  -25.563  32.402 0.8750000000
41178  31.541  -29.019  39.460 0.7500000000
41989  30.628  -27.996  38.592 0.7500000000
41997  30.213  -28.008  37.806 0.8750000000
107707  30.138  -27.349  37.508 0.8750000000
42819  29.826  -27.115  36.952 0.8750000000
42829  29.482  -26.794  36.261 0.8750000000
42828  29.941  -26.047  35.962 0.8750000000
42009  28.763  -27.331  35.717 1.0000000000
42841  28.912  -26.035  34.645 1.0000000000
43698  29.452  -25.464  34.466 1.0000000000
43707  29.965  -24.922  32.933 1.0000000000
43703  29.838  -25.015  33.854 1.0000000000
93844  30.107  -25.086  32.064 0.8750000000
42806  30.502  -27.090  38.226 0.7500000000
42817  31.000  -26.297  37.865 0.8750000000
43654  31.605  -25.772  37.342 0.8750000000
43655  30.900  -26.100  37.051 0.8750000000
42818  30.420  -26.710  37.395 0.8750000000
43670  31.406  -25.691  36.656 0.7500000000
95917  30.231  -26.424  36.667 0.8750000000
43669  32.204  -25.468  36.620 0.5000000000
43684  32.472  -25.346  35.817 0.7500000000
43685  31.501  -25.446  35.900 0.7500000000
43671  30.760  -25.839  36.316 0.8750000000
43686  30.536  -25.520  35.558 0.8750000000
43695  32.809  -25.297  35.052 0.8750000000
97533  31.982  -25.242  35.255 1.0000000000
43696  31.163  -25.166  35.038 1.0000000000
43687  29.659  -25.692  35.192 1.0000000000
44508  30.842  -24.773  34.225 1.0000000000
43697  30.216  -25.168  34.771 1.0000000000
44507  31.967  -25.056  34.395 1.0000000000
44530  30.600  -24.439  32.603 1.0000000000
44535  30.699  -24.532  31.744 1.0000000000
44529  31.246  -24.094  32.293 1.0000000000
106570  30.843  -24.646  31.003 0.7500000000
43714  31.038  -25.388  30.414 0.7500000000
41988  31.140  -28.040  39.380 0.5000000000
97171  30.935  -27.256  39.045 0.6250000000
43668  33.265  -25.432  36.683 0.5000000000
43667  34.186  -25.309  36.167 0.5000000000
108278  32.888  -25.431  36.232 0.5000000000
43683  33.439  -25.362  35.762 0.5000000000
44519  31.450  -24.585  33.558 1.0000000000
107202  31.124  -24.263  32.975 1.0000000000
44534  31.339  -24.128  31.451 1.0000000000
42090  33.162  -27.454  28.592 0.1250000000
42901  32.709  -26.792  28.652 0.2500000000
42880  32.152  -26.413  29.087 0.5000000000
42881  31.562  -25.921  29.654 0.5000000000
44538  31.419  -24.419  30.645 0.8750000000
43725  32.053  -25.323  29.030 0.5000000000
107995  31.161  -27.345  39.560 0.3750000000
42805  31.196  -26.537  38.718 0.5000000000
42804  31.743  -25.877  38.211 0.3750000000
43652  33.497  -25.292  37.731 0.2500000000
43653  32.455  -25.527  37.531 0.3750000000
43651  34.546  -25.125  37.403 0.2500000000
91560  34.084  -25.360  36.876 0.2500000000
92392  34.908  -25.172  36.596 0.3750000000
43682  34.422  -25.260  35.426 0.5000000000
43694  33.799  -25.208  34.915 0.7500000000
44506  33.107  -25.126  34.196 1.0000000000
97002  31.833  -24.370  32.798 1.0000000000
45310  32.033  -24.002  31.032 0.8750000000
44528  32.132  -24.055  31.938 1.0000000000
43726  31.613  -24.858  29.839 0.7500000000
110049  34.419  -28.180  28.529 0.1250000000
42088  34.954  -27.856  28.147 0.1250000000
42089  34.014  -27.533  28.076 0.1250000000
99105  35.312  -24.631  39.928 0.2500000000
43603  34.434  -24.722  40.010 0.2500000000
42795  31.440  -26.769  39.615 0.1250000000
97405  34.121  -24.933  39.345 0.2500000000
43621  33.386  -25.145  38.981 0.2500000000
43638  32.567  -25.492  38.530 0.2500000000
43620  34.997  -24.824  39.019 0.2500000000
43619  35.848  -25.165  39.311 0.2500000000
43637  34.266  -24.970  38.386 0.2500000000
109370  35.678  -25.162  38.514 0.2500000000
43636  35.162  -25.027  37.994 0.2500000000
44505  34.144  -25.103  34.055 1.0000000000
44517  33.447  -24.992  33.291 1.0000000000
91522  32.782  -24.596  32.612 1.0000000000
44537  31.972  -24.059  30.164 0.8750000000
97658  32.609  -25.988  28.525 0.5000000000
42922  34.225  -26.668  27.677 0.1250000000
43739  33.090  -25.499  28.091 0.5000000000
42923  33.834  -25.795  27.658 0.1250000000
42794  31.962  -26.083  39.139 0.2500000000
105302  35.818  -25.262  37.818 0.2500000000
43650  35.294  -25.086  37.305 0.2500000000
94798  34.969  -25.255  35.718 0.5000000000
43693  34.776  -25.286  34.742 0.8750000000
45293  33.144  -24.346  31.845 1.0000000000
45309  32.598  -23.740  30.551 1.0000000000
45303  32.752  -23.902  31.259 1.0000000000
44543  32.131  -24.353  29.334 0.6250000000
44557  32.391  -24.649  28.749 0.6250000000
43618  36.577  -25.462  39.577 0.2500000000
105690  35.124  -25.325  35.144 0.5000000000
44527  33.741  -24.825  32.428 1.0000000000
45325  32.684  -23.924  28.779 0.8750000000
45308  33.219  -23.472  30.197 1.0000000000
102597  33.127  -24.030  28.147 0.7500000000
43635  36.343  -25.403  38.609 0.2500000000
94101  35.750  -25.219  37.014 0.2500000000
43666  35.633  -25.207  36.085 0.5000000000
43692  35.535  -25.474  34.673 1.0000000000
44516  34.437  -25.055  33.137 1.0000000000
107130  33.172  -23.672  30.834 1.0000000000
45302  33.539  -23.921  31.303 1.0000000000
45317  33.226  -23.358  29.308 1.0000000000
45324  33.393  -23.499  28.476 1.0000000000
43681  35.602  -25.399  35.230 0.5000000000
44504  35.231  -25.336  33.896 1.0000000000
44526  34.674  -24.717  32.326 1.0000000000
104992  34.807  -24.220  31.770 1.0000000000
45292  34.039  -24.413  31.778 1.0000000000
94139  33.847  -23.588  30.750 1.0000000000
45307  34.090  -23.248  29.967 1.0000000000
45316  33.977  -23.062  28.972 1.0000000000
45323  34.034  -23.132  28.120 0.6250000000
44575  34.152  -24.244  27.166 0.3750000000
45339  33.661  -23.786  27.751 0.6250000000
44599  35.405  -24.109  26.312 0.1250000000
45354  35.166  -23.347  26.443 0.3750000000
43665  36.361  -25.314  36.586 0.2500000000
43680  36.243  -25.367  35.579 0.5000000000
43691  36.071  -25.585  34.782 0.5000000000
44514  36.288  -24.825  32.702 1.0000000000
91990  36.072  -25.352  33.506 1.0000000000
44503  36.477  -25.361  34.233 1.0000000000
45284  36.923  -24.291  32.711 1.0000000000
44515  35.405  -25.047  32.900 1.0000000000
45291  37.206  -23.758  32.288 1.0000000000
44524  36.497  -24.163  32.132 1.0000000000
44525  35.615  -24.484  32.032 1.0000000000
45290  38.060  -23.535  32.437 1.0000000000
90966  36.731  -23.627  31.620 1.0000000000
107777  36.070  -23.922  31.602 1.0000000000
45300  35.295  -23.767  31.356 1.0000000000
46000  36.917  -23.301  31.079 1.0000000000
45299  36.136  -23.439  30.979 1.0000000000
45306  35.373  -23.383  30.695 1.0000000000
45301  34.371  -23.856  31.320 1.0000000000
91021  35.713  -22.995  30.077 1.0000000000
108718  34.950  -23.210  30.210 1.0000000000
46015  34.796  -22.912  29.511 1.0000000000
46030  34.635  -22.705  27.723 0.8750000000
46046  34.814  -22.967  26.933 0.3750000000
45338  34.282  -23.417  27.369 0.5000000000
45368  35.686  -23.336  25.995 0.1250000000
46045  35.362  -22.535  26.357 0.5000000000
94199  35.903  -25.566  34.211 0.8750000000
44513  36.942  -24.775  33.458 1.0000000000
45283  37.551  -24.001  33.034 1.0000000000
45298  37.558  -23.331  31.565 1.0000000000
46007  36.705  -22.951  30.445 1.0000000000
46014  35.418  -22.481  29.140 1.0000000000
46020  35.198  -22.053  28.175 0.8750000000
46021  34.631  -22.684  28.590 1.0000000000
46029  35.137  -22.167  27.201 0.6250000000
46780  35.881  -20.938  26.065 0.3750000000
46802  35.810  -21.867  25.894 0.2500000000
45277  39.838  -23.088  34.140 0.7500000000
99039  39.226  -23.423  33.670 0.8750000000
45986  39.973  -23.128  33.172 0.8750000000
45289  39.183  -23.345  32.595 0.8750000000
45991  40.186  -23.009  32.272 0.8750000000
45282  38.410  -23.719  33.306 1.0000000000
45280  37.847  -24.317  33.831 0.8750000000
45997  39.553  -23.063  31.715 0.8750000000
45992  38.574  -23.197  31.707 1.0000000000
90772  38.075  -22.895  30.958 1.0000000000
45999  37.375  -23.016  30.828 1.0000000000
46012  37.132  -22.005  29.354 1.0000000000
46013  36.425  -22.403  29.547 1.0000000000
46750  36.495  -21.754  28.817 1.0000000000
46758  35.860  -22.020  28.790 1.0000000000
46757  35.859  -21.492  28.199 1.0000000000
46764  35.996  -21.009  27.615 0.7500000000
46765  35.552  -21.448  27.432 0.6250000000
47536  36.413  -20.459  25.632 0.3750000000
47529  35.926  -20.715  26.830 0.6250000000
46781  35.526  -21.544  26.612 0.6250000000
46800  37.070  -20.942  25.174 0.1250000000
46801  36.438  -21.403  25.534 0.2500000000
110210  40.081  -22.886  31.714 0.8750000000
45998  38.931  -22.690  31.085 1.0000000000
46004  39.122  -22.085  30.372 1.0000000000
46005  38.408  -22.454  30.519 1.0000000000
90732  38.655  -21.676  29.572 1.0000000000
46740  38.337  -22.128  30.001 1.0000000000
46749  37.853  -21.828  29.454 1.0000000000
47508  37.243  -20.765  28.143 1.0000000000
47509  36.534  -21.153  28.175 1.0000000000
47519  36.469  -20.515  27.469 0.7500000000
48266  36.538  -19.891  26.624 0.6250000000
49039  38.951  -17.750  25.337 0.8750000000
49040  38.515  -18.416  25.697 0.7500000000
48276  37.263  -19.379  25.588 0.3750000000
48277  36.591  -19.731  25.852 0.6250000000
47528  36.164  -20.241  26.178 0.5000000000
49048  40.319  -17.998  23.866 0.3750000000
49043  39.419  -17.993  24.541 0.7500000000
49044  38.665  -18.477  25.015 0.6250000000
48275  38.063  -19.026  25.393 0.5000000000
47535  36.987  -19.996  25.217 0.3750000000
49786  41.106  -17.670  23.478 0.2500000000
49052  41.657  -18.230  22.921 0.2500000000
49791  41.747  -17.326  23.031 0.5000000000
92094  40.673  -21.888  31.102 0.7500000000
46732  39.881  -22.488  31.166 0.8750000000
46739  40.079  -21.766  30.406 0.8750000000
47498  38.938  -21.215  29.148 1.0000000000
46755  38.128  -21.186  28.793 1.0000000000
92670  38.814  -20.641  28.603 1.0000000000
46756  37.245  -21.462  28.793 1.0000000000
47507  37.971  -20.314  28.101 0.8750000000
48264  37.974  -19.215  26.572 0.8750000000
48265  37.243  -19.535  26.812 0.7500000000
47518  37.196  -20.082  27.417 0.8750000000
49779  39.795  -16.799  25.789 1.0000000000
49778  38.942  -17.823  26.016 1.0000000000
49034  38.539  -18.550  26.219 0.8750000000
48273  37.073  -19.296  26.203 0.6250000000
50523  40.127  -16.599  24.971 0.8750000000
49780  39.247  -17.295  25.706 0.8750000000
48272  37.830  -18.979  25.955 0.6250000000
50528  40.659  -16.697  24.313 0.6250000000
49787  40.625  -17.239  23.888 0.6250000000
50533  41.293  -16.844  23.675 0.8750000000
49790  42.151  -17.604  22.337 0.3750000000
49055  42.555  -17.916  21.705 0.3750000000
46730  41.174  -21.860  31.691 0.7500000000
46738  40.903  -21.343  30.401 0.8750000000
46747  40.268  -21.169  29.725 1.0000000000
46748  39.469  -21.516  29.696 1.0000000000
47497  39.579  -20.905  29.125 1.0000000000
48252  39.515  -19.639  27.745 1.0000000000
48253  38.719  -19.971  27.910 1.0000000000
49031  42.422  -17.777  27.887 1.0000000000
49032  41.663  -17.968  27.891 1.0000000000
49033  40.710  -18.315  27.772 1.0000000000
48263  39.353  -18.920  27.187 1.0000000000
92738  38.685  -19.378  27.212 1.0000000000
47517  37.912  -19.689  27.344 0.8750000000
49758  43.213  -17.922  28.266 1.0000000000
49770  41.917  -17.331  27.378 1.0000000000
49771  40.929  -17.376  27.385 1.0000000000
97150  39.852  -18.370  27.320 1.0000000000
109433  38.759  -18.856  26.681 1.0000000000
49775  41.311  -16.804  26.745 1.0000000000
49772  40.025  -17.632  27.132 1.0000000000
49037  39.246  -18.129  26.695 1.0000000000
49774  42.336  -16.878  26.779 0.8750000000
50517  41.841  -16.443  25.992 0.8750000000
101981  40.856  -16.375  24.908 0.8750000000
50527  41.360  -16.306  24.354 0.8750000000
106670  41.951  -16.797  23.213 0.8750000000
49793  42.566  -17.101  21.821 0.7500000000
50537  42.273  -16.942  22.534 0.8750000000
91962  41.537  -21.638  30.931 0.6250000000
104478  42.437  -21.044  30.329 0.6250000000
46737  42.391  -21.445  30.829 0.6250000000
46746  41.007  -20.693  29.775 1.0000000000
47495  41.709  -20.426  29.569 0.8750000000
47496  40.332  -20.497  29.120 1.0000000000
99455  44.113  -18.756  28.927 0.5000000000
47504  41.143  -19.754  28.732 1.0000000000
92512  41.042  -20.154  29.153 1.0000000000
47506  39.590  -20.304  28.415 1.0000000000
108875  43.693  -18.337  28.628 0.6250000000
49020  43.215  -18.829  28.812 1.0000000000
48250  42.364  -19.234  28.749 1.0000000000
49022  41.623  -18.796  28.313 1.0000000000
48251  41.659  -19.539  28.726 1.0000000000
47505  40.443  -19.895  28.357 1.0000000000
49757  44.218  -17.933  28.408 0.6250000000
49021  42.424  -18.412  28.335 1.0000000000
49023  40.958  -19.264  28.281 1.0000000000
48262  40.164  -19.127  27.712 1.0000000000
49768  43.759  -17.308  27.674 0.7500000000
50509  43.313  -16.884  26.881 0.7500000000
50516  42.830  -16.549  26.110 0.7500000000
50521  42.416  -16.224  25.282 0.7500000000
50522  41.525  -16.197  25.129 0.8750000000
50531  42.503  -16.535  23.048 1.0000000000
110175  43.350  -16.524  21.696 0.6250000000
50536  42.881  -16.544  22.115 0.7500000000
49009  45.622  -19.106  29.315 0.5000000000
47494  42.399  -20.632  29.912 0.8750000000
47492  43.857  -20.407  30.128 0.5000000000
47493  43.058  -20.215  29.719 0.5000000000
49019  44.984  -18.580  28.782 0.5000000000
49010  44.760  -19.334  29.366 0.5000000000
49011  43.798  -19.599  29.444 0.5000000000
48241  42.251  -19.972  29.273 0.8750000000
48249  42.933  -19.574  29.215 0.7500000000
49756  45.158  -17.783  28.300 0.3750000000
49767  44.644  -17.255  27.793 0.5000000000
50508  44.310  -16.755  26.990 0.6250000000
50515  43.737  -16.438  26.268 0.7500000000
50520  43.349  -16.272  25.476 0.7500000000
51290  43.932  -16.096  24.858 0.7500000000
50525  43.038  -16.177  24.626 0.7500000000
51294  44.558  -15.844  24.210 0.8750000000
51295  43.699  -16.152  23.911 0.8750000000
51296  42.745  -16.254  23.793 1.0000000000
50532  41.962  -16.387  23.755 1.0000000000
51300  45.549  -15.769  22.516 0.8750000000
51305  44.751  -16.161  22.086 1.0000000000
51301  44.491  -16.107  23.022 0.8750000000
51302  43.312  -16.299  22.945 0.8750000000
51308  45.140  -15.789  21.636 1.0000000000
50535  43.789  -16.315  22.029 1.0000000000
102184  44.354  -16.100  21.405 0.8750000000
50539  43.743  -16.468  21.359 0.3750000000
49008  46.512  -18.888  29.462 0.3750000000
49018  45.925  -18.276  28.732 0.3750000000
49755  45.779  -17.514  28.280 0.3750000000
49766  45.384  -17.133  27.862 0.5000000000
50507  45.046  -16.837  27.320 0.5000000000
50513  45.190  -16.366  26.654 0.6250000000
50514  44.455  -16.243  26.326 0.6250000000
51284  44.929  -15.848  25.909 0.6250000000
50519  44.174  -16.070  25.707 0.7500000000
51289  44.699  -15.785  25.124 0.6250000000
51293  45.336  -15.629  23.677 0.7500000000
106856  45.211  -15.619  24.560 0.7500000000
51304  46.414  -15.369  22.451 0.8750000000
52055  45.242  -14.857  21.279 0.8750000000
52050  46.006  -15.407  21.897 0.8750000000
49746  46.915  -18.113  29.086 0.3750000000
49754  46.444  -17.460  28.529 0.3750000000
49765  46.081  -16.948  27.993 0.3750000000
106153  45.705  -16.677  27.329 0.5000000000
50512  46.119  -16.273  26.720 0.6250000000
51283  45.764  -15.878  26.038 0.6250000000
51288  45.486  -15.672  25.247 0.6250000000
51287  46.343  -15.617  25.346 0.6250000000
109053  46.804  -15.357  23.732 0.7500000000
98707  46.056  -15.487  24.371 0.6250000000
51292  47.139  -15.367  24.581 0.6250000000
52049  47.009  -15.003  22.291 0.7500000000
51299  47.019  -15.249  22.953 0.7500000000
52798  46.402  -13.977  21.611 0.8750000000
50500  46.856  -16.804  28.193 0.3750000000
50506  46.492  -16.530  27.454 0.3750000000
51282  46.603  -15.818  26.153 0.6250000000
51286  47.067  -15.514  25.575 0.3750000000
91678  48.508  -15.085  23.042 0.3750000000
51298  47.661  -15.293  23.451 0.6250000000
53493  48.741  -13.373  21.997 0.3750000000
52046  47.941  -15.135  22.672 0.7500000000
52792  47.155  -14.402  21.931 0.7500000000
53500  47.797  -12.712  21.891 0.7500000000
52797  46.980  -13.434  21.719 0.7500000000
53501  46.633  -12.455  21.615 0.6250000000
53502  45.702  -12.207  21.413 0.8750000000
52043  48.169  -15.096  24.101 0.2500000000
52786  49.933  -13.233  23.502 0.1250000000
52041  49.543  -13.918  23.461 0.1250000000
53488  49.690  -13.100  22.913 0.1250000000
52045  49.111  -14.356  22.787 0.1250000000
101771  48.891  -12.558  22.100 0.2500000000
54154  47.122  -11.730  21.747 0.6250000000
52038  47.921  -15.235  25.399 0.2500000000
52037  48.718  -14.687  24.799 0.1250000000
52036  49.458  -14.126  24.408 0.1250000000
52042  48.960  -14.590  23.668 0.2500000000
52784  50.176  -13.352  24.293 0.1250000000
104706  51.440  -11.782  24.530 0.1250000000
53487  50.282  -12.536  23.705 0.1250000000
54820  51.166  -11.302  23.909 0.1250000000
53491  50.072  -12.359  23.307 0.1250000000
54810  51.605  -11.060  24.572 0.1250000000
54147  50.169  -11.701  23.293 0.2500000000
54830  49.596  -11.333  22.765 0.2500000000
27937  -0.367  -43.957  47.041 0.5000000000
27915  -1.281  -44.139  48.848 0.5000000000
30422  -1.422  -41.026  48.495 0.2500000000
99320  -2.318  -43.723  48.936 0.2500000000
27929  -1.091  -44.418  48.524 0.5000000000
31275  -2.116  -40.915  48.313 0.2500000000
31283  -1.734  -40.730  47.900 0.2500000000
31284  -2.048  -40.895  47.622 0.2500000000
27943  -0.725  -44.731  46.763 0.5000000000
27939  -2.275  -44.428  48.530 0.3750000000
104432  -2.630  -42.910  46.894 0.2500000000
96867  -0.472  -45.588  45.488 0.3750000000
25382  -1.004  -47.343  45.945 0.2500000000
26943  -2.462  -46.214  46.790 0.3750000000
25383  -2.489  -47.338  46.722 0.3750000000
26944  -2.844  -46.000  46.312 0.3750000000
27950  0.877  -44.817  45.748 0.6250000000
26937  -2.098  -45.440  47.429 0.3750000000
29687  -2.437  -42.554  45.193 0.2500000000
30506  -1.576  -41.116  43.588 0.2500000000
98982  -0.204  -40.540  44.099 0.2500000000
93983  -2.380  -42.175  44.513 0.2500000000
29694  -2.754  -42.289  43.735 0.2500000000
27959  6.135  -44.262  42.899 0.1250000000
27960  5.335  -44.462  43.625 0.1250000000
27954  4.730  -44.252  44.252 0.2500000000
101110  3.630  -44.601  44.512 0.3750000000
108838  6.552  -43.901  47.110 1.0000000000
29700  9.569  -42.493  42.917 0.2500000000
28850  8.695  -43.679  47.330 0.7500000000
98755  10.336  -41.577  43.606 0.6250000000
30504  10.708  -41.699  42.998 0.5000000000
30516  11.993  -41.161  42.434 0.3750000000
30467  10.273  -41.587  45.339 0.8750000000
29668  13.003  -41.607  46.912 0.5000000000
29667  13.776  -41.973  46.838 0.6250000000
33242  21.252  -38.018  37.346 0.3750000000
32319  19.992  -40.195  38.048 0.5000000000
32308  20.944  -38.911  37.918 0.5000000000
30462  15.496  -41.497  45.440 0.7500000000
32267  16.207  -39.545  41.906 0.7500000000
96889  21.660  -36.683  38.267 0.5000000000
31356  18.326  -40.654  42.521 0.8750000000
35538  22.129  -35.672  39.074 0.7500000000
34769  21.808  -36.459  39.059 0.8750000000
35526  22.355  -35.313  39.938 0.8750000000
34759  21.831  -37.000  39.874 0.8750000000
99135  24.895  -36.106  47.300 0.6250000000
33963  24.338  -37.204  46.722 0.7500000000
90537  27.546  -34.563  47.866 0.7500000000
103142  27.035  -34.692  48.635 0.6250000000
33967  23.698  -37.702  45.385 0.8750000000
98149  24.075  -39.218  44.343 0.6250000000
32225  24.088  -40.028  44.475 0.7500000000
107811  27.305  -34.603  47.265 0.7500000000
93777  25.662  -34.497  47.001 0.8750000000
35475  25.192  -34.972  46.832 0.7500000000
34734  24.317  -35.855  46.064 1.0000000000
100781  23.438  -36.904  45.041 1.0000000000
108400  23.597  -38.919  43.292 0.8750000000
89166  26.935  -34.619  46.772 0.7500000000
34735  23.815  -36.067  45.346 1.0000000000
33971  23.103  -37.596  43.756 0.8750000000
31354  21.817  -40.531  42.186 0.8750000000
104860  19.896  -40.666  42.139 0.8750000000
102895  27.607  -35.022  46.143 1.0000000000
90746  26.875  -35.097  45.928 0.8750000000
35482  24.263  -35.286  45.474 1.0000000000
33187  23.032  -38.368  42.344 0.8750000000
101282  22.874  -39.112  41.976 0.8750000000
32251  21.982  -40.102  41.729 0.8750000000
36214  26.375  -35.068  45.292 1.0000000000
35483  23.794  -35.408  44.847 1.0000000000
36239  23.826  -34.782  44.413 1.0000000000
36997  24.875  -34.506  44.695 0.8750000000
37012  23.935  -34.324  44.087 1.0000000000
94549  23.088  -35.568  43.273 1.0000000000
37024  29.660  -33.435  43.496 1.0000000000
36255  27.394  -34.365  43.241 1.0000000000
37009  28.948  -33.835  43.947 1.0000000000
37010  25.018  -34.422  43.999 0.8750000000
37027  23.940  -33.880  43.566 1.0000000000
35495  23.160  -34.504  42.679 0.8750000000
34751  22.476  -36.636  41.453 0.8750000000
91282  27.801  -34.122  42.652 1.0000000000
37041  24.117  -33.387  42.890 0.8750000000
36282  23.267  -33.644  41.866 0.8750000000
34758  22.284  -35.917  40.767 0.8750000000
37050  24.607  -33.237  42.011 0.8750000000
105525  29.317  -34.787  46.466 0.7500000000
37049  30.761  -33.751  41.567 0.8750000000
37061  30.935  -33.889  40.844 0.8750000000
43716  29.679  -25.898  31.581 0.7500000000
42856  28.494  -26.808  32.260 0.7500000000
101898  29.348  -25.398  33.158 1.0000000000
42834  29.167  -26.432  35.462 1.0000000000
44520  30.602  -24.514  33.408 1.0000000000
43715  30.337  -25.379  31.121 0.8750000000
44518  32.436  -24.841  33.459 1.0000000000
41277  33.696  -28.124  28.757 0.1250000000
42900  33.329  -26.574  28.091 0.1250000000
43740  32.564  -25.223  28.505 0.5000000000
45318  32.555  -23.710  29.698 0.8750000000
44556  32.844  -24.635  28.294 0.5000000000
91028  34.666  -23.480  30.752 1.0000000000
45355  34.688  -23.778  26.740 0.3750000000
46063  35.905  -22.687  25.800 0.1250000000
46006  37.557  -22.486  30.133 1.0000000000
48284  37.737  -19.662  24.958 0.3750000000
49783  40.004  -17.196  24.355 0.6250000000
48281  40.023  -18.892  24.094 0.3750000000
49784  39.386  -17.090  25.033 0.6250000000
48282  39.302  -18.986  24.558 0.3750000000
48283  38.585  -19.355  24.821 0.6250000000
49047  41.006  -18.511  23.515 0.2500000000
49776  40.323  -16.939  26.653 1.0000000000
50518  40.768  -16.433  25.787 0.8750000000
49777  39.537  -17.359  26.383 1.0000000000
49769  42.842  -17.363  27.468 1.0000000000
50526  42.126  -16.148  24.483 0.8750000000
47487  41.810  -21.083  30.224 0.7500000000
105164  46.193  -15.421  23.276 0.7500000000
52054  46.282  -14.758  21.712 0.8750000000
52048  48.057  -14.661  22.317 0.7500000000
95123  45.997  -13.121  21.522 0.8750000000
108993  48.600  -14.776  22.536 0.3750000000
52790  48.891  -14.142  22.209 0.2500000000
53492  49.284  -13.293  22.333 0.1250000000
52791  47.972  -13.840  22.005 0.6250000000
52787  49.469  -13.684  22.953 0.1250000000
52783  50.562  -12.611  24.170 0.1250000000
54152  49.597  -12.363  22.641 0.2500000000
98295  16.132  -39.522  41.196 0.6250000000
31447  18.722  -40.732  37.451 0.1250000000
97168  19.266  -40.432  38.019 0.1250000000
31409  17.264  -40.213  39.219 0.1250000000
32281  16.421  -39.753  40.564 0.6250000000
32266  16.863  -39.928  41.271 0.6250000000
37074  23.457  -33.260  39.787 0.7500000000
36300  22.988  -33.927  39.426 0.7500000000
37082  23.565  -33.736  39.090 0.6250000000
36309  23.090  -34.380  38.724 0.7500000000
31450  15.832  -41.271  37.558 0.1250000000
31448  17.717  -40.849  37.797 0.1250000000
31428  16.915  -40.594  38.454 0.1250000000
101327  17.731  -40.452  38.643 0.1250000000
31427  18.555  -40.494  38.444 0.1250000000
31408  18.200  -40.335  39.279 0.2500000000
31426  19.360  -40.339  38.816 0.2500000000
108483  18.788  -40.440  39.023 0.2500000000
31392  17.604  -40.132  39.979 0.6250000000
32280  17.094  -39.987  40.514 0.6250000000
31407  19.019  -40.513  39.508 0.2500000000
31391  18.454  -40.445  40.122 0.5000000000
31376  17.778  -40.344  40.855 0.6250000000
32310  20.035  -40.031  38.868 0.6250000000
32297  19.832  -40.357  39.468 0.6250000000
37065  22.980  -33.576  40.262 0.7500000000
109089  24.768  -33.690  39.486 0.6250000000
37073  24.251  -33.223  39.601 0.6250000000
37064  23.504  -33.074  40.528 0.7500000000
34721  25.058  -36.742  47.759 0.5000000000
37052  23.667  -33.037  41.284 0.7500000000
37053  23.186  -33.411  40.992 0.7500000000
37063  24.454  -32.896  40.448 0.7500000000
37072  25.094  -33.385  40.000 0.6250000000
105268  25.493  -33.649  41.880 0.7500000000
37062  25.216  -33.283  41.015 0.7500000000
36291  26.416  -34.770  40.649 0.5000000000
36292  25.827  -34.071  40.386 0.3750000000
36281  26.247  -34.107  41.296 0.5000000000
36276  30.338  -34.327  41.524 0.7500000000
36277  29.451  -34.610  42.018 0.6250000000
36278  28.671  -34.915  42.115 0.5000000000
36279  27.766  -34.752  41.746 0.5000000000
36280  26.966  -34.410  41.861 0.6250000000
99654  28.260  -34.161  42.300 0.6250000000
36290  30.710  -34.612  40.780 0.5000000000
36265  30.012  -33.923  42.170 0.7500000000
110200  28.851  -34.386  42.311 0.6250000000
36266  29.074  -33.917  42.528 0.6250000000
30443  14.964  -42.022  46.095 0.6250000000
30482  15.964  -40.996  44.800 0.7500000000
31310  23.390  -40.712  44.007 0.6250000000
31313  17.107  -40.773  44.159 0.7500000000
36269  26.116  -34.131  42.407 0.6250000000
106381  27.522  -34.309  42.163 0.6250000000
30461  16.430  -41.569  45.344 0.6250000000
30476  22.196  -42.031  44.024 0.5000000000
30478  19.661  -41.382  44.320 0.5000000000
30480  17.762  -41.035  44.533 0.7500000000
30481  16.846  -41.093  44.712 0.7500000000
30498  22.711  -41.378  43.591 0.5000000000
30499  21.960  -41.643  43.344 0.5000000000
101199  20.560  -41.716  44.045 0.6250000000
31311  19.191  -40.949  43.752 0.6250000000
30500  21.095  -41.517  43.277 0.6250000000
30501  20.108  -41.170  43.498 0.6250000000
31312  18.308  -40.796  43.850 0.7500000000
97486  22.484  -41.167  42.965 0.7500000000
31331  21.780  -41.131  42.726 0.7500000000
36267  28.453  -33.881  42.728 0.8750000000
30479  18.763  -41.140  44.512 0.6250000000
37004  33.584  -33.459  43.919 0.7500000000
37794  33.790  -33.082  43.023 0.6250000000
37802  33.446  -32.498  42.276 0.6250000000
37783  34.515  -33.257  43.994 0.6250000000
37793  34.484  -32.460  43.233 0.6250000000
97091  34.039  -32.322  42.635 0.6250000000
38553  33.754  -31.670  42.218 0.7500000000
38554  33.152  -31.869  41.698 0.7500000000
38570  32.526  -31.118  40.614 0.7500000000
39401  32.156  -30.733  39.842 0.6250000000
39407  31.691  -30.571  39.098 0.7500000000
39408  31.123  -30.446  38.463 0.8750000000
38564  32.939  -31.297  41.223 0.6250000000
96992  28.151  -27.562  32.547 0.6250000000
41253  28.611  -27.481  31.904 0.6250000000
42863  29.296  -26.718  31.267 0.6250000000
43720  30.554  -26.144  30.544 0.5000000000
38552  34.333  -31.570  42.797 0.3750000000
38563  33.341  -31.052  41.730 0.3750000000
39376  32.943  -30.553  41.109 0.6250000000
39389  32.505  -30.448  40.501 0.6250000000
39390  32.282  -30.020  40.158 0.5000000000
40296  31.892  -29.893  39.584 0.7500000000
106833  33.254  -30.391  41.777 0.2500000000
40266  32.896  -29.779  41.409 0.1250000000
40283  32.560  -29.824  40.719 0.5000000000
46731  40.483  -22.464  31.750 0.7500000000
40284  32.078  -29.192  40.192 0.5000000000
47472  44.965  -20.286  33.785 0.2500000000
47473  43.660  -20.981  33.804 0.2500000000
102208  42.829  -21.256  33.824 0.2500000000
46719  41.467  -21.782  33.754 0.3750000000
47471  45.134  -20.351  32.959 0.2500000000
102471  44.436  -20.668  33.313 0.2500000000
47478  43.775  -20.995  32.714 0.2500000000
46717  42.982  -21.246  33.040 0.3750000000
46724  41.497  -21.815  32.835 0.3750000000
45990  40.854  -22.256  32.415 0.6250000000
47477  44.523  -20.701  32.331 0.2500000000
46722  43.129  -21.361  32.108 0.2500000000
93286  41.701  -21.792  32.061 0.3750000000
47483  43.860  -21.018  31.741 0.2500000000
46728  43.172  -21.305  31.224 0.2500000000
41169  32.410  -28.923  41.032 0.1250000000
101527  31.643  -28.402  39.942 0.3750000000
47447  43.816  -20.266  35.724 0.2500000000
47460  44.432  -20.496  34.313 0.2500000000
47461  43.817  -20.746  34.891 0.2500000000
46706  43.120  -21.254  34.595 0.2500000000
45975  41.577  -21.867  34.616 0.3750000000
94002  40.462  -22.713  32.912 0.6250000000
45984  40.883  -22.262  33.251 0.3750000000
47482  44.605  -20.675  31.368 0.2500000000
93005  43.058  -20.918  30.392 0.3750000000
93537  43.885  -20.863  30.867 0.2500000000
48204  45.055  -19.846  34.631 0.2500000000
45976  40.386  -22.715  34.760 0.5000000000
91879  40.888  -22.194  34.181 0.3750000000
45985  40.378  -22.647  33.681 0.6250000000
48224  46.007  -20.140  31.681 0.2500000000
47476  45.268  -20.413  31.972 0.2500000000
94548  46.083  -20.065  30.993 0.3750000000
47481  45.396  -20.376  30.983 0.3750000000
48231  45.186  -20.226  30.283 0.3750000000
48240  44.628  -20.050  29.904 0.3750000000
48219  45.892  -20.074  32.642 0.2500000000
48230  45.795  -20.013  30.403 0.3750000000
48239  45.373  -19.782  29.829 0.3750000000
44502  37.311  -24.882  34.415 0.7500000000
36993  32.875  -33.299  45.620 0.6250000000
46062  36.527  -22.389  25.514 0.1250000000
108028  41.904  -21.726  31.420 0.5000000000
46729  42.457  -21.589  31.654 0.3750000000
48238  46.145  -19.534  29.924 0.3750000000
37051  24.263  -32.864  41.291 0.7500000000
31410  16.333  -40.303  39.136 0.1250000000
37818  23.897  -32.809  40.165 0.6250000000
37811  23.944  -32.754  40.732 0.7500000000
31429  15.783  -40.750  38.224 0.1250000000
30477  21.412  -42.046  43.886 0.5000000000
46718  42.169  -21.472  33.368 0.3750000000
46723  42.319  -21.553  32.467 0.3750000000
41170  31.905  -28.254  40.530 0.2500000000
47486  44.613  -20.492  30.544 0.3750000000
27005  -2.141  -46.085  37.876 0.1250000000
27995  -1.761  -44.971  38.272 0.1250000000
27017  -1.345  -45.784  37.587 0.1250000000
27016  -0.681  -45.327  37.958 0.1250000000
27994  -0.868  -44.530  38.463 0.1250000000
100587  0.190  -44.640  38.803 0.1250000000
26208  -2.973  -46.645  39.666 0.1250000000
27006  -2.528  -45.416  39.012 0.1250000000
27981  -2.358  -44.389  39.475 0.1250000000
28922  -1.528  -44.082  39.194 0.1250000000
28921  -0.583  -43.848  39.299 0.1250000000
108565  -0.050  -44.129  38.987 0.1250000000
25426  -3.968  -47.624  42.281 0.1250000000
26184  -3.868  -47.156  42.334 0.1250000000
26194  -3.485  -46.816  41.639 0.1250000000
26974  -3.376  -45.621  41.597 0.1250000000
27971  -3.376  -44.647  41.408 0.1250000000
109033  -3.245  -44.472  40.726 0.1250000000
28903  -3.436  -43.996  41.873 0.1250000000
28911  -1.180  -43.442  40.134 0.1250000000
28910  -0.166  -43.227  40.078 0.1250000000
28920  0.463  -43.606  39.354 0.1250000000
28936  0.947  -43.844  38.949 0.1250000000
109649  -4.607  -48.434  43.290 0.1250000000
93849  -4.489  -47.897  42.768 0.1250000000
107386  -4.046  -47.210  42.919 0.1250000000
27957  -3.359  -44.205  44.657 0.1250000000
104701  -3.074  -44.965  45.701 0.1250000000
26964  -3.325  -45.341  42.217 0.1250000000
27952  -2.959  -44.169  45.771 0.1250000000
27962  -3.524  -44.305  42.827 0.1250000000
28902  -3.027  -43.518  41.395 0.1250000000
28896  -3.276  -43.427  42.240 0.1250000000
29713  -1.647  -42.379  41.358 0.1250000000
29724  -0.874  -42.624  40.780 0.1250000000
29725  -1.746  -42.930  40.675 0.1250000000
29723  0.262  -42.580  40.645 0.1250000000
29733  0.949  -42.930  39.818 0.1250000000
28919  1.692  -43.242  39.277 0.1250000000
105191  -2.719  -47.929  46.921 0.2500000000
24016  -4.444  -49.555  44.509 0.1250000000
25385  -3.321  -48.012  45.211 0.1250000000
25384  -2.929  -47.423  46.369 0.2500000000
26155  -3.350  -46.731  43.833 0.2500000000
26171  -3.004  -45.765  43.781 0.2500000000
101467  -2.875  -45.087  46.644 0.1250000000
27958  -3.611  -43.928  43.605 0.1250000000
28891  -3.593  -43.684  43.200 0.1250000000
28887  -3.534  -43.417  43.989 0.1250000000
28886  -3.222  -43.274  44.942 0.1250000000
29714  -2.585  -42.865  41.788 0.1250000000
29703  -2.847  -42.748  42.804 0.1250000000
109397  -0.996  -42.143  41.212 0.1250000000
108315  -1.322  -41.871  42.083 0.1250000000
29702  -1.995  -42.237  42.331 0.1250000000
29712  0.670  -41.972  41.081 0.1250000000
98926  1.320  -42.332  40.345 0.1250000000
29722  1.634  -41.723  40.782 0.1250000000
29721  2.145  -41.911  39.929 0.1250000000
29732  2.032  -42.554  39.548 0.1250000000
26146  -2.736  -46.811  46.447 0.2500000000
26938  -2.558  -45.526  47.142 0.2500000000
30520  -1.494  -41.518  42.797 0.1250000000
29693  -2.155  -41.882  43.246 0.1250000000
30535  0.034  -41.599  41.693 0.1250000000
30534  1.089  -41.428  41.564 0.1250000000
30533  2.082  -41.187  41.225 0.1250000000
29731  2.618  -42.061  39.168 0.1250000000
28918  2.631  -42.685  38.812 0.1250000000
30577  2.721  -41.495  38.805 0.1250000000
102212  2.633  -42.420  38.067 0.1250000000
30519  -0.633  -41.358  42.409 0.1250000000
30505  -1.020  -40.994  43.169 0.1250000000
30518  0.471  -41.055  42.294 0.1250000000
92417  1.052  -40.595  42.880 0.1250000000
30517  1.589  -40.865  42.041 0.1250000000
31397  2.977  -40.913  40.824 0.1250000000
30546  2.506  -41.409  40.368 0.1250000000
31415  2.942  -40.757  39.129 0.1250000000
30562  2.761  -41.489  39.559 0.1250000000
29740  2.685  -42.050  38.426 0.1250000000
30578  2.102  -41.434  38.089 0.1250000000
29747  2.006  -42.054  37.844 0.1250000000
29748  0.927  -42.250  37.325 0.1250000000
107961  -0.489  -41.155  36.601 0.1250000000
31291  0.084  -40.590  46.554 0.1250000000
31344  0.628  -40.400  43.670 0.1250000000
31345  -0.128  -40.800  43.222 0.1250000000
31320  0.506  -40.415  44.318 0.1250000000
105414  1.961  -40.171  43.999 0.1250000000
32217  1.888  -40.340  44.861 0.1250000000
31343  1.591  -40.295  43.461 0.1250000000
31382  2.629  -40.687  41.674 0.1250000000
31380  4.080  -39.963  40.797 0.1250000000
30545  3.218  -41.010  39.987 0.1250000000
31414  3.485  -40.302  39.711 0.1250000000
31431  2.300  -40.767  38.347 0.1250000000
32311  2.484  -40.120  38.553 0.1250000000
32312  1.707  -39.996  38.006 0.1250000000
31432  1.312  -40.755  37.774 0.1250000000
30591  1.037  -41.507  37.542 0.1250000000
32320  0.573  -39.967  37.449 0.1250000000
31451  0.077  -40.792  37.095 0.1250000000
31281  -0.572  -40.720  47.252 0.1250000000
31300  1.342  -40.323  45.667 0.1250000000
32209  2.131  -40.257  45.906 0.1250000000
31363  2.272  -40.443  42.626 0.1250000000
31342  2.585  -40.191  43.421 0.1250000000
31318  2.807  -40.214  44.185 0.1250000000
31362  3.279  -40.267  42.066 0.1250000000
106915  3.963  -39.885  42.432 0.1250000000
31381  3.498  -40.444  41.250 0.1250000000
31396  3.593  -40.483  40.455 0.1250000000
106968  3.900  -39.932  40.140 0.1250000000
32300  3.533  -39.346  39.592 0.1250000000
32301  2.937  -39.823  39.072 0.1250000000
109632  2.835  -39.024  38.945 0.1250000000
101018  2.143  -39.267  38.399 0.1250000000
94418  1.086  -39.223  37.745 0.1250000000
33235  1.350  -38.492  38.079 0.1250000000
95623  -0.112  -39.190  37.259 0.1250000000
32321  -0.559  -39.871  36.827 0.1250000000
30431  1.790  -41.137  47.363 0.3750000000
30420  2.383  -40.950  47.948 0.3750000000
91148  1.219  -40.443  46.372 0.1250000000
106687  2.573  -40.726  47.627 0.2500000000
32208  3.267  -40.295  46.125 0.1250000000
31290  2.531  -40.480  46.823 0.1250000000
32227  3.879  -40.089  44.397 0.1250000000
32215  4.089  -40.179  45.370 0.1250000000
32241  3.724  -39.988  43.396 0.1250000000
32270  4.054  -39.912  41.594 0.1250000000
32285  4.241  -39.318  40.294 0.1250000000
33224  3.797  -38.467  39.869 0.1250000000
32254  14.647  -39.659  42.177 0.5000000000
33234  2.275  -38.357  38.592 0.1250000000
28836  2.859  -42.796  48.635 0.5000000000
30419  2.405  -41.488  48.491 0.3750000000
105898  2.631  -40.983  48.764 0.3750000000
31266  2.934  -40.654  49.323 0.2500000000
31280  3.334  -40.486  47.776 0.1250000000
32200  4.202  -40.101  47.901 0.1250000000
32207  4.344  -40.066  46.310 0.1250000000
32199  4.716  -39.468  47.436 0.1250000000
32255  4.625  -39.479  42.860 0.1250000000
32226  4.938  -39.757  44.677 0.1250000000
32206  5.245  -39.481  46.619 0.1250000000
30459  18.323  -41.546  45.191 0.5000000000
30460  17.367  -41.584  45.256 0.5000000000
32240  4.763  -39.673  43.749 0.1250000000
33181  5.920  -39.183  44.938 0.1250000000
33175  6.173  -39.113  45.856 0.1250000000
107048  4.520  -39.356  41.968 0.1250000000
33188  5.425  -38.856  43.304 0.1250000000
33180  6.033  -38.531  44.208 0.1250000000
33968  6.209  -38.345  45.926 0.1250000000
32284  4.649  -39.390  41.078 0.1250000000
33196  4.864  -38.783  42.449 0.1250000000
33216  4.489  -38.458  40.651 0.1250000000
101595  3.069  -38.359  39.190 0.1250000000
97595  2.515  -42.576  49.336 0.5000000000
28818  2.203  -42.752  50.079 0.3750000000
30412  2.577  -41.238  49.407 0.3750000000
91818  2.867  -40.812  49.898 0.3750000000
32189  3.360  -40.167  49.170 0.1250000000
32185  3.056  -40.178  49.964 0.1250000000
29643  17.407  -42.886  47.026 0.2500000000
29664  16.472  -42.671  46.561 0.2500000000
29644  16.581  -43.151  47.231 0.2500000000
32188  3.399  -39.488  49.599 0.1250000000
29663  17.325  -42.493  46.351 0.3750000000
32194  3.838  -39.614  48.772 0.1250000000
30440  17.918  -42.144  45.873 0.5000000000
30441  16.908  -42.141  45.857 0.3750000000
30442  15.940  -42.132  45.946 0.3750000000
33166  4.678  -38.802  47.817 0.1250000000
32193  4.084  -38.605  48.670 0.1250000000
33165  5.162  -38.156  47.424 0.1250000000
33970  6.381  -37.856  44.269 0.1250000000
96096  6.414  -38.513  45.064 0.1250000000
104071  5.227  -38.153  42.783 0.1250000000
33207  4.775  -38.713  41.544 0.1250000000
33997  4.104  -37.345  40.657 0.1250000000
34005  24.595  -37.139  38.419 0.1250000000
27913  3.403  -44.416  50.137 0.5000000000
27914  2.555  -44.198  50.570 0.5000000000
27912  4.314  -44.698  49.748 0.5000000000
28807  2.112  -43.107  50.496 0.3750000000
29617  2.074  -42.343  50.422 0.3750000000
30404  1.902  -41.539  50.854 0.3750000000
99648  2.362  -40.765  50.648 0.2500000000
99912  15.734  -43.135  47.122 0.3750000000
29665  15.364  -42.636  46.588 0.3750000000
33155  3.527  -38.841  49.960 0.1250000000
93617  17.967  -42.557  46.540 0.2500000000
29680  18.798  -42.076  45.617 0.3750000000
30458  19.250  -41.690  45.065 0.5000000000
34794  22.386  -36.707  37.080 0.1250000000
34032  22.189  -37.579  36.745 0.1250000000
34026  22.864  -37.351  36.801 0.1250000000
103535  24.367  -36.360  37.986 0.1250000000
34015  23.994  -37.015  37.555 0.1250000000
34025  23.441  -37.387  37.131 0.1250000000
34767  24.907  -36.227  38.819 0.1250000000
34757  26.060  -36.627  40.782 0.2500000000
34756  26.471  -35.640  40.591 0.2500000000
34766  25.423  -36.510  39.713 0.1250000000
34750  26.817  -36.253  41.181 0.1250000000
34749  27.785  -36.083  41.292 0.1250000000
35512  29.266  -35.614  41.686 0.1250000000
35513  28.388  -35.522  41.614 0.1250000000
26927  5.543  -45.472  50.062 0.5000000000
26928  4.773  -45.264  50.134 0.3750000000
27895  4.030  -45.144  50.542 0.3750000000
27911  5.121  -44.989  49.459 0.5000000000
28826  17.580  -43.966  48.870 0.2500000000
28844  17.168  -43.452  47.858 0.2500000000
28845  16.050  -43.510  47.850 0.2500000000
28847  14.076  -43.928  47.419 0.2500000000
28843  18.787  -43.450  47.888 0.2500000000
99143  17.957  -43.154  47.629 0.2500000000
29645  14.836  -43.165  47.114 0.3750000000
29646  13.762  -43.223  47.439 0.5000000000
29641  19.308  -43.264  47.038 0.3750000000
29642  18.380  -42.898  47.096 0.2500000000
29666  14.370  -42.664  46.865 0.5000000000
29661  19.786  -43.175  46.205 0.3750000000
29679  19.664  -42.552  45.524 0.3750000000
34795  21.889  -36.573  37.555 0.2500000000
106972  22.921  -36.083  37.341 0.1250000000
35555  23.670  -35.298  37.925 0.1250000000
35536  25.464  -35.570  39.477 0.1250000000
35525  25.950  -36.024  40.090 0.1250000000
109110  27.738  -35.369  41.393 0.2500000000
35511  30.061  -35.123  41.326 0.2500000000
97178  31.457  -34.673  39.337 0.2500000000
35523  30.636  -35.456  40.594 0.2500000000
36307  31.535  -34.815  38.349 0.2500000000
26926  6.793  -45.198  49.250 0.5000000000
27887  18.100  -45.610  51.396 0.2500000000
27888  17.429  -45.699  50.778 0.2500000000
27889  16.519  -46.240  51.185 0.2500000000
90853  15.938  -45.690  49.991 0.2500000000
27902  18.500  -45.171  50.217 0.2500000000
27904  16.663  -45.227  50.035 0.2500000000
96151  15.236  -45.178  49.038 0.2500000000
27906  14.489  -45.956  48.774 0.2500000000
27901  19.700  -44.902  49.908 0.2500000000
27903  17.553  -44.879  49.761 0.2500000000
27920  16.853  -44.487  49.257 0.2500000000
27921  16.031  -44.575  49.275 0.2500000000
27931  13.691  -44.869  47.583 0.2500000000
27919  20.191  -44.904  49.167 0.2500000000
94112  19.337  -44.124  48.474 0.2500000000
28825  18.558  -43.908  48.743 0.2500000000
28827  16.523  -43.954  48.586 0.2500000000
28846  15.033  -43.714  47.651 0.2500000000
28848  13.254  -43.437  47.683 0.5000000000
28823  20.525  -44.803  47.979 0.2500000000
28842  19.845  -44.032  47.769 0.2500000000
109721  13.500  -42.516  47.393 0.5000000000
28864  20.246  -43.748  46.919 0.3750000000
30457  20.143  -42.066  44.783 0.3750000000
107340  20.926  -42.325  44.446 0.3750000000
35556  23.107  -35.481  37.740 0.3750000000
34779  22.477  -35.901  37.722 0.2500000000
35547  24.014  -34.775  38.326 0.2500000000
106163  24.283  -35.571  38.128 0.1250000000
35537  24.754  -35.068  38.832 0.1250000000
96856  26.019  -35.073  40.062 0.2500000000
36298  31.051  -34.887  40.121 0.2500000000
36315  30.936  -33.921  36.962 0.5000000000
36322  30.735  -33.701  36.262 0.3750000000
109318  15.892  -45.300  52.083 0.2500000000
27876  15.816  -46.334  51.676 0.2500000000
26141  14.540  -46.947  50.786 0.2500000000
27874  17.486  -45.666  52.392 0.2500000000
27890  15.724  -47.079  50.799 0.2500000000
26142  15.065  -47.020  50.455 0.2500000000
26923  12.435  -45.878  49.009 0.2500000000
27907  12.067  -45.238  49.376 0.2500000000
27905  15.245  -46.679  49.830 0.2500000000
26929  13.568  -45.987  48.825 0.2500000000
108582  12.795  -45.588  48.342 0.2500000000
27922  13.680  -45.476  48.044 0.2500000000
27923  12.976  -45.074  47.804 0.2500000000
29660  20.659  -43.448  46.174 0.3750000000
29678  20.847  -42.859  45.279 0.3750000000
29677  21.954  -42.928  45.363 0.3750000000
30456  21.631  -42.466  44.590 0.3750000000
89157  28.987  -35.088  48.690 0.3750000000
89156  27.431  -34.585  48.481 0.3750000000
36301  22.578  -34.814  39.041 0.3750000000
104484  22.395  -35.497  38.424 0.5000000000
36308  23.640  -34.290  38.593 0.5000000000
36299  24.347  -34.041  38.929 0.1250000000
109850  25.277  -34.354  39.528 0.1250000000
35514  27.006  -35.155  41.225 0.2500000000
36289  31.277  -34.155  40.126 0.5000000000
93729  31.597  -33.930  38.642 0.5000000000
37108  30.569  -33.384  35.562 0.2500000000
26910  13.608  -45.551  50.973 0.2500000000
107088  13.115  -45.503  50.510 0.2500000000
30455  22.439  -42.361  44.842 0.3750000000
102989  26.439  -34.765  48.382 0.3750000000
90755  29.576  -35.154  49.627 0.3750000000
90046  30.282  -34.875  49.553 0.3750000000
102894  29.879  -35.024  48.752 0.3750000000
89669  29.403  -35.071  47.917 0.6250000000
36175  30.670  -34.694  48.970 0.3750000000
89160  30.367  -34.846  47.968 0.3750000000
36193  31.380  -34.374  47.409 0.3750000000
90944  32.197  -33.987  46.984 0.5000000000
37098  30.313  -33.243  36.018 0.2500000000
30475  22.942  -41.637  44.402 0.3750000000
36167  31.440  -34.426  49.392 0.3750000000
36935  33.576  -33.333  49.366 0.2500000000
36947  32.125  -34.188  48.958 0.2500000000
36945  33.794  -33.393  48.417 0.2500000000
36960  32.131  -34.003  47.992 0.2500000000
36194  30.633  -34.628  47.169 0.5000000000
95429  33.225  -33.324  44.828 0.6250000000
103883  34.139  -33.535  44.612 0.5000000000
31298  23.607  -40.944  44.910 0.3750000000
36936  32.758  -33.758  49.562 0.2500000000
33164  24.470  -38.403  47.223 0.3750000000
33170  24.228  -38.468  46.527 0.3750000000
32214  24.202  -39.378  45.186 0.5000000000
33960  24.663  -37.554  47.413 0.3750000000
101493  24.341  -37.872  46.831 0.3750000000
33173  24.053  -38.511  45.701 0.3750000000
40368  27.664  -29.578  34.673 0.5000000000
40369  27.527  -29.541  34.030 0.6250000000
41214  27.638  -28.746  34.534 0.6250000000
41215  27.581  -28.632  33.681 0.6250000000
48309  43.754  -19.412  21.385 0.1250000000
48310  43.038  -18.780  21.641 0.1250000000
106421  44.285  -19.088  20.658 0.1250000000
106853  43.628  -18.686  21.131 0.1250000000
49058  44.648  -18.179  20.333 0.1250000000
49059  43.880  -18.087  20.794 0.1250000000
49074  45.965  -18.851  19.608 0.1250000000
49057  45.407  -18.132  19.886 0.1250000000
49798  43.445  -17.304  21.025 0.2500000000
49809  46.019  -18.063  19.253 0.1250000000
49796  44.891  -17.371  20.131 0.1250000000
49825  46.049  -17.197  18.751 0.1250000000
49810  45.424  -17.345  19.490 0.1250000000
49792  42.923  -17.359  21.401 0.2500000000
49797  44.125  -17.303  20.575 0.1250000000
104943  45.027  -16.755  19.883 0.1250000000
50545  44.493  -16.632  20.445 0.1250000000
50564  45.224  -16.430  19.072 0.1250000000
108608  46.010  -14.855  17.959 0.1250000000
51309  44.715  -15.383  20.946 0.6250000000
93818  44.420  -16.091  20.855 0.2500000000
50546  43.789  -16.706  20.951 0.2500000000
51316  44.926  -16.054  20.063 0.1250000000
51320  44.913  -15.450  19.348 0.1250000000
52068  45.553  -14.840  18.273 0.1250000000
51324  45.354  -15.553  18.594 0.2500000000
52067  46.011  -14.203  17.942 0.1250000000
52799  45.605  -13.908  21.357 0.7500000000
51317  44.826  -15.256  20.292 0.3750000000
52807  46.352  -13.328  17.769 0.1250000000
52818  46.926  -13.990  17.629 0.1250000000
53503  45.223  -12.857  21.101 0.7500000000
52800  44.989  -13.797  20.879 0.5000000000
52056  44.821  -14.550  20.590 0.3750000000
53507  44.886  -12.194  20.613 0.6250000000
98286  44.843  -13.021  20.464 0.5000000000
52809  44.886  -12.969  19.201 0.1250000000
107001  44.714  -13.204  19.804 0.3750000000
52063  44.790  -14.591  19.749 0.3750000000
102153  44.877  -12.166  18.972 0.1250000000
52805  44.851  -13.841  19.275 0.3750000000
53518  45.871  -12.638  17.980 0.1250000000
53511  45.288  -12.768  18.570 0.1250000000
30432  0.412  -41.028  47.120 0.1250000000
25401  -3.133  -47.205  45.075 0.2500000000
26935  -2.283  -45.095  47.923 0.3750000000
28882  -2.538  -43.206  45.955 0.1250000000
31321  0.075  -40.564  44.976 0.1250000000
31301  0.577  -40.436  45.817 0.1250000000
31377  13.975  -40.245  41.840 0.1250000000
36293  22.676  -34.387  40.040 0.6250000000
41976  31.524  -27.522  40.082 0.1250000000
50540  43.173  -16.813  21.456 0.3750000000
29688  -3.141  -42.697  44.282 0.1250000000
29695  -3.373  -43.012  43.468 0.1250000000
32268  15.346  -39.449  41.495 0.5000000000
32298  16.785  -39.965  39.880 0.1250000000
35549  22.811  -35.126  38.266 0.3750000000
35548  23.355  -34.868  38.236 0.3750000000
109834  -1.201  -45.128  37.903 0.1250000000
26990  -3.090  -45.819  39.770 0.1250000000
93805  -3.299  -46.231  40.642 0.1250000000
27982  -3.078  -44.789  39.966 0.1250000000
28912  -2.093  -43.602  40.172 0.1250000000
94833  -3.451  -46.314  41.997 0.1250000000
26172  -3.307  -46.282  42.727 0.2500000000
27966  -3.417  -44.602  42.200 0.1250000000
27983  -3.350  -45.241  40.682 0.1250000000
108615  -3.243  -44.060  41.172 0.1250000000
28897  -3.592  -43.921  42.614 0.1250000000
28913  -2.862  -43.921  40.524 0.1250000000
28901  -2.403  -43.118  40.946 0.1250000000
110010  -3.967  -47.710  43.808 0.2500000000
26950  -3.118  -45.319  44.913 0.1250000000
27961  -3.196  -44.738  43.715 0.1250000000
26953  -3.072  -45.187  42.828 0.1250000000
29704  -3.458  -43.428  42.884 0.1250000000
29701  -0.848  -41.881  41.610 0.1250000000
91531  -0.345  -42.075  41.189 0.1250000000
105882  -4.147  -48.633  44.213 0.2500000000
24658  -3.623  -48.894  45.412 0.1250000000
24007  -4.659  -50.372  44.803 0.1250000000
30592  -0.150  -41.704  36.872 0.1250000000
31319  1.206  -40.228  44.166 0.1250000000
102236  0.934  -40.449  44.963 0.1250000000
98809  0.470  -40.702  46.763 0.2500000000
32216  2.992  -40.461  45.134 0.1250000000
31341  3.188  -40.157  42.795 0.1250000000
94960  1.603  -40.779  47.050 0.2500000000
32201  3.723  -40.271  47.023 0.1250000000
33176  5.178  -39.711  45.621 0.1250000000
104948  4.499  -39.930  47.079 0.1250000000
28816  2.869  -43.544  49.588 0.5000000000
29627  2.311  -42.014  49.667 0.3750000000
31272  2.964  -40.638  48.489 0.2500000000
31271  3.601  -40.283  48.468 0.1250000000
98825  4.358  -39.405  48.122 0.1250000000
93866  5.491  -39.239  44.157 0.1250000000
33171  5.765  -38.736  46.602 0.1250000000
33172  5.225  -38.985  47.204 0.1250000000
34007  3.247  -37.541  39.513 0.1250000000
28817  2.345  -43.397  50.237 0.5000000000
30408  2.460  -41.320  50.197 0.3750000000
31263  2.716  -40.616  50.302 0.2500000000
33159  3.666  -38.879  49.279 0.1250000000
29662  18.819  -42.652  46.261 0.3750000000
33154  3.860  -38.283  49.439 0.1250000000
27896  3.050  -44.938  50.919 0.3750000000
28806  2.169  -43.775  50.798 0.5000000000
28798  1.994  -43.009  50.879 0.3750000000
106994  1.858  -42.352  50.851 0.3750000000
32176  2.417  -39.986  50.777 0.2500000000
33146  3.239  -38.772  50.768 0.1250000000
33136  3.816  -38.217  51.155 0.1250000000
34793  23.190  -36.679  37.120 0.1250000000
34792  23.660  -35.990  37.536 0.1250000000
107563  25.694  -36.601  40.241 0.2500000000
27882  3.998  -45.461  51.350 0.3750000000
104541  18.017  -43.463  48.241 0.2500000000
28828  15.482  -44.147  48.443 0.2500000000
28830  13.386  -44.304  47.611 0.5000000000
91049  17.191  -45.920  51.598 0.2500000000
26922  14.539  -46.490  49.624 0.2500000000
28811  19.317  -44.631  49.279 0.2500000000
28812  18.303  -44.458  49.418 0.2500000000
28829  14.424  -44.937  47.894 0.2500000000
28824  20.056  -44.665  48.555 0.2500000000
108932  20.207  -43.067  45.741 0.3750000000
27875  16.669  -45.856  52.195 0.2500000000
27877  14.810  -45.541  51.567 0.2500000000
26908  15.077  -46.902  51.113 0.2500000000
26916  13.653  -46.191  50.499 0.2500000000
26144  13.499  -46.266  49.623 0.2500000000
26917  12.653  -45.767  49.850 0.2500000000
28813  12.130  -44.286  48.975 0.2500000000
27924  12.196  -45.111  48.441 0.2500000000
90084  28.572  -35.081  49.312 0.3750000000
27892  12.571  -45.074  50.248 0.2500000000
36183  31.273  -34.474  48.319 0.2500000000
107918  30.897  -34.598  47.692 0.3750000000
36946  32.969  -33.812  48.662 0.2500000000
36959  33.176  -33.523  47.577 0.2500000000
109640  42.559  -18.569  21.949 0.1250000000
49054  43.186  -17.999  21.216 0.1250000000
52065  45.028  -14.755  18.883 0.3750000000
52808  45.309  -14.087  18.534 0.1250000000
96280  45.642  -13.418  18.235 0.1250000000
53506  45.217  -11.968  21.077 0.7500000000
52803  44.731  -13.811  20.180 0.5000000000
107643  45.150  -13.425  18.762 0.1250000000
53509  44.673  -12.383  19.813 0.2500000000
28797  2.124  -43.640  51.300 0.2500000000
28788  2.260  -43.274  51.866 0.2500000000
29616  1.755  -42.527  51.372 0.2500000000
27897  2.453  -44.484  51.114 0.2500000000
28787  3.106  -44.056  52.406 0.2500000000
26915  4.743  -45.845  51.732 0.2500000000
27883  3.325  -45.033  51.646 0.2500000000
28796  2.859  -44.182  51.845 0.2500000000
26920  6.012  -45.746  50.724 0.2500000000
29613  12.321  -41.664  50.632 0.1250000000
29615  10.297  -41.977  50.785 0.1250000000
28785  9.387  -43.626  52.409 0.1250000000
27860  8.486  -44.720  53.449 0.1250000000
28791  16.000  -44.174  52.338 0.1250000000
28793  14.517  -44.248  51.743 0.1250000000
95561  14.296  -43.214  51.841 0.1250000000
105165  13.301  -42.346  51.020 0.1250000000
29619  13.004  -42.984  50.411 0.1250000000
29614  11.477  -41.914  50.154 0.1250000000
28804  10.019  -43.029  50.841 0.1250000000
28795  9.461  -43.608  51.395 0.1250000000
27866  8.951  -44.184  51.810 0.1250000000
27881  7.936  -45.259  51.738 0.1250000000
27869  6.875  -45.424  53.012 0.1250000000
26903  5.721  -45.764  53.108 0.2500000000
92663  5.306  -45.524  53.916 0.2500000000
27870  3.552  -45.276  53.258 0.2500000000
28776  2.805  -43.706  54.128 0.2500000000
29609  16.500  -43.142  52.866 0.1250000000
95802  15.339  -44.721  51.914 0.1250000000
29612  13.739  -43.142  51.065 0.1250000000
100899  12.440  -42.390  50.190 0.1250000000
28805  9.529  -43.677  50.512 0.1250000000
27880  8.505  -44.813  51.338 0.1250000000
26913  6.547  -45.787  51.368 0.2500000000
26906  6.131  -45.746  52.259 0.2500000000
26904  4.605  -46.157  53.144 0.2500000000
28802  13.241  -44.066  50.598 0.1250000000
29622  10.754  -42.434  50.043 0.1250000000
27893  9.054  -44.341  50.073 0.2500000000
26919  6.988  -45.792  50.524 0.3750000000
29620  12.558  -43.154  49.744 0.1250000000
26925  7.474  -45.516  49.739 0.3750000000
28790  16.965  -44.645  53.143 0.1250000000
26911  8.073  -45.374  50.812 0.3750000000
29621  12.108  -42.409  49.568 0.1250000000
29626  10.965  -42.509  49.610 0.1250000000
28814  10.157  -43.071  50.054 0.2500000000
26924  8.201  -45.447  50.050 0.3750000000
109828  17.839  -44.973  53.134 0.1250000000
108601  12.223  -42.562  48.966 0.1250000000
94455  11.445  -42.480  49.038 0.2500000000
28832  10.307  -42.854  49.337 0.3750000000
28833  9.548  -43.271  48.687 0.3750000000
97986  8.625  -44.925  49.789 0.3750000000
27909  8.247  -45.119  49.288 0.3750000000
28783  18.628  -44.387  53.111 0.1250000000
27873  18.348  -45.213  52.348 0.1250000000
101508  12.418  -44.158  48.387 0.1250000000
29634  12.188  -42.298  48.438 0.3750000000
93643  11.292  -42.221  48.365 0.3750000000
98273  8.335  -44.614  48.449 0.3750000000
38493  31.573  -31.078  51.545 0.1250000000
37734  30.868  -31.874  51.616 0.1250000000
27872  19.241  -44.734  52.089 0.1250000000
109325  18.706  -45.163  51.671 0.1250000000
38492  32.712  -31.297  51.693 0.1250000000
37733  31.838  -32.080  51.061 0.1250000000
36930  31.271  -33.023  50.996 0.1250000000
92519  20.182  -44.249  51.990 0.1250000000
27886  19.184  -45.042  50.958 0.1250000000
29636  9.975  -42.716  48.006 0.3750000000
99505  33.559  -30.931  52.101 0.1250000000
36938  30.863  -33.898  50.945 0.1250000000
90076  30.302  -33.833  51.471 0.1250000000
27871  19.951  -44.705  51.331 0.1250000000
27885  20.242  -44.801  50.471 0.1250000000
36929  32.224  -33.286  50.394 0.1250000000
27900  20.617  -44.946  49.520 0.1250000000
105841  32.090  -34.150  49.785 0.1250000000
36937  31.540  -34.061  50.327 0.2500000000
89155  30.335  -34.696  50.634 0.2500000000
104199  29.683  -35.182  50.778 0.1250000000
107941  29.161  -35.569  50.937 0.1250000000
27918  20.816  -45.128  48.588 0.1250000000
36168  30.934  -34.611  50.005 0.2500000000
90684  29.010  -35.464  50.124 0.2500000000
90473  27.423  -36.120  50.574 0.1250000000
93750  20.604  -44.474  47.408 0.1250000000
89885  27.387  -35.335  49.946 0.2500000000
90525  27.636  -34.797  49.183 0.2500000000
102866  26.492  -35.810  49.662 0.2500000000
29598  19.664  -42.857  53.193 0.1250000000
28782  19.497  -43.837  52.910 0.1250000000
29635  10.516  -42.582  48.588 0.3750000000
107246  20.255  -42.706  52.577 0.1250000000
94906  12.437  -41.898  47.902 0.3750000000
29648  11.645  -41.829  47.823 0.3750000000
29649  10.710  -42.130  47.733 0.3750000000
38490  35.296  -31.074  51.587 0.1250000000
37726  30.322  -32.797  51.766 0.1250000000
37739  35.081  -31.881  50.503 0.1250000000
37732  34.664  -31.660  51.305 0.1250000000
102045  32.712  -32.257  50.889 0.1250000000
89145  29.478  -32.465  52.371 0.1250000000
90062  29.877  -33.405  52.009 0.1250000000
28801  20.754  -44.586  51.163 0.1250000000
27884  21.082  -44.817  50.124 0.1250000000
29647  13.068  -42.178  47.608 0.3750000000
37747  34.809  -32.431  49.381 0.1250000000
37741  33.208  -32.848  50.229 0.1250000000
89142  29.088  -34.341  52.463 0.1250000000
89791  29.788  -34.339  51.707 0.1250000000
27899  21.363  -45.037  49.134 0.1250000000
37748  34.207  -32.995  49.125 0.1250000000
89653  28.876  -35.182  52.444 0.1250000000
89150  28.966  -35.801  51.607 0.1250000000
90481  28.356  -36.332  51.418 0.1250000000
27898  22.183  -45.015  48.869 0.1250000000
27917  21.654  -45.246  48.259 0.1250000000
102815  28.586  -35.935  52.397 0.1250000000
89138  27.628  -36.851  51.148 0.1250000000
90515  26.626  -36.760  50.341 0.2500000000
28841  21.135  -45.090  47.666 0.2500000000
89141  27.118  -37.482  50.959 0.2500000000
89143  26.028  -36.700  49.332 0.2500000000
28863  21.247  -44.324  46.850 0.2500000000
36958  34.069  -33.180  47.580 0.1250000000
33942  26.092  -37.539  49.711 0.2500000000
91067  25.909  -36.057  48.831 0.2500000000
36975  33.033  -33.359  46.464 0.3750000000
33951  25.540  -37.491  48.958 0.2500000000
34712  25.454  -36.688  48.539 0.2500000000
33959  25.128  -37.510  48.189 0.2500000000
29608  20.893  -43.047  52.113 0.1250000000
28789  21.016  -44.012  51.801 0.1250000000
105153  35.300  -31.880  49.549 0.1250000000
101770  35.395  -31.767  47.731 0.1250000000
28800  21.474  -44.301  50.822 0.1250000000
100613  35.171  -32.129  48.512 0.1250000000
28810  21.798  -44.588  49.705 0.1250000000
36944  34.512  -32.796  48.152 0.1250000000
37752  35.004  -32.405  47.334 0.1250000000
28822  22.389  -45.150  48.070 0.1250000000
36957  34.574  -32.828  46.926 0.1250000000
102842  28.177  -35.091  53.058 0.1250000000
109841  27.957  -35.880  53.162 0.1250000000
28840  21.975  -45.073  47.361 0.1250000000
36973  34.704  -33.093  45.936 0.1250000000
89996  27.750  -37.454  52.434 0.1250000000
28862  22.336  -44.110  46.701 0.2500000000
29659  21.595  -43.507  46.079 0.2500000000
36974  33.975  -33.111  46.701 0.1250000000
36992  33.956  -33.334  45.562 0.2500000000
89137  27.368  -37.934  51.652 0.1250000000
33147  26.157  -38.343  50.076 0.1250000000
33163  24.866  -38.333  47.881 0.1250000000
29607  21.676  -43.276  51.413 0.1250000000
37760  35.324  -32.196  46.783 0.1250000000
30397  21.237  -42.251  51.953 0.1250000000
37761  35.061  -32.692  46.323 0.1250000000
30406  22.368  -41.632  51.230 0.1250000000
29624  22.741  -42.915  49.589 0.1250000000
28821  22.949  -44.649  48.462 0.1250000000
30405  22.936  -40.960  50.568 0.1250000000
28808  23.270  -43.683  48.777 0.1250000000
28839  22.809  -44.635  47.508 0.1250000000
37773  35.132  -32.950  45.491 0.1250000000
103004  26.567  -37.475  53.689 0.1250000000
30418  24.023  -42.040  48.682 0.1250000000
29640  23.553  -43.020  47.549 0.1250000000
33120  27.041  -38.850  52.763 0.1250000000
110233  24.011  -41.812  47.336 0.2500000000
29656  23.771  -42.262  47.149 0.2500000000
29658  22.862  -43.327  46.340 0.2500000000
105112  22.343  -43.356  46.030 0.2500000000
104469  26.538  -39.062  51.256 0.1250000000
100494  24.087  -40.909  46.660 0.2500000000
30439  23.526  -42.056  46.365 0.2500000000
30454  23.213  -41.964  45.410 0.2500000000
32192  25.236  -39.135  49.043 0.1250000000
104242  25.009  -38.996  48.317 0.1250000000
31297  24.173  -40.232  46.230 0.2500000000
32213  24.215  -39.295  46.178 0.1250000000
38530  35.404  -31.719  45.300 0.1250000000
37772  35.442  -32.289  45.979 0.1250000000
38531  35.159  -31.904  44.413 0.1250000000
37781  35.284  -32.489  45.148 0.1250000000
37782  35.092  -32.937  44.620 0.1250000000
36991  34.705  -33.338  44.998 0.1250000000
31265  23.800  -40.968  50.052 0.1250000000
105535  34.898  -32.526  43.889 0.1250000000
96086  25.174  -40.893  51.281 0.1250000000
31264  24.791  -40.966  49.756 0.1250000000
30409  24.103  -41.112  49.131 0.1250000000
32178  25.786  -39.973  50.396 0.1250000000
31270  24.475  -40.665  48.935 0.1250000000
110009  24.238  -40.644  48.255 0.1250000000
30438  23.939  -41.577  46.811 0.2500000000
31269  24.737  -39.903  48.503 0.1250000000
31279  24.263  -40.185  47.683 0.1250000000
32205  24.225  -39.721  46.952 0.1250000000
41240  30.320  -28.482  32.187 0.1250000000
41251  30.536  -28.159  31.248 0.1250000000
101036  27.693  -29.359  33.379 0.5000000000
41241  29.421  -28.522  32.260 0.1250000000
41242  28.570  -28.612  32.409 0.2500000000
101483  29.759  -28.173  31.681 0.1250000000
41252  29.015  -28.025  31.777 0.2500000000
107185  28.376  -28.065  32.227 0.3750000000
42873  29.733  -27.212  30.831 0.2500000000
42075  31.679  -26.963  29.616 0.2500000000
42871  31.068  -26.500  30.108 0.2500000000
42872  30.350  -26.970  30.342 0.2500000000
41226  27.883  -28.519  32.795 0.5000000000
42862  29.956  -26.424  30.877 0.5000000000
109479  35.004  -25.160  26.904 0.2500000000
43780  35.518  -25.058  26.591 0.2500000000
94409  41.102  -22.260  35.083 0.3750000000
48215  45.702  -19.867  33.758 0.1250000000
100676  42.240  -21.529  34.314 0.2500000000
45278  39.276  -23.638  34.563 0.6250000000
109990  44.471  -19.408  35.901 0.1250000000
48180  44.152  -19.693  36.020 0.1250000000
48203  45.887  -19.253  34.905 0.1250000000
47446  44.317  -19.857  35.412 0.1250000000
46696  42.691  -21.652  36.029 0.1250000000
45950  42.158  -22.275  36.354 0.1250000000
46695  43.325  -21.067  35.608 0.1250000000
46707  42.607  -21.619  35.139 0.1250000000
96107  41.994  -22.058  35.416 0.2500000000
48218  46.655  -19.774  32.260 0.1250000000
108549  42.127  -21.770  34.891 0.1250000000
107629  40.792  -22.726  35.534 0.3750000000
91987  39.798  -23.313  34.957 0.5000000000
48222  47.365  -19.613  30.939 0.2500000000
49007  47.498  -18.799  29.693 0.2500000000
45279  38.646  -23.954  34.154 0.6250000000
49001  47.005  -19.340  30.167 0.2500000000
47440  43.806  -20.406  36.203 0.1250000000
46688  43.412  -21.243  36.503 0.1250000000
45941  42.869  -21.898  36.903 0.1250000000
45961  41.412  -22.485  35.894 0.1250000000
45250  40.976  -23.037  36.204 0.3750000000
45266  40.230  -23.300  35.714 0.5000000000
45268  38.812  -24.162  34.837 0.6250000000
44501  38.160  -24.480  34.632 0.6250000000
49745  47.939  -18.109  29.231 0.2500000000
49753  47.330  -17.389  28.713 0.2500000000
45951  41.650  -22.832  36.672 0.1250000000
45251  40.525  -23.536  36.629 0.1250000000
44483  39.282  -24.341  36.652 0.3750000000
44484  38.263  -24.633  36.197 0.5000000000
45267  39.304  -24.040  35.544 0.5000000000
44496  38.463  -24.450  35.300 0.6250000000
44497  37.666  -24.834  35.314 0.6250000000
44498  36.784  -25.349  35.078 0.6250000000
50505  47.336  -16.415  27.597 0.2500000000
46679  44.749  -21.450  37.906 0.1250000000
51277  46.965  -16.132  26.850 0.2500000000
51281  47.419  -15.653  26.273 0.2500000000
44485  37.108  -25.242  36.117 0.3750000000
107110  46.228  -11.693  21.610 0.6250000000
54837  46.390  -10.037  21.925 0.5000000000
55509  45.951  -9.321  21.912 0.5000000000
54838  45.528  -10.138  21.550 0.5000000000
54159  45.478  -11.251  21.369 0.6250000000
30398  20.529  -42.172  52.333 0.1250000000
90019  26.832  -35.099  49.084 0.2500000000
44576  33.538  -24.721  27.713 0.2500000000
44600  34.823  -24.583  26.785 0.2500000000
48223  46.684  -19.852  31.374 0.1250000000
48229  46.510  -19.753  30.621 0.2500000000
26921  4.920  -45.659  50.869 0.3750000000
96226  6.487  -45.587  49.927 0.3750000000
28831  12.724  -44.357  47.906 0.2500000000
29633  12.860  -43.054  48.082 0.3750000000
27891  13.320  -44.916  50.934 0.1250000000
27878  13.960  -45.062  51.428 0.1250000000
28803  12.609  -44.193  49.815 0.1250000000
29676  22.682  -42.790  45.640 0.2500000000
105282  24.125  -40.255  45.356 0.2500000000
108714  24.222  -39.791  45.700 0.2500000000
29625  12.536  -42.993  48.817 0.1250000000
28780  3.157  -44.016  53.189 0.2500000000
104167  3.531  -45.064  52.427 0.2500000000
29604  2.524  -43.065  52.508 0.2500000000
26907  5.118  -46.098  52.392 0.2500000000
91018  4.195  -45.742  52.294 0.2500000000
107835  3.883  -45.957  53.085 0.2500000000
26914  5.554  -45.881  51.580 0.2500000000
28784  9.685  -42.647  51.733 0.1250000000
28786  9.074  -44.225  53.079 0.1250000000
107717  9.003  -44.201  52.444 0.1250000000
27867  8.537  -44.686  52.420 0.1250000000
28792  15.019  -43.462  52.320 0.1250000000
28794  13.861  -44.092  51.313 0.1250000000
27868  7.856  -45.220  52.802 0.1250000000
26905  7.143  -45.521  52.048 0.2500000000
27862  6.565  -45.248  53.892 0.2500000000
27863  4.064  -45.959  53.787 0.2500000000
27864  3.489  -45.078  54.198 0.2500000000
27879  9.034  -44.278  50.912 0.1250000000
26912  7.427  -45.662  51.117 0.3750000000
28815  9.495  -43.572  49.681 0.2500000000
27894  8.602  -44.934  50.465 0.2500000000
26918  7.666  -45.646  50.417 0.3750000000
27908  8.889  -44.314  49.158 0.3750000000
99887  33.711  -31.849  51.403 0.1250000000
89149  28.425  -35.777  50.615 0.1250000000
104691  28.206  -35.316  49.823 0.2500000000
28781  20.238  -43.478  52.427 0.1250000000
37740  34.266  -32.540  50.268 0.1250000000
89146  29.233  -33.398  52.496 0.1250000000
102841  29.409  -35.157  51.740 0.1250000000
90328  27.673  -37.333  51.627 0.1250000000
103124  28.236  -36.808  52.243 0.1250000000
89148  26.474  -37.639  50.423 0.1250000000
33148  25.590  -38.303  49.373 0.2500000000
33158  25.185  -38.272  48.640 0.1250000000
28799  22.133  -43.676  50.257 0.1250000000
28809  22.585  -44.196  49.290 0.1250000000
105190  27.638  -36.659  53.149 0.1250000000
90199  27.339  -37.434  53.144 0.1250000000
89136  27.402  -38.121  52.509 0.1250000000
33126  27.071  -38.688  51.814 0.1250000000
105659  26.669  -38.292  50.935 0.1250000000
32186  26.184  -39.101  50.560 0.1250000000
32187  25.715  -39.183  49.799 0.1250000000
100195  24.303  -39.014  46.926 0.1250000000
99670  20.764  -41.434  52.373 0.1250000000
29606  21.928  -42.273  51.530 0.1250000000
29618  22.301  -42.604  50.722 0.1250000000
30396  21.612  -41.470  52.032 0.1250000000
31261  22.295  -40.941  52.072 0.1250000000
28838  23.382  -43.931  47.952 0.1250000000
30411  22.781  -41.849  50.109 0.1250000000
29623  23.465  -42.629  48.969 0.1250000000
29632  23.753  -43.007  48.309 0.1250000000
28861  23.130  -43.769  47.089 0.1250000000
103050  25.578  -36.394  54.085 0.1250000000
33113  27.100  -38.146  53.188 0.1250000000
29631  24.086  -42.176  47.889 0.2500000000
30410  23.466  -41.559  49.494 0.1250000000
31245  26.060  -40.213  51.765 0.1250000000
32161  26.581  -39.529  52.050 0.1250000000
33114  26.491  -38.667  53.698 0.1250000000
30428  24.113  -41.153  47.516 0.2500000000
29657  23.308  -42.849  46.770 0.2500000000
29675  23.142  -42.626  46.074 0.2500000000
32177  26.177  -39.750  51.144 0.1250000000
30453  23.936  -41.164  45.910 0.2500000000
32198  24.549  -39.222  47.649 0.1250000000
31259  24.570  -40.971  50.831 0.1250000000
31260  23.334  -40.664  51.098 0.1250000000
31231  26.071  -40.329  52.689 0.1250000000
31246  25.398  -40.742  52.141 0.1250000000
101007  25.646  -40.384  51.166 0.1250000000
31258  25.280  -40.673  50.469 0.1250000000
30417  24.131  -41.287  48.414 0.2500000000
100890  25.220  -40.169  49.555 0.1250000000
31289  24.133  -40.431  46.996 0.2500000000
41263  30.415  -27.586  30.663 0.1250000000
42045  29.728  -27.765  31.197 0.1250000000
107669  23.029  -42.182  49.464 0.1250000000
54832  48.157  -10.760  22.187 0.5000000000
100348  47.418  -11.074  21.939 0.5000000000
105182  46.435  -10.895  21.800 0.5000000000
54161  44.903  -11.387  20.770 0.2500000000
101001  44.853  -9.774  21.153 0.3750000000
56209  45.559  -8.486  21.731 0.3750000000
36321  31.223  -34.292  36.590 0.2500000000
55507  46.878  -9.484  22.314 0.3750000000
29605  1.814  -42.302  52.150 0.1250000000
29597  2.199  -42.224  52.940 0.1250000000
104933  1.812  -41.253  52.744 0.1250000000
30395  1.707  -41.394  51.773 0.1250000000
99727  3.229  -44.127  55.066 0.1250000000
31244  1.844  -40.428  52.250 0.1250000000
31257  1.914  -40.561  51.315 0.1250000000
27858  4.738  -45.363  54.771 0.1250000000
29593  2.337  -42.618  53.941 0.1250000000
95338  2.085  -41.552  53.707 0.1250000000
32282  15.639  -39.686  40.643 0.1250000000
32283  14.935  -39.826  40.756 0.2500000000
35524  29.994  -36.006  41.061 0.1250000000
35534  31.481  -35.589  38.966 0.1250000000
91978  31.516  -34.654  37.442 0.1250000000
38626  28.853  -31.716  35.128 0.3750000000
38644  28.829  -31.514  34.636 0.3750000000
38627  28.339  -31.143  34.651 0.3750000000
106078  27.845  -30.379  34.363 0.3750000000
104376  29.090  -31.213  34.212 0.1250000000
39453  28.368  -30.857  34.067 0.3750000000
39464  29.455  -30.357  33.740 0.1250000000
39454  27.712  -29.944  33.781 0.3750000000
39465  28.517  -29.959  33.410 0.1250000000
106818  27.930  -29.829  33.425 0.3750000000
40387  28.156  -29.309  32.938 0.3750000000
42061  31.086  -27.389  30.129 0.1250000000
43622  32.676  -25.478  39.663 0.1250000000
43604  33.535  -25.017  40.250 0.1250000000
44431  35.520  -24.171  40.800 0.1250000000
94480  36.143  -25.030  40.264 0.1250000000
43649  36.462  -25.374  37.609 0.1250000000
43664  36.959  -25.354  37.016 0.1250000000
107964  40.529  -18.692  23.775 0.1250000000
55534  48.271  -9.594  16.294 0.1250000000
56231  47.065  -8.116  16.708 0.1250000000
55533  48.636  -9.015  15.778 0.1250000000
56229  48.329  -7.951  15.682 0.1250000000
55544  49.537  -9.258  15.681 0.1250000000
97702  44.718  -7.956  20.165 0.1250000000
56210  44.808  -8.327  21.016 0.1250000000
57620  45.721  -6.607  18.697 0.1250000000
56212  44.590  -8.877  20.058 0.1250000000
56922  47.058  -7.129  16.451 0.1250000000
57633  47.374  -6.257  16.344 0.1250000000
99742  47.549  -7.826  16.135 0.1250000000
56921  47.716  -6.993  15.862 0.1250000000
56239  49.247  -8.433  15.407 0.1250000000
56930  49.116  -7.530  15.268 0.1250000000
104813  46.378  -7.118  22.060 0.2500000000
56900  46.027  -7.777  21.924 0.2500000000
58382  47.944  -5.406  20.265 0.1250000000
57614  46.835  -5.976  20.770 0.1250000000
56901  45.405  -7.763  21.384 0.2500000000
58389  47.541  -5.319  19.267 0.1250000000
58390  46.728  -5.620  19.357 0.1250000000
57617  45.564  -6.676  19.623 0.1250000000
55512  44.658  -9.184  20.916 0.1250000000
54840  44.866  -10.535  20.995 0.1250000000
58406  47.121  -5.547  17.683 0.1250000000
56247  49.745  -7.947  14.780 0.1250000000
100611  49.116  -6.834  15.229 0.1250000000
56897  47.297  -7.624  22.904 0.1250000000
56201  47.765  -8.371  23.058 0.1250000000
56898  46.657  -7.693  22.466 0.2500000000
107248  47.016  -8.932  22.551 0.2500000000
54833  47.168  -10.360  22.100 0.2500000000
56207  46.438  -8.593  22.283 0.2500000000
58381  48.851  -5.447  20.624 0.1250000000
57611  47.441  -6.004  21.397 0.1250000000
58388  48.561  -5.257  19.683 0.1250000000
106781  47.509  -5.707  20.732 0.1250000000
58395  48.331  -5.233  18.731 0.1250000000
58405  47.708  -5.436  17.385 0.1250000000
99187  48.495  -5.359  17.272 0.1250000000
58417  47.961  -5.616  16.509 0.1250000000
58416  48.919  -5.485  16.512 0.1250000000
57632  48.075  -6.201  15.831 0.1250000000
58432  49.416  -5.677  15.682 0.1250000000
57645  48.847  -6.262  15.524 0.1250000000
57644  49.516  -6.346  15.064 0.1250000000
56939  49.628  -7.105  14.763 0.1250000000
57605  48.044  -6.890  23.610 0.1250000000
106939  47.639  -6.495  22.520 0.1250000000
56893  47.856  -7.577  23.368 0.1250000000
55506  47.658  -9.179  22.652 0.2500000000
58375  48.929  -5.696  21.528 0.1250000000
57608  48.089  -6.022  21.999 0.1250000000
58376  48.159  -5.712  21.100 0.1250000000
97648  47.342  -6.328  22.048 0.1250000000
92359  50.931  -5.310  18.359 0.1250000000
91382  50.068  -5.263  19.418 0.1250000000
58394  49.975  -5.222  18.449 0.1250000000
91564  49.224  -5.251  19.087 0.1250000000
91831  52.052  -5.245  16.895 0.1250000000
91735  50.950  -5.267  16.680 0.1250000000
58403  50.432  -5.275  17.510 0.1250000000
92148  48.933  -5.295  18.136 0.1250000000
58414  51.521  -5.377  15.847 0.1250000000
58431  50.395  -5.421  15.744 0.1250000000
58404  49.408  -5.306  17.379 0.1250000000
58415  49.878  -5.297  16.524 0.1250000000
58369  48.856  -5.848  22.385 0.1250000000
98232  49.589  -5.731  21.908 0.1250000000
58374  49.912  -5.627  21.073 0.1250000000
58393  51.792  -5.202  18.835 0.1250000000
58387  49.555  -5.294  20.034 0.1250000000
107055  52.498  -4.970  18.514 0.1250000000
58402  51.613  -5.223  17.798 0.1250000000
58401  52.750  -4.836  17.781 0.1250000000
91565  50.715  -5.448  20.207 0.1250000000
101956  52.020  -5.406  19.671 0.1250000000
107680  51.427  -5.450  19.913 0.1250000000
58392  52.824  -5.167  19.324 0.1250000000
58413  53.074  -4.880  16.947 0.1250000000
104590  48.098  -11.720  22.011 0.3750000000
35535  31.159  -35.585  39.819 0.1250000000
32160  2.078  -39.780  51.709 0.1250000000
101490  2.664  -43.059  53.255 0.1250000000
55510  45.140  -9.193  21.434 0.1250000000
100990  47.704  -9.935  22.333 0.2500000000
37886  29.379  -32.213  34.904 0.2500000000
39466  27.945  -30.275  33.790 0.3750000000
56230  47.677  -8.793  16.153 0.1250000000
55532  49.125  -9.715  16.109 0.1250000000
56904  45.238  -7.346  20.603 0.1250000000
56906  44.974  -7.423  19.683 0.1250000000
57616  46.102  -5.997  19.037 0.1250000000
57619  46.191  -6.236  18.208 0.1250000000
55513  44.605  -9.837  20.474 0.1250000000
57634  46.751  -6.405  16.962 0.1250000000
57624  47.153  -5.719  16.989 0.1250000000
56931  48.462  -6.919  15.477 0.1250000000
56903  45.905  -7.123  21.412 0.1250000000
57612  46.666  -6.499  21.605 0.1250000000
58383  47.112  -5.555  20.081 0.1250000000
94987  46.345  -5.973  19.947 0.1250000000
57615  46.069  -6.564  20.676 0.1250000000
58396  47.595  -5.356  18.228 0.1250000000
58397  46.775  -5.612  18.455 0.1250000000
99709  46.349  -6.556  17.590 0.1250000000
57606  47.595  -6.928  23.037 0.1250000000
106838  48.217  -5.316  17.939 0.1250000000
58433  48.600  -5.789  15.964 0.1250000000
95682  48.186  -6.342  22.932 0.1250000000
58386  50.966  -5.294  19.265 0.1250000000
104273  52.484  -5.217  16.257 0.1250000000
95482  3.634  -45.292  44.214 0.2500000000
27955  4.183  -44.729  44.201 0.2500000000
29699  10.429  -42.304  42.716 0.1250000000
108885  11.598  -41.412  42.228 0.1250000000
32269  14.521  -39.974  41.307 0.1250000000
105720  30.074  -32.940  35.624 0.2500000000
37876  29.599  -32.447  35.402 0.2500000000
37107  31.296  -33.695  35.249 0.1250000000
40401  28.983  -29.166  32.789 0.1250000000
44473  37.691  -25.088  37.038 0.1250000000
93800  34.566  -26.017  27.417 0.1250000000
43760  34.430  -25.186  27.223 0.1250000000
49000  47.973  -19.228  30.467 0.1250000000
49737  48.492  -18.615  29.998 0.1250000000
50490  48.350  -17.411  28.792 0.1250000000
50499  47.782  -16.842  28.222 0.1250000000
50504  48.229  -16.302  27.739 0.1250000000
54153  48.981  -11.609  22.272 0.2500000000
30532  11.237  -41.866  42.154 0.1250000000
36330  31.118  -34.045  35.887 0.1250000000
24640  -1.020  -48.505  46.772 0.1250000000
24655  -0.480  -48.114  46.241 0.1250000000
24656  -1.673  -47.918  46.597 0.1250000000
25399  0.194  -47.150  45.285 0.1250000000
24678  1.808  -47.775  45.127 0.1250000000
25398  1.166  -47.131  45.001 0.1250000000
26151  2.041  -46.214  44.516 0.1250000000
26948  1.096  -45.875  44.874 0.1250000000
26947  2.886  -45.777  44.356 0.1250000000
26939  2.085  -45.319  44.856 0.1250000000
26150  3.718  -46.323  44.053 0.1250000000
26946  4.466  -45.656  43.906 0.1250000000
26945  4.722  -44.832  43.901 0.1250000000
46060  38.963  -22.259  25.151 0.1250000000
46799  38.221  -21.955  25.132 0.1250000000
46815  38.636  -21.328  24.903 0.1250000000
46816  37.755  -20.591  24.889 0.1250000000
54162  44.671  -11.642  20.150 0.1250000000
26153  0.557  -46.510  44.983 0.1250000000
107305  37.813  -21.381  25.032 0.1250000000
47547  38.591  -20.292  24.732 0.1250000000
24642  -2.828  -48.718  47.004 0.1250000000
24657  -3.058  -48.269  46.457 0.1250000000
37117  30.015  -32.816  35.127 0.1250000000
24641  -1.984  -48.572  46.953 0.1250000000
23994  -2.237  -49.369  47.377 0.1250000000
92633  0.060  -47.730  45.680 0.1250000000
25397  1.992  -47.066  44.655 0.1250000000
26152  1.382  -46.532  44.738 0.1250000000
95071  2.952  -46.899  44.418 0.1250000000
46798  39.589  -21.690  24.989 0.1250000000
26143  14.342  -46.760  50.176 0.2500000000
26909  14.271  -46.087  51.156 0.2500000000
26931  -1.506  -44.561  48.578 0.5000000000
26932  -1.893  -44.791  48.443 0.3750000000
26933  -1.374  -44.777  48.253 0.5000000000
27930  -1.937  -44.271  48.868 0.5000000000
28820  -2.144  -43.401  49.249 0.2500000000
29628  -1.326  -42.842  49.314 0.2500000000
29630  -2.462  -42.564  49.332 0.2500000000
29639  -2.791  -42.140  49.105 0.2500000000
30423  -2.006  -41.076  48.900 0.2500000000
30424  -2.534  -41.429  48.788 0.2500000000
31274  -1.690  -40.808  48.208 0.2500000000
48242  41.578  -19.956  29.110 1.0000000000
52789  49.284  -13.721  22.577 0.1250000000
53486  50.997  -12.054  24.198 0.1250000000
54144  51.371  -11.605  24.272 0.1250000000
54146  50.752  -11.843  23.810 0.1250000000
54831  48.978  -10.816  22.462 0.2500000000
54841  44.605  -10.781  20.030 0.1250000000
56206  47.122  -8.408  22.708 0.1250000000
57609  46.996  -6.859  22.481 0.1250000000
57625  46.642  -5.911  17.588 0.1250000000
89158  29.888  -32.268  52.185 0.1250000000
93488  -2.585  -44.321  47.867 0.3750000000
94915  -2.910  -42.490  48.599 0.2500000000
100797  46.060  -15.422  18.058 0.1250000000
106104  35.475  -31.427  48.955 0.1250000000
109849  48.769  -10.119  16.445 0.1250000000
