#!ascii label  , from subject sub-v1s12x0050110_ses-1 vox2ras=TkReg
568
53937  17.937  -12.935  -23.569 0.0000000000
58042  26.526  -6.824  -26.130 0.0000000000
95746  26.024  3.889  -28.009 0.0000000000
64738  18.452  2.231  -26.160 0.0000000000
49515  20.808  -18.398  -23.501 0.0000000000
51738  23.778  -15.865  -24.122 0.0000000000
55890  21.264  -9.733  -24.955 0.0000000000
95869  18.293  -3.885  -24.478 0.0000000000
61203  26.677  -1.972  -27.676 0.0000000000
65371  28.138  3.371  -25.417 0.0000000000
70170  25.308  11.027  -29.647 0.0000000000
51742  19.403  -15.378  -23.496 0.0000000000
50965  22.214  -17.142  -24.000 0.0000000000
52520  20.480  -14.061  -24.325 0.0000000000
58797  16.318  -5.464  -23.327 0.0000000000
61168  17.737  -2.441  -23.858 0.0000000000
62770  24.116  0.358  -29.209 0.0000000000
98398  22.280  -1.865  -27.203 0.0000000000
63486  26.751  0.466  -29.651 0.0000000000
98617  27.679  0.900  -27.700 0.0000000000
65386  26.649  3.462  -27.780 0.0000000000
69115  26.059  9.479  -26.194 0.0000000000
67965  25.143  7.554  -27.417 0.0000000000
71678  23.932  13.883  -29.261 0.0000000000
56593  23.750  -8.359  -26.020 0.0000000000
55232  24.401  -10.511  -25.469 0.0000000000
94257  27.672  -9.591  -25.837 0.0000000000
65394  24.127  2.960  -27.851 0.0000000000
58822  29.473  -5.305  -27.261 0.0000000000
55218  17.174  -10.613  -23.468 0.0000000000
99024  19.346  -10.912  -24.373 0.0000000000
94770  17.123  -7.890  -23.894 0.0000000000
106025  19.499  -6.760  -24.711 0.0000000000
58829  22.645  -5.735  -26.482 0.0000000000
62739  18.247  -1.057  -25.591 0.0000000000
60335  21.915  -3.925  -27.019 0.0000000000
59578  26.364  -4.428  -26.679 0.0000000000
94817  28.143  -2.392  -27.002 0.0000000000
66057  24.354  4.907  -26.912 0.0000000000
67401  25.400  6.870  -29.782 0.0000000000
72183  23.667  15.362  -30.086 0.0000000000
70672  25.120  12.077  -31.949 0.0000000000
67973  27.173  7.725  -28.939 0.0000000000
107790  28.731  7.057  -27.553 0.0000000000
54577  22.615  -12.102  -24.904 0.0000000000
100210  16.744  -12.180  -22.894 0.0000000000
52510  17.473  -14.081  -23.073 0.0000000000
53229  18.926  -13.882  -23.817 0.0000000000
52507  19.979  -14.826  -23.988 0.0000000000
53948  19.683  -13.368  -24.238 0.0000000000
64761  25.481  1.959  -29.256 0.0000000000
63488  25.384  0.620  -29.918 0.0000000000
64752  26.401  2.319  -28.840 0.0000000000
94356  27.189  2.033  -28.382 0.0000000000
105785  26.278  3.416  -28.003 0.0000000000
70163  25.362  11.668  -26.871 0.0000000000
101511  25.164  11.576  -27.862 0.0000000000
71675  23.948  14.504  -28.686 0.0000000000
57310  25.078  -7.688  -26.239 0.0000000000
56591  25.684  -8.523  -26.064 0.0000000000
57309  26.883  -7.947  -26.077 0.0000000000
92062  23.454  2.049  -27.433 0.0000000000
64746  22.911  3.291  -26.792 0.0000000000
50204  18.998  -17.752  -22.764 0.0000000000
49509  19.058  -18.747  -22.669 0.0000000000
48756  20.761  -19.299  -23.224 0.0000000000
48755  21.603  -19.351  -23.038 0.0000000000
51739  23.047  -16.522  -24.140 0.0000000000
50203  22.881  -17.846  -23.191 0.0000000000
55895  16.930  -8.870  -23.710 0.0000000000
58035  15.373  -7.351  -23.398 0.0000000000
59561  17.949  -4.739  -24.222 0.0000000000
58806  17.655  -5.566  -24.057 0.0000000000
58804  19.063  -5.512  -24.701 0.0000000000
58047  20.445  -6.084  -25.210 0.0000000000
109189  20.343  -4.725  -25.600 0.0000000000
63450  17.518  0.213  -25.343 0.0000000000
100813  17.925  1.052  -25.964 0.0000000000
92570  25.477  -2.091  -27.388 0.0000000000
100726  22.812  -2.970  -27.087 0.0000000000
60353  25.035  -3.015  -26.899 0.0000000000
59594  24.421  -4.072  -26.856 0.0000000000
93117  26.120  -3.500  -26.840 0.0000000000
59592  27.921  -4.239  -27.058 0.0000000000
61202  27.252  -2.464  -27.262 0.0000000000
64106  27.712  1.907  -26.485 0.0000000000
63454  27.789  0.551  -25.868 0.0000000000
69121  25.660  9.862  -29.030 0.0000000000
67393  24.739  6.834  -28.288 0.0000000000
67982  25.256  7.901  -30.006 0.0000000000
67394  25.059  5.924  -28.820 0.0000000000
68532  25.697  8.409  -30.298 0.0000000000
95349  26.867  10.445  -30.809 0.0000000000
69124  28.118  9.330  -29.247 0.0000000000
67972  28.284  7.458  -28.058 0.0000000000
108634  20.181  -10.752  -24.581 0.0000000000
54579  20.894  -12.011  -24.632 0.0000000000
54578  21.745  -11.286  -24.885 0.0000000000
54575  26.374  -12.235  -25.168 0.0000000000
106652  25.203  -12.483  -25.175 0.0000000000
50969  18.739  -15.901  -22.835 0.0000000000
50967  20.492  -16.834  -23.549 0.0000000000
50211  20.904  -17.682  -23.654 0.0000000000
51741  20.475  -15.770  -23.837 0.0000000000
51740  21.392  -15.738  -24.142 0.0000000000
52518  22.672  -14.559  -24.417 0.0000000000
90756  14.509  -3.201  -22.419 0.0000000000
94783  17.216  -4.040  -23.491 0.0000000000
106825  17.931  -3.252  -24.159 0.0000000000
63468  21.106  -0.606  -26.974 0.0000000000
63456  19.938  -0.154  -26.714 0.0000000000
62026  24.609  -1.172  -27.717 0.0000000000
62036  25.760  -1.407  -29.072 0.0000000000
62767  26.731  -0.697  -29.279 0.0000000000
62035  27.157  -1.035  -28.505 0.0000000000
63479  27.128  0.387  -29.156 0.0000000000
64115  27.540  1.771  -27.516 0.0000000000
65379  27.355  3.538  -26.935 0.0000000000
67376  25.009  7.027  -25.412 0.0000000000
68518  25.851  8.737  -27.151 0.0000000000
69666  25.843  9.559  -27.989 0.0000000000
71162  24.120  13.226  -29.684 0.0000000000
55904  22.408  -8.932  -25.468 0.0000000000
55233  23.343  -10.481  -25.334 0.0000000000
55902  24.446  -9.710  -25.720 0.0000000000
103753  25.867  -10.292  -25.612 0.0000000000
89739  19.945  1.209  -26.247 0.0000000000
104465  23.662  0.169  -26.984 0.0000000000
104457  23.956  1.739  -28.607 0.0000000000
65393  24.962  3.179  -27.921 0.0000000000
49513  22.341  -18.203  -23.412 0.0000000000
58054  28.421  -6.067  -26.952 0.0000000000
57322  28.921  -7.120  -26.837 0.0000000000
55217  17.756  -11.188  -23.692 0.0000000000
54581  19.014  -11.701  -24.248 0.0000000000
55226  17.825  -10.250  -23.970 0.0000000000
55893  18.203  -9.433  -24.220 0.0000000000
55891  19.922  -9.197  -24.645 0.0000000000
58021  16.665  -6.245  -23.589 0.0000000000
57299  18.401  -7.083  -24.355 0.0000000000
56580  20.271  -8.326  -24.810 0.0000000000
57314  21.422  -7.456  -25.340 0.0000000000
58043  23.006  -7.240  -26.116 0.0000000000
58057  25.080  -6.132  -26.483 0.0000000000
61999  17.917  -1.883  -24.461 0.0000000000
61188  18.910  -2.626  -25.501 0.0000000000
62018  19.631  -1.490  -26.547 0.0000000000
61187  19.498  -2.332  -26.222 0.0000000000
60328  19.925  -3.546  -25.998 0.0000000000
104543  22.333  -5.030  -26.669 0.0000000000
58827  24.682  -5.401  -26.660 0.0000000000
58825  26.548  -5.250  -26.542 0.0000000000
58837  28.333  -4.837  -27.141 0.0000000000
60334  28.736  -3.965  -26.897 0.0000000000
62757  27.982  -0.951  -27.018 0.0000000000
66069  24.700  4.533  -27.592 0.0000000000
66710  25.119  4.967  -28.432 0.0000000000
108971  25.952  4.809  -28.729 0.0000000000
72177  23.148  15.526  -29.274 0.0000000000
95577  24.002  13.148  -30.495 0.0000000000
71680  24.215  14.655  -30.718 0.0000000000
70181  24.886  11.909  -31.277 0.0000000000
69132  26.163  9.609  -30.301 0.0000000000
67400  26.340  6.785  -29.266 0.0000000000
66700  26.505  5.139  -28.412 0.0000000000
98480  27.011  5.949  -28.196 0.0000000000
66698  28.049  5.787  -27.345 0.0000000000
66055  28.355  4.456  -26.264 0.0000000000
53947  20.230  -12.606  -24.481 0.0000000000
104698  21.678  -13.054  -24.650 0.0000000000
53237  23.037  -13.676  -24.568 0.0000000000
108050  23.430  -11.948  -25.046 0.0000000000
99882  24.838  -13.176  -24.870 0.0000000000
53938  17.051  -12.845  -23.065 0.0000000000
53230  18.127  -13.662  -23.552 0.0000000000
53936  18.773  -13.127  -23.950 0.0000000000
64753  25.846  2.503  -28.766 0.0000000000
64760  26.300  1.831  -29.381 0.0000000000
65391  26.156  2.943  -28.152 0.0000000000
64751  26.691  2.606  -28.338 0.0000000000
70656  24.877  12.442  -27.092 0.0000000000
107445  25.904  -7.575  -26.200 0.0000000000
49516  20.098  -17.676  -23.270 0.0000000000
49508  19.922  -18.572  -23.109 0.0000000000
48757  19.848  -19.431  -22.856 0.0000000000
48764  21.380  -18.813  -23.451 0.0000000000
50964  23.649  -16.583  -23.663 0.0000000000
50963  24.127  -16.040  -23.662 0.0000000000
56573  15.545  -8.148  -23.326 0.0000000000
58023  15.388  -6.848  -23.416 0.0000000000
59560  18.748  -4.725  -24.685 0.0000000000
59559  19.671  -4.999  -25.161 0.0000000000
96776  19.900  -4.224  -25.607 0.0000000000
64109  17.843  1.835  -25.867 0.0000000000
64108  18.605  1.327  -26.271 0.0000000000
110136  24.288  -2.691  -26.988 0.0000000000
60352  26.054  -2.502  -27.257 0.0000000000
60351  26.808  -2.954  -27.087 0.0000000000
62025  27.203  -1.677  -27.805 0.0000000000
65372  27.735  3.206  -26.124 0.0000000000
64732  27.829  2.495  -25.648 0.0000000000
68524  25.490  8.890  -29.542 0.0000000000
67974  24.891  7.529  -29.150 0.0000000000
69674  25.716  10.142  -29.814 0.0000000000
69684  27.240  10.945  -31.324 0.0000000000
69683  28.140  10.933  -31.497 0.0000000000
69130  28.742  9.757  -29.618 0.0000000000
105041  20.450  -9.902  -24.716 0.0000000000
96128  21.020  -10.548  -24.799 0.0000000000
103512  21.697  -10.324  -25.008 0.0000000000
54574  27.021  -11.852  -24.848 0.0000000000
53942  26.452  -12.647  -24.782 0.0000000000
92753  18.524  -15.033  -23.093 0.0000000000
51732  18.000  -15.328  -22.549 0.0000000000
50968  19.390  -16.829  -23.020 0.0000000000
97602  19.688  -16.135  -23.352 0.0000000000
51750  20.965  -14.999  -24.223 0.0000000000
51749  21.953  -15.241  -24.326 0.0000000000
52519  21.558  -14.339  -24.437 0.0000000000
61169  16.217  -1.673  -22.226 0.0000000000
60308  16.414  -2.830  -22.302 0.0000000000
60307  17.623  -3.135  -23.749 0.0000000000
62005  23.846  -0.688  -27.138 0.0000000000
62014  23.824  -1.087  -26.979 0.0000000000
62759  24.177  -0.435  -27.982 0.0000000000
63487  26.245  0.518  -29.980 0.0000000000
62780  25.616  -0.299  -29.969 0.0000000000
62779  26.486  -0.226  -29.760 0.0000000000
62768  26.160  -0.939  -29.574 0.0000000000
62778  26.871  -0.124  -29.455 0.0000000000
62766  27.203  -0.377  -28.892 0.0000000000
64744  27.172  2.662  -27.655 0.0000000000
64736  27.558  2.603  -26.719 0.0000000000
67961  25.890  8.101  -25.473 0.0000000000
68515  25.981  8.710  -25.889 0.0000000000
101772  25.358  7.608  -26.076 0.0000000000
67964  25.622  8.168  -26.551 0.0000000000
70660  24.768  12.398  -28.009 0.0000000000
69667  25.588  10.596  -27.668 0.0000000000
107650  24.592  12.581  -29.031 0.0000000000
70166  25.032  11.689  -28.817 0.0000000000
96816  23.267  -9.001  -25.752 0.0000000000
98401  24.108  -9.091  -25.904 0.0000000000
56590  26.708  -9.132  -25.934 0.0000000000
98499  25.831  -9.568  -25.811 0.0000000000
104601  26.759  -10.222  -25.649 0.0000000000
108172  26.782  -10.913  -25.439 0.0000000000
103303  20.585  0.520  -26.323 0.0000000000
102788  21.606  -0.698  -26.619 0.0000000000
62006  23.786  -0.373  -26.650 0.0000000000
104896  23.683  1.586  -28.184 0.0000000000
64745  23.816  2.243  -28.052 0.0000000000
64755  24.368  2.452  -28.408 0.0000000000
94032  21.361  -17.275  -23.821 0.0000000000
49514  21.693  -18.052  -23.717 0.0000000000
50210  22.440  -17.734  -23.683 0.0000000000
49505  23.206  -18.000  -22.297 0.0000000000
95667  29.198  -5.679  -27.303 0.0000000000
55202  16.925  -10.979  -23.241 0.0000000000
56582  17.684  -8.702  -24.132 0.0000000000
55892  19.067  -9.333  -24.409 0.0000000000
56581  18.518  -8.606  -24.340 0.0000000000
59549  15.835  -5.213  -23.158 0.0000000000
58798  15.608  -5.852  -23.336 0.0000000000
58031  18.877  -6.330  -24.516 0.0000000000
58032  18.040  -6.322  -24.266 0.0000000000
57298  19.068  -7.103  -24.535 0.0000000000
100325  18.848  -7.781  -24.449 0.0000000000
57297  19.697  -7.535  -24.702 0.0000000000
57315  20.612  -7.509  -25.022 0.0000000000
58030  20.164  -6.778  -24.960 0.0000000000
58812  21.962  -6.089  -26.015 0.0000000000
58045  21.711  -6.700  -25.631 0.0000000000
58044  22.466  -6.611  -26.067 0.0000000000
57325  23.804  -7.059  -26.334 0.0000000000
101834  24.197  -6.259  -26.585 0.0000000000
62740  17.735  -0.336  -25.427 0.0000000000
61998  17.759  -1.051  -25.067 0.0000000000
61180  18.122  -1.968  -25.061 0.0000000000
62029  20.885  -1.444  -27.187 0.0000000000
62749  19.397  -0.569  -26.534 0.0000000000
100209  21.394  -1.920  -27.309 0.0000000000
60355  22.150  -3.298  -27.128 0.0000000000
61195  20.676  -2.643  -26.907 0.0000000000
60338  20.026  -2.852  -26.460 0.0000000000
60329  19.506  -3.011  -25.901 0.0000000000
59582  21.177  -4.014  -26.593 0.0000000000
59568  20.493  -4.112  -26.052 0.0000000000
104884  22.384  -4.461  -26.923 0.0000000000
104837  24.784  -4.683  -26.709 0.0000000000
59579  24.054  -4.807  -26.858 0.0000000000
58826  25.529  -4.893  -26.564 0.0000000000
98984  25.540  -5.488  -26.462 0.0000000000
101558  27.648  -5.434  -26.847 0.0000000000
59577  27.515  -4.791  -26.920 0.0000000000
60349  28.229  -3.704  -26.979 0.0000000000
61193  28.364  -3.150  -26.828 0.0000000000
60326  28.791  -3.340  -26.452 0.0000000000
95463  28.489  -2.557  -26.471 0.0000000000
62758  27.624  -0.670  -28.012 0.0000000000
62746  27.823  0.112  -27.129 0.0000000000
67383  24.768  6.933  -26.785 0.0000000000
109613  24.457  5.745  -27.648 0.0000000000
66691  24.355  5.483  -26.678 0.0000000000
66070  23.869  4.168  -27.050 0.0000000000
66701  24.645  5.456  -28.103 0.0000000000
66709  25.528  5.298  -28.870 0.0000000000
91927  25.494  6.116  -29.162 0.0000000000
73661  23.025  18.369  -28.601 0.0000000000
72676  22.981  16.677  -29.183 0.0000000000
71681  23.510  14.555  -30.072 0.0000000000
70681  24.858  13.031  -32.300 0.0000000000
71686  24.645  14.111  -31.407 0.0000000000
71172  24.456  13.302  -31.615 0.0000000000
71166  24.133  13.002  -31.140 0.0000000000
69680  25.816  10.661  -30.752 0.0000000000
70180  25.665  11.438  -31.527 0.0000000000
69125  27.068  9.013  -29.888 0.0000000000
69131  26.846  9.486  -30.141 0.0000000000
66707  25.977  6.012  -29.134 0.0000000000
66690  28.325  4.990  -26.834 0.0000000000
67391  28.774  6.403  -27.165 0.0000000000
99658  19.367  -12.486  -24.279 0.0000000000
54580  19.962  -11.694  -24.487 0.0000000000
53945  21.716  -12.367  -24.734 0.0000000000
99084  22.438  -12.946  -24.719 0.0000000000
95805  22.093  -13.676  -24.578 0.0000000000
54587  23.879  -11.327  -25.217 0.0000000000
53235  25.419  -13.523  -24.606 0.0000000000
52515  24.798  -13.997  -24.495 0.0000000000
52509  18.271  -14.348  -23.364 0.0000000000
52508  19.106  -14.596  -23.641 0.0000000000
52521  19.617  -14.139  -24.022 0.0000000000
63490  24.225  1.185  -29.133 0.0000000000
62781  24.828  0.150  -29.740 0.0000000000
64129  25.020  1.325  -29.523 0.0000000000
64128  25.938  1.312  -29.824 0.0000000000
64127  26.612  1.145  -29.653 0.0000000000
64126  26.967  1.010  -29.399 0.0000000000
64122  26.851  1.732  -29.114 0.0000000000
101343  26.014  10.339  -26.035 0.0000000000
69662  25.844  10.949  -26.480 0.0000000000
69661  26.026  10.032  -26.899 0.0000000000
95897  24.467  13.121  -28.147 0.0000000000
57311  24.224  -7.711  -26.224 0.0000000000
56592  24.618  -8.438  -26.069 0.0000000000
106716  27.626  -8.769  -26.050 0.0000000000
109477  23.588  2.772  -27.499 0.0000000000
50957  18.421  -16.753  -22.439 0.0000000000
50205  18.062  -17.483  -22.134 0.0000000000
48020  21.164  -19.981  -22.729 0.0000000000
48745  21.868  -19.736  -22.271 0.0000000000
50973  22.182  -16.161  -24.206 0.0000000000
50209  23.033  -17.258  -23.737 0.0000000000
55883  16.638  -9.334  -23.280 0.0000000000
55219  17.106  -9.785  -23.683 0.0000000000
56572  16.219  -8.601  -23.284 0.0000000000
56583  16.284  -8.135  -23.479 0.0000000000
57301  16.358  -7.429  -23.536 0.0000000000
59547  17.180  -4.821  -23.603 0.0000000000
58796  17.056  -5.670  -23.673 0.0000000000
58805  18.380  -5.532  -24.410 0.0000000000
58815  19.681  -6.020  -24.902 0.0000000000
109699  20.083  -5.637  -25.180 0.0000000000
58814  20.488  -5.383  -25.430 0.0000000000
58830  21.832  -5.394  -26.236 0.0000000000
63459  17.804  0.377  -25.735 0.0000000000
62750  18.446  -0.244  -26.111 0.0000000000
61205  24.687  -2.002  -27.211 0.0000000000
103834  22.740  -2.306  -27.111 0.0000000000
60354  23.786  -3.358  -27.017 0.0000000000
59595  22.805  -3.885  -27.092 0.0000000000
107792  23.635  -4.214  -26.991 0.0000000000
58838  25.362  -4.124  -26.700 0.0000000000
59593  27.067  -3.916  -26.905 0.0000000000
60350  27.568  -3.364  -27.009 0.0000000000
61201  27.821  -2.608  -27.094 0.0000000000
63455  27.725  1.119  -26.742 0.0000000000
63449  27.784  1.488  -25.708 0.0000000000
68525  25.320  8.385  -28.811 0.0000000000
67384  24.460  6.224  -27.443 0.0000000000
104965  24.670  6.235  -28.391 0.0000000000
67402  24.959  6.779  -29.357 0.0000000000
92683  25.142  7.287  -29.943 0.0000000000
109916  26.053  11.782  -32.052 0.0000000000
69685  26.363  10.796  -31.133 0.0000000000
69677  27.845  10.103  -30.021 0.0000000000
68531  27.671  8.704  -29.045 0.0000000000
67392  27.769  6.735  -28.015 0.0000000000
68523  28.509  8.178  -28.325 0.0000000000
109340  20.748  -11.275  -24.671 0.0000000000
54585  25.971  -11.597  -25.396 0.0000000000
54586  24.991  -11.598  -25.300 0.0000000000
109247  25.756  -12.238  -25.289 0.0000000000
53943  25.865  -12.913  -25.050 0.0000000000
50966  21.374  -16.505  -23.974 0.0000000000
51748  22.916  -15.609  -24.297 0.0000000000
51747  23.594  -15.048  -24.294 0.0000000000
59548  16.551  -4.769  -23.180 0.0000000000
60321  17.630  -3.931  -23.928 0.0000000000
64737  19.086  1.835  -26.301 0.0000000000
64107  19.375  0.864  -26.491 0.0000000000
63470  19.771  0.472  -26.593 0.0000000000
62016  21.612  -1.382  -27.174 0.0000000000
62028  23.295  -1.776  -26.998 0.0000000000
62769  24.715  -0.450  -29.499 0.0000000000
98084  25.318  -1.482  -28.007 0.0000000000
61204  26.049  -1.697  -28.046 0.0000000000
61220  26.556  -1.315  -28.785 0.0000000000
63467  27.556  0.243  -28.310 0.0000000000
64121  27.335  1.169  -28.604 0.0000000000
69118  26.011  9.342  -27.185 0.0000000000
104500  25.829  8.999  -28.074 0.0000000000
69670  25.354  10.781  -28.787 0.0000000000
70171  24.900  11.839  -29.749 0.0000000000
55905  21.583  -8.956  -25.175 0.0000000000
55235  22.031  -9.668  -25.208 0.0000000000
101223  22.852  -9.702  -25.436 0.0000000000
55903  23.720  -9.748  -25.635 0.0000000000
97583  24.955  -9.215  -25.861 0.0000000000
55901  25.136  -10.006  -25.659 0.0000000000
55231  25.426  -10.798  -25.454 0.0000000000
55230  26.266  -10.892  -25.468 0.0000000000
89325  19.336  1.876  -26.126 0.0000000000
90059  19.887  0.855  -26.500 0.0000000000
89330  22.616  -0.428  -27.603 0.0000000000
103862  23.694  0.309  -27.669 0.0000000000
89720  23.475  0.991  -27.337 0.0000000000
103122  23.500  1.066  -28.051 0.0000000000
63480  23.704  1.039  -28.650 0.0000000000
64130  24.624  1.915  -28.983 0.0000000000
64754  25.117  2.578  -28.611 0.0000000000
65392  25.695  3.321  -27.980 0.0000000000
49507  22.015  -18.737  -23.288 0.0000000000
58055  27.163  -6.007  -26.356 0.0000000000
58041  27.691  -6.913  -26.282 0.0000000000
97280  17.626  -12.097  -23.487 0.0000000000
53949  18.538  -12.349  -23.944 0.0000000000
106759  18.331  -11.674  -23.905 0.0000000000
54570  18.525  -10.994  -24.091 0.0000000000
55225  18.751  -10.180  -24.292 0.0000000000
103659  19.611  -10.062  -24.504 0.0000000000
94306  13.910  -5.816  -23.236 0.0000000000
58034  15.825  -6.994  -23.423 0.0000000000
57291  16.950  -6.968  -23.738 0.0000000000
58020  17.360  -6.315  -23.931 0.0000000000
57300  17.643  -7.082  -24.110 0.0000000000
100132  18.008  -7.867  -24.261 0.0000000000
96561  19.391  -8.467  -24.547 0.0000000000
55906  20.772  -9.050  -24.904 0.0000000000
56595  21.098  -8.240  -25.125 0.0000000000
107456  21.917  -8.182  -25.448 0.0000000000
56594  22.856  -8.122  -25.810 0.0000000000
58046  20.948  -6.735  -25.256 0.0000000000
57313  22.224  -7.390  -25.716 0.0000000000
57312  23.514  -7.710  -26.119 0.0000000000
57324  24.646  -6.940  -26.387 0.0000000000
57323  25.515  -6.847  -26.296 0.0000000000
61181  17.924  -2.518  -24.204 0.0000000000
60320  18.381  -2.973  -24.729 0.0000000000
63457  19.146  0.367  -26.493 0.0000000000
62738  18.875  -1.032  -26.211 0.0000000000
61208  20.774  -2.004  -27.175 0.0000000000
101189  20.176  -2.145  -26.747 0.0000000000
62007  18.861  -1.761  -25.870 0.0000000000
59569  19.171  -3.736  -25.228 0.0000000000
59567  21.061  -4.884  -25.994 0.0000000000
59580  23.084  -4.813  -26.863 0.0000000000
58828  23.666  -5.581  -26.724 0.0000000000
58056  26.036  -6.007  -26.225 0.0000000000
58824  28.410  -5.294  -27.153 0.0000000000
59576  29.115  -4.693  -27.115 0.0000000000
62024  27.709  -1.595  -27.523 0.0000000000
62012  28.209  -1.791  -26.736 0.0000000000
65388  23.609  3.470  -27.260 0.0000000000
65387  24.535  3.724  -27.535 0.0000000000
66077  25.325  4.019  -27.706 0.0000000000
66076  25.687  4.416  -28.238 0.0000000000
72175  22.592  16.040  -28.925 0.0000000000
71679  23.511  14.654  -29.519 0.0000000000
72178  22.601  16.277  -29.023 0.0000000000
71163  23.616  13.841  -30.086 0.0000000000
70664  24.421  12.543  -30.077 0.0000000000
70175  24.759  11.992  -30.532 0.0000000000
71167  23.942  13.731  -30.777 0.0000000000
70668  24.363  12.488  -30.927 0.0000000000
70174  25.227  11.266  -30.559 0.0000000000
98483  25.628  10.606  -30.257 0.0000000000
69673  25.907  10.167  -30.349 0.0000000000
67981  25.653  7.598  -30.101 0.0000000000
69679  26.289  10.248  -30.552 0.0000000000
95507  26.347  8.395  -30.024 0.0000000000
66708  25.890  5.229  -29.032 0.0000000000
66068  26.218  4.351  -28.260 0.0000000000
66067  26.965  4.360  -27.607 0.0000000000
66699  27.420  5.123  -27.457 0.0000000000
66056  27.770  4.368  -26.875 0.0000000000
65378  27.969  3.870  -26.126 0.0000000000
67971  29.191  7.599  -27.788 0.0000000000
98900  28.891  5.621  -26.706 0.0000000000
66054  28.977  4.925  -26.052 0.0000000000
66044  28.677  4.096  -25.543 0.0000000000
53239  20.514  -13.264  -24.459 0.0000000000
53946  21.030  -12.799  -24.587 0.0000000000
53238  21.207  -13.521  -24.544 0.0000000000
55234  22.419  -10.436  -25.157 0.0000000000
54588  22.894  -11.248  -25.077 0.0000000000
54576  24.315  -12.239  -25.087 0.0000000000
53944  23.528  -12.834  -24.812 0.0000000000
53236  24.014  -13.778  -24.596 0.0000000000
52516  24.202  -14.542  -24.361 0.0000000000
108846  24.189  -15.159  -24.130 0.0000000000
57308  28.207  -7.946  -26.260 0.0000000000
52517  23.517  -14.331  -24.443 0.0000000000
53231  17.444  -13.451  -23.226 0.0000000000
55894  17.523  -9.428  -23.989 0.0000000000
56574  15.669  -7.682  -23.418 0.0000000000
57292  15.217  -7.752  -23.346 0.0000000000
58022  15.936  -6.335  -23.374 0.0000000000
58033  16.335  -6.796  -23.506 0.0000000000
58058  23.289  -6.432  -26.427 0.0000000000
58813  21.233  -5.892  -25.611 0.0000000000
58823  28.916  -5.090  -27.289 0.0000000000
59533  15.445  -3.315  -22.180 0.0000000000
59581  21.778  -4.634  -26.610 0.0000000000
59591  28.587  -4.483  -27.088 0.0000000000
60336  21.360  -3.165  -27.013 0.0000000000
60337  20.572  -3.390  -26.563 0.0000000000
61194  21.206  -2.418  -27.219 0.0000000000
61206  23.659  -2.379  -26.960 0.0000000000
61207  21.959  -2.544  -27.238 0.0000000000
62013  24.163  -0.829  -27.414 0.0000000000
62015  22.916  -1.178  -27.162 0.0000000000
62017  20.389  -1.594  -26.919 0.0000000000
62027  24.131  -1.489  -27.090 0.0000000000
62037  24.821  -1.018  -28.796 0.0000000000
62747  23.816  -0.365  -27.290 0.0000000000
62748  20.279  -0.930  -26.877 0.0000000000
62760  23.791  0.367  -28.441 0.0000000000
62761  20.941  -0.922  -27.133 0.0000000000
63458  18.354  0.587  -26.180 0.0000000000
63469  20.280  0.035  -26.707 0.0000000000
63489  24.640  0.717  -29.569 0.0000000000
68519  25.390  8.093  -27.785 0.0000000000
68537  26.162  8.904  -30.318 0.0000000000
69126  25.761  9.189  -30.124 0.0000000000
69678  26.907  10.073  -30.367 0.0000000000
70187  25.706  12.165  -32.242 0.0000000000
70657  24.521  13.152  -27.260 0.0000000000
70673  24.629  12.577  -31.745 0.0000000000
70680  25.263  12.640  -32.403 0.0000000000
71158  24.267  13.808  -28.332 0.0000000000
71676  23.281  15.320  -28.940 0.0000000000
72671  22.751  16.750  -28.705 0.0000000000
72680  23.235  16.070  -29.509 0.0000000000
73166  22.775  17.837  -28.427 0.0000000000
73172  22.780  17.011  -28.775 0.0000000000
90220  22.028  -0.760  -26.946 0.0000000000
95298  27.635  10.463  -30.725 0.0000000000
97884  27.780  9.669  -29.632 0.0000000000
98343  24.167  -0.288  -28.860 0.0000000000
99280  20.515  -0.491  -26.883 0.0000000000
103169  19.542  1.423  -26.313 0.0000000000
103203  21.963  -1.098  -26.903 0.0000000000
103304  20.618  0.171  -26.604 0.0000000000
106452  25.406  -0.994  -29.587 0.0000000000
107642  24.334  13.331  -28.892 0.0000000000
107684  21.304  -1.013  -27.098 0.0000000000
