#!ascii label  , from subject sub-v1s12x0050132_ses-1 vox2ras=TkReg
678
15073  -49.422  -73.931  -36.231 0.0000000000
31108  -52.278  -60.929  -38.386 0.0000000000
23088  -42.220  -67.511  -36.756 0.0000000000
145848  -50.215  -67.302  -38.288 0.0000000000
32496  -43.489  -60.768  -37.350 0.0000000000
17745  -49.148  -72.446  -32.624 0.0000000000
145990  -43.067  -64.588  -32.423 0.0000000000
32405  -50.230  -60.550  -31.134 0.0000000000
29740  -39.852  -62.435  -34.556 0.0000000000
150451  -42.243  -63.720  -37.521 0.0000000000
33924  -40.168  -59.907  -34.996 0.0000000000
149013  -45.152  -69.294  -33.512 0.0000000000
158270  -46.276  -65.931  -32.384 0.0000000000
35291  -51.866  -58.349  -28.818 0.0000000000
35286  -47.679  -58.370  -28.447 0.0000000000
17871  -49.790  -72.140  -39.450 0.0000000000
139022  -51.410  -64.112  -38.434 0.0000000000
23144  -52.649  -66.816  -39.634 0.0000000000
27073  -53.381  -64.553  -40.526 0.0000000000
17818  -45.979  -71.430  -37.228 0.0000000000
19191  -49.394  -70.324  -37.677 0.0000000000
139027  -46.518  -64.284  -38.490 0.0000000000
31104  -47.064  -61.324  -38.477 0.0000000000
19129  -44.033  -71.226  -35.178 0.0000000000
24348  -41.930  -66.946  -34.093 0.0000000000
29688  -41.057  -62.195  -31.972 0.0000000000
29716  -48.747  -62.625  -32.642 0.0000000000
30998  -46.096  -61.162  -31.082 0.0000000000
33837  -44.134  -59.798  -29.278 0.0000000000
36722  -41.710  -57.680  -27.390 0.0000000000
20509  -51.831  -69.764  -39.184 0.0000000000
38170  -49.459  -56.063  -37.184 0.0000000000
35451  -53.623  -58.569  -38.576 0.0000000000
34009  -51.082  -59.668  -40.655 0.0000000000
32445  -39.631  -60.364  -32.471 0.0000000000
32464  -39.746  -60.673  -34.396 0.0000000000
15102  -50.934  -73.445  -37.007 0.0000000000
139017  -51.594  -62.553  -38.489 0.0000000000
140493  -53.757  -64.242  -38.570 0.0000000000
29777  -54.729  -62.889  -38.949 0.0000000000
159785  -52.324  -63.694  -40.647 0.0000000000
31118  -54.823  -61.298  -39.255 0.0000000000
20480  -44.472  -69.719  -37.586 0.0000000000
21779  -44.011  -68.075  -38.248 0.0000000000
29766  -42.623  -62.300  -37.471 0.0000000000
27044  -44.908  -64.505  -38.410 0.0000000000
29773  -44.666  -62.541  -38.217 0.0000000000
139021  -47.302  -62.714  -38.526 0.0000000000
31102  -45.435  -61.618  -38.242 0.0000000000
16404  -45.487  -72.839  -34.874 0.0000000000
16391  -45.832  -72.419  -33.957 0.0000000000
24313  -43.828  -66.150  -32.598 0.0000000000
21711  -42.940  -68.080  -33.757 0.0000000000
25661  -42.033  -65.755  -33.021 0.0000000000
28341  -40.975  -63.871  -32.961 0.0000000000
29689  -41.963  -62.392  -31.741 0.0000000000
31021  -49.973  -61.830  -32.640 0.0000000000
31019  -47.363  -61.750  -31.901 0.0000000000
143613  -48.083  -60.656  -30.564 0.0000000000
36727  -46.658  -57.550  -27.527 0.0000000000
33812  -46.148  -58.948  -28.538 0.0000000000
35263  -45.010  -58.217  -27.656 0.0000000000
35281  -42.939  -58.871  -28.251 0.0000000000
151638  -49.781  -68.405  -38.141 0.0000000000
19192  -52.246  -70.578  -37.706 0.0000000000
21787  -52.043  -68.801  -38.331 0.0000000000
21842  -50.553  -67.659  -42.192 0.0000000000
39398  -47.143  -55.607  -37.646 0.0000000000
36891  -51.166  -57.005  -38.102 0.0000000000
35478  -53.479  -57.525  -41.276 0.0000000000
25693  -40.882  -64.922  -36.368 0.0000000000
152385  -42.672  -65.762  -37.743 0.0000000000
28392  -40.690  -63.385  -36.447 0.0000000000
29760  -41.028  -62.499  -36.694 0.0000000000
32484  -41.702  -60.660  -36.525 0.0000000000
17758  -46.955  -71.245  -33.458 0.0000000000
23002  -45.796  -67.301  -32.840 0.0000000000
25645  -44.536  -65.404  -32.449 0.0000000000
33843  -51.114  -59.370  -29.988 0.0000000000
140130  -49.370  -59.496  -29.598 0.0000000000
35289  -50.215  -58.276  -28.777 0.0000000000
36699  -48.676  -56.915  -27.322 0.0000000000
37996  -47.346  -56.523  -26.571 0.0000000000
158689  -50.164  -65.223  -38.425 0.0000000000
24421  -52.107  -66.966  -38.392 0.0000000000
25720  -53.048  -65.594  -38.538 0.0000000000
25738  -53.269  -65.299  -40.517 0.0000000000
25771  -50.823  -65.847  -42.682 0.0000000000
27087  -50.993  -64.874  -41.575 0.0000000000
27070  -50.253  -64.229  -40.913 0.0000000000
28440  -48.494  -63.332  -40.667 0.0000000000
16447  -47.452  -72.202  -37.100 0.0000000000
16449  -50.215  -72.377  -36.749 0.0000000000
21782  -47.080  -68.925  -38.328 0.0000000000
145850  -47.919  -67.164  -38.388 0.0000000000
152708  -44.559  -65.989  -38.382 0.0000000000
149446  -46.305  -65.918  -38.459 0.0000000000
149444  -48.048  -65.914  -38.443 0.0000000000
139025  -48.372  -63.966  -38.528 0.0000000000
139019  -49.172  -62.501  -38.583 0.0000000000
162677  -50.255  -61.724  -38.548 0.0000000000
16419  -46.190  -73.205  -35.763 0.0000000000
17798  -44.462  -71.497  -36.158 0.0000000000
20460  -43.205  -69.768  -36.522 0.0000000000
19095  -44.734  -70.078  -33.791 0.0000000000
20433  -42.672  -69.274  -34.985 0.0000000000
23051  -41.683  -67.012  -36.046 0.0000000000
144230  -40.718  -64.965  -34.293 0.0000000000
29730  -40.088  -62.397  -33.090 0.0000000000
32426  -40.201  -60.422  -31.269 0.0000000000
26976  -46.759  -64.096  -32.515 0.0000000000
29713  -45.644  -62.769  -32.235 0.0000000000
29712  -44.683  -62.953  -32.156 0.0000000000
32377  -46.548  -60.065  -29.679 0.0000000000
32402  -45.359  -60.835  -30.524 0.0000000000
31015  -43.501  -61.860  -31.360 0.0000000000
32399  -42.374  -60.810  -30.338 0.0000000000
33807  -41.403  -59.585  -29.496 0.0000000000
17845  -51.922  -71.777  -37.546 0.0000000000
17887  -50.907  -71.095  -39.747 0.0000000000
21818  -51.412  -68.262  -40.005 0.0000000000
20554  -50.369  -69.134  -41.030 0.0000000000
32499  -46.010  -60.093  -37.913 0.0000000000
33972  -47.726  -59.716  -38.202 0.0000000000
32515  -50.520  -60.204  -38.437 0.0000000000
35449  -51.239  -58.371  -38.010 0.0000000000
140086  -53.294  -60.138  -38.250 0.0000000000
33992  -54.292  -59.725  -39.471 0.0000000000
32549  -51.910  -60.436  -40.152 0.0000000000
33890  -39.608  -59.277  -31.510 0.0000000000
33902  -39.530  -59.522  -32.281 0.0000000000
15101  -50.269  -73.956  -37.385 0.0000000000
13846  -50.406  -73.973  -36.803 0.0000000000
145904  -52.556  -61.861  -38.393 0.0000000000
139016  -52.846  -62.724  -38.431 0.0000000000
146754  -53.792  -62.113  -38.454 0.0000000000
31111  -54.997  -61.922  -39.019 0.0000000000
31110  -54.618  -61.532  -38.736 0.0000000000
21770  -43.487  -68.614  -37.627 0.0000000000
20494  -44.220  -68.943  -37.991 0.0000000000
142372  -43.325  -67.941  -37.832 0.0000000000
31093  -43.083  -61.536  -37.448 0.0000000000
29772  -43.919  -62.812  -38.076 0.0000000000
158739  -44.147  -62.180  -37.979 0.0000000000
160582  -45.235  -62.233  -38.294 0.0000000000
31094  -44.012  -61.464  -37.719 0.0000000000
15022  -49.175  -73.680  -32.416 0.0000000000
16393  -47.925  -73.246  -33.055 0.0000000000
16392  -46.695  -72.849  -33.635 0.0000000000
17759  -47.488  -72.132  -33.216 0.0000000000
25644  -43.476  -65.347  -32.483 0.0000000000
24312  -42.874  -66.018  -32.703 0.0000000000
25643  -42.558  -65.241  -32.611 0.0000000000
26972  -42.188  -64.525  -32.508 0.0000000000
149778  -42.729  -63.844  -32.290 0.0000000000
32407  -52.020  -60.745  -31.734 0.0000000000
32431  -52.414  -61.934  -32.414 0.0000000000
32429  -50.563  -61.271  -32.115 0.0000000000
31022  -50.841  -62.239  -33.059 0.0000000000
32428  -49.698  -61.112  -31.656 0.0000000000
31001  -48.870  -60.939  -31.078 0.0000000000
143612  -49.504  -60.571  -30.823 0.0000000000
36696  -46.052  -57.172  -27.044 0.0000000000
155515  -45.674  -58.102  -27.670 0.0000000000
36725  -44.588  -57.732  -27.221 0.0000000000
37993  -44.693  -56.737  -26.289 0.0000000000
23111  -49.461  -67.844  -38.281 0.0000000000
23112  -50.793  -68.130  -38.119 0.0000000000
38193  -51.639  -56.612  -38.956 0.0000000000
36945  -53.825  -56.972  -40.601 0.0000000000
38239  -53.450  -56.330  -41.210 0.0000000000
27010  -40.523  -64.221  -35.983 0.0000000000
27025  -41.000  -64.165  -36.794 0.0000000000
28381  -40.239  -63.453  -35.566 0.0000000000
156431  -40.064  -60.922  -35.197 0.0000000000
31083  -40.686  -61.761  -36.225 0.0000000000
32474  -40.655  -60.446  -35.677 0.0000000000
31084  -41.497  -61.542  -36.741 0.0000000000
24314  -45.212  -66.734  -32.631 0.0000000000
146117  -45.460  -65.904  -32.453 0.0000000000
33845  -52.858  -59.361  -30.278 0.0000000000
35313  -51.500  -58.817  -29.433 0.0000000000
35312  -50.653  -58.827  -29.321 0.0000000000
35290  -51.033  -58.308  -28.821 0.0000000000
36698  -47.767  -56.868  -27.170 0.0000000000
17870  -49.001  -72.058  -39.764 0.0000000000
27050  -50.757  -64.764  -38.423 0.0000000000
25719  -52.099  -66.111  -38.405 0.0000000000
27051  -52.055  -65.065  -38.432 0.0000000000
27061  -54.381  -64.330  -39.071 0.0000000000
25732  -53.964  -65.085  -39.046 0.0000000000
27089  -52.691  -65.058  -41.237 0.0000000000
25748  -50.537  -65.384  -42.212 0.0000000000
29802  -52.551  -62.737  -40.296 0.0000000000
28443  -51.365  -63.223  -40.465 0.0000000000
28441  -49.613  -63.482  -40.600 0.0000000000
29801  -51.247  -62.199  -40.286 0.0000000000
17819  -46.638  -71.900  -37.178 0.0000000000
141493  -47.316  -71.578  -37.380 0.0000000000
146794  -47.891  -68.367  -38.314 0.0000000000
23109  -47.169  -67.918  -38.417 0.0000000000
25704  -42.617  -64.911  -37.738 0.0000000000
153741  -43.618  -65.885  -38.214 0.0000000000
25705  -43.310  -65.052  -38.095 0.0000000000
25712  -45.127  -65.326  -38.428 0.0000000000
25714  -46.608  -65.188  -38.479 0.0000000000
149445  -47.141  -65.861  -38.460 0.0000000000
25715  -47.563  -65.278  -38.472 0.0000000000
25716  -48.451  -65.281  -38.458 0.0000000000
145013  -46.738  -62.085  -38.486 0.0000000000
139020  -48.217  -62.606  -38.570 0.0000000000
145905  -48.567  -61.865  -38.567 0.0000000000
31106  -49.525  -61.705  -38.557 0.0000000000
16403  -44.863  -72.364  -35.002 0.0000000000
16418  -45.449  -72.719  -35.527 0.0000000000
17787  -44.424  -71.675  -35.462 0.0000000000
19142  -44.089  -70.891  -36.496 0.0000000000
17786  -43.895  -71.149  -35.823 0.0000000000
20418  -45.695  -69.926  -33.519 0.0000000000
148253  -46.313  -70.573  -33.507 0.0000000000
20417  -44.389  -69.471  -33.764 0.0000000000
23017  -42.620  -67.322  -33.607 0.0000000000
21726  -42.713  -68.636  -34.416 0.0000000000
23035  -42.237  -67.836  -34.452 0.0000000000
21739  -42.300  -68.612  -35.180 0.0000000000
23034  -41.707  -67.134  -35.004 0.0000000000
24366  -41.354  -66.430  -35.463 0.0000000000
25670  -41.063  -65.798  -34.791 0.0000000000
141718  -41.002  -63.305  -32.630 0.0000000000
160081  -40.454  -63.231  -33.147 0.0000000000
31041  -40.304  -61.777  -32.417 0.0000000000
32446  -40.094  -60.947  -31.859 0.0000000000
32397  -40.559  -60.242  -30.682 0.0000000000
28346  -48.081  -63.246  -32.543 0.0000000000
31018  -46.513  -61.613  -31.660 0.0000000000
29714  -46.570  -62.625  -32.304 0.0000000000
29693  -45.953  -62.050  -32.008 0.0000000000
31017  -45.278  -61.746  -31.542 0.0000000000
33814  -48.134  -58.891  -28.875 0.0000000000
32378  -47.942  -60.104  -29.804 0.0000000000
33840  -46.859  -59.404  -29.023 0.0000000000
33838  -45.038  -59.730  -29.229 0.0000000000
32375  -44.728  -60.313  -29.819 0.0000000000
30996  -43.928  -61.380  -30.888 0.0000000000
32400  -43.377  -60.868  -30.333 0.0000000000
30995  -42.942  -61.346  -30.860 0.0000000000
32373  -42.812  -60.360  -29.775 0.0000000000
35260  -42.302  -58.332  -27.789 0.0000000000
162141  -41.764  -59.226  -28.952 0.0000000000
157515  -41.335  -58.722  -28.667 0.0000000000
35309  -41.024  -58.990  -29.161 0.0000000000
19171  -50.079  -71.074  -37.350 0.0000000000
17822  -50.741  -71.773  -36.859 0.0000000000
19172  -51.423  -71.130  -37.116 0.0000000000
19206  -52.301  -70.092  -38.245 0.0000000000
17873  -52.310  -70.739  -38.157 0.0000000000
19205  -51.801  -70.575  -39.011 0.0000000000
19220  -50.061  -70.669  -40.416 0.0000000000
19221  -51.024  -70.251  -39.945 0.0000000000
156907  -52.754  -67.004  -39.089 0.0000000000
23114  -52.139  -67.937  -38.656 0.0000000000
23143  -51.923  -67.342  -40.018 0.0000000000
21841  -49.911  -67.940  -42.758 0.0000000000
21831  -50.099  -68.594  -41.735 0.0000000000
33959  -44.659  -59.748  -37.366 0.0000000000
35429  -45.020  -58.945  -37.138 0.0000000000
159075  -48.472  -59.554  -38.229 0.0000000000
143093  -49.044  -59.784  -38.363 0.0000000000
33974  -49.854  -59.541  -38.321 0.0000000000
35450  -52.652  -58.113  -38.380 0.0000000000
35435  -51.646  -57.780  -38.114 0.0000000000
152360  -52.073  -58.383  -38.197 0.0000000000
145156  -51.942  -58.999  -38.191 0.0000000000
33977  -53.520  -59.301  -38.320 0.0000000000
32518  -54.685  -59.979  -38.991 0.0000000000
35452  -54.189  -58.843  -38.914 0.0000000000
34010  -52.359  -59.291  -40.390 0.0000000000
32548  -50.602  -60.601  -40.486 0.0000000000
29729  -39.802  -62.043  -33.799 0.0000000000
31068  -39.796  -61.542  -34.563 0.0000000000
32455  -39.618  -60.642  -33.407 0.0000000000
33923  -39.666  -59.792  -34.088 0.0000000000
36759  -51.400  -57.814  -28.292 0.0000000000
36733  -52.572  -57.469  -27.559 0.0000000000
16470  -50.868  -72.853  -38.263 0.0000000000
28415  -50.866  -63.268  -38.505 0.0000000000
27052  -52.651  -64.220  -38.470 0.0000000000
28417  -53.288  -63.499  -38.485 0.0000000000
28418  -54.315  -63.436  -38.662 0.0000000000
28429  -54.599  -63.417  -39.210 0.0000000000
28444  -53.401  -63.652  -40.380 0.0000000000
29804  -54.330  -63.073  -39.774 0.0000000000
29784  -54.459  -62.121  -39.602 0.0000000000
31134  -53.514  -61.950  -39.966 0.0000000000
19166  -44.624  -70.501  -37.175 0.0000000000
20495  -45.081  -69.173  -38.137 0.0000000000
21780  -44.887  -68.386  -38.345 0.0000000000
154525  -44.768  -67.678  -38.424 0.0000000000
145439  -42.195  -62.964  -37.448 0.0000000000
27043  -43.930  -64.400  -38.252 0.0000000000
28408  -43.793  -63.602  -38.147 0.0000000000
145609  -44.567  -63.247  -38.302 0.0000000000
28410  -46.007  -63.563  -38.488 0.0000000000
28411  -46.935  -63.458  -38.504 0.0000000000
140071  -45.418  -62.908  -38.412 0.0000000000
29774  -45.897  -62.194  -38.419 0.0000000000
31103  -46.205  -61.456  -38.385 0.0000000000
161998  -45.423  -72.570  -34.518 0.0000000000
17773  -45.148  -71.993  -34.251 0.0000000000
23019  -44.359  -67.757  -33.186 0.0000000000
21713  -44.431  -68.663  -33.462 0.0000000000
23018  -43.502  -67.508  -33.306 0.0000000000
25660  -41.327  -65.242  -33.416 0.0000000000
26971  -41.459  -64.513  -32.845 0.0000000000
28342  -41.698  -63.742  -32.439 0.0000000000
29709  -41.443  -62.898  -32.234 0.0000000000
31044  -50.326  -62.634  -33.168 0.0000000000
31043  -49.411  -62.250  -32.730 0.0000000000
29715  -47.579  -62.463  -32.395 0.0000000000
31042  -48.350  -61.981  -32.317 0.0000000000
31000  -48.031  -61.302  -31.418 0.0000000000
30999  -47.006  -61.073  -31.128 0.0000000000
35265  -47.144  -57.947  -28.021 0.0000000000
35285  -46.937  -58.640  -28.454 0.0000000000
35264  -46.315  -58.223  -27.949 0.0000000000
35284  -45.527  -58.570  -28.101 0.0000000000
33810  -44.434  -59.284  -28.702 0.0000000000
33809  -43.542  -59.342  -28.750 0.0000000000
35282  -43.842  -58.804  -28.223 0.0000000000
35261  -43.261  -58.364  -27.669 0.0000000000
36723  -42.681  -57.802  -27.188 0.0000000000
20499  -50.059  -69.606  -37.815 0.0000000000
20482  -50.822  -70.342  -37.474 0.0000000000
20500  -51.504  -69.596  -37.651 0.0000000000
20501  -52.185  -69.691  -37.869 0.0000000000
20510  -52.156  -69.310  -38.521 0.0000000000
23142  -51.282  -67.541  -40.807 0.0000000000
141970  -49.229  -55.869  -38.568 0.0000000000
38191  -49.799  -55.980  -38.089 0.0000000000
38171  -50.208  -56.622  -37.665 0.0000000000
38192  -50.627  -56.269  -38.507 0.0000000000
36906  -52.202  -57.424  -38.597 0.0000000000
36907  -53.303  -57.727  -38.870 0.0000000000
36908  -53.956  -58.152  -39.122 0.0000000000
35477  -53.020  -58.355  -40.846 0.0000000000
35476  -51.797  -58.804  -41.148 0.0000000000
24383  -41.888  -66.708  -36.817 0.0000000000
24401  -42.407  -66.681  -37.415 0.0000000000
24400  -41.882  -66.018  -37.171 0.0000000000
25703  -41.925  -65.106  -37.361 0.0000000000
28393  -41.451  -63.339  -37.137 0.0000000000
29759  -40.369  -62.626  -36.002 0.0000000000
29765  -41.806  -62.371  -37.170 0.0000000000
31092  -42.287  -61.602  -37.179 0.0000000000
32485  -42.344  -60.390  -36.773 0.0000000000
160135  -46.119  -69.089  -33.413 0.0000000000
23021  -46.378  -67.986  -33.096 0.0000000000
23020  -45.268  -67.944  -33.126 0.0000000000
23001  -44.977  -67.370  -32.841 0.0000000000
26973  -43.999  -64.595  -32.353 0.0000000000
33873  -52.484  -59.957  -31.043 0.0000000000
33871  -50.688  -59.961  -30.549 0.0000000000
33870  -49.825  -60.049  -30.284 0.0000000000
33842  -50.250  -59.436  -29.775 0.0000000000
35311  -49.808  -58.839  -29.186 0.0000000000
35287  -48.534  -58.166  -28.480 0.0000000000
36758  -50.591  -57.775  -28.317 0.0000000000
36756  -49.130  -57.769  -28.271 0.0000000000
35266  -47.888  -57.718  -28.053 0.0000000000
36728  -47.407  -57.364  -27.583 0.0000000000
36697  -46.947  -56.969  -27.100 0.0000000000
37995  -46.488  -56.604  -26.522 0.0000000000
149442  -50.012  -65.868  -38.389 0.0000000000
147715  -51.426  -67.493  -38.273 0.0000000000
150868  -50.977  -66.594  -38.319 0.0000000000
24435  -53.082  -66.461  -39.114 0.0000000000
24445  -53.057  -66.111  -40.179 0.0000000000
25772  -51.396  -65.859  -42.267 0.0000000000
27071  -51.476  -64.213  -40.932 0.0000000000
27086  -49.848  -64.794  -41.432 0.0000000000
27085  -48.759  -64.735  -41.401 0.0000000000
27069  -49.150  -64.192  -40.891 0.0000000000
27068  -48.148  -64.100  -40.978 0.0000000000
16431  -48.896  -73.138  -36.527 0.0000000000
16432  -50.104  -73.130  -36.550 0.0000000000
16448  -48.470  -72.371  -36.953 0.0000000000
19170  -48.765  -71.036  -37.549 0.0000000000
19190  -48.189  -70.344  -37.811 0.0000000000
20497  -47.626  -69.698  -38.105 0.0000000000
20498  -48.749  -69.632  -37.952 0.0000000000
21783  -48.207  -68.965  -38.201 0.0000000000
23110  -48.343  -67.786  -38.344 0.0000000000
145849  -48.987  -67.191  -38.344 0.0000000000
24402  -43.142  -66.631  -38.001 0.0000000000
24415  -43.978  -66.678  -38.344 0.0000000000
25711  -44.230  -65.192  -38.337 0.0000000000
150238  -45.469  -66.022  -38.439 0.0000000000
24417  -46.788  -66.383  -38.447 0.0000000000
24418  -47.572  -66.495  -38.431 0.0000000000
24420  -49.609  -66.573  -38.360 0.0000000000
149443  -48.993  -65.910  -38.404 0.0000000000
27049  -49.773  -64.624  -38.484 0.0000000000
139024  -49.289  -63.928  -38.541 0.0000000000
28412  -47.853  -63.334  -38.541 0.0000000000
28413  -48.768  -63.247  -38.580 0.0000000000
28414  -49.757  -63.210  -38.593 0.0000000000
139018  -50.301  -62.377  -38.557 0.0000000000
31107  -51.153  -61.636  -38.508 0.0000000000
15072  -48.256  -73.846  -36.170 0.0000000000
16429  -46.644  -72.675  -36.558 0.0000000000
17800  -45.892  -72.153  -36.726 0.0000000000
16428  -45.373  -72.333  -36.215 0.0000000000
17799  -45.195  -71.670  -36.615 0.0000000000
20461  -43.868  -70.183  -36.921 0.0000000000
21756  -43.017  -68.994  -36.855 0.0000000000
162057  -46.494  -72.022  -33.566 0.0000000000
19096  -45.122  -70.965  -33.831 0.0000000000
19115  -44.235  -70.777  -34.459 0.0000000000
20416  -43.721  -69.317  -34.040 0.0000000000
20435  -43.955  -70.011  -34.310 0.0000000000
19128  -43.545  -70.580  -35.230 0.0000000000
20444  -42.932  -69.854  -35.630 0.0000000000
21755  -42.397  -68.569  -36.207 0.0000000000
24382  -41.473  -66.249  -36.403 0.0000000000
25681  -40.643  -65.015  -35.421 0.0000000000
27000  -40.282  -64.237  -34.988 0.0000000000
26989  -40.853  -64.455  -33.471 0.0000000000
28361  -40.250  -63.502  -33.791 0.0000000000
160598  -40.010  -62.862  -33.778 0.0000000000
31040  -39.826  -61.097  -32.624 0.0000000000
32425  -39.756  -60.086  -31.702 0.0000000000
28345  -47.131  -63.267  -32.487 0.0000000000
28344  -46.230  -63.418  -32.438 0.0000000000
26975  -45.903  -64.366  -32.536 0.0000000000
26974  -44.931  -64.461  -32.415 0.0000000000
28343  -44.353  -63.771  -32.295 0.0000000000
29711  -43.563  -63.191  -32.100 0.0000000000
32379  -48.870  -60.219  -30.165 0.0000000000
32404  -47.243  -60.476  -30.272 0.0000000000
32403  -46.318  -60.631  -30.416 0.0000000000
33839  -45.929  -59.597  -29.141 0.0000000000
32376  -45.659  -60.212  -29.785 0.0000000000
155516  -45.491  -61.337  -31.142 0.0000000000
30997  -44.821  -61.348  -30.989 0.0000000000
29691  -44.070  -62.424  -31.773 0.0000000000
29690  -43.011  -62.466  -31.701 0.0000000000
31014  -42.473  -61.828  -31.336 0.0000000000
31013  -41.474  -61.730  -31.434 0.0000000000
33835  -42.285  -59.774  -29.345 0.0000000000
32372  -41.840  -60.242  -29.843 0.0000000000
32427  -40.836  -61.034  -31.119 0.0000000000
162437  -40.482  -58.683  -29.457 0.0000000000
16450  -51.054  -72.463  -36.736 0.0000000000
16471  -51.453  -72.615  -37.420 0.0000000000
17844  -51.492  -72.275  -38.186 0.0000000000
19173  -52.065  -71.247  -37.195 0.0000000000
17872  -51.666  -71.479  -38.630 0.0000000000
146490  -50.564  -71.703  -39.455 0.0000000000
17886  -49.723  -71.426  -40.025 0.0000000000
161487  -52.087  -67.588  -38.390 0.0000000000
21801  -52.215  -68.364  -39.007 0.0000000000
20528  -51.813  -69.015  -39.331 0.0000000000
21817  -50.737  -68.216  -41.062 0.0000000000
20527  -51.055  -69.250  -40.188 0.0000000000
35375  -39.610  -58.186  -33.051 0.0000000000
33936  -40.965  -59.623  -35.599 0.0000000000
33944  -41.936  -59.927  -36.388 0.0000000000
33945  -42.615  -59.680  -36.600 0.0000000000
32497  -44.334  -60.569  -37.545 0.0000000000
32510  -45.683  -60.864  -38.150 0.0000000000
32511  -46.511  -60.681  -38.284 0.0000000000
33961  -46.379  -59.298  -37.637 0.0000000000
33971  -46.853  -59.889  -38.084 0.0000000000
32512  -47.397  -60.526  -38.397 0.0000000000
156599  -48.887  -61.140  -38.553 0.0000000000
146607  -50.181  -61.109  -38.563 0.0000000000
145903  -51.147  -60.783  -38.488 0.0000000000
35434  -50.479  -57.534  -37.642 0.0000000000
141759  -49.708  -58.125  -37.597 0.0000000000
35448  -50.226  -58.606  -37.964 0.0000000000
33975  -50.930  -59.266  -38.178 0.0000000000
32516  -51.819  -59.958  -38.350 0.0000000000
32517  -54.372  -60.584  -38.657 0.0000000000
32532  -54.702  -60.377  -39.212 0.0000000000
143689  -53.351  -60.998  -39.864 0.0000000000
32550  -53.366  -59.956  -39.856 0.0000000000
31133  -52.234  -61.622  -40.082 0.0000000000
31131  -50.331  -61.566  -40.407 0.0000000000
15045  -45.981  -73.332  -35.015 0.0000000000
15074  -50.115  -73.932  -36.445 0.0000000000
15075  -50.745  -73.312  -36.705 0.0000000000
15076  -51.262  -72.833  -36.906 0.0000000000
15103  -51.238  -73.084  -37.112 0.0000000000
15130  -50.148  -73.451  -38.232 0.0000000000
15131  -50.880  -73.251  -37.539 0.0000000000
16405  -46.085  -73.138  -34.356 0.0000000000
16417  -44.848  -72.139  -35.812 0.0000000000
16430  -47.762  -72.941  -36.586 0.0000000000
16469  -49.959  -72.814  -38.881 0.0000000000
16493  -50.752  -72.257  -38.915 0.0000000000
17757  -45.894  -71.551  -33.682 0.0000000000
17772  -44.520  -71.588  -34.682 0.0000000000
17820  -48.139  -71.668  -37.354 0.0000000000
17821  -49.384  -71.842  -37.150 0.0000000000
17823  -51.573  -71.750  -36.904 0.0000000000
17824  -51.676  -72.064  -36.963 0.0000000000
19141  -43.462  -70.516  -36.123 0.0000000000
19143  -44.722  -71.104  -36.737 0.0000000000
19167  -45.347  -70.900  -37.238 0.0000000000
20434  -43.246  -69.752  -34.764 0.0000000000
20443  -42.531  -69.173  -35.623 0.0000000000
20459  -42.724  -69.323  -36.174 0.0000000000
20479  -43.676  -69.405  -37.309 0.0000000000
20483  -51.993  -70.432  -37.381 0.0000000000
21712  -43.397  -68.697  -33.866 0.0000000000
21714  -45.617  -68.568  -33.322 0.0000000000
21715  -47.145  -68.665  -33.217 0.0000000000
21727  -43.126  -69.145  -34.415 0.0000000000
21769  -42.804  -68.210  -37.221 0.0000000000
21784  -49.332  -68.951  -38.078 0.0000000000
21785  -50.606  -68.880  -37.885 0.0000000000
21786  -51.754  -68.860  -37.898 0.0000000000
21788  -52.501  -67.469  -39.089 0.0000000000
23052  -41.986  -67.818  -35.581 0.0000000000
23089  -42.859  -67.400  -37.652 0.0000000000
23105  -43.564  -67.350  -38.149 0.0000000000
23106  -44.229  -67.335  -38.380 0.0000000000
23113  -51.847  -68.170  -38.248 0.0000000000
24332  -41.538  -66.106  -33.845 0.0000000000
24333  -42.327  -66.527  -33.331 0.0000000000
24334  -43.229  -66.782  -33.009 0.0000000000
24335  -44.263  -66.941  -32.871 0.0000000000
24347  -41.491  -66.509  -34.602 0.0000000000
24419  -48.520  -66.552  -38.397 0.0000000000
24422  -52.805  -66.380  -38.586 0.0000000000
24444  -52.330  -66.423  -40.754 0.0000000000
24467  -50.833  -66.143  -42.782 0.0000000000
25642  -41.869  -65.094  -32.775 0.0000000000
25646  -46.065  -65.254  -32.542 0.0000000000
25682  -40.993  -65.708  -35.918 0.0000000000
25694  -41.360  -65.482  -36.760 0.0000000000
25713  -45.845  -65.450  -38.466 0.0000000000
25717  -49.366  -65.254  -38.441 0.0000000000
25718  -51.016  -65.615  -38.364 0.0000000000
25721  -53.850  -64.876  -38.735 0.0000000000
25746  -48.405  -65.229  -42.005 0.0000000000
25749  -51.374  -65.484  -42.098 0.0000000000
26977  -47.552  -64.039  -32.426 0.0000000000
27026  -41.653  -64.271  -37.266 0.0000000000
27036  -42.270  -64.444  -37.553 0.0000000000
27037  -42.997  -64.175  -37.912 0.0000000000
27045  -45.769  -64.821  -38.473 0.0000000000
27046  -47.219  -64.703  -38.486 0.0000000000
27047  -47.979  -64.663  -38.493 0.0000000000
27048  -48.866  -64.616  -38.487 0.0000000000
27053  -54.278  -64.133  -38.772 0.0000000000
27074  -53.861  -64.824  -39.694 0.0000000000
28347  -49.064  -63.292  -32.582 0.0000000000
28400  -43.012  -63.112  -37.782 0.0000000000
28409  -45.172  -63.719  -38.424 0.0000000000
28416  -52.070  -63.394  -38.454 0.0000000000
28419  -54.547  -63.657  -38.915 0.0000000000
28442  -50.570  -63.603  -40.594 0.0000000000
28445  -54.168  -64.008  -39.815 0.0000000000
29692  -45.037  -62.273  -31.905 0.0000000000
29694  -46.786  -62.081  -32.136 0.0000000000
29708  -40.674  -62.652  -32.561 0.0000000000
29710  -42.407  -63.084  -32.074 0.0000000000
29750  -39.996  -62.773  -35.255 0.0000000000
29767  -43.456  -62.231  -37.743 0.0000000000
29775  -46.374  -62.820  -38.492 0.0000000000
29776  -54.567  -62.475  -38.738 0.0000000000
29785  -54.754  -62.515  -39.211 0.0000000000
29800  -50.204  -62.646  -40.415 0.0000000000
29803  -53.759  -62.724  -40.090 0.0000000000
30994  -41.896  -61.287  -30.867 0.0000000000
31012  -40.710  -61.557  -31.735 0.0000000000
31016  -44.455  -61.839  -31.444 0.0000000000
31020  -49.055  -61.604  -32.052 0.0000000000
31056  -39.803  -61.576  -33.153 0.0000000000
31067  -39.696  -61.301  -33.862 0.0000000000
31077  -40.102  -61.888  -35.411 0.0000000000
31085  -42.105  -61.015  -36.890 0.0000000000
31095  -44.887  -61.111  -37.932 0.0000000000
31101  -44.729  -61.859  -38.075 0.0000000000
31105  -47.990  -61.209  -38.563 0.0000000000
31109  -53.594  -61.187  -38.387 0.0000000000
31132  -51.182  -61.301  -40.268 0.0000000000
32374  -43.778  -60.370  -29.783 0.0000000000
32398  -41.378  -60.632  -30.445 0.0000000000
32401  -44.344  -60.864  -30.381 0.0000000000
32406  -51.098  -60.586  -31.491 0.0000000000
32430  -51.485  -61.541  -32.443 0.0000000000
32475  -41.308  -60.177  -36.091 0.0000000000
32483  -41.026  -60.940  -36.230 0.0000000000
32486  -43.037  -60.180  -37.021 0.0000000000
32495  -42.710  -60.902  -37.146 0.0000000000
32498  -45.170  -60.312  -37.754 0.0000000000
32513  -48.404  -60.356  -38.465 0.0000000000
32514  -49.451  -60.480  -38.503 0.0000000000
32531  -54.412  -60.601  -39.514 0.0000000000
33808  -42.637  -59.335  -28.813 0.0000000000
33811  -45.301  -59.168  -28.631 0.0000000000
33813  -47.463  -58.966  -28.783 0.0000000000
33834  -40.683  -59.269  -29.734 0.0000000000
33836  -43.214  -59.831  -29.290 0.0000000000
33841  -48.490  -59.512  -29.423 0.0000000000
33844  -51.982  -59.322  -30.193 0.0000000000
33868  -40.311  -59.498  -30.364 0.0000000000
33869  -40.977  -59.958  -30.039 0.0000000000
33872  -51.570  -59.930  -30.833 0.0000000000
33891  -39.952  -59.771  -31.016 0.0000000000
33913  -39.525  -59.682  -33.156 0.0000000000
33937  -41.579  -59.546  -35.980 0.0000000000
33960  -45.511  -59.503  -37.528 0.0000000000
33963  -48.203  -58.957  -37.827 0.0000000000
33976  -52.722  -59.398  -38.190 0.0000000000
33978  -54.188  -59.293  -38.737 0.0000000000
33979  -54.448  -59.344  -39.038 0.0000000000
33993  -54.479  -59.605  -39.252 0.0000000000
34012  -54.052  -58.875  -39.608 0.0000000000
35262  -44.173  -58.294  -27.664 0.0000000000
35283  -44.711  -58.724  -28.174 0.0000000000
35288  -49.408  -58.263  -28.667 0.0000000000
35310  -48.960  -58.874  -28.995 0.0000000000
35314  -52.381  -58.852  -29.485 0.0000000000
35337  -40.132  -58.780  -30.023 0.0000000000
35404  -40.638  -58.930  -35.075 0.0000000000
35430  -45.909  -58.745  -37.179 0.0000000000
35466  -54.202  -58.867  -39.263 0.0000000000
36693  -43.132  -57.262  -26.552 0.0000000000
36724  -43.664  -57.794  -27.158 0.0000000000
36729  -48.593  -57.486  -27.955 0.0000000000
36732  -51.755  -57.417  -27.658 0.0000000000
36757  -49.803  -57.760  -28.302 0.0000000000
36760  -52.214  -57.870  -28.216 0.0000000000
36961  -53.589  -56.852  -41.502 0.0000000000
37997  -48.234  -56.493  -26.602 0.0000000000
39385  -48.725  -55.561  -37.098 0.0000000000
39399  -48.201  -55.508  -37.742 0.0000000000
138471  -40.350  -64.106  -34.074 0.0000000000
139023  -50.280  -63.977  -38.527 0.0000000000
139101  -52.814  -58.762  -38.221 0.0000000000
139613  -54.935  -60.934  -39.040 0.0000000000
139865  -42.035  -58.804  -28.403 0.0000000000
140131  -47.686  -59.461  -29.246 0.0000000000
140213  -40.034  -59.117  -34.503 0.0000000000
141074  -45.829  -72.679  -36.200 0.0000000000
141342  -40.568  -63.842  -33.485 0.0000000000
141351  -54.110  -59.830  -38.553 0.0000000000
145196  -40.488  -61.180  -35.780 0.0000000000
145290  -48.056  -57.236  -27.633 0.0000000000
145851  -46.901  -67.047  -38.422 0.0000000000
145906  -47.650  -61.976  -38.556 0.0000000000
147553  -48.797  -68.358  -38.256 0.0000000000
149350  -44.664  -66.243  -32.542 0.0000000000
149458  -40.037  -63.372  -34.560 0.0000000000
149843  -52.524  -67.138  -38.760 0.0000000000
153287  -53.763  -58.079  -40.352 0.0000000000
153480  -45.306  -63.594  -32.369 0.0000000000
153978  -41.312  -64.793  -36.983 0.0000000000
154477  -43.696  -68.150  -33.493 0.0000000000
155487  -49.419  -72.560  -36.749 0.0000000000
155514  -46.038  -57.727  -27.493 0.0000000000
157426  -43.539  -63.979  -32.312 0.0000000000
157542  -54.304  -61.401  -39.635 0.0000000000
158154  -53.863  -62.870  -38.485 0.0000000000
158334  -53.771  -57.351  -40.731 0.0000000000
159057  -47.254  -59.921  -29.582 0.0000000000
160197  -45.869  -61.577  -31.514 0.0000000000
161268  -44.470  -63.895  -38.332 0.0000000000
162343  -41.127  -65.561  -34.061 0.0000000000
162361  -45.391  -65.068  -32.505 0.0000000000
163012  -46.315  -68.559  -33.291 0.0000000000
163165  -49.482  -61.124  -38.555 0.0000000000
163190  -47.578  -60.865  -30.846 0.0000000000
163833  -52.254  -71.117  -37.715 0.0000000000
165592  -54.866  -61.928  -39.213 0.0000000000
