#!ascii label  , from subject sub-v1s12x0050117_ses-1 vox2ras=TkReg
1761
120244  -48.840  -25.342  40.564 0.0000000000
30354  -38.753  -41.247  47.452 0.0000000000
54769  -50.008  -12.942  31.993 0.0000000000
48401  -40.066  -19.732  32.009 0.0000000000
132427  -51.185  -20.980  35.155 0.0000000000
35965  -46.582  -34.246  43.380 0.0000000000
36930  -33.084  -33.034  37.635 0.0000000000
42028  -37.309  -28.053  32.764 0.0000000000
31303  -29.940  -39.511  51.370 0.0000000000
59142  -59.604  -8.820  32.392 0.0000000000
32363  -26.261  -38.059  38.811 0.0000000000
116520  -44.833  -22.966  36.140 0.0000000000
117038  -45.302  -18.522  34.288 0.0000000000
48311  -48.834  -20.748  39.878 0.0000000000
40306  -48.758  -30.149  41.686 0.0000000000
38736  -43.067  -31.257  37.346 0.0000000000
42002  -43.925  -27.195  36.086 0.0000000000
128865  -38.915  -24.321  32.240 0.0000000000
59183  -61.823  -8.091  28.727 0.0000000000
30315  -34.029  -40.259  49.840 0.0000000000
30385  -28.721  -39.402  44.509 0.0000000000
33174  -31.935  -36.816  45.256 0.0000000000
51178  -50.865  -17.871  31.951 0.0000000000
33179  -42.887  -37.679  45.144 0.0000000000
114688  -36.789  -36.036  42.180 0.0000000000
35998  -39.725  -34.311  40.086 0.0000000000
39553  -35.179  -29.647  36.173 0.0000000000
29248  -26.708  -41.884  52.209 0.0000000000
128326  -53.674  -18.675  38.161 0.0000000000
52943  -54.948  -15.845  35.559 0.0000000000
58171  -55.795  -9.135  36.486 0.0000000000
55593  -56.288  -12.116  31.865 0.0000000000
59169  -54.748  -8.472  29.655 0.0000000000
29314  -25.003  -40.959  46.042 0.0000000000
35990  -29.472  -34.381  39.612 0.0000000000
44794  -47.029  -24.659  37.911 0.0000000000
46579  -46.997  -22.181  38.105 0.0000000000
45688  -48.447  -23.342  40.477 0.0000000000
41982  -49.200  -27.616  41.400 0.0000000000
127137  -46.231  -29.056  38.282 0.0000000000
42918  -46.616  -26.434  37.799 0.0000000000
43867  -44.307  -25.236  36.082 0.0000000000
132194  -48.602  -12.716  27.856 0.0000000000
55632  -50.728  -12.393  28.983 0.0000000000
127411  -36.692  -40.910  48.891 0.0000000000
32267  -33.588  -38.707  47.828 0.0000000000
32292  -35.987  -38.484  46.381 0.0000000000
50227  -40.687  -18.688  30.097 0.0000000000
49269  -48.662  -19.173  35.006 0.0000000000
49311  -46.027  -20.050  31.778 0.0000000000
48392  -48.914  -20.459  32.597 0.0000000000
50230  -48.813  -18.843  30.325 0.0000000000
48395  -51.378  -20.480  32.966 0.0000000000
34089  -44.851  -35.870  44.472 0.0000000000
34116  -41.072  -36.232  42.383 0.0000000000
35058  -43.279  -34.706  41.994 0.0000000000
40360  -40.295  -29.328  34.488 0.0000000000
39525  -39.309  -30.594  36.970 0.0000000000
41170  -36.270  -27.896  35.257 0.0000000000
46611  -39.420  -22.378  32.476 0.0000000000
51145  -52.245  -17.451  35.867 0.0000000000
122228  -57.796  -12.432  34.411 0.0000000000
56440  -58.542  -11.868  32.554 0.0000000000
132425  -55.431  -11.040  30.120 0.0000000000
58231  -58.347  -9.957  31.383 0.0000000000
61092  -57.812  -6.385  27.684 0.0000000000
131967  -28.324  -40.048  52.372 0.0000000000
29276  -25.866  -41.710  49.239 0.0000000000
30326  -27.443  -40.125  48.378 0.0000000000
32319  -27.878  -38.405  42.281 0.0000000000
31408  -25.742  -39.194  42.354 0.0000000000
31434  -25.104  -38.760  39.562 0.0000000000
35075  -35.202  -35.055  40.021 0.0000000000
36885  -32.835  -33.704  41.550 0.0000000000
37803  -31.532  -32.634  38.996 0.0000000000
47473  -42.021  -21.236  34.303 0.0000000000
49285  -42.562  -19.161  33.883 0.0000000000
48361  -44.462  -20.192  35.733 0.0000000000
49230  -47.622  -19.625  37.561 0.0000000000
48339  -50.749  -20.237  37.786 0.0000000000
37782  -47.988  -32.808  42.417 0.0000000000
36913  -45.042  -32.708  40.133 0.0000000000
38727  -45.834  -31.106  39.092 0.0000000000
39559  -43.798  -29.936  35.778 0.0000000000
132958  -40.595  -28.141  33.363 0.0000000000
42063  -38.239  -26.994  31.536 0.0000000000
43869  -40.829  -25.807  34.068 0.0000000000
45721  -41.769  -23.444  34.244 0.0000000000
59151  -61.184  -8.507  30.729 0.0000000000
116242  -59.381  -4.847  30.507 0.0000000000
30294  -32.007  -40.117  50.264 0.0000000000
30348  -29.619  -40.118  47.400 0.0000000000
31348  -31.363  -39.687  47.255 0.0000000000
31385  -30.699  -38.799  45.075 0.0000000000
33206  -28.988  -37.179  42.038 0.0000000000
49308  -43.643  -18.893  31.351 0.0000000000
52144  -47.731  -16.561  30.213 0.0000000000
52131  -49.792  -15.550  32.397 0.0000000000
125832  -41.070  -40.206  45.320 0.0000000000
32303  -38.015  -38.629  44.426 0.0000000000
32323  -39.150  -37.919  43.401 0.0000000000
34125  -37.897  -36.136  41.077 0.0000000000
36008  -36.662  -34.498  38.957 0.0000000000
37804  -41.028  -32.418  38.895 0.0000000000
37836  -37.914  -32.066  38.080 0.0000000000
129017  -34.669  -32.103  36.850 0.0000000000
45662  -50.156  -23.862  44.256 0.0000000000
31354  -40.727  -39.806  47.672 0.0000000000
34044  -45.032  -36.867  46.418 0.0000000000
35005  -46.178  -35.516  45.757 0.0000000000
47373  -49.825  -21.253  43.260 0.0000000000
115390  -52.406  -21.052  41.426 0.0000000000
46560  -53.732  -22.320  39.306 0.0000000000
50120  -54.699  -19.239  40.604 0.0000000000
46598  -53.935  -21.620  36.240 0.0000000000
49290  -54.011  -19.573  33.986 0.0000000000
52135  -53.960  -17.125  33.500 0.0000000000
53808  -53.309  -14.751  33.470 0.0000000000
55545  -54.461  -12.238  35.183 0.0000000000
53812  -57.184  -14.341  34.617 0.0000000000
55576  -53.475  -12.296  32.649 0.0000000000
55621  -52.907  -11.748  29.703 0.0000000000
60116  -57.976  -7.471  29.912 0.0000000000
134533  -24.636  -43.293  49.953 0.0000000000
28327  -22.870  -42.023  44.062 0.0000000000
30374  -26.327  -39.823  45.196 0.0000000000
116348  -23.461  -40.580  42.794 0.0000000000
35017  -34.251  -35.558  44.274 0.0000000000
35038  -30.952  -35.247  42.883 0.0000000000
34133  -28.305  -36.095  39.687 0.0000000000
34164  -27.413  -36.197  35.093 0.0000000000
44785  -48.282  -24.818  39.742 0.0000000000
45693  -48.125  -23.761  39.673 0.0000000000
44778  -48.625  -24.342  40.404 0.0000000000
42902  -49.223  -26.795  41.177 0.0000000000
42908  -47.943  -26.749  39.710 0.0000000000
42914  -47.982  -25.962  39.327 0.0000000000
43858  -47.157  -25.327  38.038 0.0000000000
54779  -48.260  -13.302  30.432 0.0000000000
55617  -48.849  -12.662  30.222 0.0000000000
55639  -49.329  -12.652  28.092 0.0000000000
55604  -50.253  -12.029  30.808 0.0000000000
29304  -37.859  -41.181  47.857 0.0000000000
31353  -36.551  -39.913  47.153 0.0000000000
119337  -37.255  -40.045  46.386 0.0000000000
48412  -38.986  -19.816  30.910 0.0000000000
49307  -40.432  -18.951  31.531 0.0000000000
49270  -49.895  -20.189  34.810 0.0000000000
49288  -48.524  -20.138  33.081 0.0000000000
48381  -49.807  -20.603  33.588 0.0000000000
48406  -49.535  -20.362  32.115 0.0000000000
47476  -51.077  -20.810  34.046 0.0000000000
35031  -45.614  -35.371  44.302 0.0000000000
120425  -43.947  -35.333  43.054 0.0000000000
35963  -44.889  -34.368  42.517 0.0000000000
111350  -39.149  -28.688  33.767 0.0000000000
41172  -37.732  -28.454  34.866 0.0000000000
41186  -37.229  -27.938  33.677 0.0000000000
42025  -34.705  -27.081  33.504 0.0000000000
47492  -39.570  -21.529  32.468 0.0000000000
47495  -37.780  -21.597  31.060 0.0000000000
129806  -38.740  -20.612  31.281 0.0000000000
57300  -58.994  -10.923  33.095 0.0000000000
57301  -59.304  -10.173  32.737 0.0000000000
57327  -58.420  -10.989  31.690 0.0000000000
58234  -60.046  -9.832  31.964 0.0000000000
31285  -29.091  -39.625  52.117 0.0000000000
30291  -27.692  -40.333  50.339 0.0000000000
31318  -28.969  -39.654  50.349 0.0000000000
32347  -27.204  -37.952  40.864 0.0000000000
32331  -26.094  -38.550  40.877 0.0000000000
32356  -25.824  -38.426  39.162 0.0000000000
131391  -24.589  -39.430  37.650 0.0000000000
32367  -25.445  -38.472  37.495 0.0000000000
36919  -33.695  -33.845  38.662 0.0000000000
36907  -33.174  -33.332  39.176 0.0000000000
113843  -32.458  -32.791  37.793 0.0000000000
46595  -43.687  -22.567  35.287 0.0000000000
48360  -43.840  -20.676  35.312 0.0000000000
46597  -44.997  -21.941  36.078 0.0000000000
47415  -48.149  -21.083  39.461 0.0000000000
48338  -47.276  -20.184  37.927 0.0000000000
49216  -47.986  -19.997  38.376 0.0000000000
49231  -48.429  -19.544  37.705 0.0000000000
48323  -49.499  -20.149  39.024 0.0000000000
38711  -48.459  -31.582  41.992 0.0000000000
38714  -46.758  -31.865  40.489 0.0000000000
39514  -47.170  -30.670  40.052 0.0000000000
119361  -45.129  -28.165  37.012 0.0000000000
40338  -44.907  -29.459  36.874 0.0000000000
41175  -43.321  -28.803  35.224 0.0000000000
41191  -42.155  -28.848  34.288 0.0000000000
133776  -42.628  -27.677  34.821 0.0000000000
42929  -40.768  -26.847  33.761 0.0000000000
42931  -41.998  -26.330  34.766 0.0000000000
44802  -45.107  -23.972  36.408 0.0000000000
44807  -43.342  -24.194  35.290 0.0000000000
45716  -43.631  -23.450  35.363 0.0000000000
125466  -42.149  -22.819  34.405 0.0000000000
119703  -33.247  -40.080  49.972 0.0000000000
114852  -32.080  -39.971  48.784 0.0000000000
31337  -32.543  -39.650  48.366 0.0000000000
33148  -32.465  -37.711  46.498 0.0000000000
32282  -32.090  -38.617  46.824 0.0000000000
33163  -31.632  -37.711  45.634 0.0000000000
32311  -30.196  -37.998  43.970 0.0000000000
33184  -30.477  -37.324  43.751 0.0000000000
50186  -44.074  -18.673  34.189 0.0000000000
50207  -43.427  -18.546  32.759 0.0000000000
50208  -44.296  -18.569  32.826 0.0000000000
48402  -46.292  -20.448  31.217 0.0000000000
49326  -45.071  -20.359  30.560 0.0000000000
133603  -45.032  -20.251  29.275 0.0000000000
51184  -49.504  -18.550  30.768 0.0000000000
122056  -48.902  -17.946  30.447 0.0000000000
51177  -49.493  -17.138  31.517 0.0000000000
52139  -48.868  -16.288  31.509 0.0000000000
52141  -50.287  -17.183  32.000 0.0000000000
32295  -42.104  -39.104  45.554 0.0000000000
32306  -40.384  -38.896  44.225 0.0000000000
32316  -41.153  -38.347  44.378 0.0000000000
116378  -40.441  -35.645  41.512 0.0000000000
35055  -39.555  -36.079  41.471 0.0000000000
35069  -39.106  -35.613  40.820 0.0000000000
35078  -37.091  -35.119  39.677 0.0000000000
35996  -37.869  -34.768  39.571 0.0000000000
37824  -44.229  -32.197  38.845 0.0000000000
37806  -42.838  -32.602  39.129 0.0000000000
37821  -41.839  -31.955  38.424 0.0000000000
121643  -36.998  -30.049  36.718 0.0000000000
38733  -38.375  -31.323  37.693 0.0000000000
38731  -36.461  -31.550  37.345 0.0000000000
38730  -35.424  -32.080  37.176 0.0000000000
43881  -38.139  -25.634  31.556 0.0000000000
34996  -45.766  -36.029  46.238 0.0000000000
38679  -48.670  -32.095  44.596 0.0000000000
124074  -49.647  -22.162  43.726 0.0000000000
48286  -52.171  -20.607  43.045 0.0000000000
47376  -53.217  -20.825  42.166 0.0000000000
47418  -52.883  -21.907  39.920 0.0000000000
120248  -54.105  -21.519  41.032 0.0000000000
132260  -54.492  -19.348  38.576 0.0000000000
48342  -55.065  -20.818  37.851 0.0000000000
49235  -54.697  -20.358  37.005 0.0000000000
48375  -54.114  -20.765  34.826 0.0000000000
49253  -54.077  -19.374  35.487 0.0000000000
52942  -53.681  -16.330  35.428 0.0000000000
116971  -54.501  -17.258  34.486 0.0000000000
52108  -55.059  -16.663  34.537 0.0000000000
52124  -53.439  -16.601  33.324 0.0000000000
52963  -54.968  -15.677  33.517 0.0000000000
57279  -54.488  -10.311  35.300 0.0000000000
54759  -58.013  -13.066  33.213 0.0000000000
54723  -57.939  -13.653  34.594 0.0000000000
54757  -56.057  -13.178  33.143 0.0000000000
54756  -54.154  -13.045  33.232 0.0000000000
55592  -54.732  -11.864  31.739 0.0000000000
111457  -52.934  -11.645  30.645 0.0000000000
132182  -54.776  -11.647  30.790 0.0000000000
58254  -54.886  -9.497  29.742 0.0000000000
56474  -53.950  -10.814  28.985 0.0000000000
58262  -53.636  -9.892  28.798 0.0000000000
59173  -61.654  -8.307  29.408 0.0000000000
59171  -60.695  -8.756  30.110 0.0000000000
111734  -59.814  -7.777  28.996 0.0000000000
29302  -25.371  -41.362  47.477 0.0000000000
28311  -24.835  -42.204  47.908 0.0000000000
28313  -24.204  -42.131  46.617 0.0000000000
28321  -23.328  -42.089  44.930 0.0000000000
29312  -23.840  -41.603  45.212 0.0000000000
30365  -29.395  -40.016  46.507 0.0000000000
31347  -28.305  -39.775  46.547 0.0000000000
127828  -28.108  -39.660  44.951 0.0000000000
31392  -24.842  -39.888  43.288 0.0000000000
28353  -23.630  -42.007  38.942 0.0000000000
33187  -37.321  -37.113  43.496 0.0000000000
33175  -36.430  -36.927  44.375 0.0000000000
34084  -36.181  -36.407  43.658 0.0000000000
35978  -31.001  -33.813  41.052 0.0000000000
35960  -31.999  -34.158  42.260 0.0000000000
114085  -30.355  -34.570  41.228 0.0000000000
35062  -29.305  -35.671  40.626 0.0000000000
35073  -28.433  -35.263  39.051 0.0000000000
34163  -26.776  -36.821  35.242 0.0000000000
128343  -46.337  -23.576  37.317 0.0000000000
117496  -46.097  -22.188  37.010 0.0000000000
114032  -47.151  -23.230  38.296 0.0000000000
46567  -47.517  -22.535  38.858 0.0000000000
47416  -48.497  -21.477  40.177 0.0000000000
129854  -48.923  -29.372  41.542 0.0000000000
126820  -47.354  -29.866  39.850 0.0000000000
41137  -47.982  -28.300  40.241 0.0000000000
41991  -46.759  -27.778  38.451 0.0000000000
42922  -44.707  -26.761  36.534 0.0000000000
42927  -44.116  -26.161  36.128 0.0000000000
43862  -45.599  -25.416  36.872 0.0000000000
44797  -45.673  -24.625  36.838 0.0000000000
114130  -50.914  -12.608  28.153 0.0000000000
111326  -35.607  -40.658  49.506 0.0000000000
31339  -34.527  -39.789  48.829 0.0000000000
130154  -35.184  -39.617  48.394 0.0000000000
32284  -34.236  -38.036  47.300 0.0000000000
33150  -34.272  -37.241  46.550 0.0000000000
50189  -46.991  -18.574  34.781 0.0000000000
50210  -46.250  -18.985  32.873 0.0000000000
49286  -47.099  -19.504  32.839 0.0000000000
48391  -47.321  -20.133  32.226 0.0000000000
48416  -47.409  -20.399  30.951 0.0000000000
49342  -47.440  -19.398  29.708 0.0000000000
49312  -49.017  -20.118  31.234 0.0000000000
49313  -49.891  -19.865  31.414 0.0000000000
49315  -51.476  -19.334  32.033 0.0000000000
33192  -43.320  -37.058  44.885 0.0000000000
34086  -41.868  -36.847  43.686 0.0000000000
34104  -43.354  -35.926  43.392 0.0000000000
35057  -42.397  -35.245  42.051 0.0000000000
35984  -41.759  -34.356  40.850 0.0000000000
39555  -41.212  -30.151  35.527 0.0000000000
39527  -40.822  -30.712  36.879 0.0000000000
40336  -39.847  -29.786  35.599 0.0000000000
40334  -38.330  -29.576  36.033 0.0000000000
40341  -35.801  -28.700  35.883 0.0000000000
40358  -33.913  -29.030  35.252 0.0000000000
42009  -34.116  -27.561  34.140 0.0000000000
126014  -39.255  -23.099  32.369 0.0000000000
46614  -37.526  -22.451  31.278 0.0000000000
51108  -52.078  -17.430  38.277 0.0000000000
50144  -52.544  -18.198  36.661 0.0000000000
52079  -50.800  -16.436  37.125 0.0000000000
120730  -51.621  -15.114  35.661 0.0000000000
53782  -53.637  -14.587  35.679 0.0000000000
58185  -56.711  -8.745  35.232 0.0000000000
57288  -55.958  -10.694  34.390 0.0000000000
57290  -57.647  -10.437  33.805 0.0000000000
55565  -58.353  -12.590  33.281 0.0000000000
134962  -57.843  -12.300  32.304 0.0000000000
56437  -56.586  -11.798  31.569 0.0000000000
56453  -57.565  -11.303  31.481 0.0000000000
58244  -57.553  -10.331  31.217 0.0000000000
130268  -55.971  -8.605  30.526 0.0000000000
60150  -61.805  -7.437  27.457 0.0000000000
61094  -59.754  -6.911  27.791 0.0000000000
61107  -60.154  -6.630  27.079 0.0000000000
29249  -27.139  -41.288  52.185 0.0000000000
29258  -26.747  -41.621  51.415 0.0000000000
29268  -27.178  -40.968  50.799 0.0000000000
30308  -27.083  -40.551  49.054 0.0000000000
30344  -26.111  -40.588  47.419 0.0000000000
31411  -28.232  -38.691  43.115 0.0000000000
31395  -27.386  -39.345  43.771 0.0000000000
31409  -26.718  -38.996  42.462 0.0000000000
112384  -25.148  -38.818  40.475 0.0000000000
31437  -23.737  -39.806  39.387 0.0000000000
29348  -23.658  -41.177  38.489 0.0000000000
30427  -24.301  -40.420  37.439 0.0000000000
35054  -35.688  -35.313  41.255 0.0000000000
35041  -35.403  -35.331  42.190 0.0000000000
35980  -34.077  -34.235  40.234 0.0000000000
112875  -32.709  -33.086  40.152 0.0000000000
36905  -30.744  -33.132  39.461 0.0000000000
47484  -40.894  -21.027  33.429 0.0000000000
49295  -41.527  -19.165  32.959 0.0000000000
48369  -42.320  -20.140  34.343 0.0000000000
129698  -43.440  -19.414  34.702 0.0000000000
49266  -44.658  -19.203  35.442 0.0000000000
47453  -46.209  -21.110  36.981 0.0000000000
49247  -46.038  -19.552  36.620 0.0000000000
49268  -46.335  -18.880  36.157 0.0000000000
50157  -47.804  -18.860  36.189 0.0000000000
49251  -49.346  -19.394  36.391 0.0000000000
113353  -50.947  -20.697  35.755 0.0000000000
36880  -47.092  -33.655  42.833 0.0000000000
36886  -45.204  -33.675  41.690 0.0000000000
36901  -46.314  -32.931  41.256 0.0000000000
37809  -45.436  -32.186  39.712 0.0000000000
38738  -43.971  -31.058  37.346 0.0000000000
39520  -46.115  -30.373  38.812 0.0000000000
39528  -44.322  -30.597  37.115 0.0000000000
39542  -43.178  -30.444  36.168 0.0000000000
40347  -42.203  -29.862  34.964 0.0000000000
41189  -40.734  -28.972  33.986 0.0000000000
41214  -38.733  -28.100  32.693 0.0000000000
134676  -37.991  -27.695  31.916 0.0000000000
122367  -39.625  -27.333  32.632 0.0000000000
119056  -39.586  -26.434  32.767 0.0000000000
44809  -39.891  -24.857  33.229 0.0000000000
43871  -42.284  -25.270  34.912 0.0000000000
44805  -41.805  -24.674  34.531 0.0000000000
45725  -40.002  -24.026  32.978 0.0000000000
46607  -40.652  -22.681  33.458 0.0000000000
122713  -41.126  -21.980  33.738 0.0000000000
60085  -60.060  -8.341  31.956 0.0000000000
61056  -59.870  -6.954  31.343 0.0000000000
61063  -60.339  -6.652  30.764 0.0000000000
61074  -61.719  -6.961  29.375 0.0000000000
62028  -62.121  -6.895  28.014 0.0000000000
62038  -62.231  -6.516  27.245 0.0000000000
31321  -31.540  -39.969  50.871 0.0000000000
31330  -30.441  -40.050  49.813 0.0000000000
30312  -30.972  -40.368  49.145 0.0000000000
30349  -30.468  -40.260  47.517 0.0000000000
30378  -30.194  -39.533  45.527 0.0000000000
31349  -32.077  -39.419  47.691 0.0000000000
31373  -30.891  -39.203  45.705 0.0000000000
114615  -29.976  -39.225  44.949 0.0000000000
31412  -28.812  -38.467  43.347 0.0000000000
32334  -28.067  -37.982  41.952 0.0000000000
33216  -27.438  -37.496  40.543 0.0000000000
50205  -41.713  -18.682  32.315 0.0000000000
50228  -42.323  -18.622  30.897 0.0000000000
49297  -45.222  -19.498  31.821 0.0000000000
121336  -48.719  -14.595  31.605 0.0000000000
53821  -49.891  -14.502  32.565 0.0000000000
30380  -40.078  -41.017  46.330 0.0000000000
31366  -38.091  -40.250  45.848 0.0000000000
31388  -39.613  -39.951  44.721 0.0000000000
32304  -38.689  -38.571  44.037 0.0000000000
33198  -38.105  -37.231  42.867 0.0000000000
33210  -39.731  -37.153  42.673 0.0000000000
33208  -38.304  -36.841  42.213 0.0000000000
34112  -37.073  -35.952  41.547 0.0000000000
34122  -36.304  -35.317  40.265 0.0000000000
35995  -35.513  -34.691  39.161 0.0000000000
36932  -34.152  -33.645  37.961 0.0000000000
36898  -44.022  -33.489  40.706 0.0000000000
36896  -42.326  -33.613  40.326 0.0000000000
36908  -39.989  -33.504  39.638 0.0000000000
38722  -40.927  -31.647  38.206 0.0000000000
37819  -39.189  -32.507  38.596 0.0000000000
111439  -38.622  -33.289  38.882 0.0000000000
36935  -36.626  -33.232  38.202 0.0000000000
126998  -34.750  -33.143  37.591 0.0000000000
42958  -36.582  -26.834  30.940 0.0000000000
42886  -50.101  -26.109  41.987 0.0000000000
44752  -49.628  -24.327  42.413 0.0000000000
30261  -28.069  -40.362  53.041 0.0000000000
31287  -31.280  -39.317  52.586 0.0000000000
31306  -32.661  -39.564  51.775 0.0000000000
30279  -33.201  -39.815  51.187 0.0000000000
29270  -36.897  -41.000  50.443 0.0000000000
29281  -37.629  -40.994  49.465 0.0000000000
29294  -38.849  -41.108  48.437 0.0000000000
30337  -40.243  -40.517  47.913 0.0000000000
30357  -41.548  -40.392  46.964 0.0000000000
31368  -42.030  -39.854  46.655 0.0000000000
32296  -42.670  -38.640  45.938 0.0000000000
133363  -43.999  -37.513  46.804 0.0000000000
33169  -43.912  -37.489  46.043 0.0000000000
34059  -45.061  -36.696  45.889 0.0000000000
35018  -45.853  -35.676  45.012 0.0000000000
35940  -46.777  -34.836  44.623 0.0000000000
35941  -47.366  -34.292  44.171 0.0000000000
36875  -48.376  -33.065  43.542 0.0000000000
117394  -48.512  -32.278  43.326 0.0000000000
41970  -49.935  -26.801  42.198 0.0000000000
45682  -49.087  -23.546  41.916 0.0000000000
46538  -48.897  -22.311  42.167 0.0000000000
47387  -49.738  -20.896  41.849 0.0000000000
48273  -51.466  -20.306  43.797 0.0000000000
131627  -50.574  -20.739  41.867 0.0000000000
48305  -50.253  -20.609  40.169 0.0000000000
48306  -51.076  -20.726  39.742 0.0000000000
47429  -51.978  -21.391  37.947 0.0000000000
118332  -52.729  -21.923  36.784 0.0000000000
47407  -54.407  -21.777  39.425 0.0000000000
46581  -53.592  -22.239  37.706 0.0000000000
47466  -52.797  -21.463  35.663 0.0000000000
47488  -52.891  -20.856  34.356 0.0000000000
48397  -52.935  -20.048  33.321 0.0000000000
50211  -52.721  -18.761  32.703 0.0000000000
50176  -54.058  -18.998  34.650 0.0000000000
50212  -53.756  -18.162  33.332 0.0000000000
51172  -52.372  -17.786  32.610 0.0000000000
52134  -52.436  -17.007  32.915 0.0000000000
52971  -51.781  -15.309  33.225 0.0000000000
54753  -51.213  -13.377  32.856 0.0000000000
120937  -52.806  -12.529  35.540 0.0000000000
121030  -54.424  -13.993  35.737 0.0000000000
55555  -56.761  -12.568  35.073 0.0000000000
54713  -56.444  -14.011  35.878 0.0000000000
52945  -56.488  -14.975  35.384 0.0000000000
53810  -55.339  -14.525  33.672 0.0000000000
54755  -53.060  -13.061  33.154 0.0000000000
119533  -51.104  -12.140  31.951 0.0000000000
55605  -51.179  -11.791  30.483 0.0000000000
55606  -52.119  -11.836  30.059 0.0000000000
55634  -52.116  -12.011  28.541 0.0000000000
55622  -54.342  -11.388  29.895 0.0000000000
56473  -53.296  -11.298  28.840 0.0000000000
56481  -51.583  -11.944  27.199 0.0000000000
58245  -60.045  -9.281  31.094 0.0000000000
124622  -58.523  -8.244  30.514 0.0000000000
59158  -56.283  -7.860  30.353 0.0000000000
61080  -58.154  -6.747  28.425 0.0000000000
60132  -56.394  -6.954  28.907 0.0000000000
60130  -54.524  -7.412  28.414 0.0000000000
28295  -25.324  -42.283  49.270 0.0000000000
112580  -28.935  -39.777  48.103 0.0000000000
112664  -26.898  -40.084  47.355 0.0000000000
120493  -25.930  -40.108  45.948 0.0000000000
31394  -26.475  -39.486  43.729 0.0000000000
30393  -24.965  -40.023  44.061 0.0000000000
30384  -24.360  -40.600  44.442 0.0000000000
29332  -22.994  -41.043  43.027 0.0000000000
32293  -36.795  -38.471  45.554 0.0000000000
33166  -35.146  -37.008  45.977 0.0000000000
34071  -33.692  -35.917  45.084 0.0000000000
35039  -33.543  -34.569  42.916 0.0000000000
35028  -32.893  -34.963  43.657 0.0000000000
34082  -31.334  -36.093  43.960 0.0000000000
117596  -30.403  -36.072  42.548 0.0000000000
33218  -28.794  -36.811  41.281 0.0000000000
33238  -26.992  -37.134  38.871 0.0000000000
36929  -29.223  -32.742  37.647 0.0000000000
36916  -28.711  -33.535  38.155 0.0000000000
35102  -27.517  -35.065  37.212 0.0000000000
35086  -27.359  -35.732  37.886 0.0000000000
33243  -26.781  -36.937  37.940 0.0000000000
33241  -25.853  -37.927  36.973 0.0000000000
131521  -49.137  -24.769  40.977 0.0000000000
125497  -49.272  -26.083  40.966 0.0000000000
42909  -48.369  -26.209  40.138 0.0000000000
43848  -48.329  -25.593  39.886 0.0000000000
43854  -47.971  -25.253  39.099 0.0000000000
54768  -49.289  -13.204  31.531 0.0000000000
54780  -48.809  -13.060  30.874 0.0000000000
55603  -49.415  -12.561  30.812 0.0000000000
55618  -49.601  -12.271  30.095 0.0000000000
55588  -49.843  -12.529  31.376 0.0000000000
127966  -38.034  -41.092  47.057 0.0000000000
30368  -37.360  -40.660  47.087 0.0000000000
135010  -37.817  -40.643  46.542 0.0000000000
48400  -39.368  -20.177  31.647 0.0000000000
49306  -39.695  -19.369  31.241 0.0000000000
48363  -50.659  -20.736  34.795 0.0000000000
48372  -49.903  -20.561  34.154 0.0000000000
48373  -50.462  -20.734  34.100 0.0000000000
131700  -51.018  -20.879  34.521 0.0000000000
35952  -46.122  -34.831  43.783 0.0000000000
35045  -45.396  -34.926  43.430 0.0000000000
35964  -45.830  -34.410  43.048 0.0000000000
130140  -37.783  -28.294  33.170 0.0000000000
41187  -37.812  -28.359  34.015 0.0000000000
48389  -39.769  -20.649  32.323 0.0000000000
47497  -39.104  -20.999  31.949 0.0000000000
48411  -38.331  -20.381  30.479 0.0000000000
58220  -59.048  -9.183  32.819 0.0000000000
58210  -59.016  -9.927  33.060 0.0000000000
58221  -59.725  -9.685  32.375 0.0000000000
57315  -59.742  -10.124  32.224 0.0000000000
58222  -60.137  -9.696  32.031 0.0000000000
31302  -29.019  -39.625  51.089 0.0000000000
31319  -29.739  -39.664  50.486 0.0000000000
32358  -26.922  -37.767  40.116 0.0000000000
32357  -26.480  -38.086  39.636 0.0000000000
32362  -25.627  -38.445  38.359 0.0000000000
36931  -33.617  -33.562  38.076 0.0000000000
36918  -33.125  -33.299  38.259 0.0000000000
46596  -44.341  -22.262  35.664 0.0000000000
119483  -45.510  -22.537  36.518 0.0000000000
48321  -47.900  -20.638  38.897 0.0000000000
48322  -48.583  -20.349  39.103 0.0000000000
134843  -49.075  -20.381  39.469 0.0000000000
39509  -48.617  -30.882  41.803 0.0000000000
123403  -48.216  -31.263  41.375 0.0000000000
39515  -48.374  -30.555  41.190 0.0000000000
41998  -44.556  -27.889  36.531 0.0000000000
127182  -44.319  -28.789  36.223 0.0000000000
41161  -43.884  -28.256  35.843 0.0000000000
41174  -42.759  -28.437  34.749 0.0000000000
42001  -43.237  -27.667  35.351 0.0000000000
42013  -42.105  -27.372  34.595 0.0000000000
42925  -42.681  -26.890  35.122 0.0000000000
45717  -44.340  -23.654  35.886 0.0000000000
125467  -44.172  -23.000  35.653 0.0000000000
120147  -33.133  -39.945  49.170 0.0000000000
33164  -32.512  -36.906  45.767 0.0000000000
33173  -31.259  -37.319  44.869 0.0000000000
126329  -31.026  -36.927  44.207 0.0000000000
50187  -44.651  -18.674  34.612 0.0000000000
50197  -44.730  -18.517  33.681 0.0000000000
48428  -46.187  -20.261  29.873 0.0000000000
48427  -45.409  -20.372  29.887 0.0000000000
114164  -50.119  -18.044  31.384 0.0000000000
131729  -49.400  -17.773  30.972 0.0000000000
32308  -42.461  -38.382  45.401 0.0000000000
32307  -41.850  -38.689  44.979 0.0000000000
33178  -42.048  -37.976  44.767 0.0000000000
35982  -39.635  -34.959  40.532 0.0000000000
35079  -38.703  -34.995  40.194 0.0000000000
118502  -43.288  -31.670  37.972 0.0000000000
37823  -43.501  -32.167  38.589 0.0000000000
38724  -42.549  -31.581  37.892 0.0000000000
40332  -36.315  -29.598  36.374 0.0000000000
39523  -37.173  -30.723  37.113 0.0000000000
39534  -35.529  -30.488  36.582 0.0000000000
38747  -35.755  -31.208  36.934 0.0000000000
39552  -34.634  -30.585  36.271 0.0000000000
44813  -38.789  -25.114  32.241 0.0000000000
44817  -37.629  -24.627  31.350 0.0000000000
47390  -53.673  -21.207  41.503 0.0000000000
50134  -53.031  -17.913  38.766 0.0000000000
50125  -54.014  -18.506  39.348 0.0000000000
49219  -54.883  -20.114  37.999 0.0000000000
50146  -54.273  -19.476  37.520 0.0000000000
49254  -54.569  -20.197  35.859 0.0000000000
50145  -53.422  -18.774  37.043 0.0000000000
52107  -54.717  -16.628  35.105 0.0000000000
52109  -55.438  -16.109  35.016 0.0000000000
52117  -55.418  -16.359  34.142 0.0000000000
123960  -56.191  -9.087  37.501 0.0000000000
58156  -55.337  -9.532  37.251 0.0000000000
57266  -54.423  -10.054  36.391 0.0000000000
58170  -55.022  -9.579  35.855 0.0000000000
55578  -56.604  -12.673  32.465 0.0000000000
54758  -57.337  -13.156  33.015 0.0000000000
130259  -55.558  -12.369  32.372 0.0000000000
131835  -55.490  -11.872  31.546 0.0000000000
58242  -55.358  -8.856  30.229 0.0000000000
58253  -54.093  -9.118  29.250 0.0000000000
59182  -54.158  -8.133  28.920 0.0000000000
60119  -61.240  -8.363  28.882 0.0000000000
28279  -26.321  -42.411  51.848 0.0000000000
29309  -24.912  -41.445  46.603 0.0000000000
29313  -24.390  -41.439  45.806 0.0000000000
30376  -28.799  -39.698  45.257 0.0000000000
132697  -28.828  -39.859  45.894 0.0000000000
28344  -22.969  -41.826  39.683 0.0000000000
34099  -37.073  -36.554  42.845 0.0000000000
34085  -36.812  -36.641  43.304 0.0000000000
113383  -36.467  -36.194  42.843 0.0000000000
35991  -30.147  -33.919  39.959 0.0000000000
35977  -30.390  -34.112  40.599 0.0000000000
35063  -29.751  -34.766  40.454 0.0000000000
35989  -28.922  -34.679  39.205 0.0000000000
45705  -46.806  -23.883  37.829 0.0000000000
46558  -47.885  -22.936  39.390 0.0000000000
46559  -48.194  -22.867  39.915 0.0000000000
121950  -48.014  -22.065  39.603 0.0000000000
46553  -48.433  -22.324  40.552 0.0000000000
40318  -49.064  -28.498  41.451 0.0000000000
40317  -48.449  -29.076  40.825 0.0000000000
41129  -48.677  -28.060  40.861 0.0000000000
42912  -47.082  -26.955  38.426 0.0000000000
130220  -47.556  -27.079  39.041 0.0000000000
41996  -46.425  -27.372  37.939 0.0000000000
42917  -45.954  -26.869  37.406 0.0000000000
42923  -45.457  -26.323  36.916 0.0000000000
43856  -46.131  -25.928  37.308 0.0000000000
125151  -46.748  -25.032  37.626 0.0000000000
44793  -46.441  -24.407  37.413 0.0000000000
133259  -46.055  -24.515  37.116 0.0000000000
55629  -47.857  -12.834  28.070 0.0000000000
55640  -50.082  -12.589  28.474 0.0000000000
30333  -36.056  -40.577  48.851 0.0000000000
129817  -35.331  -40.157  48.942 0.0000000000
132346  -35.699  -40.111  48.611 0.0000000000
31365  -36.021  -39.128  46.902 0.0000000000
31352  -35.635  -39.384  47.612 0.0000000000
32285  -35.280  -38.606  47.139 0.0000000000
33151  -35.178  -37.794  46.585 0.0000000000
50226  -39.951  -18.775  30.008 0.0000000000
50190  -47.912  -18.810  34.807 0.0000000000
50200  -47.602  -18.902  34.111 0.0000000000
49299  -47.793  -19.969  32.724 0.0000000000
111468  -48.117  -20.339  32.319 0.0000000000
48404  -47.600  -20.402  31.593 0.0000000000
48417  -48.122  -20.275  31.051 0.0000000000
48405  -48.544  -20.374  31.804 0.0000000000
48394  -50.463  -20.475  32.772 0.0000000000
48407  -50.378  -20.181  31.966 0.0000000000
49314  -50.700  -19.570  31.700 0.0000000000
48408  -51.218  -20.090  32.267 0.0000000000
34074  -44.131  -36.593  44.936 0.0000000000
34088  -43.348  -36.559  44.274 0.0000000000
123247  -44.055  -36.144  44.128 0.0000000000
35043  -43.286  -35.286  42.599 0.0000000000
35971  -41.810  -34.969  41.443 0.0000000000
35972  -42.548  -34.541  41.433 0.0000000000
116672  -40.843  -29.738  34.985 0.0000000000
39554  -40.425  -29.984  35.612 0.0000000000
40345  -40.221  -29.675  35.122 0.0000000000
40343  -37.993  -28.960  35.412 0.0000000000
40342  -36.990  -28.593  35.617 0.0000000000
40333  -37.404  -29.456  36.177 0.0000000000
133304  -35.351  -28.095  35.447 0.0000000000
41185  -34.518  -27.992  35.008 0.0000000000
42010  -35.565  -27.507  34.798 0.0000000000
125493  -38.097  -22.949  31.660 0.0000000000
46610  -38.785  -22.651  32.029 0.0000000000
52065  -51.793  -16.665  38.648 0.0000000000
51117  -51.263  -17.005  37.764 0.0000000000
54698  -51.429  -13.736  36.210 0.0000000000
53766  -50.940  -14.499  36.340 0.0000000000
53780  -51.322  -14.296  35.855 0.0000000000
53781  -52.243  -14.110  35.616 0.0000000000
59127  -57.223  -8.197  34.796 0.0000000000
60063  -57.421  -7.502  35.917 0.0000000000
59119  -57.090  -8.083  35.689 0.0000000000
58186  -57.059  -8.730  34.743 0.0000000000
58195  -56.983  -9.538  34.354 0.0000000000
56427  -58.727  -11.737  32.800 0.0000000000
120338  -58.589  -11.941  33.243 0.0000000000
55580  -58.482  -12.252  32.903 0.0000000000
55595  -58.211  -12.330  32.587 0.0000000000
56438  -57.420  -11.929  31.840 0.0000000000
56439  -58.007  -11.985  31.981 0.0000000000
58243  -56.492  -9.614  30.769 0.0000000000
119830  -57.489  -9.300  31.062 0.0000000000
61108  -61.361  -7.089  26.839 0.0000000000
30267  -27.705  -40.548  52.109 0.0000000000
29259  -27.278  -40.970  51.524 0.0000000000
30276  -27.710  -40.443  51.173 0.0000000000
30309  -27.655  -40.243  49.597 0.0000000000
30345  -26.720  -40.493  48.145 0.0000000000
31410  -27.540  -38.798  42.674 0.0000000000
31425  -27.256  -38.589  41.928 0.0000000000
31433  -24.341  -39.251  39.950 0.0000000000
31438  -24.376  -39.263  39.065 0.0000000000
31442  -23.865  -39.822  38.534 0.0000000000
31451  -24.842  -39.619  36.465 0.0000000000
30438  -24.729  -40.337  36.764 0.0000000000
35066  -35.697  -35.220  40.402 0.0000000000
35065  -35.081  -35.059  40.625 0.0000000000
35981  -34.645  -34.779  40.087 0.0000000000
37816  -32.389  -32.801  38.661 0.0000000000
35992  -33.454  -33.595  40.085 0.0000000000
36906  -31.939  -32.818  39.712 0.0000000000
37802  -30.888  -32.671  38.825 0.0000000000
48380  -41.573  -20.539  33.845 0.0000000000
47474  -42.722  -21.137  34.713 0.0000000000
48370  -43.161  -20.215  34.876 0.0000000000
48362  -45.185  -19.806  36.174 0.0000000000
46578  -46.525  -22.383  37.512 0.0000000000
127157  -46.583  -21.588  37.521 0.0000000000
48354  -46.248  -20.181  37.099 0.0000000000
49229  -46.798  -19.731  37.247 0.0000000000
49248  -46.681  -19.203  36.669 0.0000000000
49249  -47.337  -19.199  36.845 0.0000000000
50156  -47.050  -18.797  36.235 0.0000000000
49232  -49.417  -19.553  37.429 0.0000000000
49233  -50.281  -19.875  37.369 0.0000000000
49252  -50.268  -19.861  36.541 0.0000000000
48355  -50.932  -20.388  36.849 0.0000000000
36889  -47.513  -33.103  42.244 0.0000000000
36888  -46.764  -33.344  42.013 0.0000000000
37789  -47.112  -32.738  41.514 0.0000000000
38718  -46.473  -31.408  39.847 0.0000000000
37810  -46.127  -32.029  40.096 0.0000000000
38717  -45.665  -31.694  39.410 0.0000000000
38726  -44.668  -31.759  38.624 0.0000000000
128592  -45.183  -31.433  38.718 0.0000000000
40325  -47.088  -29.287  39.349 0.0000000000
39521  -46.789  -30.088  39.352 0.0000000000
40324  -46.470  -29.543  38.752 0.0000000000
40337  -44.387  -29.602  36.328 0.0000000000
39544  -44.692  -30.041  36.877 0.0000000000
39543  -44.124  -30.212  36.395 0.0000000000
115315  -43.768  -30.560  36.656 0.0000000000
134124  -43.627  -30.227  36.068 0.0000000000
39557  -42.671  -30.153  35.457 0.0000000000
40348  -42.750  -29.812  35.019 0.0000000000
127372  -41.589  -28.745  34.056 0.0000000000
40362  -41.551  -29.131  34.213 0.0000000000
41203  -40.314  -28.463  33.450 0.0000000000
41202  -39.409  -28.330  33.154 0.0000000000
42029  -40.022  -27.900  32.947 0.0000000000
42046  -39.259  -27.774  32.546 0.0000000000
42930  -41.295  -26.333  34.292 0.0000000000
42935  -40.219  -26.170  33.494 0.0000000000
43873  -39.850  -25.628  33.240 0.0000000000
43874  -40.375  -25.253  33.712 0.0000000000
43866  -43.588  -25.568  35.692 0.0000000000
44806  -42.595  -24.314  34.843 0.0000000000
44811  -41.405  -24.108  34.147 0.0000000000
44810  -40.615  -24.287  33.641 0.0000000000
45727  -41.064  -23.457  33.826 0.0000000000
45726  -40.464  -23.507  33.355 0.0000000000
46605  -42.445  -22.059  34.606 0.0000000000
46604  -41.766  -22.074  34.182 0.0000000000
62001  -59.188  -5.924  31.120 0.0000000000
62011  -59.911  -5.741  30.523 0.0000000000
61064  -60.964  -6.551  30.035 0.0000000000
129987  -61.510  -6.191  28.781 0.0000000000
127052  -61.320  -5.553  28.346 0.0000000000
62936  -61.738  -5.976  27.927 0.0000000000
30293  -31.231  -40.253  50.004 0.0000000000
30351  -31.650  -39.799  48.017 0.0000000000
30330  -31.327  -40.149  48.505 0.0000000000
30350  -31.081  -40.078  47.698 0.0000000000
30367  -30.784  -39.949  46.829 0.0000000000
31351  -34.102  -39.242  48.366 0.0000000000
31350  -33.041  -39.262  48.090 0.0000000000
32266  -32.541  -38.910  47.510 0.0000000000
32290  -31.164  -38.664  45.572 0.0000000000
31374  -31.425  -39.011  46.235 0.0000000000
128734  -30.452  -39.180  45.248 0.0000000000
31398  -30.118  -38.823  44.585 0.0000000000
31397  -29.466  -38.578  43.876 0.0000000000
33196  -29.804  -37.534  43.271 0.0000000000
32321  -29.130  -38.029  43.159 0.0000000000
32335  -28.653  -37.727  42.377 0.0000000000
32348  -27.723  -37.724  41.269 0.0000000000
33205  -28.331  -37.467  41.653 0.0000000000
49296  -42.175  -18.859  33.152 0.0000000000
50218  -43.144  -18.545  31.981 0.0000000000
50217  -42.369  -18.523  31.758 0.0000000000
50229  -42.937  -18.659  31.301 0.0000000000
114297  -45.863  -19.388  32.294 0.0000000000
50209  -45.273  -18.749  32.719 0.0000000000
48426  -44.523  -20.380  29.880 0.0000000000
49343  -48.057  -19.146  30.006 0.0000000000
51195  -48.218  -18.121  29.863 0.0000000000
51183  -48.287  -17.248  30.365 0.0000000000
52978  -47.712  -15.617  30.593 0.0000000000
134362  -49.217  -15.709  31.951 0.0000000000
52974  -48.714  -15.343  31.597 0.0000000000
52975  -49.221  -14.966  32.039 0.0000000000
53826  -49.155  -14.107  31.929 0.0000000000
30381  -40.659  -40.719  45.822 0.0000000000
31378  -39.762  -40.572  45.452 0.0000000000
133197  -40.310  -40.323  45.100 0.0000000000
32314  -39.664  -38.418  43.787 0.0000000000
32305  -39.517  -39.086  44.180 0.0000000000
114997  -39.099  -38.396  43.773 0.0000000000
32313  -38.520  -37.859  43.489 0.0000000000
114831  -38.724  -37.430  42.861 0.0000000000
34102  -41.416  -36.587  42.967 0.0000000000
33201  -41.020  -37.197  43.425 0.0000000000
34101  -40.467  -36.816  42.692 0.0000000000
34126  -38.603  -36.173  41.198 0.0000000000
34114  -38.863  -36.613  41.791 0.0000000000
34113  -38.226  -36.469  41.555 0.0000000000
113926  -37.679  -36.379  41.678 0.0000000000
34124  -37.304  -35.857  41.006 0.0000000000
34123  -36.721  -35.598  40.838 0.0000000000
35089  -36.593  -34.858  39.369 0.0000000000
35088  -36.106  -34.899  39.438 0.0000000000
36007  -36.098  -34.606  39.006 0.0000000000
127679  -34.625  -33.963  38.352 0.0000000000
36921  -35.402  -34.153  38.545 0.0000000000
36900  -45.547  -33.149  40.982 0.0000000000
36899  -44.816  -33.372  40.807 0.0000000000
37805  -41.929  -32.572  39.028 0.0000000000
36910  -42.987  -33.044  39.826 0.0000000000
113063  -42.088  -33.155  39.630 0.0000000000
36000  -41.388  -33.777  40.145 0.0000000000
36909  -41.050  -33.191  39.496 0.0000000000
39526  -40.023  -30.690  36.931 0.0000000000
38735  -40.377  -31.147  37.524 0.0000000000
38734  -39.331  -31.142  37.580 0.0000000000
37837  -38.812  -31.873  38.174 0.0000000000
37818  -38.339  -32.691  38.458 0.0000000000
36924  -39.505  -33.068  39.118 0.0000000000
116640  -37.936  -33.405  38.648 0.0000000000
37817  -37.506  -32.951  38.327 0.0000000000
37833  -35.256  -32.963  37.585 0.0000000000
37853  -34.715  -32.696  37.286 0.0000000000
37832  -34.311  -33.181  37.555 0.0000000000
37852  -33.997  -32.594  36.943 0.0000000000
42062  -37.538  -27.484  31.606 0.0000000000
42949  -37.363  -26.961  31.199 0.0000000000
129970  -27.862  -40.695  53.731 0.0000000000
31288  -32.095  -39.222  52.598 0.0000000000
29269  -36.455  -41.062  50.355 0.0000000000
30356  -40.995  -40.461  47.382 0.0000000000
31369  -42.314  -38.964  46.447 0.0000000000
32286  -42.772  -38.304  46.379 0.0000000000
34034  -44.885  -36.883  47.058 0.0000000000
127385  -44.272  -37.206  47.242 0.0000000000
33136  -44.523  -37.256  46.677 0.0000000000
33153  -43.984  -37.532  46.433 0.0000000000
33154  -44.546  -37.149  46.224 0.0000000000
33170  -44.429  -36.901  45.738 0.0000000000
35004  -45.829  -35.901  45.612 0.0000000000
35019  -46.272  -35.382  45.120 0.0000000000
35932  -47.251  -34.392  44.819 0.0000000000
36865  -47.920  -33.784  44.404 0.0000000000
36874  -47.943  -33.755  43.734 0.0000000000
133301  -48.238  -33.477  43.962 0.0000000000
37771  -48.602  -32.274  43.906 0.0000000000
38689  -48.845  -31.504  43.561 0.0000000000
44739  -49.848  -24.094  43.313 0.0000000000
45670  -49.384  -23.102  42.920 0.0000000000
127375  -49.268  -21.949  42.995 0.0000000000
115179  -49.440  -21.363  42.481 0.0000000000
47386  -49.001  -21.498  41.704 0.0000000000
47375  -52.727  -20.805  42.306 0.0000000000
47388  -51.566  -20.680  42.299 0.0000000000
116738  -51.310  -20.820  41.250 0.0000000000
119391  -50.999  -20.739  40.513 0.0000000000
128738  -52.004  -21.233  40.256 0.0000000000
46568  -53.161  -22.301  39.130 0.0000000000
134556  -52.450  -21.754  39.389 0.0000000000
47430  -52.510  -21.937  38.521 0.0000000000
47440  -52.185  -21.530  36.964 0.0000000000
47441  -52.644  -22.028  37.549 0.0000000000
50126  -54.532  -18.675  40.276 0.0000000000
130669  -54.769  -20.534  40.420 0.0000000000
133622  -54.912  -20.615  39.444 0.0000000000
47442  -54.655  -21.298  37.270 0.0000000000
47431  -54.665  -21.522  37.826 0.0000000000
46591  -54.205  -21.623  36.868 0.0000000000
47456  -52.955  -21.868  36.459 0.0000000000
47457  -53.292  -21.738  36.167 0.0000000000
47478  -52.435  -21.099  34.872 0.0000000000
47479  -53.196  -21.219  34.975 0.0000000000
49281  -54.221  -20.122  34.559 0.0000000000
48384  -53.259  -20.452  33.981 0.0000000000
49289  -53.529  -19.811  33.695 0.0000000000
49301  -52.492  -19.665  32.729 0.0000000000
49302  -53.212  -19.106  33.140 0.0000000000
51132  -51.958  -17.603  36.442 0.0000000000
50158  -52.661  -18.164  35.880 0.0000000000
51146  -53.072  -17.950  35.382 0.0000000000
51167  -54.210  -17.548  33.632 0.0000000000
51157  -54.307  -18.077  34.056 0.0000000000
132334  -53.995  -17.376  33.519 0.0000000000
127433  -53.231  -18.299  33.033 0.0000000000
117182  -53.188  -17.481  33.106 0.0000000000
52962  -53.986  -15.728  33.465 0.0000000000
52961  -52.933  -15.578  33.331 0.0000000000
53807  -52.350  -14.673  33.388 0.0000000000
133950  -51.698  -14.567  33.299 0.0000000000
54733  -51.787  -13.971  33.300 0.0000000000
56398  -54.071  -11.192  35.033 0.0000000000
56397  -53.480  -11.378  35.590 0.0000000000
118071  -53.427  -11.872  35.366 0.0000000000
124540  -53.799  -12.850  35.434 0.0000000000
54712  -55.156  -13.428  35.687 0.0000000000
56409  -56.982  -11.788  34.517 0.0000000000
55556  -57.567  -12.926  35.016 0.0000000000
53813  -57.692  -14.192  34.819 0.0000000000
53786  -57.597  -14.202  35.246 0.0000000000
53798  -57.188  -14.529  35.165 0.0000000000
53797  -56.545  -14.992  34.823 0.0000000000
53811  -56.344  -14.570  34.219 0.0000000000
55575  -52.449  -12.373  32.564 0.0000000000
54754  -52.090  -13.174  33.036 0.0000000000
56435  -51.098  -11.794  31.324 0.0000000000
56436  -51.957  -11.600  31.078 0.0000000000
111607  -52.178  -12.022  29.202 0.0000000000
56462  -52.783  -11.754  28.999 0.0000000000
56451  -55.940  -11.341  30.788 0.0000000000
56450  -55.178  -11.341  30.358 0.0000000000
57357  -53.195  -10.591  28.510 0.0000000000
122931  -52.744  -11.103  28.306 0.0000000000
56472  -52.502  -11.568  28.441 0.0000000000
60093  -60.683  -8.591  31.418 0.0000000000
59150  -60.395  -9.130  31.462 0.0000000000
59162  -60.755  -8.838  30.647 0.0000000000
60117  -59.204  -7.872  29.776 0.0000000000
60102  -59.850  -8.581  30.228 0.0000000000
60101  -57.292  -7.876  30.454 0.0000000000
60115  -56.825  -7.344  29.803 0.0000000000
61093  -58.716  -6.598  27.934 0.0000000000
61081  -59.279  -7.089  28.468 0.0000000000
61078  -56.034  -6.709  27.956 0.0000000000
60131  -55.401  -7.074  28.708 0.0000000000
29267  -26.579  -41.540  50.455 0.0000000000
28296  -25.843  -42.107  50.030 0.0000000000
28310  -24.388  -42.370  47.360 0.0000000000
131196  -24.264  -42.684  47.826 0.0000000000
27449  -23.446  -42.759  46.344 0.0000000000
28320  -22.682  -42.644  44.688 0.0000000000
28326  -22.235  -42.356  43.443 0.0000000000
30311  -30.208  -40.101  48.998 0.0000000000
111882  -29.214  -39.747  48.925 0.0000000000
111421  -26.825  -39.829  45.881 0.0000000000
30364  -27.319  -39.818  46.590 0.0000000000
30363  -26.383  -40.121  46.671 0.0000000000
111959  -26.160  -39.329  43.045 0.0000000000
30403  -24.120  -40.212  42.983 0.0000000000
30392  -24.392  -40.293  43.679 0.0000000000
127321  -25.055  -40.218  44.740 0.0000000000
30383  -23.708  -40.756  43.589 0.0000000000
29356  -24.239  -41.223  37.731 0.0000000000
29349  -24.089  -41.798  38.291 0.0000000000
31386  -38.074  -39.458  45.060 0.0000000000
31376  -37.359  -39.396  45.669 0.0000000000
32294  -37.502  -38.837  45.047 0.0000000000
34073  -35.629  -36.412  44.581 0.0000000000
123187  -35.881  -36.962  45.207 0.0000000000
133118  -35.122  -36.537  45.310 0.0000000000
34058  -34.215  -36.514  45.748 0.0000000000
34072  -34.702  -36.043  44.891 0.0000000000
35052  -34.166  -34.461  41.913 0.0000000000
35040  -34.623  -34.961  42.643 0.0000000000
35961  -33.138  -34.107  42.216 0.0000000000
35959  -31.166  -34.628  42.460 0.0000000000
35951  -32.546  -34.528  42.978 0.0000000000
35027  -32.161  -34.956  43.527 0.0000000000
35015  -32.200  -35.526  44.191 0.0000000000
35026  -31.538  -35.365  43.522 0.0000000000
34097  -30.891  -36.039  43.269 0.0000000000
34134  -28.845  -35.997  40.265 0.0000000000
34121  -28.989  -36.262  40.759 0.0000000000
34120  -28.462  -36.567  40.524 0.0000000000
33229  -27.815  -36.891  40.137 0.0000000000
34132  -27.568  -36.648  39.276 0.0000000000
36945  -28.335  -33.226  36.190 0.0000000000
36928  -28.475  -33.298  37.186 0.0000000000
36031  -27.952  -33.813  36.636 0.0000000000
130782  -27.476  -35.423  35.411 0.0000000000
36030  -27.633  -34.498  36.490 0.0000000000
35106  -27.333  -35.239  36.208 0.0000000000
35087  -27.872  -35.063  38.223 0.0000000000
115819  -27.118  -35.808  36.888 0.0000000000
33249  -26.235  -37.402  35.499 0.0000000000
34159  -26.541  -36.795  35.839 0.0000000000
33246  -26.221  -37.328  36.395 0.0000000000
33242  -26.360  -37.408  37.427 0.0000000000
33245  -25.714  -37.902  35.980 0.0000000000
44784  -47.832  -24.431  39.004 0.0000000000
45699  -47.318  -24.139  38.395 0.0000000000
41988  -48.260  -27.457  40.342 0.0000000000
42901  -48.567  -26.793  40.537 0.0000000000
42913  -47.581  -26.388  38.839 0.0000000000
42919  -47.142  -26.037  38.208 0.0000000000
43853  -47.578  -25.647  38.621 0.0000000000
44790  -47.526  -24.937  38.452 0.0000000000
54778  -47.613  -13.519  29.855 0.0000000000
54788  -48.259  -12.855  29.637 0.0000000000
55630  -48.538  -12.633  28.705 0.0000000000
113412  -49.023  -12.481  29.474 0.0000000000
55631  -49.851  -12.361  29.289 0.0000000000
55619  -50.469  -12.075  29.871 0.0000000000
30334  -37.188  -41.028  48.482 0.0000000000
133345  -36.594  -40.719  48.434 0.0000000000
30353  -36.904  -40.704  47.824 0.0000000000
31375  -36.648  -39.236  46.321 0.0000000000
49321  -40.168  -18.783  30.704 0.0000000000
49280  -49.292  -19.864  34.457 0.0000000000
49279  -48.454  -19.472  34.035 0.0000000000
48371  -49.238  -20.294  33.654 0.0000000000
111493  -49.231  -20.494  33.168 0.0000000000
48393  -49.651  -20.571  33.016 0.0000000000
48382  -50.339  -20.646  33.575 0.0000000000
47485  -50.925  -20.632  33.429 0.0000000000
35030  -44.351  -35.608  43.653 0.0000000000
130918  -45.007  -35.327  43.819 0.0000000000
35962  -44.012  -34.831  42.570 0.0000000000
122586  -43.995  -34.310  42.035 0.0000000000
40359  -39.413  -29.056  34.406 0.0000000000
118693  -39.645  -29.464  35.099 0.0000000000
41173  -38.525  -28.732  34.395 0.0000000000
42011  -36.490  -27.560  34.302 0.0000000000
122770  -35.878  -27.234  33.955 0.0000000000
42026  -35.567  -27.121  33.271 0.0000000000
112411  -34.982  -26.995  32.522 0.0000000000
47491  -38.923  -21.815  32.054 0.0000000000
131027  -38.520  -21.361  31.512 0.0000000000
47496  -38.271  -21.019  30.978 0.0000000000
59133  -57.657  -8.399  33.893 0.0000000000
58196  -57.563  -9.272  33.945 0.0000000000
58209  -58.353  -9.295  33.360 0.0000000000
56428  -58.935  -11.180  32.479 0.0000000000
112939  -58.667  -11.455  32.234 0.0000000000
57328  -58.900  -10.969  31.939 0.0000000000
129228  -59.034  -10.366  31.733 0.0000000000
58233  -59.724  -10.036  31.832 0.0000000000
30277  -28.312  -40.014  51.585 0.0000000000
30292  -28.337  -39.974  50.714 0.0000000000
30310  -28.453  -39.843  49.783 0.0000000000
30327  -28.092  -39.910  48.836 0.0000000000
32333  -27.543  -38.176  41.549 0.0000000000
32332  -26.954  -38.357  41.190 0.0000000000
32346  -26.695  -38.165  40.429 0.0000000000
32345  -25.954  -38.429  40.007 0.0000000000
31439  -25.064  -38.820  38.725 0.0000000000
31443  -24.463  -39.351  38.269 0.0000000000
32361  -25.023  -38.944  37.942 0.0000000000
32366  -24.914  -39.100  37.081 0.0000000000
36005  -34.220  -34.359  38.993 0.0000000000
35993  -33.851  -34.077  39.373 0.0000000000
37815  -31.549  -32.500  38.186 0.0000000000
116419  -43.160  -21.953  34.967 0.0000000000
47475  -43.336  -21.139  35.038 0.0000000000
47461  -43.818  -21.663  35.303 0.0000000000
47462  -44.455  -21.276  35.658 0.0000000000
47463  -45.115  -20.881  36.072 0.0000000000
47428  -47.550  -21.427  38.804 0.0000000000
47439  -47.063  -21.081  38.077 0.0000000000
122947  -47.518  -20.618  38.454 0.0000000000
49217  -48.903  -19.779  38.390 0.0000000000
49218  -49.870  -19.841  38.168 0.0000000000
37791  -48.210  -32.251  42.226 0.0000000000
37790  -47.763  -32.513  41.828 0.0000000000
37798  -48.002  -31.905  41.581 0.0000000000
38715  -47.241  -31.439  40.557 0.0000000000
41155  -45.787  -28.964  37.742 0.0000000000
41154  -45.314  -28.867  37.183 0.0000000000
41176  -43.858  -29.248  35.732 0.0000000000
40349  -43.294  -29.646  35.264 0.0000000000
126880  -42.273  -28.107  34.462 0.0000000000
42012  -41.672  -28.123  34.091 0.0000000000
128172  -40.517  -27.606  33.324 0.0000000000
113626  -41.445  -27.139  34.240 0.0000000000
44801  -44.409  -24.414  36.043 0.0000000000
44800  -43.790  -24.730  35.653 0.0000000000
120952  -43.904  -24.084  35.647 0.0000000000
45723  -42.999  -23.679  34.985 0.0000000000
45722  -42.443  -23.533  34.606 0.0000000000
116519  -42.948  -22.896  34.863 0.0000000000
30295  -32.858  -39.948  50.494 0.0000000000
30313  -31.663  -40.199  49.367 0.0000000000
30314  -32.497  -40.052  49.676 0.0000000000
32283  -33.011  -38.183  47.296 0.0000000000
32291  -31.684  -38.387  46.181 0.0000000000
32301  -30.935  -38.216  44.976 0.0000000000
32300  -30.447  -38.396  44.516 0.0000000000
33185  -30.708  -37.768  44.358 0.0000000000
49277  -43.360  -18.896  34.155 0.0000000000
50195  -42.951  -18.684  33.380 0.0000000000
50196  -43.786  -18.596  33.528 0.0000000000
50219  -43.930  -18.670  32.098 0.0000000000
49310  -45.527  -20.248  31.212 0.0000000000
48414  -45.870  -20.464  30.563 0.0000000000
51176  -48.854  -17.145  30.957 0.0000000000
52145  -48.252  -16.445  30.851 0.0000000000
52140  -49.640  -16.376  32.028 0.0000000000
52132  -50.502  -16.345  32.476 0.0000000000
31379  -41.840  -39.842  45.802 0.0000000000
31389  -40.397  -39.749  44.616 0.0000000000
31390  -41.319  -39.363  44.902 0.0000000000
32315  -40.276  -38.146  43.827 0.0000000000
35056  -41.273  -35.607  41.859 0.0000000000
112878  -40.387  -36.185  42.002 0.0000000000
114776  -38.217  -35.746  40.653 0.0000000000
35068  -37.572  -35.727  40.636 0.0000000000
121190  -37.685  -35.380  40.128 0.0000000000
128293  -37.200  -34.630  39.174 0.0000000000
37808  -44.354  -32.603  39.608 0.0000000000
36911  -43.784  -33.007  40.034 0.0000000000
37807  -43.651  -32.606  39.301 0.0000000000
39536  -37.773  -30.108  36.687 0.0000000000
126314  -38.749  -30.789  37.253 0.0000000000
39524  -38.040  -30.739  37.209 0.0000000000
38732  -37.486  -31.436  37.582 0.0000000000
37835  -37.018  -32.315  37.856 0.0000000000
38746  -35.030  -31.358  36.673 0.0000000000
43876  -38.888  -26.142  32.113 0.0000000000
32271  -41.383  -39.015  47.123 0.0000000000
34045  -45.364  -36.475  46.682 0.0000000000
37748  -48.447  -32.631  45.160 0.0000000000
45647  -50.165  -22.996  44.945 0.0000000000
126575  -49.729  -23.222  43.728 0.0000000000
45661  -49.859  -22.813  44.294 0.0000000000
46521  -49.995  -21.823  44.532 0.0000000000
47362  -50.104  -21.276  43.894 0.0000000000
48287  -52.852  -20.632  42.866 0.0000000000
47389  -53.261  -21.198  41.506 0.0000000000
47405  -53.793  -21.767  40.737 0.0000000000
47419  -53.975  -22.170  39.843 0.0000000000
51099  -54.132  -17.949  40.238 0.0000000000
50127  -54.718  -19.516  39.677 0.0000000000
49209  -54.919  -20.158  39.039 0.0000000000
49220  -55.019  -20.424  38.251 0.0000000000
134727  -54.985  -20.636  37.701 0.0000000000
48364  -54.637  -20.777  36.311 0.0000000000
47468  -54.295  -21.166  35.622 0.0000000000
122744  -54.417  -20.520  35.357 0.0000000000
49272  -54.350  -19.840  34.939 0.0000000000
52106  -52.731  -17.081  35.524 0.0000000000
125724  -53.855  -17.322  35.092 0.0000000000
52116  -54.783  -17.052  33.952 0.0000000000
52125  -54.553  -16.783  33.640 0.0000000000
114250  -54.477  -16.474  33.518 0.0000000000
57278  -53.827  -10.718  35.793 0.0000000000
56399  -54.982  -11.666  34.868 0.0000000000
54739  -58.188  -13.119  33.690 0.0000000000
125836  -57.743  -13.640  34.039 0.0000000000
54738  -56.838  -13.862  33.815 0.0000000000
54737  -55.940  -13.921  33.656 0.0000000000
121397  -55.051  -12.813  33.054 0.0000000000
55577  -54.468  -12.308  32.594 0.0000000000
132864  -53.894  -11.797  32.060 0.0000000000
127622  -52.894  -11.722  31.784 0.0000000000
55591  -53.857  -11.685  31.173 0.0000000000
55607  -53.751  -11.603  30.211 0.0000000000
127418  -55.208  -10.494  29.826 0.0000000000
57349  -54.444  -10.229  29.297 0.0000000000
58261  -52.881  -9.658  28.236 0.0000000000
59163  -61.380  -8.526  30.046 0.0000000000
59172  -61.154  -8.614  29.718 0.0000000000
60118  -60.452  -8.425  29.465 0.0000000000
61091  -56.746  -6.336  27.241 0.0000000000
111400  -25.118  -42.787  49.961 0.0000000000
29290  -25.506  -41.733  48.494 0.0000000000
29301  -24.752  -41.904  47.189 0.0000000000
28316  -23.702  -42.107  45.744 0.0000000000
30347  -28.665  -39.818  47.304 0.0000000000
30375  -27.919  -39.717  45.726 0.0000000000
31371  -27.298  -39.699  45.073 0.0000000000
115341  -24.252  -39.577  41.621 0.0000000000
131004  -25.394  -39.558  42.941 0.0000000000
31406  -23.661  -40.135  42.111 0.0000000000
29338  -22.548  -41.768  40.427 0.0000000000
28354  -24.417  -42.564  38.490 0.0000000000
33177  -37.658  -37.799  44.013 0.0000000000
32302  -37.321  -38.131  44.682 0.0000000000
33176  -37.078  -37.424  44.189 0.0000000000
112163  -35.260  -35.862  43.976 0.0000000000
35969  -31.848  -33.661  41.441 0.0000000000
35968  -31.063  -34.254  41.803 0.0000000000
35037  -30.444  -35.141  42.047 0.0000000000
35051  -29.850  -35.430  41.233 0.0000000000
35074  -29.026  -35.288  39.828 0.0000000000
34147  -27.789  -35.880  38.784 0.0000000000
33258  -27.378  -37.131  34.723 0.0000000000
45712  -45.475  -23.317  36.570 0.0000000000
114774  -45.937  -23.100  36.910 0.0000000000
45704  -46.675  -23.036  37.714 0.0000000000
45692  -47.639  -23.515  38.923 0.0000000000
48303  -48.892  -21.077  40.560 0.0000000000
40316  -47.944  -30.049  40.556 0.0000000000
40321  -47.671  -29.172  40.076 0.0000000000
41146  -46.792  -28.593  38.755 0.0000000000
41987  -47.708  -27.612  39.622 0.0000000000
41992  -47.249  -27.741  38.925 0.0000000000
41145  -46.291  -28.296  38.126 0.0000000000
41995  -45.719  -27.972  37.524 0.0000000000
41999  -45.255  -27.311  36.997 0.0000000000
42926  -43.371  -26.547  35.655 0.0000000000
43861  -44.892  -25.782  36.482 0.0000000000
43857  -46.706  -25.620  37.683 0.0000000000
44796  -45.014  -24.888  36.465 0.0000000000
45713  -45.881  -23.944  36.915 0.0000000000
54800  -49.169  -12.917  27.250 0.0000000000
30332  -34.774  -40.276  49.379 0.0000000000
30331  -34.022  -39.984  49.122 0.0000000000
32268  -34.666  -38.890  47.839 0.0000000000
30352  -36.118  -40.126  48.154 0.0000000000
33149  -33.462  -37.586  46.867 0.0000000000
33165  -33.338  -36.975  46.269 0.0000000000
50188  -46.066  -18.493  34.449 0.0000000000
50198  -45.757  -18.566  33.586 0.0000000000
50199  -46.820  -18.785  33.672 0.0000000000
49298  -46.556  -19.773  32.281 0.0000000000
49287  -47.740  -19.418  33.378 0.0000000000
48403  -46.777  -20.307  31.725 0.0000000000
124804  -46.958  -20.461  31.215 0.0000000000
115806  -46.902  -19.905  29.798 0.0000000000
49327  -47.634  -20.013  30.325 0.0000000000
49328  -48.518  -19.729  30.591 0.0000000000
49329  -49.370  -19.439  30.809 0.0000000000
50220  -50.149  -19.066  31.182 0.0000000000
50221  -50.955  -18.673  31.781 0.0000000000
33191  -42.500  -37.151  44.419 0.0000000000
34087  -42.667  -36.535  43.795 0.0000000000
34103  -42.307  -36.276  43.139 0.0000000000
129857  -42.653  -35.711  42.714 0.0000000000
35042  -41.840  -35.930  42.513 0.0000000000
35071  -41.001  -35.062  41.187 0.0000000000
35983  -40.598  -34.528  40.538 0.0000000000
38748  -42.190  -30.814  36.714 0.0000000000
121560  -42.369  -31.159  37.282 0.0000000000
39540  -41.589  -30.563  36.285 0.0000000000
39539  -40.640  -30.374  36.256 0.0000000000
39538  -39.742  -30.157  36.305 0.0000000000
40344  -38.867  -29.206  35.219 0.0000000000
39537  -38.730  -30.202  36.668 0.0000000000
41169  -34.777  -28.858  35.667 0.0000000000
41184  -33.634  -28.421  34.594 0.0000000000
41199  -33.272  -27.924  33.831 0.0000000000
113303  -35.009  -27.223  34.194 0.0000000000
45729  -38.683  -23.584  32.013 0.0000000000
45735  -37.910  -23.764  31.564 0.0000000000
130758  -37.486  -23.173  31.356 0.0000000000
45734  -36.830  -22.980  30.961 0.0000000000
46615  -38.248  -22.113  31.635 0.0000000000
46620  -36.973  -22.047  30.742 0.0000000000
52054  -52.639  -17.097  39.194 0.0000000000
50133  -52.693  -18.105  37.695 0.0000000000
51118  -51.855  -17.597  37.295 0.0000000000
51131  -51.266  -17.100  36.882 0.0000000000
134686  -51.601  -17.084  36.232 0.0000000000
52918  -50.680  -15.617  37.215 0.0000000000
52078  -50.718  -15.763  36.433 0.0000000000
52105  -51.778  -16.688  35.850 0.0000000000
52941  -52.203  -16.098  35.588 0.0000000000
119656  -52.849  -15.304  35.578 0.0000000000
118488  -54.154  -15.476  35.654 0.0000000000
112904  -56.218  -8.817  35.838 0.0000000000
133880  -55.659  -9.364  35.518 0.0000000000
58184  -56.195  -9.595  34.762 0.0000000000
57289  -56.880  -10.584  34.114 0.0000000000
56410  -57.716  -11.558  34.009 0.0000000000
56419  -58.391  -11.345  33.535 0.0000000000
55558  -58.264  -12.770  33.792 0.0000000000
54760  -58.249  -12.707  32.996 0.0000000000
55579  -57.909  -12.690  32.679 0.0000000000
55594  -57.253  -12.419  32.226 0.0000000000
56452  -56.734  -11.330  31.231 0.0000000000
57341  -56.880  -10.751  31.010 0.0000000000
57340  -56.044  -10.727  30.483 0.0000000000
117345  -55.624  -9.768  30.242 0.0000000000
134413  -55.818  -9.150  30.513 0.0000000000
60136  -61.566  -7.878  28.169 0.0000000000
60135  -60.546  -7.774  28.344 0.0000000000
60149  -60.985  -7.476  27.529 0.0000000000
61106  -58.742  -6.208  27.272 0.0000000000
29277  -26.456  -41.326  49.591 0.0000000000
29278  -27.109  -40.844  49.966 0.0000000000
29291  -26.258  -41.140  48.778 0.0000000000
29303  -25.985  -41.053  48.077 0.0000000000
30362  -25.544  -40.684  46.597 0.0000000000
111379  -28.283  -39.165  43.803 0.0000000000
31384  -27.785  -39.518  44.390 0.0000000000
123659  -27.755  -39.031  43.270 0.0000000000
111991  -27.034  -39.182  43.145 0.0000000000
31424  -26.366  -38.769  41.708 0.0000000000
31423  -25.202  -39.051  41.493 0.0000000000
31422  -24.315  -39.349  40.850 0.0000000000
30422  -23.497  -40.484  38.869 0.0000000000
30426  -23.832  -40.461  38.099 0.0000000000
31446  -24.133  -39.848  37.817 0.0000000000
34098  -36.096  -35.669  42.138 0.0000000000
35053  -34.956  -34.972  41.522 0.0000000000
35970  -33.808  -34.035  41.263 0.0000000000
35979  -33.479  -33.717  40.817 0.0000000000
36895  -32.733  -33.342  40.869 0.0000000000
36894  -31.817  -33.248  40.660 0.0000000000
36893  -30.946  -33.462  40.271 0.0000000000
36904  -29.855  -33.580  39.271 0.0000000000
119334  -40.451  -20.279  32.752 0.0000000000
48390  -41.139  -19.925  33.217 0.0000000000
49284  -41.830  -19.560  33.622 0.0000000000
49276  -42.929  -19.492  34.438 0.0000000000
49278  -43.977  -19.013  34.759 0.0000000000
50171  -45.345  -18.633  35.074 0.0000000000
47452  -45.628  -21.557  36.511 0.0000000000
48353  -45.715  -20.479  36.612 0.0000000000
48337  -46.684  -20.599  37.510 0.0000000000
49267  -45.546  -19.042  35.916 0.0000000000
117210  -46.147  -18.602  35.384 0.0000000000
50172  -46.780  -18.630  35.652 0.0000000000
50173  -47.436  -18.684  35.548 0.0000000000
50174  -48.097  -18.830  35.511 0.0000000000
49250  -48.268  -19.212  36.875 0.0000000000
124920  -48.625  -19.048  35.913 0.0000000000
113277  -49.378  -19.535  35.342 0.0000000000
49271  -50.174  -19.995  35.554 0.0000000000
128732  -45.612  -33.939  42.400 0.0000000000
35973  -46.300  -33.840  42.634 0.0000000000
36887  -45.979  -33.531  41.791 0.0000000000
37796  -46.603  -32.369  40.803 0.0000000000
37795  -45.839  -32.553  40.475 0.0000000000
37825  -44.825  -32.213  39.297 0.0000000000
38725  -44.035  -31.672  38.051 0.0000000000
38737  -43.623  -31.303  37.509 0.0000000000
39517  -46.465  -30.756  39.427 0.0000000000
39530  -45.726  -29.824  38.119 0.0000000000
39529  -45.001  -30.395  37.578 0.0000000000
39519  -45.375  -30.751  38.360 0.0000000000
38739  -44.619  -31.137  37.940 0.0000000000
38749  -42.823  -30.826  36.736 0.0000000000
39541  -42.452  -30.504  36.088 0.0000000000
39556  -42.005  -30.220  35.453 0.0000000000
40346  -41.596  -29.828  34.957 0.0000000000
40363  -42.210  -29.492  34.610 0.0000000000
40361  -41.170  -29.438  34.490 0.0000000000
41188  -39.897  -28.805  33.826 0.0000000000
41201  -38.481  -28.427  33.307 0.0000000000
41200  -38.030  -28.103  32.541 0.0000000000
42044  -37.466  -27.866  32.125 0.0000000000
42045  -38.586  -27.696  32.131 0.0000000000
42942  -39.098  -27.147  32.117 0.0000000000
129971  -40.146  -27.074  33.098 0.0000000000
43877  -39.366  -25.460  32.738 0.0000000000
44814  -39.374  -24.597  32.667 0.0000000000
43865  -42.803  -25.911  35.303 0.0000000000
43870  -41.524  -25.532  34.499 0.0000000000
44799  -43.078  -24.974  35.286 0.0000000000
44804  -41.040  -24.912  34.197 0.0000000000
45730  -39.384  -23.789  32.499 0.0000000000
45731  -39.892  -23.085  32.891 0.0000000000
46608  -41.427  -22.756  33.992 0.0000000000
46612  -40.048  -22.128  32.942 0.0000000000
47493  -40.203  -21.244  32.898 0.0000000000
60092  -60.452  -7.843  31.496 0.0000000000
61057  -60.826  -7.465  31.003 0.0000000000
127319  -61.136  -7.223  30.501 0.0000000000
61065  -61.625  -7.478  29.970 0.0000000000
60120  -61.949  -7.777  29.189 0.0000000000
62012  -60.359  -5.409  29.646 0.0000000000
133057  -61.226  -6.306  29.457 0.0000000000
61082  -61.984  -7.199  28.703 0.0000000000
60137  -61.984  -7.596  28.198 0.0000000000
61095  -62.116  -7.179  27.315 0.0000000000
61109  -62.044  -7.062  26.719 0.0000000000
61096  -62.299  -6.722  26.573 0.0000000000
61115  -61.671  -6.735  26.131 0.0000000000
31320  -30.666  -39.871  50.671 0.0000000000
30329  -30.731  -40.309  48.307 0.0000000000
114415  -30.177  -40.201  46.842 0.0000000000
30366  -30.219  -39.941  46.187 0.0000000000
31372  -29.495  -39.480  45.029 0.0000000000
31338  -33.560  -39.645  48.638 0.0000000000
31364  -31.730  -39.231  46.980 0.0000000000
31363  -31.139  -39.483  46.471 0.0000000000
31362  -30.667  -39.607  46.029 0.0000000000
31396  -28.859  -38.850  43.776 0.0000000000
32320  -28.445  -38.230  42.690 0.0000000000
32322  -29.719  -38.167  43.716 0.0000000000
131169  -31.949  -32.524  36.598 0.0000000000
49294  -40.866  -19.222  32.404 0.0000000000
50204  -41.080  -18.670  31.737 0.0000000000
50215  -40.888  -18.547  31.003 0.0000000000
50206  -42.598  -18.592  32.591 0.0000000000
50216  -41.617  -18.533  31.389 0.0000000000
49322  -41.512  -18.616  30.533 0.0000000000
129339  -41.448  -18.893  29.787 0.0000000000
133448  -44.633  -18.837  32.190 0.0000000000
49309  -44.393  -19.220  31.552 0.0000000000
119727  -44.763  -20.008  31.113 0.0000000000
49325  -44.056  -19.725  30.879 0.0000000000
120094  -48.285  -15.708  31.176 0.0000000000
52979  -48.122  -14.799  31.101 0.0000000000
53832  -47.790  -14.009  30.592 0.0000000000
53825  -48.513  -13.827  31.218 0.0000000000
54751  -49.679  -13.642  32.188 0.0000000000
30370  -39.433  -41.167  46.903 0.0000000000
30369  -38.511  -40.993  46.571 0.0000000000
30379  -39.100  -40.798  45.979 0.0000000000
31377  -38.867  -40.138  45.170 0.0000000000
31387  -38.779  -39.342  44.541 0.0000000000
32312  -38.166  -38.045  43.892 0.0000000000
33188  -37.878  -37.515  43.436 0.0000000000
33197  -37.592  -36.922  42.898 0.0000000000
33190  -41.526  -37.535  44.117 0.0000000000
33189  -40.794  -37.750  43.823 0.0000000000
33199  -39.403  -37.534  42.976 0.0000000000
34115  -39.636  -36.668  42.166 0.0000000000
33209  -39.071  -37.072  42.416 0.0000000000
129438  -37.793  -36.754  42.369 0.0000000000
34111  -36.436  -35.630  41.436 0.0000000000
131731  -36.179  -35.402  40.788 0.0000000000
35067  -36.986  -35.475  40.293 0.0000000000
35076  -35.752  -35.056  39.773 0.0000000000
35994  -34.892  -34.749  39.461 0.0000000000
36006  -34.765  -34.384  38.799 0.0000000000
36920  -34.129  -34.011  38.452 0.0000000000
35987  -44.388  -33.823  41.546 0.0000000000
35986  -43.423  -34.007  41.341 0.0000000000
36897  -43.194  -33.508  40.528 0.0000000000
35985  -42.630  -33.972  40.926 0.0000000000
35999  -40.557  -33.865  39.985 0.0000000000
38723  -41.864  -31.447  37.832 0.0000000000
38721  -39.778  -31.752  38.183 0.0000000000
37820  -40.113  -32.356  38.736 0.0000000000
36925  -40.329  -32.889  39.208 0.0000000000
35997  -38.876  -33.980  39.539 0.0000000000
134104  -37.945  -34.065  39.014 0.0000000000
36923  -37.176  -33.894  38.668 0.0000000000
36922  -36.278  -34.043  38.569 0.0000000000
37834  -36.088  -32.614  37.684 0.0000000000
36934  -35.744  -33.468  38.060 0.0000000000
36933  -34.858  -33.557  37.934 0.0000000000
37831  -33.668  -33.145  37.560 0.0000000000
37851  -33.073  -32.636  36.940 0.0000000000
44816  -36.900  -24.568  30.919 0.0000000000
43842  -49.593  -25.570  41.347 0.0000000000
43810  -49.966  -25.267  42.058 0.0000000000
44753  -50.069  -25.033  42.856 0.0000000000
44740  -50.245  -24.865  43.674 0.0000000000
114268  -27.489  -40.970  52.977 0.0000000000
31286  -30.244  -39.384  52.422 0.0000000000
131814  -30.725  -39.224  53.017 0.0000000000
31304  -30.953  -39.644  51.599 0.0000000000
31305  -31.868  -39.663  51.747 0.0000000000
30278  -32.371  -39.865  51.061 0.0000000000
30296  -33.785  -40.215  50.663 0.0000000000
117764  -34.426  -40.476  50.468 0.0000000000
30297  -34.757  -40.589  51.043 0.0000000000
30316  -35.062  -40.697  50.200 0.0000000000
30317  -35.894  -40.984  50.131 0.0000000000
29279  -36.423  -40.984  49.555 0.0000000000
29292  -37.148  -41.065  49.182 0.0000000000
29293  -37.874  -41.107  48.765 0.0000000000
30355  -39.606  -41.026  47.807 0.0000000000
111717  -40.292  -40.936  47.220 0.0000000000
30371  -40.960  -40.818  46.719 0.0000000000
31367  -41.465  -40.446  46.244 0.0000000000
31355  -41.579  -39.873  47.216 0.0000000000
31380  -42.271  -39.365  46.140 0.0000000000
32287  -43.322  -37.946  46.230 0.0000000000
32297  -43.173  -37.945  45.785 0.0000000000
33180  -43.663  -37.265  45.509 0.0000000000
34075  -44.978  -36.379  45.283 0.0000000000
34060  -45.453  -36.407  46.048 0.0000000000
34076  -45.472  -36.174  45.494 0.0000000000
34090  -45.428  -35.907  44.945 0.0000000000
35032  -46.273  -35.136  44.486 0.0000000000
35953  -46.785  -34.622  44.009 0.0000000000
35931  -46.669  -34.961  45.272 0.0000000000
35954  -47.300  -33.983  43.578 0.0000000000
36881  -47.911  -33.388  42.976 0.0000000000
37783  -48.315  -32.660  42.840 0.0000000000
36866  -48.420  -33.007  44.331 0.0000000000
38701  -48.568  -31.773  42.778 0.0000000000
38712  -48.739  -31.149  42.391 0.0000000000
39510  -48.906  -30.478  42.340 0.0000000000
39485  -49.283  -30.446  43.577 0.0000000000
39495  -49.193  -30.017  42.907 0.0000000000
121833  -49.123  -29.665  42.191 0.0000000000
40307  -49.365  -28.823  42.038 0.0000000000
42885  -49.632  -27.155  41.800 0.0000000000
122338  -49.724  -26.420  41.573 0.0000000000
44768  -49.455  -24.602  41.583 0.0000000000
44767  -48.938  -23.926  41.073 0.0000000000
45681  -48.620  -22.903  41.290 0.0000000000
46545  -48.647  -22.120  41.362 0.0000000000
47401  -48.702  -21.571  40.952 0.0000000000
47402  -49.258  -21.022  41.131 0.0000000000
118546  -50.416  -20.705  44.221 0.0000000000
128041  -50.535  -20.699  43.517 0.0000000000
48272  -51.187  -20.571  43.110 0.0000000000
47374  -50.357  -20.771  42.662 0.0000000000
47403  -50.192  -20.780  41.050 0.0000000000
48304  -49.448  -20.772  40.446 0.0000000000
48313  -50.300  -20.427  39.403 0.0000000000
48314  -51.010  -20.548  39.043 0.0000000000
47417  -51.723  -21.200  39.036 0.0000000000
48325  -51.283  -20.673  38.302 0.0000000000
48340  -51.513  -20.826  37.347 0.0000000000
48356  -51.630  -21.054  36.353 0.0000000000
47454  -51.615  -21.135  35.510 0.0000000000
48296  -54.546  -20.365  41.300 0.0000000000
120724  -54.258  -21.737  40.357 0.0000000000
46561  -54.057  -22.162  38.974 0.0000000000
47432  -55.020  -21.172  38.126 0.0000000000
46570  -54.144  -22.053  38.157 0.0000000000
46589  -53.121  -22.218  37.201 0.0000000000
47455  -52.322  -21.513  36.092 0.0000000000
47465  -52.025  -21.174  35.318 0.0000000000
47477  -51.629  -20.945  34.679 0.0000000000
47487  -52.040  -20.849  34.069 0.0000000000
48383  -52.047  -20.541  33.288 0.0000000000
48374  -53.564  -20.843  34.554 0.0000000000
114329  -52.634  -20.545  33.656 0.0000000000
49300  -51.987  -20.213  32.664 0.0000000000
131119  -51.912  -19.735  32.335 0.0000000000
49316  -52.139  -19.112  32.365 0.0000000000
127999  -51.718  -18.713  32.166 0.0000000000
50159  -53.348  -18.770  36.078 0.0000000000
50191  -54.144  -19.256  34.243 0.0000000000
51147  -53.922  -18.145  34.692 0.0000000000
50202  -54.053  -18.575  33.756 0.0000000000
50201  -53.757  -19.037  33.549 0.0000000000
50222  -52.288  -18.423  32.457 0.0000000000
51179  -51.631  -18.130  32.205 0.0000000000
51171  -51.375  -17.253  32.422 0.0000000000
52133  -51.529  -16.268  32.864 0.0000000000
52972  -52.458  -16.198  33.126 0.0000000000
52970  -50.679  -15.394  32.870 0.0000000000
54752  -50.357  -13.572  32.578 0.0000000000
54711  -53.094  -13.453  35.531 0.0000000000
53783  -55.118  -15.026  35.970 0.0000000000
57280  -55.259  -9.949  34.874 0.0000000000
56407  -54.999  -10.842  34.661 0.0000000000
55546  -55.877  -12.734  35.373 0.0000000000
55548  -57.731  -13.671  35.217 0.0000000000
55547  -57.097  -13.441  35.503 0.0000000000
124293  -55.606  -14.378  35.982 0.0000000000
53784  -56.165  -14.774  35.877 0.0000000000
52944  -55.809  -15.417  35.558 0.0000000000
52964  -55.794  -15.535  34.082 0.0000000000
53809  -54.295  -14.720  33.532 0.0000000000
126617  -54.471  -13.875  33.488 0.0000000000
54735  -53.623  -13.853  33.472 0.0000000000
54734  -52.669  -13.876  33.401 0.0000000000
55573  -50.749  -12.774  32.281 0.0000000000
55589  -50.475  -12.278  31.629 0.0000000000
55620  -51.386  -12.099  29.524 0.0000000000
55633  -51.514  -12.291  28.695 0.0000000000
55641  -51.558  -12.295  27.969 0.0000000000
55608  -55.725  -11.645  31.164 0.0000000000
56463  -53.524  -11.484  29.469 0.0000000000
56464  -54.691  -11.016  29.602 0.0000000000
119783  -53.985  -11.215  29.319 0.0000000000
55642  -51.969  -11.846  28.002 0.0000000000
59143  -60.249  -9.083  32.041 0.0000000000
58246  -60.179  -9.377  31.506 0.0000000000
58232  -59.233  -9.661  31.412 0.0000000000
59161  -60.356  -8.941  30.630 0.0000000000
59160  -59.486  -9.026  30.854 0.0000000000
59149  -58.413  -9.077  31.074 0.0000000000
123628  -57.653  -8.529  30.796 0.0000000000
59170  -55.439  -8.037  30.093 0.0000000000
60134  -58.647  -7.257  29.134 0.0000000000
61079  -57.080  -6.675  28.185 0.0000000000
60133  -57.483  -7.032  29.055 0.0000000000
60114  -55.813  -7.400  29.627 0.0000000000
60113  -54.954  -7.665  29.309 0.0000000000
28287  -26.147  -42.295  50.977 0.0000000000
27432  -24.631  -42.914  49.269 0.0000000000
28306  -24.946  -42.401  48.667 0.0000000000
27448  -22.413  -43.278  45.203 0.0000000000
28315  -23.079  -42.715  45.487 0.0000000000
27453  -22.089  -43.164  44.385 0.0000000000
31329  -29.510  -39.750  49.712 0.0000000000
30346  -27.747  -39.806  47.280 0.0000000000
134400  -27.349  -40.031  47.840 0.0000000000
132848  -25.358  -40.528  45.847 0.0000000000
31383  -26.843  -39.593  44.427 0.0000000000
31393  -25.588  -39.678  43.591 0.0000000000
31382  -25.793  -39.816  44.447 0.0000000000
114453  -25.511  -40.164  45.276 0.0000000000
30373  -24.813  -40.693  45.341 0.0000000000
29319  -24.161  -41.084  45.086 0.0000000000
29318  -23.605  -41.323  44.455 0.0000000000
29327  -22.593  -41.685  43.250 0.0000000000
29331  -22.487  -41.447  42.482 0.0000000000
33168  -36.664  -37.561  44.985 0.0000000000
33167  -35.958  -37.703  45.797 0.0000000000
34057  -33.267  -36.439  45.617 0.0000000000
34083  -35.648  -35.764  42.971 0.0000000000
129090  -34.826  -35.405  43.377 0.0000000000
35029  -33.876  -35.098  43.591 0.0000000000
35016  -33.215  -35.456  44.390 0.0000000000
34056  -32.639  -36.121  45.056 0.0000000000
34070  -31.736  -36.390  44.645 0.0000000000
34081  -30.791  -36.676  43.626 0.0000000000
34096  -30.318  -36.799  43.120 0.0000000000
33207  -29.733  -36.883  42.413 0.0000000000
34110  -29.916  -36.129  41.818 0.0000000000
129582  -29.382  -36.676  41.746 0.0000000000
33217  -28.034  -37.158  40.944 0.0000000000
33228  -27.221  -37.295  39.737 0.0000000000
33227  -26.727  -37.691  39.277 0.0000000000
37828  -30.852  -32.254  37.529 0.0000000000
37827  -29.987  -32.136  37.065 0.0000000000
37813  -30.007  -32.429  37.898 0.0000000000
114664  -29.617  -33.103  38.512 0.0000000000
36004  -29.135  -33.928  38.933 0.0000000000
35103  -27.969  -34.175  37.555 0.0000000000
36003  -28.487  -34.438  38.562 0.0000000000
123879  -27.002  -36.302  37.596 0.0000000000
34146  -27.225  -36.444  38.413 0.0000000000
33237  -26.521  -37.556  38.424 0.0000000000
32368  -26.034  -37.985  37.942 0.0000000000
32370  -25.340  -38.484  36.565 0.0000000000
123857  -25.005  -38.967  36.274 0.0000000000
29328  -23.145  -41.347  43.681 0.0000000000
29368  -24.636  -40.929  37.106 0.0000000000
30328  -29.912  -40.187  48.196 0.0000000000
30377  -29.570  -39.808  45.686 0.0000000000
30402  -22.926  -40.774  42.269 0.0000000000
31447  -24.531  -39.804  37.180 0.0000000000
32310  -30.014  -38.431  44.146 0.0000000000
32324  -39.690  -37.904  43.470 0.0000000000
33186  -36.810  -36.893  43.795 0.0000000000
33195  -29.243  -37.479  42.657 0.0000000000
33200  -40.180  -37.524  43.251 0.0000000000
34100  -37.345  -36.432  42.240 0.0000000000
34109  -29.394  -36.221  41.241 0.0000000000
34157  -26.697  -36.644  36.809 0.0000000000
34160  -26.979  -36.062  35.818 0.0000000000
35044  -44.640  -35.088  43.144 0.0000000000
35064  -34.506  -34.624  40.872 0.0000000000
35070  -40.042  -35.317  41.025 0.0000000000
35077  -36.468  -35.138  39.798 0.0000000000
35950  -31.692  -34.713  43.018 0.0000000000
36912  -44.423  -33.017  40.232 0.0000000000
36917  -30.279  -33.038  38.912 0.0000000000
37797  -47.360  -32.079  41.100 0.0000000000
37814  -30.517  -32.578  38.366 0.0000000000
37822  -42.689  -32.096  38.498 0.0000000000
37830  -32.464  -32.678  37.090 0.0000000000
38750  -43.432  -30.858  36.971 0.0000000000
39535  -36.361  -30.586  36.879 0.0000000000
39558  -43.256  -30.064  35.535 0.0000000000
40328  -45.262  -29.632  37.353 0.0000000000
40335  -39.196  -29.699  35.848 0.0000000000
40364  -42.760  -29.306  34.752 0.0000000000
41136  -47.414  -28.450  39.468 0.0000000000
41162  -44.801  -28.824  36.686 0.0000000000
41171  -37.146  -27.984  34.701 0.0000000000
41190  -41.059  -28.533  33.785 0.0000000000
42030  -41.032  -27.773  33.683 0.0000000000
43863  -46.220  -25.072  37.259 0.0000000000
44818  -38.339  -24.504  31.828 0.0000000000
46554  -53.561  -22.130  39.955 0.0000000000
46569  -53.650  -22.346  38.557 0.0000000000
46580  -53.133  -22.388  38.077 0.0000000000
46582  -54.177  -21.850  37.434 0.0000000000
46590  -53.544  -21.975  36.869 0.0000000000
47404  -53.089  -21.574  40.678 0.0000000000
47406  -54.508  -21.170  40.809 0.0000000000
47420  -54.556  -21.677  38.530 0.0000000000
47421  -54.863  -21.214  38.939 0.0000000000
47443  -54.950  -21.089  37.637 0.0000000000
47458  -54.544  -21.199  36.591 0.0000000000
47464  -51.355  -20.995  34.976 0.0000000000
47467  -53.553  -21.474  35.571 0.0000000000
47486  -51.489  -20.681  33.574 0.0000000000
48312  -49.543  -20.486  39.746 0.0000000000
48324  -50.457  -20.227  38.649 0.0000000000
48326  -55.033  -20.703  38.498 0.0000000000
48341  -54.839  -20.881  37.243 0.0000000000
48385  -53.829  -20.323  34.271 0.0000000000
48396  -52.448  -20.234  33.076 0.0000000000
48415  -46.755  -20.387  30.557 0.0000000000
49202  -54.819  -19.953  40.010 0.0000000000
49208  -54.857  -19.843  38.812 0.0000000000
49234  -54.138  -19.500  36.441 0.0000000000
49265  -43.870  -19.714  35.209 0.0000000000
50175  -53.571  -18.600  35.376 0.0000000000
51173  -53.561  -17.736  33.242 0.0000000000
52093  -51.103  -16.518  36.330 0.0000000000
52126  -55.095  -16.211  33.632 0.0000000000
52917  -50.649  -15.131  36.570 0.0000000000
52939  -50.853  -15.099  35.953 0.0000000000
52940  -51.232  -15.874  35.847 0.0000000000
52953  -56.011  -15.626  34.879 0.0000000000
53785  -56.957  -14.471  35.590 0.0000000000
53822  -50.977  -14.363  33.105 0.0000000000
54714  -57.281  -14.041  35.585 0.0000000000
54736  -55.126  -13.514  33.402 0.0000000000
55557  -58.076  -13.099  34.522 0.0000000000
55574  -51.545  -12.571  32.462 0.0000000000
55590  -51.799  -11.853  31.906 0.0000000000
56408  -55.887  -11.679  34.710 0.0000000000
56411  -58.216  -12.315  33.918 0.0000000000
56420  -59.108  -10.998  32.888 0.0000000000
57329  -59.461  -10.426  32.113 0.0000000000
59159  -56.805  -8.548  30.747 0.0000000000
60103  -61.411  -7.871  30.585 0.0000000000
60104  -61.690  -8.134  30.004 0.0000000000
112924  -29.399  -39.089  44.376 0.0000000000
113735  -28.023  -39.799  47.965 0.0000000000
113904  -41.489  -31.019  37.277 0.0000000000
116698  -54.618  -19.217  39.386 0.0000000000
120953  -42.045  -24.004  34.432 0.0000000000
121195  -52.928  -18.088  32.834 0.0000000000
121908  -22.325  -42.618  44.048 0.0000000000
123375  -34.320  -34.494  39.575 0.0000000000
124317  -58.427  -10.254  33.425 0.0000000000
125607  -49.340  -12.501  28.808 0.0000000000
126918  -41.780  -29.564  34.625 0.0000000000
127645  -48.849  -26.345  40.706 0.0000000000
127875  -61.104  -8.116  31.099 0.0000000000
128777  -47.833  -30.955  40.775 0.0000000000
129427  -53.803  -21.180  35.024 0.0000000000
129833  -59.278  -10.619  32.429 0.0000000000
130511  -48.844  -19.373  37.136 0.0000000000
131843  -48.554  -29.876  41.133 0.0000000000
132467  -58.178  -13.218  34.163 0.0000000000
132899  -40.574  -21.821  33.315 0.0000000000
132988  -48.740  -25.924  40.473 0.0000000000
133022  -54.724  -21.247  39.935 0.0000000000
133182  -30.578  -39.390  45.625 0.0000000000
133334  -48.817  -27.329  40.902 0.0000000000
133477  -28.855  -39.123  44.093 0.0000000000
133521  -35.163  -35.390  42.774 0.0000000000
133725  -60.582  -8.212  28.859 0.0000000000
133786  -41.466  -21.396  33.912 0.0000000000
133873  -46.304  -22.872  37.278 0.0000000000
133909  -47.761  -31.548  41.071 0.0000000000
133973  -45.133  -31.860  39.118 0.0000000000
