#!ascii label  , from subject sub-v1s12x0050117_ses-1 vox2ras=TkReg
304
128710  24.471  7.319  -26.908 0.0000000000
67362  23.116  -3.611  -23.469 0.0000000000
80276  25.219  11.136  -25.152 0.0000000000
85960  23.475  18.684  -24.159 0.0000000000
65728  20.869  -5.100  -23.055 0.0000000000
81972  26.953  14.117  -27.427 0.0000000000
120395  28.981  15.432  -24.103 0.0000000000
74283  23.422  4.380  -25.667 0.0000000000
71718  23.825  1.740  -24.997 0.0000000000
75073  25.872  5.192  -24.125 0.0000000000
80296  26.773  11.092  -27.497 0.0000000000
78637  27.625  9.362  -24.516 0.0000000000
78656  23.401  8.994  -28.324 0.0000000000
81151  25.161  12.285  -29.038 0.0000000000
84405  24.216  17.031  -23.346 0.0000000000
85971  28.498  18.561  -24.158 0.0000000000
118968  24.348  -0.987  -23.216 0.0000000000
82777  27.787  14.153  -24.194 0.0000000000
83561  27.280  15.358  -22.576 0.0000000000
75101  24.006  5.779  -26.452 0.0000000000
74267  24.550  4.633  -25.487 0.0000000000
75997  25.086  5.922  -25.709 0.0000000000
66535  22.575  -4.258  -23.488 0.0000000000
79453  23.992  9.967  -26.834 0.0000000000
80307  24.412  10.900  -28.528 0.0000000000
81965  24.805  12.265  -28.136 0.0000000000
83612  28.734  15.008  -27.961 0.0000000000
113757  27.485  14.471  -29.202 0.0000000000
120104  22.481  18.963  -22.875 0.0000000000
84407  22.649  16.624  -23.056 0.0000000000
85959  24.205  18.271  -24.010 0.0000000000
112909  25.569  20.259  -28.560 0.0000000000
87549  27.424  20.414  -27.035 0.0000000000
86737  27.997  19.347  -24.664 0.0000000000
86761  28.786  19.858  -25.950 0.0000000000
126205  30.172  18.592  -25.306 0.0000000000
72576  25.039  2.370  -23.811 0.0000000000
70805  24.396  0.271  -23.724 0.0000000000
65715  19.867  -5.685  -22.234 0.0000000000
81957  26.162  13.032  -26.433 0.0000000000
119498  27.428  13.668  -25.019 0.0000000000
82793  28.399  14.715  -26.072 0.0000000000
121577  29.525  15.551  -26.054 0.0000000000
71720  22.394  1.323  -25.473 0.0000000000
72598  23.297  2.920  -25.537 0.0000000000
73438  24.919  3.767  -24.707 0.0000000000
73429  26.064  3.684  -23.237 0.0000000000
79451  25.809  9.497  -27.276 0.0000000000
78638  26.732  8.874  -25.256 0.0000000000
79450  26.969  10.040  -26.084 0.0000000000
76010  23.769  6.330  -26.381 0.0000000000
77778  23.769  7.861  -26.484 0.0000000000
77784  23.795  8.498  -27.970 0.0000000000
80297  25.274  10.530  -28.375 0.0000000000
118661  25.388  11.734  -28.931 0.0000000000
114018  26.147  12.521  -30.935 0.0000000000
120642  25.607  13.426  -28.802 0.0000000000
81999  25.585  13.085  -30.725 0.0000000000
84387  25.448  16.236  -22.546 0.0000000000
86740  25.404  19.566  -24.571 0.0000000000
86727  25.899  19.048  -23.832 0.0000000000
85171  26.510  17.709  -22.919 0.0000000000
84385  27.207  16.404  -22.474 0.0000000000
85168  29.360  17.155  -23.814 0.0000000000
84424  30.420  17.064  -25.573 0.0000000000
68263  22.656  -2.238  -24.463 0.0000000000
70817  22.829  0.009  -25.265 0.0000000000
76886  26.592  6.804  -24.007 0.0000000000
75071  27.084  5.769  -22.938 0.0000000000
82751  26.907  14.471  -22.620 0.0000000000
124673  26.504  15.024  -22.425 0.0000000000
76008  24.256  6.077  -26.499 0.0000000000
75100  24.448  5.510  -25.981 0.0000000000
76899  24.945  6.671  -26.242 0.0000000000
63856  19.678  -7.473  -21.668 0.0000000000
63868  20.088  -7.035  -21.999 0.0000000000
79452  24.540  10.731  -26.155 0.0000000000
80289  24.101  10.722  -27.415 0.0000000000
81119  24.893  11.706  -26.728 0.0000000000
83611  29.548  15.407  -27.656 0.0000000000
83619  28.443  14.832  -28.885 0.0000000000
85961  22.919  18.540  -23.587 0.0000000000
85946  22.396  18.153  -22.867 0.0000000000
85175  22.949  17.482  -23.422 0.0000000000
120203  23.439  18.041  -23.850 0.0000000000
87548  28.492  20.279  -26.669 0.0000000000
87547  29.213  20.298  -27.081 0.0000000000
72575  25.653  2.288  -23.145 0.0000000000
71704  25.177  1.641  -23.374 0.0000000000
67364  20.999  -3.535  -23.517 0.0000000000
81111  26.484  12.445  -24.636 0.0000000000
81096  26.997  12.825  -23.706 0.0000000000
82776  28.499  14.816  -24.558 0.0000000000
82787  28.622  14.859  -25.302 0.0000000000
83604  29.000  15.139  -26.496 0.0000000000
83595  29.594  15.743  -25.353 0.0000000000
86729  22.593  19.588  -23.527 0.0000000000
72599  22.626  2.866  -25.361 0.0000000000
73453  23.618  3.744  -25.658 0.0000000000
75085  25.215  5.248  -25.127 0.0000000000
74256  25.387  4.516  -24.500 0.0000000000
132842  25.265  3.425  -24.130 0.0000000000
74255  25.993  4.449  -23.615 0.0000000000
65714  20.694  -5.772  -22.707 0.0000000000
64789  21.150  -6.483  -22.711 0.0000000000
79458  26.174  10.224  -27.421 0.0000000000
80286  27.407  10.886  -26.381 0.0000000000
114226  23.815  5.907  -26.353 0.0000000000
123796  23.667  8.588  -26.746 0.0000000000
77785  23.672  8.523  -27.703 0.0000000000
77777  23.944  7.732  -27.293 0.0000000000
78655  23.787  9.139  -28.465 0.0000000000
79466  23.622  9.441  -28.397 0.0000000000
115229  24.915  11.668  -28.701 0.0000000000
80306  24.777  11.044  -28.655 0.0000000000
80313  25.388  12.241  -29.218 0.0000000000
80312  26.164  12.053  -29.310 0.0000000000
81163  25.783  12.445  -29.985 0.0000000000
81963  26.534  13.617  -26.927 0.0000000000
81964  25.489  12.971  -27.541 0.0000000000
82800  26.437  13.990  -28.277 0.0000000000
82812  25.865  13.588  -30.054 0.0000000000
82007  26.058  13.074  -31.492 0.0000000000
84406  23.457  16.694  -23.294 0.0000000000
84390  22.184  15.996  -22.773 0.0000000000
119429  23.606  15.900  -22.898 0.0000000000
84388  24.356  16.414  -22.951 0.0000000000
112891  26.240  20.417  -27.453 0.0000000000
87550  25.811  20.413  -26.807 0.0000000000
87525  25.738  20.069  -25.294 0.0000000000
86739  26.267  19.628  -24.492 0.0000000000
85972  27.502  18.896  -24.062 0.0000000000
85956  27.788  18.231  -23.547 0.0000000000
85154  27.329  17.252  -22.707 0.0000000000
85170  28.003  17.569  -23.072 0.0000000000
84403  28.624  16.464  -23.009 0.0000000000
85183  29.196  17.858  -23.971 0.0000000000
85991  30.641  18.457  -26.041 0.0000000000
85191  30.474  17.884  -25.343 0.0000000000
118429  30.739  17.665  -26.134 0.0000000000
84434  30.583  16.838  -26.398 0.0000000000
68275  21.950  -2.341  -24.590 0.0000000000
71719  23.047  1.498  -25.570 0.0000000000
122198  22.735  0.824  -25.571 0.0000000000
113815  23.367  0.852  -25.175 0.0000000000
69962  24.044  -0.503  -23.798 0.0000000000
70806  23.710  0.129  -24.505 0.0000000000
69105  23.715  -1.383  -23.779 0.0000000000
77764  26.396  8.023  -25.201 0.0000000000
77763  27.319  8.568  -24.271 0.0000000000
81935  27.282  13.579  -23.457 0.0000000000
81918  27.058  13.842  -22.879 0.0000000000
82766  27.554  14.524  -23.152 0.0000000000
83576  28.047  15.310  -22.996 0.0000000000
74282  23.911  4.475  -25.866 0.0000000000
74281  24.048  5.161  -26.079 0.0000000000
75984  25.720  5.750  -24.726 0.0000000000
65727  21.471  -4.879  -23.344 0.0000000000
65712  22.366  -5.717  -22.872 0.0000000000
65726  22.105  -4.986  -23.362 0.0000000000
66522  22.808  -4.938  -22.952 0.0000000000
81139  27.170  11.923  -28.537 0.0000000000
80304  27.559  11.758  -27.603 0.0000000000
79442  24.147  9.381  -25.888 0.0000000000
79460  23.481  9.627  -28.161 0.0000000000
80299  23.906  10.219  -28.453 0.0000000000
80298  24.356  11.433  -28.124 0.0000000000
81140  24.734  11.795  -28.641 0.0000000000
82799  28.127  14.638  -27.211 0.0000000000
125603  27.265  14.362  -27.937 0.0000000000
82804  27.871  14.578  -28.285 0.0000000000
82810  28.062  14.673  -29.983 0.0000000000
85174  23.792  17.473  -23.697 0.0000000000
85173  24.624  17.633  -23.491 0.0000000000
87560  26.830  20.393  -27.869 0.0000000000
114031  26.895  20.395  -26.407 0.0000000000
86752  27.383  20.054  -25.348 0.0000000000
86751  28.443  19.663  -25.350 0.0000000000
85984  28.844  19.115  -24.789 0.0000000000
85970  29.502  18.518  -24.624 0.0000000000
85983  29.437  19.276  -25.434 0.0000000000
86750  30.280  19.232  -26.160 0.0000000000
71705  24.567  1.689  -24.103 0.0000000000
71706  24.145  0.930  -24.394 0.0000000000
114099  24.758  0.996  -23.595 0.0000000000
64791  19.802  -6.394  -21.981 0.0000000000
135562  20.278  -5.181  -22.629 0.0000000000
66537  20.985  -4.349  -23.253 0.0000000000
66536  21.763  -4.125  -23.683 0.0000000000
67363  22.419  -3.524  -24.005 0.0000000000
80275  25.978  11.648  -24.305 0.0000000000
80287  25.574  11.792  -25.432 0.0000000000
81950  26.739  13.093  -25.343 0.0000000000
81956  27.096  13.666  -25.900 0.0000000000
123310  27.946  14.291  -25.346 0.0000000000
82794  27.511  14.216  -26.458 0.0000000000
126919  29.041  15.153  -27.212 0.0000000000
83610  30.206  15.862  -27.414 0.0000000000
86728  23.022  19.237  -24.191 0.0000000000
71735  22.838  2.137  -25.535 0.0000000000
115762  23.344  2.183  -25.467 0.0000000000
73452  24.217  3.805  -25.515 0.0000000000
73439  24.409  3.137  -25.017 0.0000000000
72586  24.458  2.430  -24.583 0.0000000000
73431  24.967  3.030  -24.313 0.0000000000
73430  25.525  3.084  -23.616 0.0000000000
73419  26.134  2.927  -22.941 0.0000000000
122335  25.737  8.290  -26.442 0.0000000000
76913  25.334  7.482  -26.367 0.0000000000
78649  26.283  9.130  -26.360 0.0000000000
78648  27.125  9.523  -25.355 0.0000000000
79440  27.806  10.054  -24.906 0.0000000000
80295  27.983  11.601  -26.640 0.0000000000
79449  28.034  10.693  -25.345 0.0000000000
79439  28.548  10.474  -24.640 0.0000000000
116868  23.788  5.211  -26.024 0.0000000000
76009  23.921  6.265  -26.606 0.0000000000
117244  24.040  6.752  -26.750 0.0000000000
76914  23.887  6.859  -26.627 0.0000000000
77776  24.551  7.939  -27.239 0.0000000000
78654  24.890  8.751  -27.634 0.0000000000
79459  24.842  9.620  -28.201 0.0000000000
79465  24.090  10.059  -28.577 0.0000000000
80305  26.123  11.373  -28.465 0.0000000000
132986  26.166  11.739  -28.856 0.0000000000
81162  26.580  12.279  -30.100 0.0000000000
81129  25.177  12.333  -27.173 0.0000000000
81974  25.141  12.710  -28.587 0.0000000000
81982  25.282  12.851  -29.368 0.0000000000
82806  26.107  13.852  -29.098 0.0000000000
81981  25.525  13.332  -29.505 0.0000000000
81991  25.361  13.020  -30.059 0.0000000000
81173  25.705  12.858  -30.958 0.0000000000
83564  24.560  15.588  -22.562 0.0000000000
86741  23.701  19.457  -25.052 0.0000000000
123598  24.543  19.457  -24.807 0.0000000000
85975  24.047  19.038  -24.441 0.0000000000
85974  24.888  19.044  -24.130 0.0000000000
85958  25.193  18.358  -23.643 0.0000000000
115154  25.994  18.308  -23.345 0.0000000000
85973  26.731  19.159  -24.042 0.0000000000
85957  26.826  18.504  -23.493 0.0000000000
85172  25.521  17.707  -23.120 0.0000000000
85155  25.891  17.076  -22.635 0.0000000000
84386  26.340  16.514  -22.453 0.0000000000
83562  26.419  15.788  -22.379 0.0000000000
83560  28.074  16.024  -22.693 0.0000000000
83575  28.739  15.771  -23.320 0.0000000000
83574  29.304  16.003  -23.889 0.0000000000
85969  30.093  18.016  -24.699 0.0000000000
84416  30.150  17.286  -24.818 0.0000000000
84425  29.987  16.446  -25.049 0.0000000000
84435  30.078  16.172  -25.977 0.0000000000
83603  30.288  16.171  -26.745 0.0000000000
128925  22.333  -2.862  -24.379 0.0000000000
68262  23.044  -2.833  -23.946 0.0000000000
115855  22.029  -0.377  -25.277 0.0000000000
69970  22.570  -0.921  -25.030 0.0000000000
132432  23.026  -1.531  -24.560 0.0000000000
69106  23.232  -2.058  -24.066 0.0000000000
76898  26.067  7.165  -25.130 0.0000000000
75996  25.844  6.384  -24.936 0.0000000000
75983  26.363  5.952  -23.827 0.0000000000
118629  27.753  7.565  -23.291 0.0000000000
75982  26.991  6.414  -23.317 0.0000000000
75072  26.508  5.115  -23.276 0.0000000000
72587  23.887  2.603  -25.251 0.0000000000
73440  23.892  3.241  -25.454 0.0000000000
75086  23.438  5.532  -25.733 0.0000000000
77748  27.028  7.670  -23.995 0.0000000000
78650  23.444  9.083  -27.567 0.0000000000
80288  24.845  11.259  -26.154 0.0000000000
81110  27.207  13.255  -24.358 0.0000000000
81118  25.870  12.408  -25.927 0.0000000000
81164  25.433  12.685  -29.768 0.0000000000
81174  25.486  12.896  -30.397 0.0000000000
81182  26.434  12.833  -31.754 0.0000000000
81973  25.933  13.544  -27.911 0.0000000000
82752  26.234  14.365  -22.295 0.0000000000
82765  28.328  14.964  -23.668 0.0000000000
82805  26.958  14.286  -28.663 0.0000000000
83582  29.502  15.902  -24.550 0.0000000000
83583  29.082  15.315  -24.906 0.0000000000
83596  29.064  15.214  -25.690 0.0000000000
84402  29.151  16.516  -23.528 0.0000000000
84404  28.070  16.826  -22.734 0.0000000000
84417  29.640  16.663  -24.262 0.0000000000
85156  24.977  17.051  -22.918 0.0000000000
85169  28.755  17.200  -23.286 0.0000000000
85182  29.730  17.509  -24.302 0.0000000000
85955  28.484  17.901  -23.561 0.0000000000
85976  23.437  19.197  -24.538 0.0000000000
86738  27.105  19.580  -24.547 0.0000000000
86753  26.595  20.034  -25.023 0.0000000000
86760  29.412  19.801  -26.308 0.0000000000
86766  29.965  19.819  -26.768 0.0000000000
113131  25.643  12.724  -30.405 0.0000000000
119232  25.552  3.821  -23.950 0.0000000000
121721  26.620  14.138  -29.411 0.0000000000
123187  26.638  13.798  -22.545 0.0000000000
124150  27.309  17.870  -23.110 0.0000000000
124473  29.713  15.599  -26.783 0.0000000000
132402  26.667  17.010  -22.537 0.0000000000
135365  29.694  17.999  -24.372 0.0000000000
