#!ascii label  , from subject sub-v1s12x0050125_ses-1 vox2ras=TkReg
1890
6139  -15.757  -78.715  -28.895 0.5000000000
4418  -18.222  -81.693  -25.649 0.5000000000
4432  -19.561  -81.621  -25.852 0.5000000000
3874  -19.669  -82.461  -27.197 0.5000000000
6817  -14.785  -77.500  -31.531 0.5000000000
6152  -14.947  -78.335  -30.015 0.5000000000
6165  -16.208  -77.969  -31.040 0.5000000000
5559  -16.344  -78.483  -29.173 0.5000000000
5573  -17.020  -78.645  -30.474 0.6000000238
5540  -16.216  -79.006  -28.337 0.5000000000
3881  -19.359  -82.519  -28.333 0.5000000000
112808  -17.672  -80.648  -26.183 0.5000000000
112568  -20.187  -82.176  -28.803 0.5000000000
4985  -18.391  -80.924  -25.776 0.6000000238
3882  -20.123  -82.252  -27.932 0.6000000238
4999  -18.982  -79.966  -26.614 0.6000000238
4445  -20.460  -82.014  -27.087 0.6000000238
4454  -20.795  -81.871  -28.101 0.6999999881
108872  -19.672  -80.272  -25.889 0.6999999881
4446  -21.230  -81.374  -27.103 0.6999999881
4988  -21.056  -79.972  -25.876 0.6999999881
5000  -21.611  -80.551  -26.547 0.6999999881
122410  -21.919  -80.886  -27.568 0.6999999881
6832  -15.191  -77.048  -31.955 0.5000000000
6178  -16.683  -78.021  -32.048 0.6000000238
123342  -16.162  -76.970  -32.201 0.6000000238
6189  -17.196  -78.044  -32.365 0.6000000238
5541  -17.881  -79.668  -28.094 0.5000000000
4464  -20.974  -81.857  -29.143 0.5000000000
119164  -21.034  -81.753  -30.942 0.5000000000
4490  -21.982  -80.671  -31.609 0.6999999881
4465  -21.619  -81.389  -29.560 0.6999999881
5032  -22.170  -80.727  -29.997 0.6999999881
4998  -18.193  -80.235  -26.533 0.6000000238
5014  -18.444  -79.835  -27.446 0.6999999881
112827  -22.112  -80.927  -28.979 0.6999999881
5015  -19.041  -79.733  -27.514 0.6999999881
5544  -19.894  -79.136  -27.395 0.6999999881
5017  -22.833  -79.723  -28.182 0.6999999881
6126  -20.840  -78.470  -26.569 0.6999999881
5515  -21.471  -79.397  -25.965 0.6999999881
5001  -22.346  -80.113  -26.952 0.6999999881
128865  -23.193  -78.783  -27.304 0.6999999881
6115  -21.579  -78.622  -26.029 0.6999999881
6116  -22.360  -78.245  -25.938 0.6999999881
6127  -22.871  -78.630  -26.545 0.6999999881
6117  -23.203  -77.920  -26.174 0.6999999881
7520  -15.690  -76.424  -32.149 0.5000000000
8231  -16.005  -76.102  -32.182 0.6000000238
8218  -16.822  -75.984  -31.706 0.6000000238
8232  -17.130  -76.723  -32.320 0.6000000238
8219  -17.947  -76.378  -31.434 0.6000000238
6179  -17.569  -78.592  -32.173 0.6000000238
125314  -17.501  -77.476  -32.571 0.6000000238
5574  -18.190  -79.512  -30.502 0.6000000238
5057  -22.777  -80.149  -31.703 0.6999999881
5561  -18.136  -79.551  -29.173 0.6999999881
120641  -22.712  -80.059  -30.459 0.6999999881
5601  -23.489  -80.218  -31.881 0.6999999881
5602  -23.993  -80.075  -31.580 0.6999999881
5562  -18.786  -79.699  -29.733 0.6999999881
5589  -23.287  -79.800  -31.045 0.6999999881
3902  -24.765  -81.636  -30.913 0.6999999881
5542  -18.725  -79.691  -28.505 0.6999999881
6154  -19.487  -79.370  -30.025 0.6999999881
5033  -22.666  -80.110  -29.346 0.6999999881
5564  -23.812  -79.046  -29.835 0.6999999881
5591  -24.272  -79.916  -30.972 0.6999999881
5045  -24.708  -80.522  -30.636 0.6999999881
6140  -20.012  -78.911  -28.289 0.6999999881
6809  -20.491  -78.170  -28.991 0.6999999881
5563  -23.301  -79.312  -29.200 0.6999999881
5578  -24.614  -79.635  -30.203 0.6999999881
6785  -21.103  -77.573  -26.983 0.6999999881
6141  -24.018  -78.363  -28.647 0.6999999881
113253  -24.251  -78.774  -29.366 0.6999999881
6768  -21.770  -77.630  -26.049 0.6999999881
6786  -24.064  -77.571  -27.030 0.6999999881
6142  -24.623  -78.414  -28.751 0.6999999881
7449  -22.081  -76.868  -25.900 0.6999999881
6787  -24.756  -77.392  -27.510 0.6999999881
6755  -23.155  -76.675  -25.657 0.6999999881
8217  -15.313  -75.459  -32.036 0.5000000000
115729  -15.833  -75.485  -31.988 0.6000000238
8894  -16.688  -74.826  -30.070 0.6000000238
8893  -15.692  -74.338  -30.702 0.5000000000
8878  -17.182  -74.380  -29.314 0.6000000238
9630  -14.363  -74.219  -31.066 0.5000000000
8908  -14.820  -74.808  -31.582 0.5000000000
8202  -17.510  -75.613  -30.553 0.6000000238
9602  -17.874  -73.916  -28.796 0.6000000238
8203  -18.557  -75.830  -30.699 0.6000000238
8879  -18.103  -74.676  -29.288 0.6000000238
6190  -17.879  -78.569  -32.515 0.6000000238
5587  -18.443  -79.493  -31.615 0.6999999881
6199  -18.208  -78.356  -32.818 0.6999999881
5588  -18.995  -79.505  -31.637 0.6999999881
5600  -18.643  -79.212  -32.308 0.6999999881
3903  -25.458  -82.301  -30.561 0.6999999881
6166  -20.241  -78.675  -30.056 0.6999999881
6180  -19.483  -79.005  -32.176 0.6999999881
4476  -25.194  -81.623  -30.088 0.6999999881
3913  -25.941  -82.765  -31.236 0.6999999881
128942  -21.037  -78.147  -31.646 0.6999999881
5565  -25.166  -79.765  -29.327 0.6999999881
3891  -25.760  -82.091  -29.903 0.6999999881
3926  -26.264  -82.861  -32.298 0.6999999881
112624  -21.328  -76.938  -28.734 0.6000000238
118682  -25.222  -79.118  -28.871 0.6999999881
5034  -25.617  -80.863  -28.907 0.6999999881
4467  -26.311  -81.835  -29.550 0.6999999881
3914  -26.823  -82.289  -31.044 0.6999999881
112100  -27.145  -82.218  -32.403 0.6999999881
7471  -21.390  -76.827  -27.812 0.6999999881
6129  -25.382  -78.119  -27.877 0.6999999881
5528  -25.639  -79.203  -27.984 0.6000000238
5002  -26.805  -80.261  -27.764 0.6999999881
4457  -26.708  -81.211  -28.945 0.6999999881
8156  -22.889  -75.580  -26.038 0.6000000238
6770  -23.627  -77.135  -25.919 0.6999999881
6771  -24.979  -76.810  -26.773 0.6999999881
6788  -25.190  -77.456  -27.465 0.6999999881
6789  -25.804  -77.804  -27.052 0.6000000238
5529  -26.387  -79.672  -27.371 0.6000000238
8147  -23.771  -75.254  -25.727 0.6000000238
7437  -24.129  -75.753  -25.622 0.6000000238
7451  -25.463  -76.359  -26.067 0.6000000238
7452  -26.289  -76.736  -25.845 0.5000000000
6773  -26.424  -77.526  -26.187 0.5000000000
6118  -26.735  -78.502  -26.431 0.5000000000
8148  -24.670  -75.102  -25.553 0.6000000238
8149  -25.610  -75.085  -25.305 0.5000000000
7439  -26.166  -75.884  -25.394 0.5000000000
9601  -16.170  -73.784  -29.721 0.6000000238
9600  -15.562  -72.631  -30.023 0.6000000238
11050  -18.166  -71.752  -28.979 0.5000000000
11784  -17.988  -70.822  -29.532 0.6999999881
9631  -14.801  -74.023  -30.950 0.5000000000
114696  -14.814  -71.939  -30.469 0.6000000238
11064  -15.623  -71.382  -30.496 0.6000000238
10335  -13.364  -72.685  -30.113 0.6000000238
9616  -14.034  -73.403  -30.546 0.6000000238
10309  -19.427  -72.800  -28.639 0.4000000060
116810  -13.574  -71.801  -30.049 0.6000000238
9603  -18.757  -74.160  -29.048 0.5000000000
8189  -19.006  -75.265  -30.316 0.6000000238
8220  -18.761  -76.286  -31.666 0.6000000238
6201  -19.702  -78.082  -33.334 0.6999999881
7530  -19.387  -77.353  -33.290 0.6000000238
6202  -20.474  -77.794  -33.337 0.6999999881
6819  -21.376  -77.664  -30.908 0.6000000238
6835  -21.540  -77.636  -31.978 0.6000000238
7472  -21.876  -76.139  -27.494 0.6000000238
5019  -27.154  -80.596  -28.438 0.6000000238
109031  -27.392  -80.783  -29.138 0.6000000238
4478  -27.704  -80.959  -30.554 0.6999999881
3915  -27.471  -81.843  -31.909 0.6999999881
3927  -27.769  -81.624  -32.758 0.6999999881
114799  -22.439  -75.461  -27.153 0.6000000238
5530  -27.173  -79.696  -27.248 0.6000000238
3941  -27.748  -81.846  -33.708 0.6999999881
129048  -23.862  -74.688  -25.967 0.6000000238
6758  -26.964  -77.194  -25.534 0.4000000060
6119  -27.867  -78.433  -26.324 0.4000000060
117182  -27.893  -79.389  -27.289 0.5000000000
108787  -28.062  -80.071  -29.024 0.6000000238
4479  -28.163  -80.839  -31.310 0.6000000238
3928  -28.139  -81.595  -33.125 0.6000000238
9561  -24.906  -73.868  -25.927 0.5000000000
9562  -25.699  -73.703  -25.669 0.5000000000
8150  -26.542  -75.133  -25.093 0.5000000000
7440  -27.026  -76.530  -25.208 0.5000000000
5531  -28.691  -79.234  -27.653 0.4000000060
5020  -29.070  -79.821  -28.976 0.6000000238
12536  -17.877  -69.901  -30.014 0.6000000238
11049  -17.240  -71.386  -29.729 0.6000000238
111040  -19.566  -69.212  -29.132 0.6000000238
11063  -14.691  -71.063  -30.505 0.6000000238
11795  -16.088  -70.410  -30.694 0.5000000000
109084  -16.017  -69.697  -30.700 0.6000000238
12535  -14.914  -68.777  -29.688 0.6000000238
11785  -19.034  -71.245  -28.739 0.6000000238
11047  -13.048  -71.341  -29.571 0.6999999881
12534  -14.175  -69.250  -29.375 0.6000000238
13373  -14.549  -68.616  -29.139 0.6000000238
10324  -19.962  -72.920  -29.122 0.5000000000
11769  -19.978  -71.280  -28.444 0.6000000238
11046  -12.197  -71.339  -29.074 0.6000000238
12520  -13.444  -69.632  -28.766 0.6999999881
126594  -19.632  -73.526  -29.633 0.5000000000
122482  -12.791  -70.183  -28.286 0.6999999881
8911  -19.037  -74.393  -31.392 0.6000000238
11018  -13.069  -70.708  -26.876 0.6000000238
7531  -19.819  -76.797  -33.990 0.6000000238
7523  -19.364  -76.635  -33.314 0.6000000238
8237  -19.579  -75.864  -34.076 0.6000000238
6857  -20.841  -77.131  -33.698 0.6000000238
6820  -22.122  -77.097  -31.419 0.6000000238
129623  -22.866  -76.243  -30.247 0.6000000238
8882  -24.372  -74.642  -29.752 0.6000000238
8178  -23.053  -74.998  -28.058 0.6000000238
9592  -24.914  -73.513  -28.707 0.6000000238
9570  -24.831  -73.589  -26.712 0.6000000238
5036  -28.684  -80.204  -29.747 0.6000000238
5059  -28.909  -80.799  -31.073 0.6000000238
4507  -29.033  -81.553  -32.208 0.6000000238
9571  -25.514  -73.258  -26.326 0.5000000000
121801  -27.408  -74.016  -25.729 0.5000000000
8151  -27.503  -75.075  -25.323 0.5000000000
3944  -30.102  -83.009  -32.966 0.6000000238
5549  -29.460  -79.417  -28.232 0.4000000060
5048  -29.261  -80.618  -30.218 0.6000000238
4494  -29.385  -81.424  -31.399 0.6000000238
12550  -18.024  -69.056  -30.449 0.6000000238
14258  -17.333  -67.384  -30.375 0.5000000000
13400  -18.125  -68.094  -30.517 0.6000000238
14260  -19.727  -67.190  -30.495 0.5000000000
108897  -16.549  -69.800  -30.723 0.6000000238
14257  -16.448  -67.573  -30.124 0.6000000238
12537  -18.720  -69.576  -29.588 0.5000000000
13388  -19.494  -68.408  -29.690 0.5000000000
13389  -20.340  -68.585  -29.045 0.5000000000
13397  -15.569  -68.467  -30.095 0.5000000000
13399  -17.103  -68.409  -30.581 0.6000000238
13385  -15.129  -68.156  -29.430 0.5000000000
12538  -19.646  -70.363  -28.683 0.6000000238
11754  -13.343  -70.137  -27.611 0.6999999881
12507  -13.833  -69.412  -28.236 0.6000000238
11755  -14.344  -69.953  -27.429 0.6000000238
9632  -18.670  -73.239  -31.813 0.5000000000
11004  -13.432  -71.318  -26.169 0.5000000000
11738  -13.967  -70.627  -26.828 0.6999999881
8920  -18.871  -74.911  -32.511 0.5000000000
8238  -20.324  -75.786  -34.323 0.5000000000
7524  -21.647  -76.799  -33.067 0.6000000238
129228  -23.587  -74.970  -31.095 0.6000000238
8204  -23.203  -76.114  -30.865 0.5000000000
8897  -24.104  -74.403  -30.522 0.6000000238
8191  -24.032  -75.283  -29.903 0.6000000238
10289  -26.033  -72.610  -26.825 0.5000000000
5533  -30.483  -79.151  -28.190 0.5000000000
5038  -30.580  -80.358  -29.200 0.5000000000
4495  -30.322  -81.800  -31.010 0.6000000238
3917  -30.825  -82.327  -31.540 0.6000000238
15121  -17.465  -66.476  -30.236 0.6000000238
14259  -18.201  -67.123  -30.585 0.6000000238
15105  -16.969  -66.046  -29.547 0.6000000238
14245  -19.780  -67.881  -29.849 0.5000000000
14243  -16.003  -67.120  -29.512 0.6000000238
14234  -15.403  -67.688  -28.367 0.6999999881
13374  -21.354  -69.187  -28.502 0.6000000238
12509  -15.561  -69.178  -27.463 0.6000000238
13358  -15.045  -68.426  -28.107 0.6000000238
11770  -20.788  -70.870  -28.411 0.6000000238
11739  -15.111  -70.691  -26.960 0.6000000238
129373  -16.251  -69.997  -27.331 0.6000000238
10337  -19.809  -72.958  -30.155 0.5000000000
8246  -19.009  -74.948  -34.076 0.5000000000
10995  -14.073  -71.708  -25.389 0.5000000000
11005  -14.566  -71.219  -26.241 0.6000000238
8234  -21.828  -75.843  -32.864 0.5000000000
8923  -22.267  -74.766  -32.255 0.6000000238
128439  -22.679  -75.773  -32.054 0.5000000000
8914  -23.443  -73.926  -31.274 0.5000000000
8898  -24.567  -73.974  -29.987 0.5000000000
4469  -31.068  -80.816  -29.687 0.6000000238
4482  -31.609  -81.052  -30.304 0.6000000238
15106  -17.652  -65.648  -30.017 0.6000000238
15950  -18.457  -65.507  -30.379 0.5000000000
117596  -18.895  -66.041  -30.838 0.5000000000
15936  -17.366  -65.422  -29.063 0.6999999881
15123  -19.687  -66.244  -30.882 0.5000000000
14217  -15.957  -67.406  -27.667 0.6999999881
15086  -16.290  -66.488  -28.607 0.6000000238
14262  -21.181  -66.408  -30.429 0.5000000000
13359  -15.690  -68.285  -27.497 0.6000000238
14247  -21.484  -67.251  -29.610 0.5000000000
12523  -22.205  -69.436  -28.548 0.6000000238
11758  -17.624  -69.805  -26.974 0.6999999881
11034  -21.170  -71.264  -28.753 0.6000000238
11740  -16.267  -70.724  -27.021 0.6000000238
10338  -20.370  -72.394  -29.654 0.6000000238
10997  -16.099  -71.508  -25.644 0.6999999881
11007  -16.516  -71.300  -26.402 0.6999999881
9640  -18.417  -73.481  -32.569 0.5000000000
10351  -18.959  -72.575  -31.605 0.5000000000
10996  -15.060  -71.548  -25.494 0.6000000238
9647  -18.173  -73.208  -33.941 0.5000000000
10986  -15.538  -71.696  -24.682 0.5000000000
9654  -19.112  -73.451  -34.253 0.6000000238
8928  -20.241  -74.810  -34.172 0.5000000000
10275  -15.059  -72.297  -24.004 0.6000000238
8922  -21.514  -74.766  -32.807 0.5000000000
9619  -23.783  -72.978  -31.114 0.5000000000
15921  -17.890  -64.915  -28.456 0.6999999881
15938  -18.841  -64.851  -30.072 0.5000000000
16778  -19.664  -64.806  -30.521 0.5000000000
15067  -17.503  -65.749  -26.843 0.8000000119
15920  -17.366  -65.515  -27.946 0.6999999881
15952  -20.056  -65.415  -30.937 0.5000000000
115340  -20.759  -65.288  -31.153 0.5000000000
118526  -16.958  -68.009  -26.342 0.6999999881
14218  -16.631  -67.215  -26.839 0.6999999881
15066  -16.898  -66.232  -27.350 0.8000000119
13360  -16.387  -68.198  -26.903 0.6999999881
15125  -21.476  -65.670  -30.862 0.5000000000
12502  -18.212  -69.350  -26.438 0.6999999881
13350  -17.274  -68.856  -26.703 0.6999999881
14236  -22.206  -68.004  -28.745 0.6000000238
15107  -22.082  -66.464  -29.986 0.5000000000
10999  -18.732  -71.472  -25.736 0.6000000238
11741  -17.769  -70.543  -26.821 0.6000000238
11068  -21.344  -71.285  -29.535 0.6000000238
10998  -17.761  -71.602  -25.264 0.6999999881
126151  -17.892  -71.442  -26.131 0.6999999881
11074  -18.353  -71.945  -32.654 0.6000000238
11066  -19.828  -72.075  -30.857 0.6000000238
10988  -17.582  -71.724  -24.283 0.6000000238
11080  -17.979  -71.963  -33.114 0.6000000238
8921  -20.743  -74.069  -33.139 0.6000000238
10264  -15.637  -72.691  -23.514 0.6000000238
117280  -21.636  -73.786  -32.402 0.6000000238
9642  -21.794  -72.820  -32.278 0.5000000000
16735  -18.536  -64.526  -26.924 0.6000000238
16748  -18.356  -64.519  -27.821 0.5000000000
16761  -19.424  -63.881  -28.521 0.5000000000
16780  -21.280  -64.014  -30.967 0.5000000000
119862  -17.408  -66.816  -25.808 0.8000000119
128752  -21.676  -64.229  -31.232 0.5000000000
13351  -17.730  -68.333  -25.850 0.6999999881
13376  -22.596  -68.692  -28.605 0.6000000238
10215  -15.993  -72.783  -18.444 0.6000000238
11009  -19.080  -70.726  -26.183 0.8000000119
10216  -16.976  -72.672  -18.793 0.6000000238
10990  -19.422  -71.616  -24.873 0.6999999881
11000  -19.645  -71.069  -25.508 0.8000000119
11772  -22.440  -69.981  -28.779 0.6000000238
9502  -16.343  -73.323  -20.427 0.6000000238
10977  -18.228  -71.927  -23.866 0.6000000238
11076  -19.957  -71.113  -31.463 0.6000000238
11801  -19.415  -70.788  -32.546 0.6000000238
9526  -17.367  -73.108  -22.352 0.6000000238
10255  -17.003  -72.867  -22.923 0.6000000238
10266  -17.504  -72.223  -23.467 0.6000000238
126132  -18.896  -72.012  -33.540 0.6000000238
11088  -19.695  -71.201  -33.378 0.6000000238
10276  -16.008  -71.941  -23.964 0.5000000000
10360  -21.102  -72.311  -32.818 0.5000000000
10361  -22.124  -72.123  -32.606 0.5000000000
11089  -20.828  -71.115  -33.727 0.5000000000
16736  -19.301  -64.083  -26.641 0.5000000000
16750  -19.900  -63.730  -27.499 0.5000000000
15899  -17.999  -65.135  -26.349 0.6000000238
15900  -18.699  -64.578  -25.855 0.5000000000
14201  -17.713  -67.198  -25.324 0.8000000119
15045  -17.886  -66.253  -24.961 0.6999999881
13323  -18.549  -68.247  -25.036 0.8000000119
13338  -18.862  -69.084  -25.894 0.8000000119
14248  -22.655  -67.268  -29.218 0.6000000238
16786  -22.594  -63.754  -31.500 0.5000000000
10915  -16.090  -71.518  -17.173 0.6000000238
12496  -20.381  -69.992  -25.348 0.8000000119
15126  -23.345  -65.853  -30.475 0.5000000000
10187  -17.317  -71.680  -17.849 0.6999999881
10186  -16.538  -71.900  -17.449 0.6000000238
10991  -20.329  -71.152  -24.695 0.8000000119
11786  -22.510  -70.119  -29.374 0.6000000238
12541  -23.421  -68.936  -28.981 0.6000000238
14249  -23.707  -67.405  -29.251 0.6000000238
10217  -17.813  -72.576  -19.165 0.6000000238
11802  -20.266  -70.136  -32.032 0.6000000238
11797  -21.003  -70.910  -30.742 0.6000000238
12553  -23.440  -69.063  -29.494 0.6000000238
9503  -17.213  -73.201  -20.685 0.6000000238
10267  -18.431  -72.353  -23.230 0.6000000238
10978  -19.104  -71.993  -23.872 0.5000000000
11809  -19.860  -70.081  -32.921 0.6000000238
10256  -17.860  -72.816  -22.764 0.6000000238
10370  -20.364  -71.729  -33.409 0.6000000238
12580  -20.382  -69.728  -33.157 0.6000000238
11826  -20.735  -70.510  -33.613 0.5000000000
11097  -21.569  -70.801  -33.901 0.5000000000
11082  -21.397  -71.560  -33.379 0.5000000000
11098  -22.203  -71.345  -34.316 0.5000000000
15883  -18.073  -65.344  -25.423 0.6000000238
14183  -18.165  -67.132  -24.547 0.6999999881
115190  -14.619  -70.396  -17.648 0.6000000238
11646  -15.082  -70.704  -17.145 0.6000000238
13324  -19.464  -68.740  -24.571 0.8000000119
15967  -22.901  -64.354  -31.551 0.5000000000
11656  -16.574  -70.693  -18.008 0.6000000238
13325  -20.340  -69.170  -24.235 0.8000000119
15968  -23.943  -64.577  -31.588 0.5000000000
10916  -16.779  -71.215  -17.554 0.6999999881
11728  -21.561  -70.404  -23.299 0.8000000119
13392  -24.209  -67.876  -29.405 0.6000000238
15127  -24.259  -65.782  -30.790 0.6000000238
10924  -18.019  -71.587  -18.390 0.8000000119
124254  -20.577  -71.788  -22.735 0.6999999881
12551  -22.282  -69.874  -30.520 0.6000000238
13403  -24.564  -67.873  -30.213 0.6000000238
113344  -18.529  -72.541  -19.612 0.6999999881
10237  -19.061  -72.643  -20.364 0.6999999881
10969  -19.937  -72.281  -22.369 0.6000000238
12561  -21.720  -69.299  -31.722 0.6000000238
13412  -24.210  -68.134  -31.450 0.6000000238
10247  -18.075  -73.110  -21.970 0.6000000238
13411  -23.263  -68.571  -31.716 0.5000000000
12582  -21.904  -69.029  -33.301 0.5000000000
15867  -18.212  -65.585  -24.665 0.6000000238
15868  -18.723  -65.084  -24.451 0.5000000000
12441  -13.367  -69.952  -19.270 0.6000000238
15033  -18.494  -66.808  -23.900 0.6999999881
11654  -13.966  -70.268  -18.529 0.6000000238
14184  -18.924  -67.808  -24.207 0.6999999881
14168  -19.212  -67.388  -23.418 0.6000000238
11668  -14.713  -70.611  -18.726 0.6000000238
11667  -13.960  -70.701  -19.755 0.6000000238
13314  -19.747  -68.361  -23.781 0.6000000238
13315  -20.662  -68.810  -23.431 0.6999999881
11669  -17.175  -70.703  -18.951 0.8000000119
12486  -21.528  -69.743  -23.341 0.6999999881
13309  -21.496  -69.388  -22.504 0.6000000238
10923  -17.599  -70.970  -18.134 0.8000000119
10970  -21.120  -71.456  -22.022 0.8000000119
11709  -21.558  -70.270  -21.436 0.6999999881
10936  -19.252  -71.522  -19.417 0.6999999881
10238  -19.846  -72.178  -20.210 0.6999999881
10950  -20.339  -71.656  -20.335 0.6000000238
10951  -20.888  -71.026  -20.589 0.8000000119
13274  -12.643  -68.390  -19.175 0.6000000238
12453  -13.272  -70.181  -20.315 0.6000000238
110511  -14.734  -70.941  -19.724 0.6999999881
117999  -21.064  -68.213  -21.394 0.6000000238
109378  -15.816  -70.742  -19.023 0.6999999881
11689  -16.492  -70.703  -20.185 0.6999999881
13303  -21.475  -68.974  -21.470 0.6999999881
13290  -20.737  -68.828  -20.031 0.6000000238
11690  -17.643  -70.505  -20.334 0.6000000238
111820  -18.564  -70.474  -20.224 0.5000000000
108577  -20.762  -70.313  -20.487 0.6999999881
13289  -19.918  -68.901  -19.704 0.6999999881
13275  -19.370  -68.044  -19.348 0.6000000238
11670  -18.137  -70.741  -19.084 0.8000000119
11691  -19.526  -70.311  -20.199 0.6000000238
11692  -20.237  -70.943  -20.140 0.6000000238
107253  -12.564  -68.153  -20.125 0.6000000238
13286  -12.536  -68.773  -20.673 0.6000000238
12466  -13.126  -70.406  -21.141 0.6999999881
12440  -12.812  -69.204  -19.897 0.6000000238
11686  -13.680  -70.825  -20.843 0.6999999881
11704  -14.281  -71.080  -21.479 0.6999999881
11688  -15.267  -71.014  -20.396 0.6999999881
109305  -16.001  -70.718  -21.056 0.6000000238
14146  -20.509  -67.950  -19.843 0.6000000238
11706  -16.908  -70.480  -21.259 0.6000000238
11708  -18.574  -70.044  -20.940 0.6000000238
14132  -19.638  -67.385  -19.310 0.5000000000
14144  -18.531  -67.906  -19.382 0.6000000238
14130  -18.053  -67.311  -19.097 0.5000000000
15818  -17.262  -66.214  -19.281 0.5000000000
14149  -17.460  -68.077  -20.729 0.6000000238
14976  -17.407  -66.972  -19.491 0.5000000000
14988  -12.122  -67.010  -21.150 0.6000000238
14141  -12.309  -67.967  -20.908 0.6000000238
13299  -12.267  -68.997  -21.475 0.6999999881
14148  -11.865  -67.968  -21.647 0.6999999881
115813  -12.537  -70.105  -22.319 0.6999999881
11703  -13.346  -70.767  -21.833 0.6999999881
11719  -13.984  -70.850  -22.506 0.6000000238
11720  -15.137  -70.548  -22.354 0.5000000000
12476  -15.589  -69.777  -23.168 0.6999999881
13313  -15.709  -68.830  -23.506 0.6000000238
11721  -16.209  -70.394  -21.915 0.6000000238
12477  -16.839  -69.699  -22.385 0.6000000238
116337  -16.562  -68.084  -22.484 0.6000000238
13300  -17.691  -68.859  -21.377 0.6000000238
14156  -17.015  -68.033  -21.580 0.5000000000
14989  -16.037  -66.172  -21.722 0.5000000000
15832  -16.497  -65.591  -21.051 0.5000000000
15829  -9.033  -65.550  -21.791 0.6999999881
15843  -8.818  -65.772  -22.645 0.6999999881
16684  -8.652  -64.525  -22.521 0.6999999881
15004  -11.032  -66.982  -22.311 0.6000000238
15002  -9.144  -66.417  -23.205 0.6999999881
16696  -8.919  -64.707  -23.424 0.6999999881
17581  -9.896  -64.344  -23.968 0.6999999881
17570  -10.746  -63.389  -23.967 0.6000000238
14147  -11.580  -67.249  -21.813 0.6999999881
15003  -10.134  -66.732  -22.764 0.6999999881
15016  -9.386  -66.517  -24.129 0.6999999881
16706  -9.458  -65.219  -24.305 0.6999999881
13305  -11.425  -68.719  -23.058 0.6999999881
14153  -10.623  -67.400  -23.118 0.6999999881
15864  -9.440  -66.024  -24.644 0.6999999881
11717  -12.917  -70.438  -23.101 0.6999999881
12483  -14.165  -69.796  -24.040 0.6000000238
12475  -14.570  -70.286  -23.200 0.6000000238
13312  -14.977  -68.611  -24.151 0.6000000238
14166  -15.103  -67.225  -23.968 0.6000000238
13307  -16.446  -69.043  -22.941 0.6000000238
14167  -15.621  -67.870  -23.501 0.6000000238
113356  -15.556  -67.082  -23.182 0.6000000238
14155  -15.971  -67.469  -22.758 0.5000000000
15019  -15.392  -66.405  -23.225 0.6000000238
16697  -15.567  -64.896  -23.584 0.6000000238
124007  -16.335  -67.140  -21.746 0.5000000000
15005  -15.772  -66.649  -22.502 0.5000000000
16685  -15.762  -65.100  -22.787 0.5000000000
16675  -8.578  -64.384  -21.654 0.6999999881
17569  -9.405  -63.787  -23.429 0.6999999881
107198  -10.201  -63.731  -23.752 0.6000000238
18466  -10.867  -62.983  -23.524 0.6000000238
18477  -11.348  -62.691  -24.462 0.6000000238
19382  -11.692  -61.638  -25.049 0.4000000060
16707  -10.156  -64.605  -24.899 0.6000000238
17582  -10.508  -63.885  -24.354 0.5000000000
17583  -11.002  -63.351  -24.769 0.5000000000
19393  -11.902  -61.612  -25.664 0.4000000060
20178  -12.418  -60.135  -25.424 0.5000000000
107988  -12.256  -69.619  -22.305 0.6999999881
14165  -11.014  -68.178  -23.509 0.8000000119
124314  -9.806  -66.761  -25.050 0.6999999881
16730  -10.831  -64.865  -26.377 0.5000000000
117826  -11.489  -63.182  -26.245 0.4000000060
18503  -11.863  -62.405  -26.305 0.4000000060
20190  -12.917  -60.407  -26.048 0.4000000060
113569  -13.687  -60.335  -26.428 0.4000000060
13311  -11.446  -68.928  -23.868 0.8000000119
129349  -11.097  -68.067  -25.086 0.8000000119
14179  -10.468  -67.502  -24.957 0.8000000119
129612  -10.272  -67.101  -26.024 0.8000000119
15894  -10.511  -65.716  -26.442 0.6000000238
16731  -11.522  -64.628  -26.832 0.5000000000
17611  -12.099  -63.059  -26.850 0.4000000060
18505  -13.053  -62.264  -27.155 0.4000000060
12481  -12.434  -69.988  -23.562 0.6999999881
12489  -12.551  -69.710  -24.229 0.8000000119
13321  -13.307  -68.892  -25.006 0.6999999881
14181  -13.543  -68.142  -25.258 0.5000000000
16744  -12.204  -64.408  -27.152 0.5000000000
18517  -12.842  -63.034  -27.230 0.4000000060
19403  -13.827  -62.072  -27.411 0.4000000060
13322  -14.063  -68.950  -24.696 0.6000000238
14182  -14.358  -67.934  -24.788 0.5000000000
15032  -14.577  -66.803  -24.712 0.5000000000
15865  -14.710  -65.897  -24.773 0.6000000238
15018  -15.005  -66.188  -23.977 0.6000000238
15866  -15.169  -65.385  -24.142 0.6000000238
16695  -8.798  -63.895  -22.976 0.6000000238
18451  -9.441  -62.528  -22.684 0.5000000000
19349  -11.906  -62.271  -23.238 0.4000000060
117595  -12.045  -61.809  -24.226 0.5000000000
19369  -11.951  -60.983  -24.845 0.5000000000
20167  -12.132  -60.108  -24.981 0.5000000000
21003  -12.660  -59.777  -24.715 0.5000000000
21010  -13.889  -59.005  -25.109 0.5000000000
21900  -14.385  -58.732  -24.709 0.5000000000
21020  -13.977  -59.457  -25.841 0.5000000000
21902  -15.977  -57.884  -25.375 0.5000000000
120313  -11.386  -67.458  -25.875 0.6999999881
15053  -11.249  -66.268  -26.587 0.6000000238
15055  -12.710  -66.114  -26.778 0.5000000000
15908  -11.952  -65.081  -27.139 0.5000000000
21021  -14.998  -59.364  -26.264 0.5000000000
21910  -15.448  -58.605  -25.757 0.5000000000
119115  -12.124  -69.391  -24.448 0.8000000119
13336  -11.584  -68.021  -25.418 0.6999999881
14199  -13.052  -67.585  -25.701 0.6000000238
15910  -13.211  -64.750  -27.235 0.5000000000
114947  -13.963  -63.664  -27.596 0.4000000060
107466  -14.621  -62.450  -27.907 0.5000000000
20198  -14.625  -60.176  -26.854 0.4000000060
21022  -15.918  -59.249  -26.729 0.5000000000
124530  -13.488  -66.854  -25.810 0.5000000000
15881  -13.538  -66.113  -26.266 0.5000000000
15897  -13.156  -65.437  -27.058 0.6000000238
16747  -14.293  -64.077  -27.475 0.5000000000
107785  -14.707  -63.358  -27.833 0.5000000000
19404  -15.407  -61.905  -28.159 0.5000000000
15882  -14.421  -65.653  -25.670 0.5000000000
16720  -14.825  -64.954  -26.023 0.5000000000
16733  -14.580  -64.595  -26.976 0.5000000000
17612  -15.070  -64.006  -27.425 0.5000000000
16708  -15.023  -65.167  -25.017 0.6000000238
16721  -15.389  -64.471  -25.354 0.6000000238
19325  -9.746  -61.990  -22.324 0.5000000000
19326  -10.544  -62.088  -22.426 0.5000000000
19348  -11.135  -62.645  -22.976 0.5000000000
109361  -12.533  -62.142  -23.114 0.4000000060
20146  -9.961  -61.320  -21.956 0.5000000000
19305  -11.480  -62.106  -22.481 0.4000000060
19350  -12.369  -61.766  -23.835 0.5000000000
20158  -12.326  -60.620  -24.481 0.6000000238
20995  -13.528  -59.219  -24.052 0.5000000000
21891  -14.254  -58.772  -24.289 0.5000000000
21892  -15.043  -58.401  -24.429 0.4000000060
22733  -15.885  -57.823  -24.848 0.4000000060
22735  -16.883  -56.934  -24.689 0.4000000060
19306  -12.483  -61.998  -21.649 0.4000000060
19327  -12.423  -62.166  -22.438 0.4000000060
19328  -13.028  -62.187  -22.584 0.4000000060
20148  -13.484  -61.493  -22.776 0.5000000000
20159  -13.616  -60.081  -23.448 0.5000000000
20996  -14.060  -59.058  -23.760 0.5000000000
20149  -14.175  -60.917  -22.378 0.4000000060
20150  -15.126  -60.534  -21.975 0.4000000060
20985  -15.529  -59.678  -22.639 0.5000000000
21871  -15.837  -58.889  -23.209 0.4000000060
21883  -16.132  -58.156  -23.741 0.4000000060
22721  -16.473  -57.510  -24.270 0.4000000060
22722  -17.208  -57.448  -24.046 0.4000000060
19287  -12.882  -61.592  -20.813 0.4000000060
126273  -13.163  -62.097  -21.195 0.4000000060
19329  -13.625  -62.037  -21.955 0.4000000060
125760  -13.808  -60.997  -19.236 0.4000000060
20116  -14.798  -61.332  -19.701 0.4000000060
20135  -14.508  -61.508  -21.257 0.4000000060
20136  -15.719  -60.890  -20.939 0.4000000060
20977  -16.200  -60.302  -21.713 0.5000000000
20986  -16.616  -59.636  -22.309 0.5000000000
21872  -16.948  -58.953  -22.929 0.4000000060
21884  -17.126  -58.171  -23.548 0.4000000060
20978  -17.053  -59.979  -21.370 0.4000000060
21873  -18.605  -58.871  -21.579 0.4000000060
22711  -18.876  -58.420  -22.519 0.4000000060
109232  -18.019  -58.873  -22.719 0.4000000060
21885  -18.066  -58.081  -23.538 0.4000000060
20949  -13.274  -60.090  -19.444 0.4000000060
20091  -14.026  -60.427  -18.647 0.3000000119
20117  -15.692  -61.052  -19.971 0.3000000119
20118  -16.394  -60.543  -20.292 0.4000000060
21845  -15.881  -59.392  -18.766 0.4000000060
20939  -15.417  -60.013  -18.492 0.3000000119
20950  -16.150  -60.121  -19.061 0.3000000119
20951  -16.726  -60.125  -19.746 0.4000000060
22695  -17.413  -58.380  -20.367 0.5000000000
21862  -18.828  -58.442  -20.824 0.4000000060
21874  -19.206  -58.306  -21.498 0.4000000060
22712  -19.729  -57.872  -22.225 0.4000000060
22725  -20.523  -57.039  -23.377 0.3000000119
23530  -16.710  -56.977  -21.175 0.5000000000
23531  -18.233  -56.898  -20.948 0.5000000000
23532  -19.404  -56.884  -20.931 0.4000000060
23533  -20.048  -56.937  -21.116 0.4000000060
23534  -20.491  -56.721  -21.768 0.3000000119
20938  -14.562  -59.800  -18.229 0.4000000060
22688  -15.839  -58.607  -18.627 0.4000000060
123114  -15.895  -58.077  -19.649 0.4000000060
22694  -16.149  -58.189  -20.158 0.5000000000
22689  -15.869  -57.737  -19.344 0.4000000060
23525  -15.784  -57.265  -20.792 0.5000000000
24353  -17.432  -56.211  -21.414 0.4000000060
24354  -18.736  -55.911  -21.329 0.4000000060
24355  -20.095  -56.162  -21.352 0.3000000119
24352  -16.188  -55.945  -21.672 0.3000000119
24366  -16.244  -55.103  -22.035 0.3000000119
24367  -17.349  -55.250  -21.824 0.3000000119
22682  -15.443  -58.221  -17.884 0.4000000060
23517  -15.416  -56.713  -20.115 0.3000000119
125566  -15.088  -55.780  -20.851 0.4000000060
25314  -18.998  -54.090  -21.984 0.3000000119
23518  -16.001  -57.128  -19.197 0.3000000119
25282  -16.298  -54.776  -19.817 0.3000000119
11048  -16.453  -72.002  -29.850 0.6000000238
11065  -16.492  -71.093  -30.360 0.5000000000
13301  -18.420  -69.186  -20.759 0.6000000238
12469  -18.072  -69.654  -21.168 0.6000000238
123887  -18.867  -82.777  -27.011 0.5000000000
120178  -19.906  -80.941  -25.736 0.6000000238
5560  -17.413  -79.004  -29.514 0.5000000000
4434  -20.991  -80.768  -26.199 0.6999999881
4455  -21.588  -81.393  -28.409 0.6999999881
5016  -22.362  -80.515  -28.215 0.6999999881
6784  -20.520  -78.141  -27.712 0.6999999881
5527  -22.834  -79.284  -27.104 0.6999999881
5516  -22.190  -79.217  -26.187 0.6999999881
7507  -18.199  -76.925  -32.329 0.5000000000
6156  -24.238  -79.188  -30.020 0.6999999881
119811  -20.871  -77.925  -30.012 0.6999999881
6798  -20.909  -77.438  -28.245 0.6999999881
6157  -24.731  -78.928  -29.391 0.6999999881
7462  -22.173  -76.183  -26.367 0.6999999881
125862  -17.323  -73.237  -28.883 0.6000000238
5546  -25.592  -80.072  -28.437 0.6999999881
7483  -22.218  -76.514  -29.865 0.6000000238
8167  -23.073  -74.902  -26.895 0.6000000238
7438  -25.109  -75.624  -25.690 0.5000000000
116289  -13.772  -70.901  -29.952 0.6999999881
8177  -22.430  -75.646  -28.365 0.6000000238
5035  -27.881  -80.535  -29.843 0.6000000238
4505  -27.981  -81.195  -32.021 0.6000000238
8870  -23.731  -74.516  -27.681 0.5000000000
9572  -26.278  -73.037  -26.102 0.5000000000
5037  -29.658  -80.315  -29.420 0.5000000000
11793  -14.487  -70.109  -30.139 0.6000000238
11782  -12.930  -70.658  -29.227 0.6999999881
10325  -20.395  -72.314  -28.972 0.6000000238
7510  -22.682  -76.431  -31.643 0.5000000000
115627  -23.325  -75.456  -29.178 0.5000000000
8871  -24.432  -74.170  -28.271 0.6000000238
117327  -24.083  -74.877  -28.910 0.5000000000
9582  -24.851  -73.538  -27.720 0.5000000000
3916  -29.897  -82.094  -31.766 0.6000000238
4481  -30.726  -81.365  -30.303 0.6000000238
5022  -30.943  -79.760  -28.715 0.5000000000
12510  -16.567  -69.314  -27.178 0.6000000238
118991  -22.495  -65.911  -30.436 0.5000000000
9485  -16.178  -73.094  -19.506 0.6000000238
108045  -15.864  -73.489  -22.585 0.6000000238
10359  -20.282  -72.484  -33.200 0.6000000238
9486  -17.078  -72.995  -19.759 0.6000000238
11731  -20.828  -70.334  -24.769 0.8000000119
113873  -17.918  -72.960  -20.015 0.6000000238
12562  -22.758  -69.126  -31.147 0.6000000238
10257  -18.644  -72.717  -22.453 0.6000000238
12571  -21.236  -69.088  -32.602 0.6000000238
124908  -21.708  -69.976  -22.677 0.8000000119
14264  -25.032  -66.144  -30.906 0.6000000238
128194  -20.492  -72.002  -21.867 0.6000000238
10249  -19.912  -72.426  -21.200 0.6999999881
11672  -19.594  -71.110  -19.715 0.6000000238
12467  -17.095  -70.151  -21.884 0.6000000238
12454  -19.286  -69.739  -20.452 0.6999999881
12468  -17.429  -69.574  -21.840 0.6000000238
14990  -16.558  -66.435  -20.835 0.5000000000
12478  -17.088  -68.870  -22.235 0.6000000238
15846  -16.095  -65.336  -21.958 0.5000000000
15830  -10.094  -65.760  -21.532 0.6999999881
14986  -10.651  -66.347  -21.969 0.6000000238
126034  -8.914  -65.784  -23.617 0.6999999881
14164  -10.475  -67.585  -24.041 0.8000000119
15880  -9.816  -65.992  -26.000 0.6000000238
18465  -10.003  -63.202  -23.278 0.6000000238
18487  -11.431  -62.591  -25.405 0.5000000000
17596  -11.036  -63.531  -25.539 0.5000000000
20199  -15.391  -60.967  -27.729 0.5000000000
18452  -10.279  -62.636  -22.845 0.5000000000
21011  -14.603  -58.858  -25.384 0.5000000000
14198  -12.124  -67.597  -25.812 0.6000000238
15043  -12.652  -66.803  -26.199 0.6000000238
16734  -15.262  -64.321  -26.462 0.5000000000
20147  -10.740  -61.227  -22.101 0.5000000000
113063  -14.482  -58.640  -24.062 0.5000000000
20115  -13.368  -61.211  -19.961 0.4000000060
19288  -13.562  -61.818  -20.536 0.4000000060
19289  -14.216  -61.743  -20.409 0.4000000060
20102  -15.460  -60.758  -19.043 0.3000000119
117380  -14.988  -61.332  -20.434 0.4000000060
20987  -17.711  -59.433  -21.772 0.5000000000
20962  -17.103  -60.015  -20.523 0.4000000060
20979  -17.637  -59.640  -20.921 0.4000000060
22724  -19.895  -57.418  -23.433 0.4000000060
21846  -16.535  -59.474  -19.535 0.5000000000
21854  -17.173  -59.045  -20.019 0.4000000060
22700  -18.860  -57.595  -20.712 0.5000000000
21855  -18.103  -58.845  -20.450 0.4000000060
22713  -20.391  -57.266  -22.474 0.4000000060
22693  -15.618  -57.389  -20.252 0.5000000000
23524  -15.348  -56.572  -20.791 0.5000000000
127318  -15.672  -56.579  -21.251 0.4000000060
24368  -18.503  -54.913  -21.798 0.4000000060
23529  -15.276  -55.882  -21.337 0.4000000060
24340  -15.474  -55.565  -20.242 0.3000000119
25292  -14.935  -54.807  -20.925 0.3000000119
110728  -15.090  -55.049  -21.409 0.3000000119
2916  -29.134  -84.808  -37.677 0.5000000000
2909  -29.737  -84.882  -36.844 0.5000000000
1991  -30.337  -85.807  -35.880 0.5000000000
2424  -30.698  -85.188  -36.075 0.5000000000
1986  -31.783  -85.753  -35.300 0.5000000000
1992  -31.275  -85.490  -35.798 0.5000000000
1980  -32.105  -85.883  -34.606 0.6000000238
110655  -28.984  -84.101  -37.557 0.5000000000
3424  -29.680  -84.328  -36.810 0.5000000000
2431  -30.685  -84.963  -36.351 0.5000000000
2902  -31.674  -84.920  -36.176 0.5000000000
2414  -32.742  -85.574  -34.148 0.6000000238
2421  -32.892  -85.030  -35.621 0.6000000238
2420  -32.665  -85.408  -35.291 0.6000000238
3423  -28.367  -83.690  -37.371 0.4000000060
3392  -24.298  -83.346  -34.471 0.4000000060
3393  -25.138  -83.637  -34.414 0.4000000060
3406  -25.258  -83.670  -35.447 0.5000000000
111458  -25.845  -83.655  -36.358 0.5000000000
3421  -26.729  -83.633  -37.196 0.5000000000
110327  -26.857  -83.275  -36.128 0.5000000000
3395  -27.207  -82.804  -35.304 0.5000000000
3422  -27.612  -83.416  -36.878 0.5000000000
108094  -28.248  -83.287  -36.561 0.5000000000
2407  -32.389  -85.596  -33.218 0.6000000238
2861  -32.765  -84.899  -31.915 0.6000000238
108943  -28.905  -83.643  -36.649 0.5000000000
3410  -29.424  -83.793  -35.957 0.5000000000
129444  -28.873  -83.135  -35.136 0.5000000000
2408  -33.336  -85.140  -33.755 0.6000000238
124385  -30.524  -84.704  -36.278 0.5000000000
2903  -32.620  -84.521  -35.792 0.6000000238
2415  -33.288  -85.046  -35.195 0.6000000238
2401  -33.040  -85.063  -32.842 0.6000000238
2885  -33.747  -84.504  -34.890 0.6000000238
112963  -33.924  -84.609  -33.400 0.6000000238
2870  -34.521  -84.122  -33.064 0.6999999881
2877  -34.565  -84.103  -33.907 0.6000000238
2878  -35.111  -83.615  -33.626 0.6999999881
5078  -23.605  -80.856  -33.096 0.6000000238
4513  -23.966  -81.942  -33.276 0.6000000238
113913  -24.544  -82.563  -32.363 0.6000000238
3939  -24.118  -82.766  -33.845 0.5000000000
3383  -24.717  -83.387  -33.609 0.5000000000
3376  -25.566  -83.237  -32.715 0.6000000238
3407  -26.121  -83.417  -35.129 0.5000000000
3384  -25.367  -83.463  -33.406 0.5000000000
3394  -26.042  -83.299  -34.057 0.5000000000
3955  -27.513  -82.336  -34.565 0.5000000000
3409  -28.439  -83.069  -35.941 0.5000000000
111025  -32.526  -84.645  -31.044 0.6999999881
2855  -33.281  -84.144  -30.772 0.8000000119
112698  -29.843  -83.840  -35.106 0.5000000000
110814  -30.814  -84.122  -35.104 0.5000000000
117465  -31.865  -83.940  -35.289 0.6000000238
2869  -33.724  -84.526  -32.500 0.6999999881
3370  -34.170  -83.908  -31.251 0.6999999881
2895  -33.335  -84.454  -35.433 0.6000000238
3379  -35.051  -83.677  -32.725 0.6999999881
3970  -33.926  -83.180  -35.074 0.6000000238
3400  -34.534  -83.230  -34.777 0.6000000238
3401  -35.174  -82.758  -34.616 0.6999999881
3380  -35.565  -83.300  -33.293 0.6999999881
3920  -36.088  -82.757  -32.068 0.6000000238
5076  -22.763  -80.458  -33.482 0.5000000000
4504  -24.100  -81.389  -32.601 0.6000000238
3925  -25.320  -82.964  -32.089 0.6000000238
3377  -26.196  -83.077  -33.193 0.6000000238
3940  -27.085  -82.277  -33.098 0.6000000238
3956  -28.235  -82.249  -34.439 0.5000000000
3942  -28.427  -81.983  -33.613 0.6000000238
2854  -32.464  -84.383  -30.228 0.6999999881
3957  -28.947  -82.689  -34.121 0.5000000000
3943  -29.199  -82.507  -33.290 0.5000000000
3365  -33.095  -83.877  -30.117 0.5000000000
3350  -32.983  -83.181  -28.847 0.6000000238
3396  -29.516  -83.420  -34.443 0.6000000238
124649  -32.016  -83.553  -34.581 0.5000000000
3366  -33.897  -83.685  -30.436 0.6000000238
3399  -32.674  -83.386  -35.170 0.5000000000
3371  -34.917  -83.620  -31.777 0.6999999881
3367  -34.710  -83.489  -30.853 0.6000000238
3959  -33.916  -82.646  -35.006 0.5000000000
3372  -35.385  -83.165  -31.399 0.6000000238
4499  -36.397  -82.028  -31.611 0.6000000238
4524  -34.566  -82.251  -34.835 0.5000000000
4525  -35.291  -82.182  -34.662 0.6000000238
3934  -36.669  -82.133  -32.831 0.5000000000
4518  -36.943  -81.081  -34.093 0.5000000000
119693  -37.222  -80.786  -31.796 0.5000000000
5068  -22.886  -80.269  -32.661 0.6000000238
5069  -23.248  -80.435  -32.844 0.6000000238
5067  -22.343  -80.416  -32.348 0.4000000060
4514  -28.699  -81.785  -32.897 0.5000000000
3892  -33.913  -82.809  -29.311 0.6000000238
3386  -30.724  -83.468  -33.621 0.5000000000
3358  -34.380  -83.218  -30.036 0.5000000000
3388  -32.520  -83.086  -34.375 0.5000000000
123549  -35.094  -82.948  -30.469 0.5000000000
112224  -34.998  -82.019  -29.547 0.5000000000
3885  -34.346  -82.109  -29.119 0.5000000000
3931  -32.871  -82.176  -33.042 0.5000000000
122873  -35.737  -82.533  -31.006 0.5000000000
4484  -36.002  -81.752  -30.609 0.5000000000
3932  -33.793  -81.825  -33.675 0.6000000238
109930  -34.336  -81.007  -33.062 0.6000000238
4500  -36.982  -81.469  -32.258 0.5000000000
4485  -36.672  -81.277  -31.173 0.6000000238
5079  -35.443  -80.703  -33.664 0.6000000238
4517  -36.283  -80.891  -34.310 0.5000000000
4475  -21.644  -81.205  -30.676 0.4000000060
3378  -31.236  -82.986  -32.902 0.5000000000
4470  -34.825  -81.406  -29.152 0.5000000000
3945  -32.276  -82.806  -33.421 0.5000000000
3919  -32.545  -81.886  -32.102 0.5000000000
109391  -36.256  -80.816  -30.235 0.5000000000
5041  -35.395  -80.544  -29.307 0.5000000000
5551  -35.478  -79.435  -29.028 0.5000000000
6804  -34.901  -77.827  -28.255 0.5000000000
112257  -34.468  -76.003  -28.046 0.5000000000
4498  -32.973  -81.213  -31.694 0.6000000238
5071  -33.692  -80.672  -32.109 0.6000000238
5052  -36.795  -79.956  -30.556 0.5000000000
5073  -35.487  -79.735  -32.931 0.6000000238
6185  -37.807  -78.494  -31.658 0.5000000000
5604  -35.743  -79.004  -33.151 0.5000000000
6209  -36.498  -78.630  -33.981 0.5000000000
5040  -31.829  -80.379  -29.838 0.5000000000
5051  -36.125  -79.832  -29.781 0.5000000000
6159  -35.713  -78.701  -29.178 0.5000000000
121104  -35.493  -78.019  -29.038 0.5000000000
7475  -34.746  -76.970  -28.043 0.5000000000
4483  -32.082  -81.225  -30.801 0.5000000000
5580  -32.891  -79.711  -30.776 0.6000000238
5582  -36.614  -79.133  -30.190 0.5000000000
6170  -36.213  -78.305  -29.775 0.5000000000
125032  -35.154  -77.203  -28.832 0.5000000000
8169  -34.360  -75.190  -27.535 0.5000000000
5072  -34.701  -80.129  -32.387 0.5000000000
5594  -37.325  -79.249  -31.050 0.5000000000
6838  -37.513  -77.543  -31.274 0.5000000000
5567  -31.878  -79.801  -29.501 0.5000000000
8196  -35.745  -75.596  -29.906 0.5000000000
7488  -35.369  -76.499  -29.366 0.5000000000
8195  -34.854  -75.735  -29.032 0.5000000000
116303  -34.323  -73.452  -28.287 0.4000000060
8887  -35.175  -74.764  -29.607 0.4000000060
8216  -14.753  -75.458  -32.049 0.4000000060
10198  -15.390  -72.609  -17.733 0.5000000000
116184  -13.892  -70.136  -17.376 0.5000000000
11636  -14.389  -70.882  -16.653 0.5000000000
12427  -12.912  -69.200  -18.700 0.5000000000
12428  -13.408  -69.738  -18.115 0.5000000000
10168  -14.819  -72.111  -16.751 0.5000000000
15813  -9.555  -65.118  -21.035 0.5000000000
16676  -8.800  -64.843  -21.321 0.5000000000
127232  -8.577  -63.122  -21.748 0.5000000000
4496  -31.364  -81.759  -30.928 0.5000000000
115807  -31.991  -82.481  -32.505 0.5000000000
125676  -32.943  -85.431  -34.816 0.6000000238
3411  -31.295  -84.480  -35.818 0.6000000238
2876  -33.964  -84.606  -34.205 0.6000000238
3413  -33.305  -83.799  -35.491 0.6000000238
2887  -34.968  -83.421  -34.347 0.6999999881
116456  -24.458  -82.943  -33.123 0.6000000238
3397  -30.310  -83.730  -34.352 0.5000000000
3960  -34.619  -82.636  -34.837 0.6000000238
3947  -36.102  -82.370  -34.190 0.6000000238
3962  -36.136  -81.798  -34.354 0.6000000238
3356  -32.493  -83.946  -29.408 0.6999999881
3387  -31.680  -83.352  -33.818 0.5000000000
3946  -33.264  -82.512  -34.204 0.5000000000
4515  -34.784  -81.675  -34.343 0.6000000238
4516  -35.676  -81.483  -34.466 0.6000000238
3948  -36.675  -81.960  -33.960 0.5000000000
5063  -37.393  -80.071  -31.429 0.5000000000
3894  -35.367  -82.266  -30.141 0.5000000000
4471  -35.505  -81.498  -29.789 0.5000000000
4508  -33.365  -81.466  -32.575 0.5000000000
5080  -36.119  -79.931  -33.900 0.5000000000
4497  -32.221  -81.596  -31.352 0.5000000000
5062  -33.842  -80.083  -31.831 0.5000000000
5061  -33.151  -80.411  -31.303 0.5000000000
6823  -35.816  -77.343  -29.598 0.5000000000
6171  -37.041  -78.364  -30.671 0.5000000000
8181  -34.461  -74.918  -28.462 0.5000000000
6824  -36.640  -77.430  -30.382 0.4000000060
8886  -34.659  -73.940  -29.068 0.4000000060
110077  -33.660  -81.810  -25.644 0.5000000000
4435  -33.132  -81.320  -26.344 0.6000000238
118624  -33.220  -80.898  -26.825 0.6000000238
3875  -32.329  -82.520  -27.036 0.6000000238
3335  -32.089  -83.385  -26.787 0.4000000060
5534  -33.816  -79.754  -26.967 0.4000000060
5023  -33.969  -80.784  -27.996 0.4000000060
5003  -33.631  -80.473  -27.311 0.5000000000
3876  -32.833  -82.103  -27.573 0.6000000238
4458  -33.371  -81.347  -27.651 0.5000000000
4459  -34.067  -81.435  -28.520 0.4000000060
3341  -32.031  -83.374  -27.513 0.5000000000
3884  -33.414  -82.248  -28.437 0.5000000000
3349  -32.089  -83.731  -28.391 0.6000000238
2847  -31.917  -84.728  -29.617 0.6000000238
2386  -31.899  -85.007  -30.421 0.6000000238
2392  -31.560  -86.001  -31.537 0.6000000238
2393  -31.942  -85.299  -31.268 0.6000000238
1964  -31.594  -86.223  -32.591 0.5000000000
1973  -31.903  -86.135  -33.680 0.5000000000
1972  -31.230  -86.748  -33.993 0.4000000060
1979  -31.233  -86.457  -34.823 0.5000000000
114563  -34.284  -73.879  -27.605 0.3000000119
2001  -29.874  -85.492  -36.336 0.4000000060
15139  -24.914  -65.075  -31.631 0.4000000060
15140  -25.402  -65.764  -31.586 0.4000000060
14275  -25.401  -66.639  -31.540 0.5000000000
16698  -16.019  -64.413  -23.165 0.5000000000
127615  -15.828  -64.324  -23.871 0.5000000000
122973  -16.288  -63.816  -23.692 0.5000000000
17585  -16.586  -63.207  -24.342 0.4000000060
17614  -16.251  -63.360  -26.395 0.4000000060
19353  -19.596  -61.238  -23.592 0.4000000060
17627  -16.109  -63.354  -27.289 0.4000000060
18507  -17.257  -62.439  -26.828 0.4000000060
18488  -16.750  -62.818  -26.023 0.4000000060
18520  -16.168  -62.929  -27.927 0.4000000060
18521  -16.831  -62.523  -27.980 0.4000000060
19386  -19.024  -60.975  -25.477 0.4000000060
107898  -16.196  -62.269  -28.418 0.4000000060
19405  -17.024  -61.842  -28.686 0.4000000060
20193  -19.765  -60.528  -27.231 0.4000000060
107889  -16.197  -61.482  -28.408 0.4000000060
117038  -16.831  -60.973  -28.648 0.4000000060
21032  -16.457  -60.079  -27.802 0.4000000060
21033  -17.509  -60.198  -28.483 0.4000000060
22744  -16.470  -57.209  -25.213 0.3000000119
22752  -16.623  -57.448  -25.779 0.4000000060
23559  -18.980  -56.851  -24.286 0.3000000119
23573  -18.024  -56.092  -25.006 0.3000000119
22745  -16.996  -56.737  -25.512 0.3000000119
23583  -17.356  -56.306  -25.352 0.3000000119
107072  -18.771  -61.480  -24.001 0.4000000060
19370  -17.989  -61.734  -24.608 0.4000000060
18478  -16.890  -62.667  -25.040 0.4000000060
18468  -17.319  -62.500  -24.119 0.4000000060
19384  -17.750  -61.841  -25.780 0.4000000060
19397  -17.935  -61.930  -27.178 0.4000000060
20168  -19.883  -60.618  -25.095 0.4000000060
19385  -18.422  -61.387  -26.275 0.4000000060
20192  -18.571  -61.461  -27.617 0.4000000060
123008  -17.451  -62.218  -27.975 0.4000000060
5009  -40.795  -80.233  -27.968 0.3000000119
5555  -40.722  -79.748  -28.846 0.3000000119
4992  -40.910  -80.586  -27.042 0.4000000060
5008  -40.234  -80.741  -27.672 0.3000000119
5028  -40.183  -80.306  -28.414 0.4000000060
4440  -39.577  -81.551  -26.562 0.3000000119
4449  -39.574  -81.145  -27.405 0.3000000119
5007  -39.172  -80.602  -28.142 0.4000000060
3859  -39.104  -81.828  -25.163 0.3000000119
4439  -38.909  -81.450  -27.096 0.3000000119
4438  -38.242  -81.334  -27.315 0.3000000119
3869  -38.968  -81.781  -26.261 0.3000000119
3868  -38.266  -81.710  -26.697 0.3000000119
4437  -37.478  -81.492  -27.111 0.3000000119
3858  -38.347  -82.004  -25.737 0.3000000119
3857  -37.600  -82.044  -26.368 0.3000000119
4423  -36.985  -81.986  -26.712 0.3000000119
114337  -37.618  -82.332  -25.015 0.3000000119
118067  -36.994  -82.321  -26.103 0.3000000119
3856  -36.404  -82.353  -26.044 0.3000000119
2789  -37.612  -84.333  -23.182 0.3000000119
3314  -37.259  -82.963  -23.973 0.3000000119
3842  -36.657  -82.683  -25.108 0.3000000119
3325  -35.812  -83.024  -25.314 0.3000000119
3855  -35.492  -82.494  -25.689 0.3000000119
3304  -37.161  -83.686  -23.455 0.4000000060
5553  -39.635  -79.730  -28.891 0.3000000119
4425  -40.749  -81.110  -25.558 0.4000000060
5026  -38.996  -80.121  -28.297 0.4000000060
4424  -40.155  -81.558  -25.727 0.3000000119
5536  -38.291  -80.239  -27.649 0.4000000060
3843  -38.614  -82.132  -24.469 0.3000000119
4991  -37.301  -81.000  -27.080 0.4000000060
4436  -36.776  -81.369  -26.627 0.4000000060
3305  -38.526  -82.879  -23.060 0.3000000119
107609  -36.125  -81.959  -26.271 0.4000000060
127507  -38.009  -84.026  -22.780 0.3000000119
3287  -38.471  -83.396  -22.464 0.4000000060
3854  -34.364  -82.346  -25.526 0.4000000060
3324  -34.886  -83.350  -25.282 0.3000000119
2773  -38.207  -84.131  -22.261 0.3000000119
5568  -40.159  -79.480  -29.362 0.3000000119
6149  -39.750  -79.052  -29.306 0.3000000119
6160  -40.517  -78.894  -29.954 0.3000000119
6148  -38.982  -79.083  -28.528 0.3000000119
6805  -38.540  -77.825  -28.190 0.3000000119
4970  -40.443  -80.020  -23.646 0.4000000060
5552  -38.488  -79.504  -27.879 0.3000000119
6135  -38.249  -78.616  -27.615 0.3000000119
3845  -40.274  -81.598  -24.017 0.3000000119
4412  -40.659  -80.912  -24.060 0.4000000060
5520  -37.878  -79.283  -26.999 0.4000000060
6123  -37.239  -78.577  -26.251 0.3000000119
4978  -36.964  -80.405  -26.371 0.4000000060
5506  -36.432  -79.725  -25.661 0.4000000060
3844  -39.521  -81.977  -23.982 0.3000000119
3819  -39.417  -81.678  -22.405 0.3000000119
125701  -36.370  -80.524  -25.894 0.4000000060
112736  -35.754  -80.121  -25.477 0.4000000060
3306  -38.858  -82.606  -22.584 0.3000000119
3274  -38.863  -82.729  -21.370 0.3000000119
4975  -34.365  -80.598  -25.540 0.4000000060
5504  -34.301  -79.737  -25.708 0.5000000000
3275  -39.003  -82.302  -22.197 0.3000000119
4421  -34.126  -81.428  -25.512 0.4000000060
4420  -33.577  -81.071  -25.783 0.4000000060
4990  -33.480  -80.615  -26.243 0.5000000000
2296  -38.083  -84.926  -21.201 0.3000000119
6806  -39.264  -78.329  -28.952 0.3000000119
6813  -39.846  -78.176  -29.645 0.3000000119
4963  -39.766  -80.502  -22.645 0.4000000060
6110  -35.978  -77.873  -25.683 0.4000000060
4400  -39.562  -81.069  -22.364 0.4000000060
5505  -35.675  -79.247  -25.394 0.4000000060
6108  -34.884  -78.856  -25.581 0.5000000000
6134  -34.350  -78.488  -27.003 0.4000000060
4385  -39.007  -81.591  -21.921 0.3000000119
5519  -34.214  -79.104  -26.376 0.4000000060
3797  -39.009  -82.830  -20.500 0.3000000119
5004  -34.277  -80.011  -27.864 0.4000000060
5550  -34.820  -79.290  -28.199 0.4000000060
125900  -38.859  -83.263  -21.257 0.3000000119
2762  -38.764  -83.735  -20.916 0.3000000119
127059  -38.239  -84.780  -20.493 0.3000000119
6794  -37.891  -77.712  -27.224 0.3000000119
6778  -36.480  -77.162  -26.142 0.3000000119
4948  -39.180  -81.199  -21.976 0.4000000060
6762  -35.610  -77.181  -26.036 0.5000000000
6803  -34.571  -77.654  -27.338 0.4000000060
4384  -38.789  -81.841  -21.336 0.4000000060
6146  -34.651  -78.505  -27.742 0.4000000060
3786  -38.795  -82.569  -18.829 0.3000000119
4374  -38.873  -82.428  -20.498 0.3000000119
3787  -39.081  -82.825  -19.683 0.3000000119
3250  -38.830  -83.574  -19.265 0.3000000119
2270  -37.915  -85.203  -19.075 0.3000000119
2733  -38.603  -84.079  -19.097 0.3000000119
6793  -37.372  -76.856  -26.853 0.3000000119
6777  -34.992  -77.244  -26.303 0.4000000060
4358  -38.446  -82.113  -17.914 0.3000000119
4337  -37.886  -82.145  -17.380 0.3000000119
3238  -38.910  -83.201  -19.040 0.3000000119
3223  -38.215  -83.658  -17.895 0.3000000119
2722  -38.239  -84.313  -18.436 0.3000000119
3755  -37.200  -82.385  -17.455 0.3000000119
2721  -36.745  -83.987  -17.905 0.3000000119
3222  -37.789  -83.469  -17.608 0.3000000119
107602  -37.067  -84.740  -17.402 0.3000000119
2708  -38.036  -84.334  -17.903 0.3000000119
8162  -36.123  -75.067  -26.523 0.3000000119
7454  -34.892  -75.966  -26.698 0.4000000060
3235  -35.978  -83.627  -18.716 0.3000000119
2720  -36.000  -84.610  -18.151 0.3000000119
8862  -37.409  -74.488  -27.121 0.3000000119
117135  -36.900  -74.966  -26.772 0.3000000119
8848  -35.238  -74.845  -26.529 0.3000000119
9576  -37.032  -73.569  -26.767 0.3000000119
8849  -35.628  -74.169  -26.491 0.3000000119
9574  -35.186  -73.257  -26.600 0.3000000119
17584  -15.931  -63.915  -24.648 0.5000000000
21911  -16.271  -58.350  -26.215 0.5000000000
21921  -16.808  -59.175  -27.290 0.4000000060
17598  -16.366  -63.286  -25.336 0.4000000060
2837  -31.916  -84.433  -28.921 0.6000000238
3883  -32.529  -82.827  -27.965 0.5000000000
5024  -34.578  -80.704  -28.593 0.4000000060
7465  -34.596  -76.735  -27.346 0.4000000060
118949  -34.555  -75.953  -27.172 0.4000000060
8861  -34.426  -74.433  -27.122 0.3000000119
108004  -16.556  -63.865  -22.814 0.5000000000
18469  -17.581  -62.664  -23.046 0.4000000060
19371  -19.376  -61.075  -24.490 0.4000000060
4441  -40.339  -81.171  -26.666 0.3000000119
3315  -38.143  -82.595  -23.770 0.3000000119
2790  -37.954  -83.427  -23.192 0.3000000119
4971  -40.802  -80.260  -24.266 0.4000000060
4976  -35.157  -80.592  -25.464 0.4000000060
113869  -40.478  -80.501  -23.606 0.4000000060
3837  -40.036  -81.787  -23.124 0.3000000119
3836  -39.447  -82.150  -22.913 0.3000000119
6111  -36.423  -78.736  -25.631 0.4000000060
3263  -38.965  -83.252  -20.581 0.3000000119
6121  -34.634  -78.049  -26.375 0.4000000060
2751  -38.809  -83.778  -19.988 0.3000000119
7455  -35.218  -76.511  -26.382 0.4000000060
4924  -38.606  -81.277  -19.360 0.3000000119
2258  -37.827  -85.028  -18.049 0.3000000119
108812  -36.192  -75.804  -26.426 0.3000000119
127633  -36.607  -84.712  -17.594 0.3000000119
109428  -31.278  -86.719  -33.173 0.5000000000
1963  -31.262  -87.164  -32.413 0.5000000000
109734  -31.488  -86.752  -31.824 0.5000000000
1932  -31.750  -85.962  -29.984 0.5000000000
2360  -31.683  -85.024  -27.920 0.4000000060
5579  -32.365  -79.745  -30.048 0.4000000060
111932  -32.509  -82.789  -26.338 0.5000000000
3322  -33.411  -83.442  -25.614 0.3000000119
2795  -35.025  -84.284  -24.930 0.3000000119
3313  -36.346  -83.586  -24.156 0.3000000119
3312  -35.512  -83.826  -24.686 0.3000000119
4373  -38.624  -81.759  -20.419 0.3000000119
5478  -38.251  -80.297  -21.595 0.3000000119
5479  -39.152  -80.653  -22.061 0.3000000119
107807  -41.263  -79.994  -26.095 0.3000000119
5462  -38.099  -80.318  -20.703 0.3000000119
108316  -38.698  -79.867  -22.306 0.3000000119
5489  -39.579  -80.094  -22.655 0.3000000119
5490  -40.068  -79.867  -23.195 0.3000000119
6097  -40.790  -78.938  -24.220 0.3000000119
6096  -40.435  -78.567  -23.966 0.3000000119
5488  -37.757  -79.495  -21.810 0.3000000119
6092  -39.239  -79.260  -22.916 0.3000000119
5493  -39.885  -79.409  -23.183 0.3000000119
6095  -39.800  -78.639  -23.543 0.3000000119
5508  -41.164  -79.745  -24.971 0.3000000119
127335  -41.393  -79.302  -26.519 0.3000000119
6091  -38.036  -79.066  -22.604 0.3000000119
6102  -41.155  -78.557  -24.882 0.3000000119
6101  -40.772  -78.212  -24.438 0.3000000119
1602  -30.443  -86.968  -35.137 0.3000000119
2815  -31.808  -83.873  -27.263 0.5000000000
2846  -31.679  -85.033  -28.997 0.4000000060
1944  -31.808  -86.655  -30.881 0.5000000000
3323  -34.201  -83.915  -25.287 0.3000000119
20182  -20.405  -60.154  -25.799 0.3000000119
20181  -19.643  -60.519  -26.075 0.3000000119
21034  -18.290  -59.806  -28.621 0.3000000119
1583  -31.213  -88.070  -32.164 0.4000000060
847  -32.878  -88.707  -27.805 0.4000000060
1191  -32.733  -88.518  -29.290 0.4000000060
1214  -33.284  -87.887  -29.722 0.4000000060
1934  -33.140  -86.956  -29.765 0.4000000060
1933  -32.177  -86.391  -29.777 0.4000000060
126226  -32.360  -87.783  -30.812 0.4000000060
838  -32.534  -88.960  -26.053 0.3000000119
1181  -33.369  -88.430  -27.381 0.4000000060
1204  -34.121  -87.512  -28.832 0.4000000060
1572  -31.642  -87.587  -31.613 0.4000000060
1192  -33.050  -88.501  -28.532 0.4000000060
1213  -32.758  -88.207  -30.214 0.4000000060
839  -32.707  -88.850  -27.033 0.3000000119
1193  -33.772  -88.134  -28.194 0.4000000060
1203  -33.596  -88.018  -29.087 0.4000000060
1561  -32.989  -87.523  -30.047 0.4000000060
1551  -33.633  -87.260  -29.373 0.4000000060
128220  -32.962  -86.579  -29.289 0.4000000060
119869  -33.670  -88.225  -25.126 0.3000000119
1168  -33.445  -88.382  -26.594 0.3000000119
119445  -34.520  -87.322  -28.119 0.3000000119
1169  -34.237  -87.826  -26.671 0.3000000119
2375  -34.041  -86.048  -28.089 0.3000000119
2362  -32.751  -85.579  -27.396 0.3000000119
1922  -34.156  -86.444  -28.506 0.3000000119
2352  -33.434  -85.121  -26.268 0.3000000119
2817  -32.639  -83.681  -26.095 0.3000000119
2816  -32.109  -84.336  -26.753 0.3000000119
2374  -32.995  -85.970  -28.100 0.3000000119
2361  -32.035  -85.076  -27.358 0.3000000119
2373  -32.050  -85.548  -28.137 0.3000000119
3832  -29.631  -82.520  -23.372 0.3000000119
4398  -30.498  -81.262  -22.772 0.3000000119
4913  -36.401  -80.391  -17.650 0.3000000119
4946  -31.792  -80.088  -22.135 0.3000000119
115496  -32.568  -80.033  -21.663 0.3000000119
118796  -33.700  -79.996  -20.676 0.3000000119
5460  -34.143  -79.548  -20.086 0.3000000119
119438  -34.626  -79.891  -19.672 0.3000000119
5446  -35.125  -79.796  -19.001 0.3000000119
5436  -35.789  -79.628  -18.047 0.3000000119
5437  -36.858  -79.443  -17.528 0.3000000119
5458  -32.646  -78.900  -20.797 0.3000000119
5459  -33.440  -79.181  -20.490 0.3000000119
6069  -34.029  -78.726  -19.898 0.3000000119
5445  -34.684  -79.208  -19.421 0.3000000119
1542  -34.596  -86.624  -28.270 0.3000000119
4399  -31.317  -81.416  -22.896 0.3000000119
110818  -33.257  -80.534  -21.302 0.3000000119
4961  -31.960  -80.969  -22.582 0.3000000119
4960  -31.117  -80.641  -22.575 0.3000000119
4947  -32.615  -80.717  -22.049 0.3000000119
5476  -32.972  -79.659  -21.085 0.3000000119
6068  -33.130  -78.284  -20.275 0.3000000119
846  -32.235  -89.128  -27.521 0.4000000060
853  -32.222  -89.034  -28.324 0.4000000060
1155  -33.276  -88.491  -25.732 0.3000000119
1182  -34.096  -87.954  -27.374 0.3000000119
1552  -34.271  -86.889  -28.818 0.4000000060
1609  -30.076  -86.585  -35.748 0.3000000119
1920  -32.409  -86.109  -28.839 0.4000000060
1921  -33.424  -86.359  -28.702 0.4000000060
1923  -34.588  -86.144  -27.911 0.3000000119
1935  -33.732  -86.732  -29.146 0.4000000060
1945  -32.568  -87.151  -30.348 0.4000000060
1985  -30.886  -86.199  -35.475 0.5000000000
2259  -38.222  -84.628  -18.844 0.3000000119
2284  -38.359  -84.559  -19.770 0.3000000119
2351  -32.668  -85.110  -26.724 0.3000000119
2363  -33.764  -85.775  -27.473 0.3000000119
2372  -31.711  -85.170  -28.462 0.4000000060
2381  -31.828  -85.655  -29.099 0.4000000060
2385  -31.696  -85.733  -30.604 0.6000000238
2400  -32.086  -85.504  -32.212 0.6000000238
2425  -31.574  -85.145  -36.078 0.5000000000
2426  -32.296  -85.041  -36.041 0.6000000238
2429  -29.637  -85.279  -36.798 0.4000000060
2430  -30.238  -85.028  -36.401 0.5000000000
2750  -38.479  -84.322  -20.653 0.3000000119
2761  -38.382  -84.253  -21.494 0.3000000119
2827  -31.735  -84.469  -27.543 0.5000000000
2836  -31.696  -84.560  -28.283 0.4000000060
2862  -33.497  -84.365  -31.606 0.6999999881
2863  -34.371  -84.060  -32.145 0.6999999881
2886  -34.315  -83.936  -34.562 0.6000000238
2894  -30.246  -84.227  -35.837 0.5000000000
2896  -33.867  -83.820  -35.052 0.6000000238
2900  -30.177  -84.816  -36.558 0.5000000000
2901  -31.110  -84.879  -36.230 0.5000000000
3221  -37.226  -83.221  -17.635 0.3000000119
3237  -38.548  -83.724  -18.505 0.3000000119
3321  -32.862  -82.950  -25.851 0.5000000000
3348  -31.739  -83.969  -27.786 0.6000000238
3357  -33.470  -83.434  -29.689 0.5000000000
3375  -24.910  -83.252  -32.820 0.6000000238
3385  -29.745  -83.258  -33.733 0.5000000000
3389  -35.635  -82.972  -34.124 0.6999999881
3391  -23.741  -83.213  -35.173 0.4000000060
3398  -31.242  -83.776  -34.405 0.5000000000
3408  -27.755  -82.955  -36.023 0.5000000000
3412  -32.641  -83.879  -35.684 0.6000000238
3425  -31.981  -84.495  -35.957 0.6000000238
3434  -29.208  -84.475  -37.492 0.5000000000
3756  -37.662  -82.787  -17.526 0.3000000119
3757  -38.121  -82.866  -17.761 0.3000000119
3772  -38.582  -83.069  -18.289 0.3000000119
3798  -38.751  -82.255  -21.299 0.3000000119
3806  -38.923  -82.047  -21.897 0.3000000119
3835  -38.898  -82.318  -23.398 0.3000000119
3849  -18.822  -82.057  -25.776 0.5000000000
3852  -32.743  -82.048  -26.418 0.6000000238
3853  -33.430  -82.547  -25.644 0.5000000000
3860  -39.846  -81.753  -24.895 0.3000000119
3865  -19.289  -82.340  -26.308 0.5000000000
3866  -19.980  -82.074  -26.399 0.5000000000
3867  -37.671  -81.675  -26.877 0.3000000119
3870  -39.541  -81.767  -25.755 0.3000000119
3893  -34.734  -82.609  -29.731 0.5000000000
3904  -26.184  -82.368  -30.319 0.6999999881
3912  -24.979  -82.495  -31.386 0.6999999881
3918  -31.696  -82.171  -31.712 0.5000000000
3929  -29.522  -82.323  -32.518 0.5000000000
3930  -30.457  -82.661  -32.239 0.6000000238
3933  -36.128  -82.739  -33.354 0.6999999881
3954  -26.917  -82.470  -33.911 0.6000000238
3958  -33.171  -82.904  -34.981 0.5000000000
3961  -35.676  -82.394  -34.423 0.6999999881
3968  -28.008  -82.541  -35.286 0.5000000000
3969  -33.332  -83.270  -35.314 0.6000000238
4369  -38.770  -82.198  -19.582 0.3000000119
4383  -38.558  -81.147  -21.273 0.3000000119
4410  -29.967  -81.848  -23.077 0.3000000119
4411  -40.391  -81.113  -23.319 0.4000000060
4415  -40.480  -81.376  -24.808 0.3000000119
4416  -40.862  -80.818  -24.712 0.4000000060
4419  -18.882  -81.459  -25.670 0.6000000238
4422  -35.029  -81.535  -25.579 0.4000000060
4431  -17.553  -81.218  -25.808 0.5000000000
4433  -20.436  -81.377  -26.192 0.6000000238
4447  -32.797  -81.641  -26.931 0.6000000238
4448  -38.989  -81.015  -27.735 0.4000000060
4456  -26.087  -81.352  -28.978 0.6999999881
4460  -39.600  -80.700  -28.064 0.4000000060
4466  -25.677  -81.562  -29.436 0.6999999881
4468  -27.182  -81.272  -29.653 0.6000000238
4474  -21.062  -81.870  -30.135 0.5000000000
4477  -26.965  -81.869  -30.291 0.6999999881
4480  -29.785  -81.220  -30.579 0.6000000238
4491  -24.398  -81.613  -31.782 0.6999999881
4492  -27.613  -81.404  -31.243 0.6999999881
4493  -28.569  -81.084  -31.830 0.6000000238
4506  -28.304  -81.388  -32.508 0.6000000238
4933  -34.298  -80.319  -20.188 0.3000000119
4962  -39.501  -80.754  -22.331 0.4000000060
4969  -40.172  -80.614  -22.960 0.4000000060
4974  -33.840  -80.356  -25.823 0.5000000000
4977  -35.875  -81.071  -25.808 0.4000000060
4979  -41.077  -80.459  -25.249 0.4000000060
4984  -17.104  -80.757  -26.216 0.5000000000
4986  -19.254  -80.923  -25.677 0.6000000238
4987  -20.421  -80.497  -25.886 0.6999999881
4989  -21.779  -79.886  -26.169 0.6999999881
5005  -37.894  -80.956  -27.444 0.4000000060
5006  -38.632  -80.769  -27.797 0.3000000119
5013  -17.730  -79.877  -27.273 0.6000000238
5018  -26.271  -80.798  -28.344 0.6999999881
5021  -30.071  -79.844  -28.735 0.5000000000
5025  -34.894  -79.992  -28.631 0.4000000060
5027  -39.621  -80.266  -28.528 0.4000000060
5039  -31.349  -80.160  -29.247 0.6000000238
5044  -22.311  -80.442  -30.931 0.6999999881
5046  -25.132  -80.706  -29.718 0.6999999881
5047  -28.396  -80.551  -30.538 0.6000000238
5049  -30.205  -80.877  -29.824 0.6000000238
5050  -32.424  -80.530  -30.534 0.6000000238
5058  -24.323  -80.556  -31.417 0.6999999881
5060  -32.607  -81.012  -31.100 0.5000000000
5070  -23.916  -80.527  -32.260 0.6000000238
5077  -23.125  -80.588  -33.537 0.5000000000
5474  -31.270  -79.486  -21.623 0.3000000119
5475  -32.106  -79.366  -21.389 0.3000000119
5477  -37.805  -79.754  -21.102 0.3000000119
5494  -40.305  -79.142  -23.640 0.3000000119
5495  -40.473  -79.476  -23.785 0.4000000060
5498  -40.803  -79.568  -24.242 0.4000000060
5507  -37.170  -79.482  -26.170 0.4000000060
5513  -20.351  -79.777  -25.990 0.6999999881
5514  -20.928  -79.236  -26.008 0.6999999881
5517  -27.449  -79.107  -26.776 0.6000000238
5518  -33.801  -79.937  -26.270 0.5000000000
5525  -19.633  -79.581  -26.757 0.6999999881
5526  -20.320  -79.148  -26.564 0.6999999881
5535  -34.271  -79.172  -27.363 0.4000000060
5539  -15.668  -79.408  -28.422 0.5000000000
5543  -19.400  -79.432  -27.973 0.6999999881
5545  -23.383  -78.901  -28.205 0.6999999881
5547  -26.057  -80.141  -27.842 0.6999999881
5548  -27.775  -79.836  -27.960 0.5000000000
5554  -40.144  -79.914  -29.015 0.3000000119
5566  -31.569  -79.450  -29.026 0.5000000000
5572  -17.077  -78.523  -31.621 0.6000000238
5575  -18.902  -79.670  -30.820 0.6999999881
5576  -23.281  -79.543  -30.144 0.6999999881
5577  -23.836  -79.458  -30.486 0.6999999881
5581  -36.060  -79.083  -29.558 0.5000000000
5586  -17.786  -79.146  -31.622 0.6000000238
5590  -23.883  -79.828  -31.093 0.6999999881
5599  -18.092  -79.109  -32.309 0.6000000238
5603  -35.025  -79.379  -32.453 0.5000000000
6109  -35.616  -78.506  -25.520 0.4000000060
6122  -36.671  -78.000  -25.969 0.3000000119
6128  -23.628  -78.235  -27.474 0.6999999881
6130  -26.015  -78.780  -27.184 0.6000000238
6131  -28.314  -78.889  -26.930 0.4000000060
6143  -25.066  -78.445  -28.661 0.6999999881
6147  -35.219  -78.635  -28.543 0.5000000000
6153  -15.576  -78.340  -29.613 0.5000000000
6155  -19.955  -78.965  -29.304 0.6999999881
6158  -32.049  -79.098  -29.615 0.5000000000
6164  -15.311  -77.854  -30.580 0.5000000000
6177  -15.655  -77.453  -31.628 0.5000000000
6181  -20.373  -78.614  -31.893 0.6999999881
6191  -18.396  -78.792  -32.689 0.6999999881
6192  -19.132  -78.678  -32.817 0.6999999881
6193  -20.013  -78.431  -32.817 0.6999999881
6200  -18.932  -78.294  -32.991 0.6999999881
6756  -23.785  -76.415  -25.697 0.6999999881
6757  -24.633  -76.219  -25.887 0.6000000238
6761  -35.256  -77.943  -25.822 0.5000000000
6769  -22.640  -77.292  -25.764 0.6999999881
6772  -25.625  -77.043  -26.679 0.6000000238
6774  -27.338  -77.794  -25.837 0.4000000060
6779  -37.274  -77.748  -26.465 0.4000000060
6780  -37.752  -78.360  -26.843 0.3000000119
6792  -34.638  -77.235  -26.772 0.4000000060
6799  -24.403  -77.858  -28.077 0.6999999881
6800  -24.930  -77.880  -28.169 0.6999999881
6810  -21.075  -77.416  -29.251 0.6000000238
6818  -20.669  -78.399  -30.920 0.6999999881
6833  -16.268  -77.294  -32.145 0.6000000238
6834  -20.848  -78.081  -32.510 0.6999999881
6845  -15.323  -76.721  -32.115 0.5000000000
6846  -16.863  -77.514  -32.399 0.6000000238
6847  -17.601  -78.062  -32.613 0.6000000238
6848  -18.079  -77.949  -32.842 0.6999999881
6849  -21.306  -77.457  -32.908 0.6000000238
6854  -18.787  -77.926  -33.043 0.6999999881
6855  -19.540  -77.653  -33.386 0.6999999881
6856  -20.113  -77.357  -33.802 0.6000000238
7436  -23.349  -76.045  -25.646 0.6999999881
7450  -22.679  -76.468  -25.771 0.6999999881
7456  -35.914  -76.412  -26.218 0.4000000060
7461  -21.641  -76.830  -26.651 0.6999999881
7482  -21.582  -76.890  -29.511 0.6000000238
7484  -23.437  -75.843  -30.111 0.5000000000
7494  -21.851  -76.992  -30.431 0.6000000238
7495  -22.567  -76.603  -30.790 0.6000000238
7499  -36.190  -76.528  -30.113 0.5000000000
7508  -18.877  -76.708  -32.581 0.6000000238
7509  -22.078  -77.052  -32.308 0.6000000238
7521  -16.487  -76.919  -32.318 0.6000000238
7522  -18.686  -77.450  -32.778 0.5000000000
7525  -22.246  -76.456  -32.396 0.5000000000
7532  -20.292  -76.597  -34.179 0.6000000238
7533  -21.014  -76.339  -33.769 0.5000000000
7538  -19.905  -75.966  -34.532 0.5000000000
8157  -23.384  -74.968  -26.172 0.6000000238
8160  -34.720  -75.154  -26.783 0.4000000060
8161  -35.418  -75.684  -26.467 0.3000000119
8188  -18.309  -75.298  -29.923 0.6000000238
8190  -22.673  -75.998  -29.446 0.6000000238
8205  -23.647  -75.455  -30.662 0.6000000238
8221  -19.095  -76.096  -32.387 0.6000000238
8222  -23.216  -75.686  -31.322 0.6000000238
8230  -15.271  -75.941  -32.232 0.5000000000
8233  -19.167  -75.627  -33.391 0.5000000000
8239  -20.959  -75.313  -33.556 0.5000000000
8247  -19.516  -75.176  -34.375 0.5000000000
8248  -19.929  -75.288  -34.538 0.5000000000
8832  -24.411  -74.585  -25.754 0.6000000238
8833  -25.191  -74.430  -25.514 0.5000000000
8834  -26.060  -74.405  -25.296 0.5000000000
8835  -26.845  -74.446  -25.286 0.5000000000
8846  -24.285  -74.192  -26.309 0.6000000238
8850  -36.597  -74.284  -26.644 0.3000000119
8857  -23.699  -74.511  -26.658 0.5000000000
8858  -24.256  -74.042  -27.213 0.6000000238
8874  -34.271  -74.519  -27.765 0.3000000119
8880  -18.870  -74.821  -29.638 0.6000000238
8881  -19.314  -74.179  -29.611 0.5000000000
8883  -24.613  -74.159  -29.242 0.6000000238
8895  -17.554  -75.025  -29.718 0.6000000238
8896  -19.209  -74.749  -30.344 0.6000000238
8909  -15.345  -74.865  -31.591 0.5000000000
8910  -16.277  -75.188  -31.168 0.6000000238
8912  -19.076  -75.478  -31.175 0.6000000238
8913  -22.992  -74.804  -31.594 0.6000000238
8927  -18.756  -74.621  -33.553 0.5000000000
8935  -18.568  -74.034  -33.997 0.5000000000
8936  -18.971  -74.362  -34.333 0.5000000000
8937  -19.534  -74.421  -34.327 0.5000000000
9516  -17.303  -73.230  -21.609 0.6000000238
9525  -16.542  -73.282  -22.266 0.6000000238
9538  -16.163  -73.062  -23.018 0.6000000238
9563  -26.583  -73.720  -25.591 0.5000000000
9573  -27.111  -73.099  -26.121 0.5000000000
9583  -25.382  -72.999  -27.180 0.5000000000
9590  -17.960  -73.181  -28.664 0.6000000238
9591  -18.717  -73.468  -28.681 0.6000000238
9604  -19.348  -73.559  -29.006 0.5000000000
9617  -14.663  -72.953  -30.329 0.6000000238
9618  -19.360  -73.729  -30.614 0.5000000000
9633  -22.579  -72.657  -31.979 0.5000000000
9634  -23.089  -72.922  -31.538 0.5000000000
9641  -20.895  -73.002  -32.593 0.6000000238
9648  -19.608  -72.921  -33.772 0.6000000238
9653  -18.707  -73.626  -34.200 0.5000000000
10185  -15.682  -72.132  -17.087 0.5000000000
10199  -16.902  -72.305  -17.894 0.6000000238
10200  -17.679  -72.155  -18.320 0.6999999881
10201  -18.405  -72.103  -18.869 0.8000000119
10218  -19.176  -72.095  -19.490 0.6999999881
10219  -19.774  -71.651  -19.829 0.6000000238
10236  -18.171  -73.103  -20.896 0.6000000238
10248  -18.893  -72.829  -21.502 0.6000000238
10265  -16.525  -72.432  -23.447 0.5000000000
10268  -19.233  -72.380  -22.921 0.6000000238
10277  -16.854  -71.835  -23.921 0.5000000000
10290  -26.788  -72.483  -26.711 0.5000000000
10298  -25.833  -72.448  -27.544 0.5000000000
10308  -18.455  -72.643  -28.622 0.5000000000
10310  -20.073  -72.407  -28.699 0.5000000000
10322  -12.737  -72.049  -29.657 0.6999999881
10323  -17.408  -72.426  -29.083 0.6000000238
10336  -14.145  -72.342  -30.322 0.6000000238
10350  -18.232  -72.509  -32.653 0.6000000238
10358  -18.026  -72.751  -33.286 0.5000000000
10367  -18.306  -72.457  -33.608 0.6000000238
10368  -18.884  -72.625  -33.958 0.6000000238
10369  -19.532  -72.120  -33.494 0.6000000238
10378  -18.541  -73.024  -34.128 0.6000000238
10906  -15.295  -71.388  -16.814 0.5000000000
10925  -18.708  -71.585  -18.945 0.6999999881
10960  -20.693  -71.720  -21.084 0.6000000238
10961  -21.325  -70.950  -21.297 0.8000000119
10962  -21.590  -70.603  -22.231 0.8000000119
10979  -19.903  -72.024  -23.312 0.5000000000
10980  -20.553  -71.482  -23.682 0.6999999881
10981  -21.258  -71.183  -23.049 0.8000000119
10987  -16.692  -71.576  -24.752 0.6000000238
10989  -18.514  -71.764  -24.690 0.6000000238
11001  -20.238  -70.561  -25.288 0.8000000119
11006  -15.639  -71.243  -26.390 0.6999999881
11008  -18.250  -70.993  -26.427 0.6000000238
11031  -18.975  -72.101  -28.593 0.4000000060
11032  -19.709  -71.970  -28.498 0.6000000238
11033  -20.478  -71.753  -28.613 0.6000000238
11051  -20.837  -71.871  -29.175 0.6000000238
11067  -20.687  -71.718  -30.201 0.6000000238
11075  -19.103  -71.616  -32.082 0.6000000238
11081  -18.617  -71.456  -32.891 0.6000000238
11087  -18.639  -71.679  -33.211 0.6000000238
11090  -22.094  -71.553  -33.971 0.5000000000
11645  -13.730  -70.397  -16.671 0.5000000000
11647  -15.933  -70.937  -17.400 0.6000000238
11655  -15.540  -70.576  -17.839 0.6000000238
11657  -18.327  -71.099  -18.634 0.8000000119
11671  -18.955  -70.930  -19.326 0.5000000000
11687  -14.356  -71.068  -20.533 0.6999999881
11693  -21.284  -70.329  -20.868 0.6999999881
11694  -21.527  -69.660  -21.091 0.6999999881
11702  -12.841  -70.454  -22.421 0.6999999881
11705  -15.239  -70.927  -21.372 0.6999999881
11707  -17.697  -70.107  -21.334 0.6000000238
11718  -13.325  -70.648  -22.623 0.6999999881
11726  -13.646  -70.481  -23.238 0.6000000238
11727  -21.137  -70.791  -24.028 0.8000000119
11732  -21.363  -70.061  -24.130 0.6999999881
11734  -19.786  -70.305  -25.841 0.8000000119
11742  -18.412  -70.233  -26.619 0.6999999881
11743  -19.132  -69.866  -26.274 0.8000000119
11753  -12.087  -70.686  -28.115 0.6999999881
11756  -15.418  -69.995  -27.360 0.6000000238
11757  -17.033  -70.302  -27.116 0.6999999881
11771  -21.825  -70.676  -28.928 0.6000000238
11783  -13.551  -70.011  -29.372 0.6000000238
11794  -15.396  -69.916  -30.544 0.6000000238
11796  -17.065  -70.398  -30.410 0.6000000238
11798  -21.833  -70.607  -29.985 0.6000000238
11803  -21.353  -70.084  -31.199 0.6000000238
11808  -19.319  -70.873  -33.065 0.6000000238
11817  -20.042  -70.256  -33.324 0.6000000238
11827  -21.526  -70.121  -33.774 0.5000000000
12452  -12.791  -69.624  -20.889 0.6000000238
12455  -20.491  -69.650  -20.239 0.6999999881
12456  -21.107  -69.628  -20.545 0.6000000238
12465  -12.671  -70.097  -21.760 0.6999999881
12473  -11.885  -69.472  -23.144 0.6999999881
12474  -12.445  -70.084  -22.815 0.6999999881
12479  -21.667  -69.794  -21.889 0.8000000119
12482  -13.134  -70.159  -23.855 0.8000000119
12484  -15.077  -69.530  -23.715 0.6000000238
12485  -21.153  -69.486  -23.930 0.6999999881
12488  -11.933  -69.513  -24.038 0.8000000119
12490  -13.286  -69.574  -24.521 0.8000000119
12491  -20.123  -69.450  -25.079 0.8000000119
12492  -20.858  -69.770  -24.689 0.8000000119
12495  -19.707  -69.658  -25.747 0.8000000119
12508  -14.681  -69.175  -27.827 0.6000000238
12521  -14.013  -69.063  -28.857 0.6000000238
12522  -21.600  -70.221  -28.519 0.6000000238
12524  -22.859  -69.268  -28.723 0.6000000238
12525  -23.154  -68.631  -28.730 0.6000000238
12539  -20.597  -69.796  -28.478 0.6000000238
12540  -23.019  -69.557  -29.105 0.6000000238
12547  -15.509  -69.210  -30.356 0.6000000238
12548  -16.322  -69.050  -30.614 0.6000000238
12549  -17.188  -69.456  -30.662 0.6000000238
12552  -23.036  -69.494  -29.923 0.6000000238
12560  -20.881  -69.482  -32.103 0.6000000238
12563  -23.701  -68.711  -30.429 0.6000000238
12570  -20.519  -69.535  -32.730 0.6000000238
12581  -21.039  -69.225  -33.152 0.5000000000
12591  -20.813  -69.831  -33.474 0.6000000238
12592  -21.495  -69.539  -33.492 0.5000000000
13276  -20.077  -68.229  -19.561 0.6000000238
13287  -18.122  -68.455  -20.292 0.6000000238
13288  -19.000  -68.766  -19.807 0.6999999881
13291  -21.328  -69.079  -20.651 0.6999999881
13302  -21.112  -68.418  -20.586 0.6000000238
13306  -11.769  -68.814  -22.319 0.6999999881
13308  -21.028  -68.562  -22.416 0.6000000238
13316  -21.235  -69.212  -23.176 0.6999999881
13319  -11.691  -68.856  -24.730 0.8000000119
13320  -12.524  -69.252  -24.760 0.6999999881
13337  -12.507  -68.427  -25.304 0.6999999881
13339  -19.310  -69.097  -25.243 0.8000000119
13357  -14.474  -68.760  -28.605 0.6000000238
13375  -21.954  -68.722  -28.531 0.6000000238
13386  -15.720  -67.791  -29.780 0.5000000000
13387  -18.795  -68.666  -30.003 0.5000000000
13390  -21.295  -68.198  -28.890 0.6000000238
13391  -23.679  -68.238  -28.916 0.6000000238
13398  -16.199  -68.228  -30.299 0.5000000000
13401  -19.010  -67.744  -30.379 0.5000000000
13402  -23.906  -68.465  -29.478 0.6000000238
13413  -25.006  -67.504  -31.326 0.6000000238
13421  -21.681  -68.853  -32.963 0.6000000238
13422  -22.247  -68.744  -32.415 0.5000000000
14131  -18.770  -67.178  -18.899 0.5000000000
14142  -16.971  -67.288  -20.544 0.5000000000
14143  -17.682  -67.710  -19.812 0.5000000000
14151  -20.675  -67.647  -20.710 0.6000000238
14154  -11.289  -67.914  -22.503 0.6999999881
14180  -11.042  -68.218  -24.419 0.8000000119
14196  -10.174  -67.168  -25.585 0.8000000119
14197  -10.800  -67.523  -25.639 0.6999999881
14200  -13.940  -67.300  -25.341 0.5000000000
14206  -10.887  -67.001  -26.150 0.6000000238
14207  -11.709  -66.921  -26.201 0.6000000238
14208  -17.225  -67.398  -25.990 0.6999999881
14235  -15.866  -66.956  -28.682 0.6999999881
14237  -23.073  -68.003  -28.699 0.6000000238
14242  -15.413  -67.558  -29.176 0.5000000000
14244  -16.712  -66.780  -29.862 0.6000000238
14246  -20.499  -67.636  -29.723 0.5000000000
14250  -24.453  -67.255  -29.841 0.6000000238
14261  -20.486  -66.776  -30.462 0.5000000000
14263  -25.044  -67.022  -30.523 0.6000000238
14959  -17.934  -66.651  -18.824 0.5000000000
14975  -16.934  -66.553  -19.984 0.5000000000
14987  -11.512  -66.571  -21.596 0.6000000238
15017  -9.939  -66.943  -23.634 0.6999999881
15031  -9.982  -67.066  -24.404 0.8000000119
15042  -9.848  -66.693  -25.842 0.8000000119
15044  -14.173  -66.424  -25.439 0.5000000000
15052  -10.327  -66.499  -26.249 0.8000000119
15054  -12.084  -66.366  -26.636 0.5000000000
15056  -17.177  -66.599  -26.364 0.8000000119
15057  -17.602  -66.109  -25.810 0.6000000238
15065  -16.334  -66.651  -27.930 0.6999999881
15087  -16.742  -66.041  -28.528 0.6999999881
15104  -16.363  -66.493  -29.168 0.6000000238
15108  -23.130  -66.540  -29.742 0.6000000238
15109  -24.031  -66.583  -29.920 0.6000000238
15110  -24.606  -66.619  -30.341 0.6000000238
15122  -18.233  -66.226  -30.573 0.5000000000
15124  -20.559  -65.952  -30.920 0.5000000000
15828  -8.664  -65.135  -22.099 0.6999999881
15842  -8.715  -65.238  -22.856 0.6999999881
15844  -9.464  -66.169  -22.319 0.6999999881
15845  -15.647  -65.868  -22.540 0.5000000000
15854  -15.384  -65.621  -23.338 0.6000000238
15879  -9.658  -66.219  -25.415 0.6000000238
15884  -18.519  -64.931  -25.076 0.6000000238
15895  -11.351  -65.418  -26.843 0.6000000238
15896  -12.147  -65.723  -27.075 0.5000000000
15898  -14.071  -65.292  -26.617 0.5000000000
15909  -12.603  -64.983  -27.219 0.5000000000
15911  -17.915  -65.002  -27.370 0.6999999881
15937  -18.080  -65.049  -29.552 0.6000000238
15951  -19.237  -65.473  -30.750 0.5000000000
15953  -21.396  -64.778  -31.279 0.5000000000
15954  -22.373  -65.122  -31.122 0.5000000000
15955  -23.383  -65.129  -31.125 0.5000000000
15966  -22.080  -64.309  -31.385 0.5000000000
16709  -15.465  -64.672  -24.402 0.6000000238
16718  -9.755  -65.544  -25.215 0.6999999881
16719  -10.150  -65.143  -25.852 0.5000000000
16732  -13.828  -64.733  -27.189 0.5000000000
16745  -12.906  -64.284  -27.277 0.5000000000
16746  -13.603  -64.186  -27.375 0.4000000060
16749  -18.968  -64.071  -27.662 0.5000000000
16760  -18.638  -64.414  -28.839 0.5000000000
16779  -20.540  -64.600  -30.890 0.5000000000
16787  -23.471  -63.472  -31.792 0.5000000000
17557  -8.631  -63.599  -22.197 0.5000000000
17558  -8.993  -63.111  -22.964 0.6000000238
17571  -16.895  -63.218  -23.401 0.5000000000
17595  -10.635  -64.324  -25.663 0.5000000000
17597  -15.805  -63.840  -25.811 0.6000000238
17610  -11.192  -64.017  -26.278 0.4000000060
17613  -15.711  -63.772  -26.910 0.5000000000
17624  -12.507  -63.705  -27.162 0.5000000000
17625  -13.302  -63.659  -27.385 0.4000000060
17626  -15.554  -63.395  -27.735 0.4000000060
17667  -21.506  -63.168  -30.517 0.5000000000
17675  -21.999  -63.625  -31.183 0.5000000000
18467  -11.523  -62.507  -23.839 0.5000000000
18479  -17.378  -62.160  -24.999 0.4000000060
18489  -17.199  -62.356  -25.675 0.4000000060
18504  -12.375  -62.481  -26.893 0.4000000060
18506  -16.624  -62.987  -27.129 0.4000000060
18518  -13.773  -62.981  -27.635 0.4000000060
18519  -15.470  -62.724  -28.135 0.5000000000
19273  -14.023  -61.503  -19.728 0.4000000060
19307  -13.104  -62.228  -21.827 0.4000000060
19308  -13.645  -62.057  -21.179 0.4000000060
19351  -12.915  -61.290  -23.566 0.5000000000
19383  -12.001  -60.758  -25.237 0.5000000000
19394  -12.405  -60.916  -25.921 0.4000000060
19395  -13.197  -61.252  -26.765 0.4000000060
19396  -14.406  -61.319  -27.357 0.4000000060
19406  -17.877  -61.663  -28.379 0.4000000060
20092  -14.809  -60.478  -18.565 0.3000000119
20101  -14.465  -61.033  -19.046 0.3000000119
20103  -16.175  -60.567  -19.574 0.3000000119
20133  -11.507  -61.221  -21.908 0.5000000000
20137  -16.576  -60.420  -20.984 0.4000000060
20179  -13.118  -59.782  -25.652 0.5000000000
20180  -19.083  -60.983  -26.723 0.4000000060
20191  -15.582  -60.088  -27.235 0.4000000060
20200  -17.739  -61.114  -28.849 0.4000000060
20952  -17.105  -59.621  -20.029 0.4000000060
20961  -12.672  -60.367  -20.559 0.4000000060
20963  -17.641  -59.413  -20.410 0.4000000060
20964  -18.247  -59.177  -20.809 0.4000000060
20984  -14.522  -59.770  -22.962 0.5000000000
20994  -12.935  -59.812  -24.168 0.6000000238
20997  -14.862  -58.929  -23.488 0.4000000060
21004  -13.482  -59.186  -24.541 0.5000000000
21009  -13.359  -59.299  -25.210 0.5000000000
21839  -15.156  -59.116  -18.140 0.4000000060
21853  -16.135  -58.742  -19.374 0.4000000060
21881  -13.946  -58.910  -24.145 0.5000000000
21882  -15.237  -58.329  -23.946 0.4000000060
21901  -15.218  -58.353  -24.993 0.5000000000
21912  -17.090  -58.172  -26.678 0.5000000000
22696  -18.491  -58.191  -20.572 0.5000000000
22698  -16.617  -57.734  -20.671 0.5000000000
22699  -17.819  -57.674  -20.622 0.5000000000
22701  -19.526  -57.670  -20.995 0.4000000060
22702  -20.142  -57.277  -21.542 0.4000000060
22720  -15.812  -57.863  -24.436 0.4000000060
22723  -18.990  -57.802  -23.535 0.4000000060
22734  -16.358  -57.260  -24.863 0.4000000060
22736  -17.812  -56.979  -24.330 0.4000000060
23546  -20.849  -56.662  -22.709 0.3000000119
23547  -21.288  -56.189  -23.001 0.3000000119
23571  -16.874  -56.720  -25.162 0.3000000119
23572  -17.225  -56.388  -24.965 0.3000000119
23590  -17.575  -56.388  -25.817 0.3000000119
24341  -15.925  -56.511  -19.557 0.3000000119
108163  -12.476  -70.628  -27.500 0.6000000238
108519  -35.585  -83.279  -32.421 0.6999999881
108583  -34.052  -83.137  -25.438 0.4000000060
108977  -18.118  -82.292  -25.725 0.5000000000
109016  -21.856  -76.358  -28.764 0.6000000238
109247  -16.550  -72.943  -29.291 0.6000000238
110243  -31.746  -85.379  -29.760 0.5000000000
110461  -16.978  -73.663  -29.089 0.6000000238
110828  -18.962  -66.763  -30.736 0.6000000238
110931  -25.759  -65.013  -32.167 0.4000000060
111069  -10.662  -63.907  -25.036 0.5000000000
111192  -18.914  -80.418  -25.975 0.6000000238
111195  -32.194  -85.291  -35.794 0.5000000000
111543  -19.371  -79.439  -29.030 0.6999999881
111584  -19.910  -73.810  -33.948 0.6000000238
111658  -33.136  -81.812  -25.929 0.5000000000
111868  -41.302  -79.045  -25.573 0.3000000119
112131  -26.746  -82.861  -34.594 0.5000000000
112141  -39.054  -83.227  -19.794 0.3000000119
112391  -18.384  -73.719  -33.394 0.5000000000
112762  -40.972  -80.730  -26.153 0.4000000060
112983  -19.765  -79.119  -31.086 0.6999999881
113029  -37.700  -84.239  -17.625 0.3000000119
113322  -21.639  -71.252  -33.858 0.5000000000
113552  -33.430  -85.098  -34.548 0.6000000238
114281  -16.106  -69.942  -22.638 0.6999999881
114428  -40.003  -81.267  -22.650 0.4000000060
114970  -17.325  -71.065  -26.669 0.6000000238
115605  -34.315  -74.170  -28.274 0.4000000060
115711  -15.259  -70.570  -30.630 0.5000000000
116022  -37.619  -80.279  -26.971 0.4000000060
116040  -18.697  -61.318  -24.744 0.4000000060
116088  -12.382  -61.774  -26.523 0.4000000060
116367  -24.294  -76.725  -26.076 0.6999999881
116382  -33.372  -85.506  -26.860 0.3000000119
116415  -16.051  -78.035  -30.031 0.5000000000
116619  -14.904  -68.099  -28.868 0.6000000238
116661  -18.637  -70.369  -29.283 0.6999999881
116896  -24.409  -77.095  -26.653 0.6999999881
117055  -27.055  -75.802  -25.037 0.5000000000
117068  -19.870  -71.691  -24.110 0.8000000119
117474  -20.259  -78.719  -27.312 0.6999999881
118411  -34.973  -79.792  -25.401 0.4000000060
118441  -17.076  -79.085  -28.531 0.5000000000
118491  -41.093  -79.147  -24.748 0.3000000119
118742  -22.555  -73.566  -31.832 0.5000000000
119353  -34.830  -74.224  -26.650 0.3000000119
119550  -17.091  -71.520  -25.922 0.6999999881
119923  -31.254  -82.603  -32.123 0.5000000000
120323  -21.359  -77.367  -30.004 0.6000000238
120787  -16.110  -68.226  -23.092 0.6000000238
121001  -16.170  -72.359  -17.610 0.6000000238
121777  -20.184  -70.170  -20.271 0.6000000238
122153  -14.231  -71.587  -30.338 0.6000000238
122310  -14.850  -69.402  -30.070 0.6000000238
122554  -19.192  -61.046  -27.900 0.4000000060
122683  -28.623  -79.644  -28.377 0.4000000060
123035  -12.383  -70.656  -28.642 0.6999999881
123109  -32.831  -82.390  -25.983 0.5000000000
123187  -21.312  -78.093  -26.334 0.6999999881
123274  -18.118  -66.309  -24.342 0.6000000238
123369  -20.057  -60.301  -26.454 0.3000000119
123421  -32.814  -84.564  -26.243 0.3000000119
123564  -21.121  -59.724  -26.317 0.3000000119
123812  -20.257  -72.090  -20.635 0.6000000238
123840  -9.163  -61.980  -22.244 0.5000000000
124118  -11.776  -61.930  -24.601 0.5000000000
124388  -26.749  -82.486  -31.755 0.6999999881
124446  -15.254  -73.536  -30.308 0.6000000238
124931  -18.339  -61.392  -25.326 0.4000000060
124933  -20.277  -73.205  -33.276 0.6000000238
125205  -14.390  -70.452  -16.984 0.5000000000
125994  -31.063  -84.997  -36.282 0.5000000000
126035  -19.040  -73.944  -34.432 0.5000000000
126065  -14.948  -72.446  -17.213 0.5000000000
126131  -12.744  -59.611  -25.052 0.5000000000
126269  -33.554  -80.309  -26.684 0.4000000060
126276  -18.430  -72.845  -20.214 0.6000000238
126305  -34.102  -82.132  -34.620 0.5000000000
126459  -23.778  -78.802  -29.151 0.6999999881
126544  -11.785  -63.800  -26.833 0.5000000000
126549  -29.528  -84.651  -37.090 0.5000000000
126583  -26.740  -79.261  -26.882 0.6000000238
126641  -14.710  -71.133  -20.945 0.6999999881
126852  -37.386  -83.963  -17.627 0.3000000119
126954  -19.333  -72.570  -22.109 0.6000000238
127147  -13.307  -69.807  -28.255 0.6999999881
127452  -12.967  -70.158  -28.847 0.6999999881
127638  -21.379  -70.795  -28.569 0.6000000238
127666  -18.126  -70.241  -20.844 0.6000000238
127701  -22.768  -80.052  -31.073 0.6999999881
127742  -34.843  -76.487  -28.657 0.5000000000
127798  -31.978  -84.126  -35.669 0.6000000238
127971  -36.897  -80.603  -30.975 0.5000000000
128007  -34.756  -76.612  -26.746 0.4000000060
128011  -11.981  -62.002  -22.133 0.4000000060
128363  -28.895  -83.391  -35.927 0.5000000000
128448  -22.021  -80.976  -28.307 0.6999999881
128867  -16.494  -58.859  -19.718 0.5000000000
129358  -19.024  -57.994  -20.685 0.4000000060
129483  -13.871  -68.508  -25.010 0.5000000000
129576  -24.162  -79.575  -30.567 0.6999999881
129713  -16.089  -60.729  -28.073 0.4000000060
