#!ascii label  , from subject sub-v1s12x0050125_ses-1 vox2ras=TkReg
1420
5595  -37.943  -79.412  -32.186 0.5000000000
5074  -37.799  -80.341  -33.281 0.6000000238
10291  -34.715  -72.764  -26.981 0.3000000119
4509  -37.118  -81.420  -33.429 0.5000000000
8887  -35.175  -74.764  -29.607 0.4000000060
119071  -34.537  -73.132  -28.939 0.4000000060
10313  -34.452  -72.572  -28.295 0.4000000060
10301  -34.580  -72.427  -27.490 0.3000000119
9608  -34.791  -73.225  -29.686 0.4000000060
6220  -36.385  -77.706  -34.968 0.5000000000
6210  -37.153  -78.138  -34.332 0.5000000000
5605  -38.227  -79.151  -33.186 0.5000000000
112903  -36.231  -78.236  -34.494 0.6000000238
112161  -37.210  -78.900  -34.093 0.5000000000
5608  -37.904  -79.713  -33.555 0.6000000238
118435  -36.671  -72.862  -26.557 0.3000000119
5081  -36.861  -80.229  -34.060 0.5000000000
8900  -35.776  -74.434  -30.463 0.5000000000
128481  -35.792  -74.925  -30.166 0.5000000000
10293  -35.928  -72.461  -26.528 0.3000000119
5606  -36.687  -79.356  -33.933 0.6000000238
4519  -37.409  -80.807  -33.597 0.5000000000
9623  -35.591  -73.915  -30.854 0.5000000000
8899  -35.267  -73.872  -30.036 0.4000000060
11055  -34.685  -71.806  -28.813 0.4000000060
11021  -35.205  -71.354  -27.428 0.3000000119
11010  -35.527  -71.762  -26.804 0.3000000119
9638  -34.791  -73.513  -31.380 0.4000000060
10344  -34.720  -72.570  -30.200 0.4000000060
112318  -34.754  -71.822  -29.813 0.4000000060
10357  -34.536  -72.732  -31.020 0.4000000060
6234  -34.374  -78.464  -36.413 0.6999999881
6873  -35.059  -77.710  -36.214 0.6999999881
6874  -35.613  -77.605  -35.680 0.6999999881
6839  -38.243  -77.685  -32.421 0.5000000000
5618  -32.880  -79.353  -36.858 0.6999999881
5615  -33.509  -79.326  -36.537 0.6999999881
6219  -35.545  -78.171  -35.479 0.8000000119
114338  -35.269  -78.294  -34.176 0.6999999881
128526  -37.875  -76.810  -31.845 0.5000000000
126993  -33.886  -79.099  -34.786 0.6999999881
7514  -37.681  -75.932  -32.031 0.4000000060
8224  -36.661  -74.894  -31.524 0.5000000000
10302  -37.410  -72.752  -26.879 0.3000000119
6207  -34.658  -78.497  -33.231 0.6000000238
8918  -36.476  -74.703  -31.996 0.5000000000
8917  -36.156  -74.454  -31.236 0.5000000000
10294  -36.800  -72.182  -26.539 0.3000000119
6208  -35.470  -78.532  -33.524 0.5000000000
8916  -35.724  -74.198  -31.611 0.5000000000
9646  -34.108  -73.524  -32.256 0.4000000060
9637  -34.132  -72.849  -31.807 0.4000000060
11070  -34.629  -71.841  -30.877 0.4000000060
120498  -35.039  -71.225  -29.367 0.4000000060
11038  -35.015  -71.201  -28.378 0.4000000060
10366  -34.190  -72.232  -32.244 0.3000000119
125798  -34.348  -72.221  -31.558 0.4000000060
6238  -29.287  -78.625  -37.602 0.5000000000
5611  -29.998  -79.404  -36.791 0.6000000238
128571  -30.549  -78.221  -37.632 0.6000000238
6232  -32.722  -79.022  -37.113 0.6000000238
6879  -33.453  -78.615  -36.767 0.6000000238
6880  -27.122  -77.715  -36.899 0.5000000000
6221  -27.592  -78.329  -36.221 0.5000000000
6222  -28.380  -78.662  -36.091 0.6000000238
5612  -31.074  -79.356  -36.638 0.6000000238
125289  -31.777  -79.109  -37.058 0.6999999881
6868  -37.145  -77.359  -34.539 0.6000000238
114748  -39.071  -75.124  -28.906 0.3000000119
122616  -26.842  -76.879  -34.692 0.6999999881
6870  -27.154  -77.751  -35.714 0.6000000238
6212  -27.788  -78.182  -35.464 0.6000000238
6223  -29.382  -78.885  -35.965 0.6000000238
6224  -30.376  -79.132  -35.798 0.6999999881
5609  -32.248  -79.419  -35.373 0.6999999881
7544  -36.273  -76.590  -35.068 0.6000000238
7536  -37.586  -76.204  -33.992 0.6000000238
7515  -38.153  -76.634  -32.775 0.5000000000
7547  -26.115  -76.610  -35.629 0.6999999881
6858  -27.352  -76.832  -34.104 0.6000000238
6859  -27.886  -77.225  -34.107 0.6000000238
6213  -28.769  -78.297  -35.233 0.6000000238
6215  -30.694  -78.857  -34.738 0.6999999881
6217  -32.346  -78.977  -34.203 0.6999999881
7528  -37.718  -75.744  -33.112 0.5000000000
9586  -37.698  -73.601  -27.355 0.3000000119
8251  -25.810  -76.015  -34.755 0.6999999881
7534  -26.720  -76.337  -34.159 0.6000000238
7535  -27.473  -76.350  -33.472 0.6999999881
6861  -29.526  -77.611  -33.277 0.6000000238
119557  -30.220  -78.186  -33.884 0.6000000238
126394  -34.303  -78.542  -33.824 0.6999999881
8244  -36.232  -75.265  -33.602 0.5000000000
8934  -35.136  -74.899  -33.285 0.5000000000
7526  -27.928  -76.182  -32.656 0.6000000238
6851  -28.938  -77.159  -32.723 0.6000000238
6194  -31.772  -78.154  -32.668 0.6000000238
6196  -33.589  -78.615  -32.675 0.6000000238
8243  -35.234  -75.341  -33.942 0.5000000000
11745  -36.685  -71.081  -26.730 0.3000000119
123555  -27.218  -75.738  -33.119 0.6999999881
109313  -27.789  -75.643  -32.104 0.6000000238
7527  -28.533  -76.590  -32.287 0.6000000238
110950  -29.934  -77.343  -32.300 0.6000000238
127003  -30.663  -77.301  -31.648 0.5000000000
6852  -31.009  -77.727  -32.285 0.5000000000
6184  -33.717  -78.898  -31.900 0.5000000000
6197  -34.628  -78.811  -32.610 0.5000000000
8925  -34.356  -74.325  -32.834 0.5000000000
11094  -34.546  -71.676  -33.550 0.3000000119
11085  -34.508  -71.547  -32.667 0.3000000119
11078  -34.549  -71.583  -31.812 0.3000000119
127713  -35.406  -70.846  -30.791 0.4000000060
11071  -35.055  -71.280  -30.363 0.4000000060
5593  -34.216  -79.483  -32.078 0.5000000000
10386  -34.044  -72.409  -33.928 0.3000000119
10377  -34.064  -72.302  -33.040 0.3000000119
11079  -34.974  -71.137  -31.273 0.4000000060
7559  -27.706  -76.998  -37.903 0.5000000000
6881  -28.433  -77.545  -38.053 0.5000000000
6885  -29.223  -77.239  -38.420 0.5000000000
6886  -29.964  -77.353  -38.540 0.5000000000
8954  -27.301  -75.557  -37.359 0.5000000000
8263  -27.046  -76.450  -37.450 0.5000000000
7558  -26.979  -77.231  -37.280 0.5000000000
6237  -28.379  -78.348  -37.508 0.5000000000
6883  -30.273  -77.787  -37.924 0.5000000000
6877  -31.388  -77.630  -37.150 0.6000000238
6878  -32.293  -78.311  -36.895 0.6000000238
7557  -26.414  -76.637  -36.807 0.5000000000
6871  -32.867  -77.644  -36.278 0.6000000238
7551  -34.911  -77.095  -36.104 0.8000000119
113590  -40.622  -75.296  -30.696 0.3000000119
114203  -25.127  -75.498  -36.423 0.6000000238
7546  -25.428  -76.157  -35.880 0.6000000238
6869  -26.626  -77.267  -35.979 0.6000000238
7549  -32.512  -76.555  -35.812 0.4000000060
114241  -39.907  -74.932  -29.834 0.3000000119
8250  -24.918  -75.682  -35.201 0.6999999881
7542  -34.194  -76.305  -35.247 0.5000000000
7543  -35.417  -76.478  -35.414 0.6000000238
9595  -38.831  -73.263  -28.861 0.3000000119
10314  -38.496  -72.662  -28.199 0.3000000119
8940  -24.395  -75.093  -34.828 0.6999999881
8242  -33.623  -75.450  -34.536 0.4000000060
10303  -38.040  -72.142  -27.288 0.3000000119
8240  -25.380  -75.337  -34.484 0.6000000238
8241  -26.289  -75.579  -33.914 0.6999999881
110244  -34.201  -74.973  -33.756 0.4000000060
11744  -35.998  -70.942  -26.985 0.3000000119
9652  -25.870  -73.745  -33.362 0.6000000238
125178  -26.685  -74.637  -33.089 0.6999999881
7511  -28.251  -76.148  -31.746 0.6000000238
7513  -29.308  -76.540  -31.086 0.5000000000
6836  -30.031  -76.912  -31.411 0.5000000000
115378  -33.116  -78.542  -31.818 0.6000000238
8932  -33.101  -74.064  -33.862 0.4000000060
8933  -33.615  -74.364  -33.476 0.4000000060
10397  -35.473  -71.888  -35.341 0.3000000119
11102  -34.745  -71.847  -34.552 0.3000000119
11096  -35.937  -70.743  -33.761 0.3000000119
11095  -35.049  -70.958  -33.181 0.3000000119
11805  -35.542  -70.609  -31.477 0.4000000060
11774  -36.161  -70.278  -28.557 0.3000000119
8223  -28.017  -75.642  -31.187 0.6000000238
7497  -29.311  -76.322  -30.164 0.5000000000
7498  -30.154  -76.657  -30.533 0.5000000000
6837  -31.425  -77.526  -31.323 0.5000000000
6183  -32.602  -78.383  -31.309 0.5000000000
6169  -33.108  -79.001  -31.206 0.6000000238
5592  -33.477  -79.617  -31.482 0.5000000000
9657  -33.303  -73.546  -33.859 0.3000000119
114141  -34.031  -72.577  -34.809 0.3000000119
7512  -28.603  -76.169  -30.879 0.5000000000
6821  -31.001  -76.942  -29.941 0.5000000000
6167  -32.005  -78.278  -29.874 0.5000000000
6145  -31.673  -78.516  -28.969 0.5000000000
112722  -29.355  -73.898  -37.814 0.5000000000
8955  -28.206  -75.130  -37.702 0.5000000000
7562  -28.655  -76.733  -38.417 0.5000000000
8268  -29.968  -76.083  -39.367 0.5000000000
8269  -30.413  -76.623  -39.411 0.5000000000
7565  -31.025  -76.729  -39.391 0.5000000000
8949  -26.698  -74.875  -36.938 0.5000000000
8264  -28.124  -76.065  -37.970 0.5000000000
7561  -31.287  -76.629  -38.386 0.4000000060
8262  -26.218  -75.796  -36.870 0.5000000000
8265  -31.699  -75.901  -37.448 0.4000000060
8197  -40.773  -76.170  -30.986 0.3000000119
8901  -41.128  -74.652  -31.017 0.3000000119
8948  -25.598  -74.911  -36.744 0.6000000238
7555  -31.414  -76.544  -37.007 0.4000000060
7548  -31.867  -76.212  -36.161 0.4000000060
8947  -24.643  -74.883  -36.492 0.6000000238
8256  -24.246  -75.404  -35.975 0.6000000238
8876  -39.312  -74.056  -29.287 0.3000000119
9609  -39.541  -73.148  -29.496 0.3000000119
8944  -23.786  -74.946  -35.813 0.6000000238
8252  -32.800  -75.105  -34.691 0.4000000060
8929  -24.055  -74.041  -34.453 0.6000000238
9662  -32.738  -74.076  -35.404 0.4000000060
9656  -32.931  -73.873  -34.516 0.4000000060
11013  -37.685  -71.417  -26.804 0.3000000119
8930  -25.095  -74.335  -34.099 0.6999999881
10385  -33.470  -73.107  -34.319 0.3000000119
9673  -29.758  -74.269  -38.651 0.5000000000
8961  -29.594  -75.257  -38.994 0.5000000000
8962  -30.400  -74.869  -39.442 0.5000000000
114031  -32.048  -75.293  -40.303 0.4000000060
8950  -27.725  -74.677  -36.982 0.5000000000
8275  -32.061  -76.118  -40.324 0.4000000060
8270  -31.765  -76.393  -39.680 0.4000000060
9668  -28.172  -73.916  -36.451 0.6000000238
8957  -32.166  -75.450  -37.791 0.4000000060
8952  -32.084  -75.288  -36.898 0.4000000060
8888  -40.021  -73.873  -29.970 0.3000000119
123953  -40.478  -74.473  -30.428 0.3000000119
127992  -23.624  -74.635  -35.996 0.6000000238
8258  -31.932  -75.671  -36.477 0.4000000060
8259  -32.348  -75.500  -35.577 0.4000000060
126526  -32.741  -74.238  -36.266 0.4000000060
111867  -33.217  -73.644  -35.985 0.4000000060
9663  -33.233  -73.419  -35.079 0.3000000119
124677  -34.479  -72.872  -36.401 0.3000000119
9651  -24.909  -73.179  -33.578 0.6000000238
9674  -29.995  -73.406  -38.254 0.5000000000
9681  -30.497  -73.869  -38.999 0.5000000000
9682  -31.274  -73.563  -39.324 0.4000000060
9689  -31.918  -74.329  -39.946 0.4000000060
9669  -29.302  -73.647  -36.906 0.5000000000
9670  -29.763  -73.324  -37.505 0.5000000000
8967  -32.740  -75.460  -40.127 0.4000000060
9667  -27.274  -74.019  -36.584 0.6000000238
9661  -29.318  -73.358  -36.034 0.6000000238
10402  -29.870  -73.049  -36.695 0.6000000238
8271  -32.553  -75.936  -39.816 0.4000000060
9666  -26.206  -74.033  -36.746 0.6000000238
9659  -27.816  -73.390  -35.953 0.6000000238
8959  -33.805  -74.876  -39.235 0.4000000060
9675  -33.263  -74.607  -38.165 0.4000000060
10400  -25.776  -73.136  -36.529 0.6000000238
8953  -32.559  -74.779  -37.230 0.4000000060
111276  -34.144  -74.109  -38.187 0.4000000060
9672  -33.882  -73.397  -36.782 0.4000000060
10403  -34.791  -73.367  -37.416 0.4000000060
10315  -39.214  -72.369  -28.911 0.3000000119
10316  -39.974  -71.883  -29.252 0.3000000119
10399  -24.673  -73.268  -36.468 0.6000000238
11761  -38.613  -70.410  -27.106 0.3000000119
10304  -38.784  -71.841  -27.890 0.3000000119
8943  -23.311  -74.283  -35.663 0.6000000238
8938  -23.236  -73.795  -34.935 0.6000000238
10387  -23.193  -72.706  -35.863 0.6999999881
11841  -25.476  -70.737  -35.553 0.6999999881
9655  -22.977  -73.474  -35.393 0.6000000238
114137  -24.477  -70.914  -35.513 0.6999999881
12606  -25.073  -70.110  -35.128 0.6999999881
11109  -22.839  -71.941  -35.486 0.6000000238
12608  -26.993  -69.812  -35.295 0.6999999881
12599  -28.197  -69.022  -34.845 0.6000000238
11840  -24.157  -70.259  -35.012 0.6999999881
12597  -26.426  -69.216  -34.879 0.6999999881
10419  -30.639  -72.917  -38.608 0.5000000000
10420  -31.388  -72.582  -38.916 0.5000000000
11129  -30.651  -71.604  -37.606 0.5000000000
11130  -30.988  -71.069  -38.049 0.5000000000
10411  -30.825  -71.984  -38.271 0.5000000000
10421  -32.191  -72.323  -39.140 0.5000000000
10425  -32.883  -72.999  -39.627 0.4000000060
116759  -32.723  -74.684  -40.230 0.4000000060
10393  -29.136  -73.062  -35.179 0.6000000238
10394  -29.980  -72.744  -35.578 0.6000000238
11122  -30.723  -71.264  -36.867 0.6000000238
107817  -30.872  -70.854  -37.527 0.6000000238
8968  -33.564  -74.788  -40.071 0.4000000060
10401  -26.856  -73.216  -36.295 0.6000000238
121044  -30.626  -71.817  -35.827 0.6000000238
110825  -31.061  -70.903  -36.073 0.6000000238
124352  -33.935  -74.744  -39.751 0.4000000060
10390  -26.474  -72.229  -35.994 0.6000000238
10391  -27.492  -72.634  -35.648 0.6000000238
10382  -28.768  -72.497  -34.610 0.6000000238
11101  -30.937  -71.256  -34.406 0.6000000238
11844  -31.354  -70.688  -35.180 0.6000000238
106891  -35.276  -73.977  -38.614 0.4000000060
9677  -37.218  -73.942  -38.544 0.4000000060
11113  -27.311  -71.757  -35.450 0.6000000238
10381  -28.047  -72.188  -34.997 0.6000000238
11100  -29.219  -72.024  -34.014 0.6000000238
11820  -30.861  -70.974  -33.554 0.6000000238
12600  -31.845  -69.891  -34.004 0.6000000238
120726  -36.620  -73.594  -37.968 0.4000000060
10389  -25.320  -72.320  -36.190 0.6000000238
11114  -27.899  -71.360  -35.036 0.5000000000
11099  -28.462  -71.571  -34.350 0.6000000238
11084  -30.150  -71.023  -33.147 0.6000000238
127112  -31.366  -70.447  -33.461 0.6000000238
12585  -32.239  -69.222  -33.673 0.6999999881
10388  -24.183  -72.513  -36.163 0.6999999881
11112  -25.893  -71.424  -35.833 0.6000000238
11831  -28.197  -70.559  -34.907 0.6000000238
11819  -29.486  -70.904  -33.100 0.6000000238
12584  -31.684  -69.955  -33.038 0.6000000238
14290  -33.729  -67.573  -33.414 0.6000000238
112378  -34.460  -66.833  -33.611 0.6000000238
11811  -29.933  -70.315  -32.465 0.6000000238
12574  -31.371  -69.816  -32.130 0.6000000238
13427  -33.345  -68.252  -32.822 0.6000000238
14291  -34.274  -67.330  -33.043 0.6000000238
112832  -28.531  -69.770  -34.694 0.6000000238
124739  -28.960  -70.624  -33.369 0.6000000238
11804  -30.566  -69.875  -31.918 0.5000000000
13426  -32.738  -68.841  -32.143 0.6000000238
14277  -33.848  -67.783  -32.345 0.6000000238
12573  -29.498  -69.617  -32.197 0.5000000000
12595  -24.672  -69.368  -34.485 0.6999999881
13448  -27.717  -68.244  -34.641 0.6999999881
13449  -28.383  -68.494  -34.522 0.5000000000
12572  -29.086  -69.408  -32.855 0.6000000238
12565  -30.412  -69.405  -31.256 0.5000000000
125158  -31.433  -69.257  -30.985 0.5000000000
12564  -29.698  -69.078  -31.366 0.6000000238
18531  -22.992  -62.310  -29.539 0.6000000238
18532  -23.842  -62.327  -29.420 0.6000000238
17669  -22.961  -62.436  -31.097 0.6000000238
11134  -31.521  -71.640  -38.517 0.5000000000
11131  -31.656  -70.774  -38.245 0.5000000000
11135  -32.340  -71.424  -38.775 0.5000000000
10426  -33.676  -73.140  -39.745 0.5000000000
9691  -34.163  -74.058  -40.034 0.4000000060
12609  -31.531  -69.917  -36.203 0.5000000000
11848  -30.971  -70.370  -37.035 0.5000000000
12614  -31.978  -69.077  -36.770 0.5000000000
9692  -34.933  -73.895  -39.750 0.4000000060
10429  -36.350  -73.316  -39.633 0.4000000060
13455  -32.421  -68.362  -36.335 0.5000000000
9683  -34.678  -74.332  -39.333 0.4000000060
112231  -36.345  -74.129  -39.303 0.4000000060
9685  -37.011  -74.159  -39.147 0.4000000060
12601  -32.117  -69.037  -34.718 0.5000000000
13450  -32.479  -68.203  -35.390 0.5000000000
12610  -32.004  -69.003  -35.771 0.5000000000
9684  -35.652  -74.161  -39.293 0.4000000060
108413  -32.603  -68.443  -34.353 0.6000000238
14311  -33.305  -67.187  -34.902 0.6000000238
14303  -33.987  -66.937  -33.919 0.6000000238
124913  -33.729  -66.571  -34.635 0.5000000000
15153  -35.428  -66.613  -32.538 0.4000000060
15980  -35.877  -66.152  -33.330 0.4000000060
15990  -36.166  -65.376  -33.860 0.4000000060
15142  -34.946  -66.865  -31.639 0.6000000238
15154  -36.152  -66.216  -32.238 0.5000000000
15981  -36.642  -65.734  -32.868 0.4000000060
15991  -36.886  -64.892  -33.387 0.4000000060
16801  -38.277  -64.084  -32.530 0.4000000060
11829  -23.736  -69.728  -34.368 0.6999999881
115855  -33.801  -67.734  -31.173 0.6000000238
15144  -36.282  -66.090  -31.366 0.5000000000
16800  -38.091  -64.708  -31.965 0.4000000060
14310  -28.306  -67.830  -34.322 0.6000000238
12555  -30.975  -69.109  -30.654 0.5000000000
13408  -33.124  -68.164  -30.522 0.5000000000
15132  -35.923  -66.134  -30.649 0.5000000000
15958  -36.845  -65.740  -30.769 0.5000000000
15972  -37.615  -65.327  -31.344 0.4000000060
16793  -38.540  -63.921  -31.722 0.4000000060
13424  -29.041  -68.510  -33.192 0.6000000238
14268  -33.633  -67.554  -30.147 0.5000000000
16753  -22.745  -64.176  -27.438 0.6999999881
17632  -23.940  -63.681  -28.111 0.6000000238
16754  -24.232  -64.522  -27.616 0.6999999881
17646  -24.301  -63.029  -28.753 0.6000000238
16740  -24.472  -65.310  -27.105 0.6000000238
18547  -24.137  -61.975  -30.247 0.6000000238
16763  -24.608  -63.915  -28.337 0.6000000238
15912  -25.191  -65.662  -27.499 0.6000000238
15058  -25.300  -66.428  -26.851 0.6000000238
120832  -26.355  -67.775  -26.717 0.6000000238
17677  -23.565  -62.647  -31.448 0.5000000000
17660  -25.355  -62.567  -29.786 0.6000000238
16764  -25.333  -64.145  -28.628 0.6000000238
15922  -25.652  -65.033  -28.344 0.6000000238
15068  -25.755  -66.289  -27.531 0.6000000238
11145  -33.922  -72.201  -39.471 0.5000000000
17678  -24.485  -62.782  -32.011 0.5000000000
18561  -24.532  -61.975  -31.024 0.5000000000
15923  -26.554  -65.192  -28.656 0.5000000000
15069  -26.505  -66.501  -27.857 0.5000000000
11853  -31.873  -70.009  -37.962 0.4000000060
11854  -32.862  -69.872  -38.099 0.5000000000
11146  -34.860  -72.264  -39.588 0.5000000000
10427  -34.556  -73.234  -39.772 0.4000000060
18572  -25.858  -62.305  -31.860 0.5000000000
17661  -26.097  -62.810  -30.143 0.5000000000
15924  -27.425  -65.358  -28.913 0.5000000000
15070  -27.429  -66.639  -28.124 0.5000000000
12622  -33.179  -69.152  -37.735 0.5000000000
11147  -35.804  -72.312  -39.616 0.4000000060
11148  -36.802  -72.374  -39.575 0.4000000060
11149  -37.982  -72.457  -39.540 0.4000000060
16788  -24.522  -63.794  -32.132 0.5000000000
17662  -26.717  -63.168  -30.432 0.5000000000
16766  -27.006  -64.543  -29.235 0.6000000238
15925  -28.252  -65.569  -29.171 0.6000000238
10430  -37.309  -73.367  -39.567 0.4000000060
17686  -26.811  -63.248  -32.560 0.6000000238
16781  -27.726  -63.845  -31.228 0.6000000238
16773  -27.329  -63.928  -30.200 0.6999999881
14314  -33.278  -67.120  -35.681 0.4000000060
15168  -33.608  -66.449  -35.325 0.5000000000
14273  -24.442  -67.863  -32.456 0.6000000238
15169  -33.947  -65.944  -34.954 0.5000000000
15995  -35.674  -64.974  -34.658 0.4000000060
14285  -23.989  -68.195  -33.159 0.6000000238
15989  -35.322  -65.648  -34.266 0.4000000060
13436  -23.909  -68.501  -33.453 0.6000000238
14307  -25.440  -68.081  -33.797 0.6000000238
17696  -37.001  -63.894  -34.017 0.4000000060
15167  -28.181  -67.047  -34.017 0.6000000238
13446  -25.650  -68.704  -34.394 0.6999999881
13414  -29.441  -68.060  -31.561 0.6000000238
14265  -30.682  -67.683  -30.380 0.6000000238
13405  -30.691  -68.607  -30.498 0.5000000000
13407  -32.342  -68.346  -30.102 0.5000000000
116114  -23.186  -64.751  -26.987 0.6999999881
15902  -24.344  -65.673  -26.294 0.6999999881
15889  -24.707  -66.015  -25.799 0.6000000238
15903  -24.764  -65.959  -26.519 0.6000000238
15047  -25.806  -66.841  -24.855 0.6000000238
14202  -25.898  -67.397  -25.743 0.6000000238
13340  -26.596  -68.193  -25.749 0.6999999881
13342  -28.410  -68.651  -25.583 0.6000000238
14210  -27.385  -68.093  -27.158 0.6000000238
12632  -33.844  -69.737  -38.339 0.5000000000
11861  -33.530  -70.497  -38.704 0.5000000000
11136  -33.238  -71.294  -39.059 0.5000000000
11137  -34.196  -71.281  -39.206 0.5000000000
14220  -27.885  -67.354  -27.736 0.6000000238
13354  -28.914  -68.406  -26.354 0.5000000000
11862  -34.520  -70.457  -38.830 0.5000000000
11139  -36.164  -71.349  -39.356 0.5000000000
11140  -37.123  -71.469  -39.341 0.4000000060
15089  -28.744  -66.144  -28.737 0.6000000238
15088  -27.890  -66.039  -28.574 0.6000000238
14212  -29.370  -67.801  -27.054 0.5000000000
12615  -32.624  -68.637  -37.122 0.5000000000
14274  -25.226  -67.308  -32.222 0.6000000238
109203  -25.728  -65.953  -32.112 0.4000000060
16796  -25.953  -63.969  -32.576 0.6000000238
16774  -28.106  -64.535  -30.486 0.6000000238
14222  -29.767  -67.162  -27.707 0.6000000238
14315  -33.637  -66.598  -36.004 0.4000000060
110851  -33.789  -67.828  -36.857 0.4000000060
15148  -26.226  -65.778  -32.695 0.5000000000
15976  -26.502  -64.786  -32.706 0.5000000000
16798  -27.401  -64.181  -32.618 0.6000000238
16790  -27.861  -64.079  -32.058 0.6999999881
115925  -28.609  -65.056  -30.729 0.6000000238
15926  -29.098  -65.741  -29.485 0.6000000238
15090  -29.602  -66.223  -28.942 0.6000000238
15174  -34.034  -65.936  -35.684 0.5000000000
14286  -24.887  -67.672  -33.015 0.6000000238
15977  -27.848  -64.965  -32.789 0.6000000238
16791  -28.335  -64.823  -31.936 0.6000000238
15941  -29.288  -65.528  -30.427 0.6000000238
15091  -30.425  -66.358  -29.132 0.6000000238
15092  -30.955  -66.597  -28.464 0.6000000238
15993  -34.462  -65.608  -35.159 0.4000000060
15158  -26.302  -66.663  -33.385 0.5000000000
15149  -26.819  -65.692  -33.163 0.6000000238
15969  -28.535  -65.374  -32.206 0.6000000238
15942  -30.034  -65.974  -30.397 0.6000000238
108939  -31.219  -66.511  -29.212 0.6000000238
14298  -25.498  -67.476  -33.367 0.6000000238
117494  -26.168  -67.480  -33.834 0.6000000238
15159  -27.156  -66.401  -33.602 0.6000000238
15151  -28.980  -66.130  -32.292 0.6000000238
15128  -29.918  -66.250  -30.856 0.6000000238
14289  -29.226  -66.955  -31.925 0.6000000238
14300  -28.729  -67.492  -33.616 0.6000000238
14267  -32.929  -67.704  -29.763 0.5000000000
16725  -23.124  -65.276  -26.256 0.6999999881
15901  -23.921  -65.556  -26.061 0.6999999881
16724  -21.497  -65.184  -25.598 0.6999999881
15886  -22.427  -65.576  -25.485 0.6999999881
15887  -23.514  -65.883  -25.343 0.6999999881
15888  -24.360  -65.906  -25.566 0.6999999881
112222  -25.368  -66.341  -24.765 0.6000000238
110815  -26.360  -67.155  -24.133 0.6000000238
14186  -27.192  -67.907  -24.199 0.5000000000
14185  -26.413  -67.704  -24.933 0.6999999881
14187  -28.272  -68.152  -24.035 0.5000000000
13328  -28.825  -68.524  -24.714 0.5000000000
13343  -29.364  -68.534  -25.496 0.5000000000
12633  -34.846  -69.715  -38.436 0.4000000060
12634  -35.850  -69.753  -38.479 0.5000000000
12635  -36.950  -69.932  -38.341 0.5000000000
11855  -37.485  -70.869  -38.988 0.5000000000
11856  -38.273  -70.563  -38.445 0.4000000060
13460  -34.709  -67.703  -37.005 0.4000000060
12625  -36.064  -69.140  -37.910 0.4000000060
113744  -30.299  -67.644  -27.012 0.6000000238
14223  -30.656  -66.998  -27.730 0.6000000238
14224  -31.262  -67.434  -26.963 0.6000000238
15060  -32.165  -67.174  -26.900 0.6000000238
15129  -30.598  -66.586  -30.308 0.6000000238
15113  -32.012  -66.560  -29.257 0.6000000238
15075  -32.441  -66.519  -27.715 0.6000000238
15141  -29.434  -66.260  -31.482 0.6000000238
108544  -31.921  -66.465  -28.538 0.5000000000
14266  -31.317  -67.149  -30.019 0.6000000238
15130  -31.312  -66.701  -29.699 0.5000000000
13393  -32.103  -67.402  -29.669 0.5000000000
107120  -20.846  -65.029  -24.828 0.6999999881
124165  -22.610  -65.956  -24.629 0.6999999881
15858  -23.481  -66.228  -24.315 0.6999999881
15871  -24.353  -66.132  -24.760 0.6999999881
15034  -24.259  -66.316  -23.825 0.6000000238
15035  -25.104  -66.222  -24.167 0.6999999881
15036  -25.773  -66.533  -24.101 0.4000000060
15869  -21.128  -65.225  -23.985 0.6999999881
15870  -21.915  -65.707  -23.913 0.6999999881
124894  -22.680  -66.145  -23.711 0.6000000238
114519  -24.094  -66.498  -23.078 0.6000000238
14170  -26.929  -67.306  -23.506 0.5000000000
16699  -19.556  -65.125  -23.481 0.6999999881
16701  -20.658  -65.126  -23.201 0.6999999881
14161  -29.034  -67.166  -22.827 0.5000000000
15856  -19.119  -65.675  -22.992 0.6999999881
14172  -28.681  -67.680  -23.387 0.5000000000
15006  -19.330  -66.136  -22.100 0.6000000238
14991  -19.658  -66.092  -20.635 0.6000000238
14977  -19.658  -66.422  -19.280 0.6000000238
14960  -18.558  -66.239  -18.685 0.5000000000
111980  -17.857  -65.057  -18.972 0.5000000000
110595  -36.825  -69.232  -37.617 0.4000000060
15076  -33.257  -66.314  -27.691 0.6000000238
15010  -25.345  -66.689  -22.304 0.5000000000
15023  -25.625  -66.500  -23.347 0.5000000000
15857  -21.385  -65.376  -23.207 0.6000000238
109409  -22.070  -65.801  -23.083 0.6000000238
15008  -23.510  -66.516  -22.543 0.6000000238
15009  -24.344  -66.664  -22.375 0.6000000238
115145  -26.193  -66.728  -22.700 0.5000000000
128058  -26.732  -67.000  -22.980 0.5000000000
14160  -28.165  -67.209  -22.847 0.5000000000
16688  -20.333  -65.135  -22.360 0.6999999881
16689  -21.002  -65.222  -22.429 0.6000000238
15849  -22.174  -65.889  -22.230 0.6000000238
14992  -22.898  -66.329  -21.920 0.6000000238
14978  -23.967  -66.549  -20.697 0.6000000238
15013  -29.314  -66.574  -22.358 0.5000000000
15834  -20.120  -65.359  -21.097 0.6999999881
111556  -20.777  -65.189  -21.436 0.6000000238
123123  -21.281  -65.211  -20.697 0.6000000238
15821  -22.713  -65.671  -20.352 0.6000000238
15822  -23.485  -66.035  -20.103 0.6000000238
16679  -20.716  -65.131  -20.218 0.6000000238
16668  -21.391  -64.873  -19.870 0.6000000238
16669  -22.280  -65.055  -19.822 0.6000000238
15833  -19.903  -65.651  -19.745 0.6000000238
15804  -19.947  -64.402  -19.311 0.6000000238
16653  -20.892  -64.205  -19.502 0.6000000238
109699  -21.853  -64.202  -19.589 0.6000000238
14961  -19.226  -65.867  -18.849 0.5000000000
15802  -18.595  -65.264  -18.805 0.5000000000
16652  -19.137  -64.450  -19.056 0.5000000000
17522  -20.363  -63.634  -19.359 0.6000000238
17523  -21.245  -63.488  -19.437 0.6000000238
12626  -37.714  -69.619  -37.572 0.4000000060
111951  -16.806  -65.859  -20.068 0.5000000000
16651  -18.357  -64.462  -19.173 0.5000000000
18398  -19.799  -63.158  -19.434 0.6000000238
18399  -20.698  -62.729  -19.502 0.6000000238
15817  -16.938  -65.030  -20.323 0.5000000000
107920  -17.885  -63.424  -20.679 0.5000000000
114714  -18.063  -63.813  -19.856 0.4000000060
17536  -19.287  -62.853  -19.769 0.5000000000
18413  -19.941  -62.437  -19.817 0.6000000238
108670  -26.200  -66.788  -21.803 0.6000000238
14996  -27.004  -66.839  -21.371 0.5000000000
15011  -27.656  -66.900  -22.206 0.5000000000
14995  -25.475  -66.781  -21.216 0.6000000238
14981  -26.674  -66.532  -20.442 0.5000000000
14998  -28.825  -66.336  -21.595 0.5000000000
15823  -24.331  -66.237  -19.952 0.6999999881
14963  -25.609  -66.085  -19.715 0.6999999881
15805  -23.094  -65.270  -19.734 0.6000000238
15806  -23.949  -65.448  -19.615 0.6999999881
16654  -22.720  -64.476  -19.619 0.6000000238
108771  -23.519  -64.586  -19.585 0.6999999881
17524  -22.512  -63.657  -19.557 0.6000000238
17525  -23.772  -63.827  -19.701 0.6999999881
18400  -21.676  -62.745  -19.525 0.6000000238
18402  -23.073  -63.095  -19.745 0.6999999881
16686  -16.291  -64.556  -22.329 0.5000000000
17548  -17.503  -63.406  -21.510 0.5000000000
17535  -18.573  -63.005  -20.240 0.4000000060
19290  -20.106  -61.888  -20.382 0.6000000238
18415  -21.379  -62.014  -19.803 0.6000000238
17559  -16.845  -63.957  -21.856 0.5000000000
18433  -18.133  -62.904  -21.205 0.4000000060
19309  -19.693  -61.822  -20.959 0.5000000000
14997  -27.969  -66.582  -21.459 0.5000000000
111353  -27.483  -66.445  -20.608 0.5000000000
14980  -25.753  -66.504  -20.297 0.6000000238
14965  -27.112  -65.851  -19.611 0.5000000000
15810  -28.207  -65.307  -19.664 0.5000000000
110166  -24.951  -65.632  -19.588 0.6999999881
16655  -24.473  -64.578  -19.602 0.6999999881
126114  -24.467  -63.757  -19.804 0.6000000238
18416  -22.398  -62.225  -19.873 0.6999999881
17537  -23.988  -63.148  -19.997 0.6000000238
19291  -20.904  -61.618  -20.417 0.6000000238
19292  -21.941  -61.520  -20.558 0.6000000238
18469  -17.581  -62.664  -23.046 0.5000000000
110737  -18.512  -62.397  -21.764 0.4000000060
19310  -20.317  -61.523  -21.088 0.6000000238
18470  -18.126  -62.016  -23.574 0.4000000060
18454  -18.315  -62.220  -22.649 0.4000000060
123022  -19.702  -61.435  -22.639 0.5000000000
19330  -19.711  -61.640  -21.702 0.5000000000
125513  -26.969  -64.893  -19.284 0.6000000238
16658  -27.520  -64.464  -19.346 0.5000000000
17527  -25.997  -64.123  -19.731 0.6000000238
17528  -26.773  -64.292  -19.465 0.5000000000
17526  -25.193  -63.968  -19.790 0.6000000238
17538  -24.875  -63.277  -20.256 0.6000000238
17541  -26.920  -63.038  -20.001 0.5000000000
18419  -25.361  -62.763  -20.879 0.6000000238
18435  -23.849  -62.035  -20.953 0.6999999881
18436  -24.811  -62.246  -21.345 0.5000000000
19311  -21.160  -61.300  -21.293 0.5000000000
19353  -19.596  -61.238  -23.592 0.4000000060
19332  -21.373  -61.084  -22.308 0.5000000000
22753  -17.314  -57.176  -26.185 0.4000000060
23591  -18.379  -56.183  -26.100 0.3000000119
22754  -18.118  -57.050  -26.511 0.4000000060
18403  -27.687  -62.999  -19.516 0.5000000000
21922  -17.715  -59.089  -27.727 0.3000000119
22761  -19.006  -58.036  -27.399 0.4000000060
18420  -26.311  -62.637  -20.845 0.5000000000
20206  -18.475  -60.456  -28.902 0.3000000119
21923  -18.617  -59.055  -28.085 0.4000000060
18437  -25.717  -62.200  -21.597 0.5000000000
20201  -18.680  -61.016  -28.700 0.3000000119
19314  -24.275  -61.786  -21.783 0.6000000238
110026  -22.862  -61.263  -21.968 0.6999999881
19335  -24.654  -61.626  -22.515 0.6000000238
19354  -20.610  -61.033  -23.143 0.5000000000
19333  -22.293  -61.057  -22.542 0.5000000000
19355  -21.735  -60.848  -23.239 0.4000000060
19357  -23.625  -61.187  -23.360 0.4000000060
24392  -18.782  -55.593  -25.382 0.3000000119
23584  -18.109  -56.001  -25.560 0.3000000119
24404  -18.852  -55.569  -25.808 0.3000000119
23599  -19.407  -56.172  -26.511 0.3000000119
23598  -19.732  -57.367  -27.270 0.4000000060
18421  -27.176  -62.414  -20.239 0.5000000000
21041  -18.991  -59.868  -28.860 0.4000000060
119699  -19.925  -58.304  -27.878 0.4000000060
18439  -26.726  -61.868  -21.144 0.5000000000
20208  -19.784  -59.941  -28.567 0.4000000060
21042  -20.129  -59.434  -28.287 0.4000000060
18457  -25.835  -61.792  -22.265 0.5000000000
19315  -26.554  -61.489  -21.950 0.5000000000
20202  -19.487  -60.529  -28.449 0.4000000060
19336  -25.461  -61.577  -22.944 0.5000000000
19358  -24.543  -61.426  -23.257 0.5000000000
19372  -20.239  -60.831  -24.172 0.3000000119
128885  -21.522  -60.264  -24.588 0.4000000060
20162  -23.363  -60.840  -24.085 0.4000000060
19374  -25.349  -61.276  -23.983 0.4000000060
108347  -19.091  -55.860  -24.766 0.3000000119
24405  -19.379  -55.140  -25.652 0.3000000119
24416  -20.464  -54.889  -26.543 0.4000000060
24422  -20.363  -55.817  -26.836 0.4000000060
20105  -30.056  -61.004  -19.587 0.4000000060
124127  -21.126  -56.448  -27.523 0.4000000060
20104  -29.103  -61.077  -19.574 0.4000000060
21935  -20.481  -58.737  -28.156 0.4000000060
23609  -21.489  -57.392  -28.028 0.4000000060
19294  -27.507  -61.534  -20.328 0.4000000060
22772  -21.965  -58.025  -28.327 0.4000000060
19337  -26.211  -61.460  -22.666 0.5000000000
21043  -20.795  -59.340  -28.117 0.4000000060
20194  -20.446  -60.067  -26.895 0.3000000119
19360  -26.444  -61.027  -23.354 0.5000000000
20170  -22.160  -60.030  -24.957 0.3000000119
24393  -19.610  -55.168  -25.198 0.3000000119
25349  -19.810  -54.731  -25.647 0.3000000119
25359  -19.977  -54.558  -25.912 0.3000000119
25360  -20.682  -54.128  -26.270 0.4000000060
25380  -21.464  -54.693  -26.958 0.4000000060
25381  -22.633  -54.555  -26.940 0.3000000119
24423  -21.282  -55.639  -27.302 0.4000000060
120390  -31.257  -60.387  -20.658 0.4000000060
23601  -22.067  -56.571  -27.893 0.4000000060
123740  -28.744  -60.299  -19.990 0.4000000060
20119  -27.521  -60.791  -20.744 0.4000000060
21937  -22.222  -58.273  -28.201 0.3000000119
20138  -27.231  -60.413  -21.436 0.4000000060
21023  -20.998  -59.584  -27.434 0.3000000119
21044  -21.896  -58.710  -28.018 0.3000000119
21013  -22.624  -59.267  -26.337 0.3000000119
19373  -24.336  -61.109  -24.069 0.4000000060
25339  -21.875  -54.369  -24.345 0.3000000119
25350  -20.416  -54.105  -25.706 0.4000000060
26309  -21.797  -52.885  -26.343 0.4000000060
25361  -21.585  -53.774  -26.585 0.4000000060
20991  -32.393  -59.007  -22.209 0.4000000060
20969  -31.521  -59.521  -20.885 0.4000000060
20967  -29.916  -59.460  -20.135 0.4000000060
23610  -22.600  -57.411  -28.131 0.4000000060
20965  -27.956  -60.067  -20.635 0.4000000060
20966  -28.899  -59.500  -20.337 0.4000000060
22773  -22.956  -57.821  -28.010 0.3000000119
20981  -28.087  -59.279  -20.853 0.4000000060
21926  -23.507  -58.119  -27.406 0.3000000119
20152  -27.004  -59.981  -22.156 0.5000000000
21024  -22.510  -59.035  -27.020 0.3000000119
21025  -23.472  -58.645  -26.748 0.3000000119
20151  -26.693  -60.312  -23.081 0.5000000000
20185  -23.800  -59.968  -25.274 0.3000000119
128818  -26.038  -60.654  -24.442 0.4000000060
20171  -23.098  -60.318  -24.758 0.4000000060
26286  -21.453  -53.285  -25.111 0.3000000119
26310  -22.815  -53.052  -26.561 0.3000000119
26329  -23.330  -52.984  -26.162 0.3000000119
20982  -32.060  -59.309  -21.533 0.4000000060
24425  -23.107  -55.790  -27.336 0.3000000119
21858  -31.095  -58.947  -20.627 0.4000000060
21868  -32.265  -58.519  -21.610 0.3000000119
23612  -23.499  -56.818  -27.395 0.3000000119
21856  -29.466  -58.771  -20.572 0.4000000060
21857  -30.361  -58.828  -20.517 0.4000000060
22764  -24.052  -57.474  -27.025 0.3000000119
124663  -24.147  -57.645  -26.671 0.3000000119
20989  -27.032  -59.199  -21.823 0.4000000060
21014  -23.476  -59.206  -26.083 0.3000000119
21904  -25.036  -58.931  -25.282 0.3000000119
21016  -25.085  -59.798  -25.182 0.3000000119
110863  -26.183  -59.058  -23.233 0.3000000119
26311  -23.432  -53.844  -26.042 0.3000000119
26312  -23.487  -53.001  -25.942 0.3000000119
25362  -23.504  -54.848  -26.255 0.3000000119
22707  -31.786  -57.956  -21.217 0.3000000119
21865  -29.921  -58.137  -20.814 0.4000000060
21866  -30.950  -58.204  -20.803 0.4000000060
23585  -24.073  -56.956  -26.067 0.3000000119
21864  -28.575  -58.690  -20.854 0.4000000060
124536  -29.122  -58.186  -20.953 0.4000000060
21903  -24.364  -58.334  -26.004 0.3000000119
111191  -24.562  -59.059  -25.628 0.3000000119
21876  -26.830  -58.401  -21.971 0.3000000119
21894  -25.937  -59.198  -23.960 0.3000000119
25341  -23.970  -54.526  -24.824 0.3000000119
122193  -24.314  -57.676  -25.846 0.3000000119
22705  -29.305  -57.531  -21.230 0.3000000119
23537  -30.625  -56.744  -21.329 0.3000000119
23575  -24.279  -57.147  -24.985 0.3000000119
22703  -27.516  -57.932  -21.608 0.3000000119
21893  -25.346  -58.495  -24.415 0.3000000119
21875  -26.313  -58.576  -22.699 0.3000000119
25330  -25.376  -54.065  -23.922 0.3000000119
26274  -25.914  -53.383  -23.825 0.3000000119
23576  -24.523  -56.116  -24.290 0.3000000119
128432  -28.600  -57.251  -21.515 0.3000000119
25342  -24.757  -54.903  -24.088 0.3000000119
20172  -24.075  -60.615  -24.683 0.4000000060
20183  -21.950  -59.591  -25.817 0.3000000119
21015  -24.322  -59.513  -25.577 0.3000000119
6867  -36.391  -77.165  -35.146 0.6000000238
6863  -37.966  -77.643  -34.070 0.5000000000
6211  -37.845  -78.795  -33.849 0.5000000000
5607  -37.418  -79.587  -33.965 0.5000000000
6853  -38.316  -77.373  -33.360 0.5000000000
117582  -36.523  -75.788  -30.568 0.5000000000
6226  -34.187  -79.054  -36.395 0.6999999881
7550  -33.585  -76.935  -35.816 0.6999999881
126036  -33.096  -79.323  -35.053 0.6999999881
6218  -34.643  -78.818  -35.426 0.6999999881
7500  -37.165  -76.456  -30.993 0.4000000060
6206  -33.270  -78.829  -33.825 0.6999999881
8236  -36.885  -75.101  -32.860 0.5000000000
11746  -37.328  -70.928  -26.773 0.3000000119
129459  -34.907  -74.018  -32.068 0.5000000000
8924  -33.589  -73.646  -33.165 0.3000000119
113098  -30.987  -77.126  -37.693 0.6000000238
6231  -31.644  -78.578  -37.173 0.6000000238
7560  -30.588  -77.065  -38.336 0.5000000000
6225  -31.341  -79.306  -35.608 0.6999999881
8875  -38.641  -74.185  -28.559 0.3000000119
6860  -28.620  -77.381  -33.690 0.6000000238
6214  -29.775  -78.528  -34.957 0.6000000238
6216  -31.526  -79.016  -34.531 0.6999999881
8254  -35.863  -75.863  -34.581 0.5000000000
8245  -37.159  -75.596  -33.578 0.6000000238
7529  -38.077  -76.690  -33.717 0.5000000000
6204  -31.008  -78.137  -33.216 0.6000000238
115995  -32.511  -78.525  -33.112 0.6999999881
111806  -28.752  -76.462  -31.563 0.5000000000
108186  -31.906  -77.997  -31.770 0.5000000000
11759  -36.859  -70.575  -27.031 0.3000000119
8235  -27.400  -75.029  -32.435 0.6000000238
6182  -32.094  -78.057  -30.831 0.5000000000
11813  -35.755  -70.496  -32.841 0.3000000119
7541  -33.083  -75.957  -35.200 0.5000000000
12526  -36.985  -69.790  -28.309 0.3000000119
6822  -31.588  -77.507  -30.364 0.5000000000
8266  -32.081  -76.072  -38.794 0.4000000060
10329  -39.876  -72.561  -29.560 0.3000000119
10392  -28.325  -72.930  -35.280 0.6000000238
11111  -24.863  -71.598  -35.858 0.6999999881
11843  -27.392  -70.663  -35.379 0.6000000238
12583  -28.718  -69.073  -34.352 0.6000000238
10384  -30.394  -72.025  -34.686 0.6000000238
11849  -31.519  -69.749  -37.299 0.5000000000
8965  -35.104  -74.039  -39.534 0.4000000060
11832  -31.430  -70.584  -34.251 0.6000000238
111945  -31.747  -69.848  -35.022 0.5000000000
11812  -30.806  -70.440  -32.713 0.6000000238
15162  -34.234  -66.380  -34.304 0.4000000060
13444  -23.914  -69.004  -33.856 0.6000000238
14308  -26.997  -67.629  -34.324 0.6999999881
17647  -25.038  -63.214  -28.954 0.6000000238
11860  -32.553  -70.607  -38.475 0.4000000060
13459  -32.971  -67.969  -36.690 0.4000000060
16805  -36.327  -64.551  -34.347 0.4000000060
14269  -34.367  -67.133  -30.704 0.4000000060
12594  -23.178  -69.304  -33.830 0.6000000238
16765  -26.163  -64.352  -28.920 0.6000000238
11864  -36.522  -70.586  -38.932 0.5000000000
120060  -26.176  -62.725  -32.383 0.5000000000
14221  -28.864  -67.261  -27.724 0.6000000238
16789  -25.285  -64.198  -32.296 0.4000000060
15161  -28.463  -66.485  -33.409 0.5000000000
15178  -34.144  -66.357  -36.229 0.5000000000
113761  -28.762  -65.305  -31.374 0.6000000238
15987  -28.387  -65.866  -33.080 0.5000000000
14150  -19.894  -66.779  -21.278 0.6000000238
16666  -17.595  -64.612  -19.653 0.5000000000
14993  -23.701  -66.615  -21.643 0.5000000000
15835  -21.544  -65.454  -21.610 0.6000000238
15836  -22.389  -65.825  -21.278 0.6000000238
14979  -24.831  -66.624  -20.540 0.6000000238
15819  -20.146  -65.042  -19.522 0.6000000238
16677  -16.623  -64.739  -21.373 0.5000000000
112269  -27.110  -66.258  -19.963 0.5000000000
18417  -23.403  -62.441  -20.254 0.6000000238
18453  -17.834  -62.800  -22.109 0.5000000000
19313  -23.383  -61.591  -21.437 0.6000000238
22760  -17.960  -58.057  -27.092 0.3000000119
17540  -26.483  -63.482  -19.954 0.5000000000
20160  -21.182  -60.597  -23.982 0.3000000119
19275  -28.868  -61.985  -19.380 0.4000000060
19295  -28.348  -61.520  -19.697 0.4000000060
20161  -22.258  -60.493  -24.097 0.4000000060
115125  -21.290  -59.985  -25.320 0.3000000119
20163  -26.045  -61.061  -24.063 0.5000000000
20122  -30.411  -60.225  -19.940 0.4000000060
112906  -21.083  -54.686  -24.704 0.3000000119
21938  -22.960  -58.164  -27.794 0.3000000119
20980  -27.441  -59.593  -21.332 0.4000000060
123820  -25.701  -60.322  -24.807 0.3000000119
23604  -23.976  -56.989  -26.928 0.3000000119
20998  -26.365  -59.761  -23.564 0.4000000060
27183  -22.023  -52.024  -24.637 0.3000000119
24417  -23.894  -56.215  -26.035 0.3000000119
21863  -27.653  -58.692  -21.345 0.4000000060
24396  -23.995  -55.363  -24.748 0.3000000119
115599  -29.029  -78.655  -27.182 0.5000000000
5532  -29.653  -78.804  -27.671 0.5000000000
6133  -30.440  -78.292  -27.706 0.5000000000
6144  -31.156  -78.398  -28.237 0.4000000060
6775  -28.358  -77.560  -25.999 0.5000000000
6776  -29.180  -77.511  -26.612 0.5000000000
6791  -30.271  -77.482  -27.531 0.5000000000
6801  -30.933  -77.601  -28.054 0.5000000000
6802  -31.401  -77.804  -28.608 0.4000000060
7441  -27.797  -76.135  -25.338 0.4000000060
8159  -28.542  -76.081  -25.988 0.5000000000
113676  -29.491  -76.249  -27.524 0.5000000000
6811  -30.954  -77.059  -28.863 0.4000000060
8158  -28.193  -75.434  -25.748 0.5000000000
113222  -28.551  -75.304  -26.521 0.5000000000
7464  -29.436  -76.752  -26.951 0.5000000000
8860  -28.363  -74.463  -27.110 0.5000000000
8180  -29.131  -75.745  -27.986 0.5000000000
8168  -28.686  -75.255  -27.578 0.5000000000
8179  -28.581  -75.359  -28.604 0.5000000000
7485  -28.966  -76.037  -29.615 0.4000000060
8847  -28.100  -74.595  -26.081 0.5000000000
8873  -28.315  -74.590  -28.218 0.5000000000
8885  -28.172  -74.903  -29.213 0.5000000000
8193  -28.500  -75.614  -29.565 0.5000000000
9605  -24.932  -73.195  -29.664 0.5000000000
110723  -27.356  -72.680  -26.802 0.5000000000
10300  -27.254  -72.120  -27.362 0.5000000000
10312  -27.609  -72.012  -28.092 0.5000000000
11036  -27.330  -71.724  -28.763 0.5000000000
9594  -27.965  -72.673  -28.414 0.5000000000
9607  -27.953  -72.530  -29.336 0.5000000000
110906  -28.092  -73.712  -29.010 0.5000000000
8206  -27.904  -75.021  -30.625 0.5000000000
10326  -25.542  -72.241  -29.660 0.5000000000
10340  -25.109  -72.428  -30.514 0.5000000000
10352  -23.293  -72.364  -31.951 0.5000000000
11069  -26.369  -71.713  -29.902 0.5000000000
10353  -25.255  -72.147  -31.350 0.5000000000
10362  -22.942  -71.916  -32.935 0.5000000000
11054  -27.179  -71.687  -29.966 0.5000000000
10354  -26.058  -71.962  -31.347 0.5000000000
114628  -25.360  -72.123  -32.059 0.5000000000
10356  -27.698  -72.783  -31.046 0.5000000000
10355  -26.916  -72.108  -31.370 0.5000000000
9621  -28.054  -73.227  -30.111 0.5000000000
113686  -27.967  -73.967  -30.881 0.5000000000
8915  -27.746  -74.758  -31.592 0.5000000000
12593  -22.298  -69.620  -33.758 0.5000000000
11828  -22.259  -70.563  -34.114 0.6000000238
10373  -23.717  -72.040  -33.012 0.5000000000
10371  -22.283  -71.917  -34.730 0.5000000000
10374  -24.655  -72.286  -32.914 0.5000000000
9649  -22.887  -72.800  -34.735 0.5000000000
9644  -26.590  -73.339  -32.642 0.5000000000
9643  -25.654  -72.678  -32.771 0.5000000000
9636  -27.677  -73.685  -31.607 0.5000000000
13434  -22.465  -68.671  -33.039 0.5000000000
13443  -22.733  -68.887  -33.414 0.5000000000
11108  -22.729  -71.119  -34.853 0.6000000238
16771  -20.091  -64.106  -30.021 0.5000000000
110148  -21.104  -63.010  -29.603 0.6000000238
17642  -19.831  -63.770  -29.192 0.5000000000
17643  -20.786  -63.152  -28.636 0.5000000000
113163  -21.614  -62.976  -28.779 0.6000000238
17629  -21.275  -63.379  -27.909 0.6000000238
16762  -20.117  -63.470  -28.474 0.5000000000
16751  -20.865  -63.857  -27.230 0.6000000238
16737  -20.259  -64.081  -26.487 0.5000000000
16752  -21.820  -64.089  -27.321 0.6000000238
126587  -21.367  -64.585  -26.480 0.6000000238
16722  -19.629  -64.273  -25.727 0.5000000000
16723  -20.569  -64.637  -25.687 0.6000000238
109082  -22.170  -65.124  -26.142 0.6000000238
113240  -19.114  -64.534  -25.014 0.5000000000
15855  -18.546  -65.860  -23.906 0.5000000000
15020  -18.968  -66.400  -23.191 0.6000000238
14158  -20.430  -67.641  -21.868 0.6000000238
14169  -20.082  -67.945  -22.919 0.5000000000
16710  -19.408  -64.826  -24.286 0.6000000238
110854  -19.958  -64.588  -24.901 0.5000000000
14157  -19.499  -66.967  -22.477 0.5000000000
14145  -20.172  -67.015  -19.954 0.6000000238
113223  -19.137  -66.635  -18.867 0.6000000238
12542  -36.698  -70.020  -29.218 0.3000000119
107837  -37.903  -69.492  -29.908 0.3000000119
11799  -35.968  -70.405  -30.799 0.3000000119
128874  -39.614  -68.952  -31.421 0.3000000119
11806  -36.392  -70.187  -31.663 0.3000000119
11800  -36.374  -70.267  -30.041 0.3000000119
11788  -36.041  -70.380  -29.333 0.3000000119
7486  -29.613  -76.162  -29.225 0.4000000060
10380  -22.648  -72.566  -35.279 0.5000000000
17668  -22.280  -62.734  -30.825 0.5000000000
7474  -30.467  -76.880  -28.101 0.4000000060
7473  -29.773  -76.231  -28.263 0.5000000000
8872  -28.125  -73.582  -27.804 0.5000000000
9593  -25.369  -72.833  -28.188 0.5000000000
10311  -25.978  -72.105  -28.241 0.5000000000
9620  -24.482  -73.131  -30.447 0.5000000000
10339  -24.404  -72.481  -31.308 0.5000000000
10341  -25.840  -71.892  -30.607 0.5000000000
109315  -23.040  -72.192  -33.772 0.5000000000
12556  -37.135  -69.906  -30.006 0.3000000119
109063  -37.007  -69.898  -32.273 0.3000000119
12558  -38.264  -69.423  -30.808 0.3000000119
12557  -37.520  -69.731  -30.787 0.3000000119
11807  -37.204  -69.843  -31.596 0.3000000119
12568  -38.515  -69.468  -31.691 0.3000000119
22706  -30.297  -57.498  -21.097 0.3000000119
4501  -37.442  -80.881  -32.819 0.5000000000
5064  -37.716  -80.248  -32.419 0.6000000238
5082  -37.481  -80.336  -33.851 0.5000000000
5610  -33.784  -79.374  -35.863 0.6999999881
5613  -32.125  -79.501  -36.462 0.6999999881
5614  -32.997  -79.611  -36.171 0.6999999881
5616  -29.653  -79.144  -37.291 0.5000000000
5617  -30.608  -79.173  -37.252 0.6000000238
5619  -30.142  -78.574  -37.669 0.5000000000
6120  -28.767  -78.221  -26.638 0.5000000000
6132  -29.628  -78.084  -27.131 0.5000000000
6168  -32.548  -78.900  -30.447 0.5000000000
6186  -38.258  -78.627  -32.612 0.5000000000
6195  -32.570  -78.318  -32.149 0.6000000238
6198  -38.323  -78.248  -33.361 0.5000000000
6203  -29.192  -77.884  -34.266 0.6000000238
6205  -31.672  -78.558  -33.589 0.6000000238
6227  -34.765  -78.491  -36.104 0.6999999881
6228  -27.558  -78.214  -36.867 0.5000000000
6229  -28.195  -78.699  -36.768 0.5000000000
6230  -29.036  -79.078  -36.747 0.5000000000
6233  -33.569  -79.065  -36.801 0.6999999881
6235  -35.100  -78.095  -36.128 0.8000000119
6236  -27.603  -77.749  -37.463 0.5000000000
6239  -30.924  -78.651  -37.400 0.6000000238
6759  -27.656  -77.019  -25.509 0.5000000000
6760  -28.283  -76.759  -25.704 0.5000000000
6790  -29.731  -77.334  -27.104 0.5000000000
6812  -31.567  -77.625  -29.386 0.4000000060
6850  -28.123  -76.754  -33.302 0.6000000238
6862  -30.340  -77.771  -32.985 0.6000000238
6864  -26.703  -77.110  -35.319 0.6999999881
6865  -27.354  -77.441  -34.858 0.6000000238
6866  -28.196  -77.764  -34.592 0.6000000238
6872  -34.252  -77.831  -36.430 0.6999999881
6875  -26.687  -77.281  -36.592 0.6000000238
6876  -27.088  -77.811  -36.364 0.5000000000
6882  -29.398  -77.946  -38.023 0.5000000000
6884  -30.812  -77.860  -37.572 0.6000000238
7453  -28.893  -76.793  -26.267 0.5000000000
7463  -29.048  -75.988  -26.944 0.5000000000
7487  -30.248  -76.548  -29.573 0.5000000000
7490  -40.631  -77.001  -30.758 0.3000000119
7496  -28.690  -76.010  -30.138 0.5000000000
7537  -37.681  -76.898  -34.233 0.5000000000
7539  -25.490  -76.123  -35.416 0.6000000238
7540  -26.243  -76.545  -35.001 0.6999999881
7545  -37.016  -76.719  -34.519 0.6000000238
7552  -35.681  -77.121  -35.779 0.6999999881
7553  -25.648  -76.104  -36.322 0.6000000238
7554  -26.175  -76.658  -36.175 0.5000000000
7556  -31.859  -77.137  -36.407 0.6000000238
7563  -29.648  -76.708  -38.950 0.5000000000
7564  -30.402  -76.934  -38.985 0.5000000000
8192  -28.069  -75.172  -29.935 0.5000000000
8194  -29.038  -75.852  -28.885 0.5000000000
8207  -28.249  -75.657  -30.384 0.5000000000
8208  -36.302  -75.016  -30.731 0.5000000000
8209  -37.003  -75.465  -31.318 0.5000000000
8225  -37.149  -75.202  -32.183 0.5000000000
8249  -24.203  -75.359  -35.494 0.6000000238
8253  -34.755  -75.728  -34.588 0.5000000000
8255  -36.783  -75.988  -34.287 0.6000000238
8257  -24.780  -75.734  -35.708 0.6999999881
8260  -24.464  -75.315  -36.222 0.6000000238
8261  -24.836  -75.724  -36.064 0.6000000238
8267  -29.102  -76.005  -38.749 0.5000000000
8272  -30.398  -75.673  -39.647 0.5000000000
8273  -30.761  -76.349  -39.891 0.5000000000
8274  -31.425  -76.401  -40.065 0.4000000060
8859  -27.841  -73.524  -26.667 0.5000000000
8884  -28.052  -74.378  -29.974 0.5000000000
8926  -35.774  -74.617  -32.534 0.5000000000
8931  -25.903  -74.750  -33.806 0.6000000238
8939  -23.677  -74.743  -35.217 0.6000000238
8941  -32.852  -74.437  -34.400 0.4000000060
8942  -33.288  -74.748  -34.058 0.4000000060
8945  -32.334  -74.811  -36.054 0.4000000060
8946  -23.976  -74.892  -36.209 0.6000000238
8951  -28.638  -74.279  -37.150 0.5000000000
8956  -29.006  -74.682  -38.180 0.5000000000
8958  -32.870  -75.394  -38.845 0.4000000060
8960  -28.778  -75.430  -38.396 0.5000000000
8963  -33.314  -75.307  -39.824 0.4000000060
8964  -34.370  -74.243  -39.773 0.4000000060
8966  -31.217  -75.728  -40.143 0.4000000060
9575  -36.156  -73.412  -26.477 0.3000000119
9584  -27.761  -72.674  -27.482 0.5000000000
9585  -34.406  -73.105  -27.541 0.3000000119
9587  -38.260  -73.472  -28.123 0.3000000119
9606  -25.245  -72.847  -29.028 0.5000000000
9610  -40.295  -73.109  -30.041 0.3000000119
9622  -34.931  -73.328  -30.510 0.5000000000
9624  -40.773  -73.813  -30.548 0.3000000119
9635  -27.205  -72.967  -31.938 0.5000000000
9645  -27.376  -74.042  -32.322 0.6999999881
9650  -23.750  -72.767  -33.927 0.5000000000
9658  -23.560  -74.236  -36.074 0.6000000238
9660  -28.625  -73.396  -35.820 0.6000000238
9664  -24.195  -74.196  -36.415 0.6000000238
9665  -25.127  -74.085  -36.671 0.6000000238
9671  -33.218  -74.053  -37.068 0.4000000060
9676  -36.321  -74.078  -38.781 0.4000000060
9688  -31.222  -74.599  -39.747 0.4000000060
9690  -33.296  -73.987  -40.127 0.4000000060
9693  -35.814  -73.918  -39.523 0.4000000060
9694  -36.751  -73.911  -39.415 0.4000000060
9695  -37.579  -73.914  -39.280 0.4000000060
10292  -35.184  -72.416  -26.742 0.3000000119
10295  -37.413  -71.990  -26.734 0.3000000119
10299  -26.540  -72.058  -27.529 0.5000000000
10327  -27.610  -71.881  -29.413 0.5000000000
10328  -34.613  -72.497  -29.296 0.4000000060
10342  -27.300  -71.968  -30.699 0.5000000000
10343  -27.752  -72.216  -30.143 0.5000000000
10363  -24.239  -72.184  -32.203 0.5000000000
10364  -26.323  -72.372  -32.057 0.5000000000
10365  -33.813  -72.913  -32.616 0.4000000060
10372  -22.435  -72.030  -34.251 0.5000000000
10375  -29.890  -72.068  -34.038 0.6000000238
10376  -33.619  -72.983  -33.442 0.3000000119
10379  -22.360  -71.878  -35.065 0.5000000000
10383  -29.589  -72.521  -34.592 0.6000000238
10395  -33.831  -72.971  -35.632 0.3000000119
10396  -34.724  -72.387  -35.595 0.3000000119
10398  -23.675  -73.461  -36.201 0.6000000238
10410  -30.245  -72.594  -37.739 0.5000000000
10412  -35.778  -73.447  -37.777 0.4000000060
10424  -32.234  -73.475  -39.654 0.4000000060
10428  -35.428  -73.289  -39.717 0.4000000060
11011  -36.296  -71.620  -26.640 0.3000000119
11012  -37.035  -71.514  -26.619 0.3000000119
11019  -27.134  -71.772  -27.986 0.5000000000
11020  -34.873  -72.037  -27.120 0.3000000119
11035  -26.674  -71.733  -28.449 0.5000000000
11037  -34.670  -71.834  -27.879 0.4000000060
11052  -26.151  -71.873  -29.059 0.5000000000
11053  -26.859  -71.604  -29.262 0.5000000000
11077  -26.635  -71.783  -30.685 0.5000000000
11083  -22.111  -71.723  -33.432 0.5000000000
11086  -35.046  -70.838  -32.202 0.3000000119
11091  -28.992  -71.286  -33.626 0.6000000238
11092  -29.709  -71.547  -33.585 0.6000000238
11093  -30.350  -71.591  -33.800 0.6000000238
11110  -23.748  -71.802  -35.811 0.6999999881
11115  -30.904  -71.358  -35.210 0.6000000238
11121  -30.390  -72.258  -36.718 0.6000000238
11138  -35.176  -71.314  -39.282 0.5000000000
11144  -33.024  -72.181  -39.312 0.5000000000
11773  -35.601  -70.678  -27.895 0.3000000119
11787  -35.516  -70.704  -28.901 0.3000000119
11810  -29.211  -70.216  -32.817 0.5000000000
11818  -28.598  -70.636  -34.033 0.6000000238
11830  -27.966  -69.749  -35.262 0.6000000238
11839  -23.536  -71.101  -35.334 0.6999999881
11842  -26.436  -70.597  -35.527 0.6999999881
11852  -31.209  -70.373  -37.738 0.4000000060
11863  -35.521  -70.493  -38.882 0.5000000000
12511  -37.087  -70.033  -27.540 0.3000000119
12543  -37.424  -69.558  -29.116 0.3000000119
12554  -30.284  -69.011  -30.785 0.5000000000
12559  -39.139  -69.131  -30.936 0.3000000119
12566  -31.898  -69.285  -31.494 0.6000000238
12567  -37.780  -69.711  -32.290 0.3000000119
12575  -32.157  -69.347  -32.602 0.6000000238
12596  -25.579  -69.452  -34.822 0.6999999881
12598  -27.389  -69.054  -34.937 0.6000000238
12607  -26.026  -69.962  -35.216 0.6999999881
12621  -32.266  -69.351  -37.523 0.5000000000
12624  -35.137  -69.039  -38.008 0.4000000060
13326  -27.043  -68.285  -25.062 0.6999999881
13327  -27.855  -68.497  -24.833 0.5000000000
13341  -27.459  -68.537  -25.673 0.6999999881
13352  -27.082  -68.393  -26.405 0.6000000238
13353  -27.941  -68.505  -26.455 0.6000000238
13355  -29.871  -68.216  -26.266 0.5000000000
13404  -30.055  -68.332  -30.832 0.5000000000
13406  -31.427  -68.331  -30.076 0.5000000000
13415  -31.737  -68.886  -30.636 0.5000000000
13416  -32.544  -68.709  -31.029 0.5000000000
13417  -33.298  -68.313  -31.649 0.6000000238
13423  -23.348  -68.353  -32.678 0.5000000000
13425  -29.207  -68.823  -32.161 0.6000000238
13435  -23.271  -68.529  -33.241 0.5000000000
13437  -28.779  -68.402  -34.059 0.5000000000
13438  -32.759  -68.689  -33.284 0.6000000238
13445  -24.650  -68.585  -33.859 0.6000000238
13447  -26.745  -68.445  -34.596 0.6999999881
13451  -32.929  -67.567  -35.409 0.5000000000
13456  -32.818  -67.672  -36.016 0.4000000060
13469  -33.476  -68.481  -37.306 0.4000000060
14159  -27.366  -67.178  -22.903 0.5000000000
14171  -27.767  -67.606  -23.455 0.5000000000
14173  -29.447  -67.449  -23.473 0.5000000000
14209  -25.664  -67.025  -26.472 0.6000000238
14211  -28.404  -67.996  -27.138 0.6000000238
14219  -26.869  -67.310  -27.586 0.6000000238
14251  -32.723  -66.847  -29.366 0.5000000000
14276  -29.979  -67.041  -31.056 0.6000000238
14278  -34.393  -67.356  -31.922 0.6000000238
14287  -25.665  -66.740  -32.711 0.5000000000
14288  -29.119  -67.772  -32.548 0.6000000238
14297  -24.648  -68.118  -33.434 0.6000000238
14299  -26.800  -67.031  -33.868 0.6000000238
14301  -28.911  -66.697  -32.883 0.6000000238
14302  -33.602  -67.192  -34.212 0.6000000238
14309  -27.769  -67.509  -34.353 0.6000000238
14319  -33.353  -67.337  -36.289 0.4000000060
14320  -34.018  -67.065  -36.515 0.4000000060
14321  -34.934  -66.866  -36.494 0.4000000060
14962  -25.076  -66.286  -19.932 0.6000000238
14964  -26.419  -66.117  -19.732 0.6000000238
14982  -27.780  -65.910  -19.932 0.5000000000
14983  -28.299  -66.156  -20.781 0.5000000000
14994  -24.582  -66.784  -21.433 0.5000000000
15007  -22.756  -66.267  -22.824 0.6000000238
15012  -28.522  -66.776  -22.219 0.5000000000
15021  -23.441  -66.396  -23.394 0.6000000238
15022  -24.868  -66.413  -23.200 0.6000000238
15024  -26.270  -66.814  -23.454 0.4000000060
15046  -25.267  -66.427  -25.721 0.6000000238
15059  -25.986  -66.949  -27.229 0.6000000238
15071  -28.368  -66.656  -28.213 0.6000000238
15072  -29.250  -66.641  -28.274 0.6000000238
15073  -30.094  -66.610  -28.345 0.6000000238
15074  -31.557  -66.736  -27.750 0.6000000238
15093  -32.775  -66.368  -28.387 0.5000000000
15111  -29.973  -65.888  -29.765 0.6000000238
15112  -30.638  -66.282  -29.831 0.6000000238
15143  -35.630  -66.449  -31.481 0.5000000000
15150  -28.648  -65.995  -32.864 0.6000000238
15152  -34.811  -66.992  -32.773 0.6000000238
15160  -28.012  -66.263  -33.617 0.6000000238
15163  -34.974  -66.410  -33.704 0.4000000060
15166  -27.536  -66.978  -34.038 0.6000000238
15179  -34.645  -65.963  -36.111 0.5000000000
15801  -17.828  -65.781  -18.759 0.5000000000
15803  -19.431  -65.066  -19.039 0.5000000000
15807  -25.901  -65.533  -19.508 0.6999999881
15808  -26.710  -65.445  -19.435 0.5000000000
15809  -27.508  -65.243  -19.427 0.5000000000
15820  -21.941  -65.354  -20.556 0.6000000238
15837  -23.154  -66.253  -20.968 0.6000000238
15847  -19.617  -65.766  -21.614 0.6000000238
15848  -21.594  -65.526  -22.537 0.6000000238
15872  -24.910  -66.093  -25.101 0.6999999881
15885  -21.716  -65.531  -24.768 0.6999999881
15913  -26.077  -65.803  -28.098 0.6000000238
15914  -26.975  -65.957  -28.429 0.5000000000
15939  -27.789  -64.857  -29.607 0.6999999881
15940  -28.561  -65.202  -29.961 0.6000000238
15956  -29.425  -65.829  -31.049 0.6000000238
15970  -28.945  -65.773  -31.834 0.6000000238
15971  -36.875  -65.812  -31.817 0.5000000000
15978  -28.451  -65.575  -32.686 0.6000000238
15979  -28.675  -65.764  -32.451 0.6000000238
15982  -37.373  -65.239  -32.379 0.4000000060
15985  -27.495  -65.759  -33.317 0.6000000238
15986  -27.981  -65.503  -33.132 0.5000000000
15988  -34.575  -65.819  -34.608 0.4000000060
15994  -35.051  -65.314  -34.873 0.4000000060
16656  -25.459  -64.799  -19.526 0.6999999881
16657  -26.301  -64.880  -19.417 0.6000000238
16659  -28.235  -64.680  -19.423 0.5000000000
16667  -20.563  -64.686  -19.632 0.6000000238
16678  -17.307  -64.114  -20.723 0.5000000000
16687  -19.744  -65.348  -22.539 0.6999999881
16700  -20.073  -65.048  -23.134 0.6999999881
16711  -20.226  -64.935  -23.978 0.6999999881
16738  -22.427  -64.700  -26.781 0.6999999881
16739  -23.857  -65.097  -26.845 0.6999999881
16755  -24.866  -64.769  -27.927 0.6000000238
16770  -19.381  -64.255  -29.585 0.5000000000
16772  -26.538  -63.711  -29.625 0.6000000238
16782  -28.277  -64.562  -31.325 0.6000000238
16795  -25.293  -63.318  -32.433 0.5000000000
16797  -26.670  -63.927  -32.713 0.6000000238
16799  -28.161  -64.890  -32.481 0.6000000238
16804  -28.253  -65.394  -32.815 0.6000000238
16806  -37.706  -64.496  -32.955 0.4000000060
16816  -35.995  -64.401  -34.932 0.4000000060
17521  -18.970  -63.619  -19.387 0.5000000000
17529  -27.285  -63.702  -19.487 0.5000000000
17539  -25.761  -63.351  -20.302 0.6000000238
17560  -17.176  -63.311  -22.460 0.5000000000
17628  -20.572  -63.451  -27.905 0.5000000000
17630  -22.192  -63.448  -27.988 0.6000000238
17631  -23.120  -63.564  -28.054 0.6000000238
17644  -22.557  -62.849  -28.751 0.6000000238
17645  -23.496  -62.905  -28.696 0.6000000238
17648  -25.782  -63.452  -29.266 0.6000000238
17657  -20.374  -63.406  -29.387 0.5000000000
17658  -22.016  -62.512  -29.825 0.5000000000
17659  -24.603  -62.449  -29.519 0.6000000238
17666  -20.763  -63.649  -30.301 0.5000000000
17670  -25.458  -62.081  -30.957 0.5000000000
17671  -26.344  -62.518  -31.177 0.5000000000
17672  -27.077  -63.117  -31.219 0.6000000238
17676  -22.773  -63.082  -31.372 0.6000000238
17679  -25.486  -62.671  -32.234 0.5000000000
17680  -26.642  -62.697  -31.989 0.5000000000
17681  -27.300  -63.279  -32.025 0.6000000238
17685  -26.072  -63.207  -32.598 0.4000000060
17687  -27.339  -63.603  -32.426 0.6000000238
18401  -22.333  -62.962  -19.586 0.6000000238
18412  -19.330  -62.336  -20.459 0.6000000238
18414  -20.597  -62.056  -19.893 0.6000000238
18418  -24.360  -62.667  -20.621 0.6000000238
18434  -19.145  -62.072  -21.344 0.5000000000
18438  -26.213  -61.897  -21.821 0.5000000000
18455  -19.015  -61.848  -22.211 0.4000000060
18456  -25.176  -61.833  -22.085 0.5000000000
18545  -22.814  -62.139  -30.477 0.6000000238
18546  -23.448  -61.990  -30.148 0.6000000238
18548  -24.829  -62.043  -30.342 0.6000000238
18560  -23.621  -62.035  -30.936 0.6000000238
18570  -24.239  -62.299  -31.442 0.5000000000
18571  -24.994  -62.189  -31.720 0.5000000000
19274  -28.010  -62.198  -19.597 0.5000000000
19293  -22.942  -61.785  -20.601 0.6999999881
19312  -22.042  -61.221  -21.611 0.5000000000
19316  -27.019  -61.185  -21.360 0.4000000060
19331  -20.467  -61.305  -22.020 0.5000000000
19334  -23.759  -61.457  -22.446 0.6000000238
19338  -26.786  -60.895  -22.379 0.5000000000
19352  -18.886  -61.641  -23.104 0.4000000060
19356  -22.724  -60.930  -23.356 0.4000000060
19359  -26.003  -61.386  -23.503 0.5000000000
20120  -28.184  -60.850  -20.101 0.4000000060
20121  -29.566  -60.236  -19.814 0.4000000060
20169  -20.746  -60.402  -24.794 0.3000000119
20173  -24.946  -60.937  -24.705 0.4000000060
20174  -25.629  -60.913  -24.617 0.4000000060
20184  -22.855  -59.722  -25.513 0.3000000119
20186  -24.656  -60.302  -25.112 0.3000000119
20187  -25.265  -60.546  -24.959 0.3000000119
20203  -20.248  -60.062  -27.992 0.3000000119
20207  -19.155  -60.279  -28.857 0.4000000060
20968  -30.785  -59.525  -20.351 0.4000000060
20988  -26.623  -59.367  -22.651 0.3000000119
21005  -25.607  -59.500  -24.725 0.3000000119
21006  -26.102  -60.024  -24.325 0.3000000119
21012  -21.821  -59.350  -26.804 0.3000000119
21026  -23.957  -58.661  -26.262 0.3000000119
21035  -21.749  -59.099  -27.638 0.3000000119
21036  -22.465  -58.730  -27.593 0.3000000119
21037  -23.109  -58.508  -27.291 0.3000000119
21045  -22.513  -58.456  -27.846 0.3000000119
21867  -31.706  -58.750  -21.007 0.3000000119
21913  -23.664  -58.282  -27.004 0.3000000119
21914  -24.063  -58.128  -26.722 0.3000000119
21924  -19.569  -59.197  -28.332 0.4000000060
21925  -22.897  -58.374  -27.624 0.3000000119
21927  -24.086  -58.038  -26.914 0.3000000119
21936  -21.262  -58.731  -28.156 0.4000000060
22704  -28.380  -57.925  -21.316 0.4000000060
22746  -24.714  -58.092  -25.194 0.3000000119
22762  -20.578  -57.851  -27.901 0.4000000060
22763  -24.037  -57.869  -27.060 0.3000000119
22771  -21.215  -58.251  -28.187 0.4000000060
22774  -23.527  -57.721  -27.595 0.3000000119
22775  -23.785  -57.398  -27.422 0.3000000119
23592  -23.992  -56.903  -26.839 0.3000000119
23600  -20.456  -56.842  -27.332 0.4000000060
23602  -22.937  -56.560  -27.856 0.4000000060
23603  -23.484  -55.987  -27.039 0.3000000119
23611  -22.859  -57.136  -28.090 0.3000000119
24395  -21.633  -55.156  -24.083 0.3000000119
24406  -23.885  -56.167  -25.307 0.3000000119
24415  -19.585  -55.093  -26.071 0.4000000060
24424  -22.365  -55.638  -27.515 0.4000000060
25338  -20.238  -54.554  -25.225 0.3000000119
25382  -23.331  -54.858  -26.543 0.3000000119
26285  -20.846  -54.015  -25.245 0.3000000119
26287  -22.174  -52.886  -24.459 0.3000000119
26308  -21.022  -53.445  -26.047 0.4000000060
26328  -22.456  -53.565  -26.674 0.3000000119
27210  -23.156  -52.214  -26.383 0.3000000119
107936  -37.852  -69.610  -31.445 0.3000000119
108001  -23.828  -56.230  -26.786 0.3000000119
109422  -25.631  -72.375  -28.847 0.5000000000
109584  -23.362  -57.180  -27.791 0.3000000119
109945  -19.030  -65.321  -23.854 0.5000000000
109971  -23.113  -63.905  -19.599 0.6999999881
110832  -28.844  -69.860  -33.648 0.6000000238
111233  -32.610  -74.576  -35.062 0.4000000060
111300  -17.315  -65.407  -19.418 0.5000000000
111456  -30.869  -77.057  -30.889 0.5000000000
111549  -40.237  -76.015  -30.222 0.3000000119
112164  -23.335  -53.874  -26.205 0.3000000119
112847  -35.609  -70.739  -29.953 0.4000000060
112888  -32.859  -67.801  -34.853 0.6000000238
113408  -26.222  -66.725  -21.016 0.5000000000
113585  -28.848  -78.898  -37.227 0.5000000000
113706  -27.257  -64.904  -32.966 0.6000000238
114200  -30.280  -76.529  -28.769 0.4000000060
114468  -22.980  -70.164  -34.240 0.6000000238
114496  -19.648  -54.844  -25.766 0.3000000119
114722  -36.405  -70.330  -27.650 0.3000000119
115151  -33.180  -67.871  -34.001 0.6000000238
116019  -31.109  -69.530  -31.341 0.5000000000
116082  -38.119  -79.824  -33.025 0.6000000238
116192  -29.078  -56.835  -21.543 0.3000000119
117050  -26.191  -68.055  -34.184 0.6999999881
117753  -23.050  -61.169  -22.744 0.5000000000
117784  -36.756  -70.047  -30.832 0.3000000119
117819  -31.011  -78.588  -33.946 0.6999999881
118063  -22.682  -57.853  -28.128 0.3000000119
118113  -34.539  -73.609  -26.980 0.3000000119
118317  -37.963  -72.915  -27.629 0.3000000119
118564  -35.135  -71.227  -33.945 0.3000000119
118694  -23.110  -73.520  -35.799 0.6000000238
118820  -26.698  -71.271  -35.673 0.6000000238
119437  -23.572  -64.322  -27.513 0.6999999881
119863  -28.812  -73.732  -36.426 0.6000000238
120646  -27.781  -72.039  -28.796 0.5000000000
121098  -23.043  -58.921  -26.773 0.3000000119
121897  -31.236  -79.113  -28.534 0.4000000060
122018  -29.930  -76.761  -27.540 0.5000000000
122237  -29.189  -76.863  -31.871 0.6000000238
122426  -23.714  -56.920  -27.267 0.3000000119
122912  -29.990  -69.678  -31.791 0.5000000000
123112  -31.143  -57.480  -21.127 0.3000000119
123261  -26.878  -66.991  -22.295 0.5000000000
124339  -29.004  -69.041  -33.697 0.5000000000
124432  -27.268  -71.686  -29.371 0.5000000000
124454  -26.320  -60.512  -23.860 0.4000000060
124895  -22.890  -53.966  -26.595 0.3000000119
125354  -23.378  -68.765  -33.485 0.6000000238
125512  -23.420  -70.459  -34.798 0.6999999881
126129  -37.959  -70.847  -26.881 0.3000000119
126270  -18.926  -56.953  -26.683 0.4000000060
126798  -19.632  -63.843  -19.252 0.6000000238
126849  -19.489  -59.877  -28.714 0.4000000060
127264  -18.710  -62.519  -20.986 0.4000000060
127367  -22.634  -61.437  -21.180 0.6000000238
128213  -33.611  -72.990  -34.934 0.3000000119
128286  -23.752  -56.344  -26.924 0.3000000119
128508  -21.931  -63.404  -19.513 0.6000000238
