#!ascii label  , from subject sub-v1s12x0050125_ses-1 vox2ras=TkReg
416
62367  -30.342  -12.144  -31.315 0.0000000000
66631  -27.987  -7.008  -31.485 0.0000000000
77320  -29.008  6.461  -31.596 0.0000000000
73292  -30.636  1.629  -34.223 0.0000000000
69061  -32.621  -3.475  -35.679 0.0000000000
127105  -35.752  -7.620  -32.714 0.0000000000
78731  -27.335  8.721  -31.880 0.0000000000
71584  -31.300  -1.359  -35.580 0.0000000000
69924  -30.586  -3.016  -31.886 0.0000000000
64043  -29.719  -10.150  -31.712 0.0000000000
65804  -32.106  -7.804  -33.166 0.0000000000
63201  -32.748  -10.382  -31.724 0.0000000000
58985  -25.427  -15.970  -29.770 0.0000000000
62379  -27.367  -11.288  -31.368 0.0000000000
82345  -25.098  14.216  -33.770 0.0000000000
81660  -28.090  12.659  -34.029 0.0000000000
121845  -29.020  10.764  -33.532 0.0000000000
78765  -30.411  8.263  -34.773 0.0000000000
117147  -30.624  5.875  -35.923 0.0000000000
75752  -30.460  4.306  -32.620 0.0000000000
119471  -30.508  3.781  -38.069 0.0000000000
73312  -31.731  0.614  -38.679 0.0000000000
71592  -32.928  -0.667  -36.070 0.0000000000
118509  -34.419  -2.015  -32.922 0.0000000000
67453  -31.385  -5.326  -32.887 0.0000000000
68236  -34.414  -5.206  -34.521 0.0000000000
70729  -29.488  -1.588  -31.488 0.0000000000
69923  -28.219  -2.531  -31.659 0.0000000000
63198  -29.651  -11.076  -31.681 0.0000000000
64045  -31.339  -10.078  -32.134 0.0000000000
63200  -31.227  -11.071  -32.023 0.0000000000
56427  -24.600  -18.584  -25.642 0.0000000000
57295  -24.714  -17.644  -26.918 0.0000000000
57314  -25.039  -17.059  -27.426 0.0000000000
63197  -26.936  -10.351  -31.449 0.0000000000
62377  -25.724  -11.323  -31.386 0.0000000000
80992  -28.368  11.378  -33.359 0.0000000000
78024  -28.339  7.635  -31.560 0.0000000000
78747  -29.345  8.431  -32.441 0.0000000000
78036  -29.976  7.152  -32.925 0.0000000000
126361  -30.477  7.628  -35.335 0.0000000000
77340  -30.334  6.389  -33.397 0.0000000000
74114  -30.545  2.655  -33.648 0.0000000000
113992  -30.470  3.341  -35.163 0.0000000000
74132  -30.340  2.133  -37.009 0.0000000000
74145  -30.548  2.249  -39.028 0.0000000000
73303  -30.437  0.825  -37.341 0.0000000000
69948  -31.988  -2.603  -35.965 0.0000000000
71591  -32.200  -1.364  -36.819 0.0000000000
70773  -32.685  -2.484  -36.181 0.0000000000
70757  -33.817  -1.395  -34.387 0.0000000000
69950  -33.811  -2.835  -35.329 0.0000000000
122419  -27.914  -6.205  -31.614 0.0000000000
68214  -28.739  -4.701  -31.547 0.0000000000
117384  -29.725  -6.167  -31.443 0.0000000000
65806  -33.451  -8.696  -33.883 0.0000000000
66648  -32.983  -6.932  -34.786 0.0000000000
66642  -35.442  -6.742  -33.452 0.0000000000
68226  -35.163  -4.508  -32.590 0.0000000000
67445  -35.868  -5.817  -32.129 0.0000000000
58986  -26.229  -15.440  -29.504 0.0000000000
59808  -25.739  -14.910  -30.730 0.0000000000
59800  -26.788  -14.945  -30.118 0.0000000000
60701  -27.338  -13.529  -30.807 0.0000000000
110858  -30.435  0.758  -32.544 0.0000000000
72445  -30.954  -0.428  -35.463 0.0000000000
71566  -31.144  -0.769  -33.454 0.0000000000
70756  -31.490  -1.795  -33.909 0.0000000000
69925  -31.631  -3.135  -33.537 0.0000000000
123069  -29.027  -8.727  -31.472 0.0000000000
65791  -30.693  -7.728  -31.818 0.0000000000
64910  -30.610  -8.671  -31.873 0.0000000000
64912  -32.172  -9.424  -32.385 0.0000000000
64913  -33.803  -9.263  -32.265 0.0000000000
58148  -25.439  -16.442  -27.999 0.0000000000
64908  -27.559  -8.343  -31.475 0.0000000000
107502  -28.098  -9.755  -31.379 0.0000000000
126437  -28.209  -11.147  -31.298 0.0000000000
124131  -28.912  -11.923  -31.222 0.0000000000
83062  -25.819  15.689  -34.618 0.0000000000
81656  -25.207  13.372  -33.538 0.0000000000
124644  -26.113  13.395  -33.657 0.0000000000
81664  -28.369  13.121  -35.026 0.0000000000
81000  -29.223  11.608  -35.782 0.0000000000
115917  -29.356  10.771  -36.155 0.0000000000
79495  -28.389  9.761  -32.334 0.0000000000
79503  -29.909  9.288  -33.898 0.0000000000
78771  -29.511  8.984  -36.590 0.0000000000
78779  -29.783  7.846  -36.822 0.0000000000
78067  -30.091  6.996  -37.039 0.0000000000
77359  -30.491  5.431  -38.420 0.0000000000
120417  -29.938  5.190  -31.919 0.0000000000
76595  -30.450  5.107  -34.070 0.0000000000
76598  -30.717  4.894  -36.600 0.0000000000
76610  -30.608  4.922  -38.618 0.0000000000
75786  -31.417  4.408  -38.750 0.0000000000
114082  -32.817  2.650  -36.744 0.0000000000
71600  -31.441  -0.671  -37.482 0.0000000000
72460  -32.253  -0.099  -37.436 0.0000000000
69026  -28.260  -3.992  -31.671 0.0000000000
69042  -31.021  -3.782  -32.244 0.0000000000
68235  -32.214  -4.644  -34.558 0.0000000000
66641  -31.856  -6.904  -33.451 0.0000000000
67471  -32.970  -6.010  -35.028 0.0000000000
114669  -33.338  -4.514  -35.273 0.0000000000
69056  -34.535  -3.652  -33.764 0.0000000000
69926  -34.617  -2.664  -32.404 0.0000000000
61531  -26.669  -12.646  -31.331 0.0000000000
61523  -27.521  -12.907  -31.044 0.0000000000
61512  -29.121  -12.438  -30.426 0.0000000000
62382  -30.282  -11.592  -31.786 0.0000000000
62383  -30.899  -11.783  -31.717 0.0000000000
62355  -31.077  -12.033  -31.217 0.0000000000
108239  -24.383  -18.364  -26.640 0.0000000000
56428  -24.904  -17.755  -25.921 0.0000000000
117848  -28.513  6.963  -31.538 0.0000000000
78035  -29.428  7.607  -32.303 0.0000000000
77330  -29.571  6.628  -32.164 0.0000000000
115600  -30.467  7.167  -33.807 0.0000000000
77331  -30.040  6.328  -32.707 0.0000000000
73276  -30.229  1.820  -32.481 0.0000000000
119321  -30.533  2.021  -33.244 0.0000000000
74119  -30.511  2.542  -34.677 0.0000000000
73297  -30.528  1.620  -35.373 0.0000000000
123505  -30.412  1.565  -36.299 0.0000000000
118642  -30.539  0.702  -36.296 0.0000000000
69960  -32.339  -2.908  -36.070 0.0000000000
69959  -32.139  -2.516  -36.299 0.0000000000
119688  -33.419  -2.507  -35.746 0.0000000000
69961  -33.031  -3.050  -35.940 0.0000000000
66632  -28.807  -6.292  -31.421 0.0000000000
128997  -29.431  -6.665  -31.412 0.0000000000
122306  -34.440  -8.345  -33.577 0.0000000000
65818  -34.086  -7.930  -34.266 0.0000000000
65807  -35.193  -7.573  -33.434 0.0000000000
67455  -35.590  -6.062  -33.023 0.0000000000
65808  -36.007  -6.879  -32.549 0.0000000000
66635  -36.062  -6.311  -31.461 0.0000000000
65794  -36.062  -7.700  -32.101 0.0000000000
72412  -30.150  0.260  -31.990 0.0000000000
119392  -30.707  -0.211  -32.527 0.0000000000
71551  -30.346  -0.577  -31.918 0.0000000000
70746  -30.085  -2.273  -31.617 0.0000000000
70730  -30.323  -1.424  -31.732 0.0000000000
70747  -30.883  -2.187  -32.082 0.0000000000
116698  -31.635  -2.606  -34.002 0.0000000000
111170  -31.266  -3.011  -32.541 0.0000000000
107440  -29.768  -9.149  -31.658 0.0000000000
64044  -30.577  -9.689  -31.958 0.0000000000
106910  -32.054  -10.244  -32.082 0.0000000000
64046  -32.847  -9.672  -32.432 0.0000000000
64926  -33.307  -9.212  -33.153 0.0000000000
64047  -33.578  -9.883  -31.665 0.0000000000
55522  -23.946  -19.244  -26.507 0.0000000000
55508  -23.839  -20.054  -25.982 0.0000000000
58149  -25.960  -15.757  -27.950 0.0000000000
64041  -27.433  -9.134  -31.425 0.0000000000
108398  -27.797  -10.512  -31.349 0.0000000000
106948  -28.909  -11.399  -31.356 0.0000000000
62380  -28.156  -11.761  -31.208 0.0000000000
83055  -25.164  14.997  -34.191 0.0000000000
83056  -26.256  14.895  -34.434 0.0000000000
80984  -26.623  12.446  -33.327 0.0000000000
81659  -27.143  13.033  -33.669 0.0000000000
82347  -27.519  13.493  -34.333 0.0000000000
80997  -29.264  11.562  -34.778 0.0000000000
80993  -29.343  10.928  -34.222 0.0000000000
80276  -29.535  10.717  -34.973 0.0000000000
79482  -27.999  9.142  -31.829 0.0000000000
78757  -30.330  8.566  -33.914 0.0000000000
79511  -30.112  8.985  -34.505 0.0000000000
79510  -29.810  9.738  -34.796 0.0000000000
79520  -29.925  8.986  -35.343 0.0000000000
78772  -30.155  8.207  -35.797 0.0000000000
115116  -30.581  6.843  -35.496 0.0000000000
78059  -30.366  7.373  -36.156 0.0000000000
112607  -30.469  6.472  -36.640 0.0000000000
78071  -29.982  6.136  -38.074 0.0000000000
117614  -30.594  5.615  -37.277 0.0000000000
74944  -30.246  3.513  -32.253 0.0000000000
75737  -29.152  4.152  -31.399 0.0000000000
119973  -30.525  5.031  -33.102 0.0000000000
75762  -30.551  4.283  -33.552 0.0000000000
74965  -30.458  3.177  -36.273 0.0000000000
117142  -30.551  4.124  -35.741 0.0000000000
75779  -30.618  3.924  -36.886 0.0000000000
76604  -30.655  4.986  -37.878 0.0000000000
117487  -30.571  4.536  -38.482 0.0000000000
75790  -30.962  4.434  -39.277 0.0000000000
74981  -30.718  3.629  -39.287 0.0000000000
73311  -31.212  1.173  -39.196 0.0000000000
125824  -31.350  2.776  -39.223 0.0000000000
74140  -31.714  1.772  -38.813 0.0000000000
74133  -32.345  2.283  -37.803 0.0000000000
114467  -32.181  1.328  -38.144 0.0000000000
71589  -30.794  -0.298  -36.499 0.0000000000
71590  -31.308  -1.118  -36.713 0.0000000000
117666  -32.311  -0.672  -36.978 0.0000000000
72452  -32.771  0.181  -36.387 0.0000000000
73299  -33.114  1.216  -35.759 0.0000000000
72453  -33.237  0.515  -35.371 0.0000000000
124100  -34.129  -1.495  -33.383 0.0000000000
70749  -34.068  -1.200  -32.366 0.0000000000
69039  -27.434  -4.110  -31.992 0.0000000000
67452  -30.851  -5.605  -32.049 0.0000000000
68216  -30.735  -4.707  -32.010 0.0000000000
68225  -31.349  -4.433  -32.688 0.0000000000
68234  -31.717  -4.602  -33.587 0.0000000000
65792  -31.458  -8.199  -32.328 0.0000000000
65803  -31.361  -7.329  -32.532 0.0000000000
66660  -33.989  -6.475  -34.681 0.0000000000
67472  -33.218  -5.730  -35.090 0.0000000000
68244  -33.017  -5.106  -35.171 0.0000000000
68245  -33.589  -5.153  -35.083 0.0000000000
69063  -34.158  -4.290  -34.827 0.0000000000
115581  -34.730  -4.471  -33.719 0.0000000000
68217  -35.284  -4.198  -31.482 0.0000000000
112250  -34.794  -3.859  -32.978 0.0000000000
69044  -34.895  -3.488  -32.072 0.0000000000
60692  -27.641  -13.562  -30.197 0.0000000000
107186  -28.049  -12.773  -30.620 0.0000000000
60693  -28.358  -12.883  -29.823 0.0000000000
71550  -29.718  -0.794  -31.526 0.0000000000
69904  -29.127  -2.409  -31.542 0.0000000000
63199  -30.488  -10.694  -31.982 0.0000000000
63188  -32.078  -10.940  -31.652 0.0000000000
63189  -32.736  -10.936  -31.258 0.0000000000
62368  -31.546  -11.552  -31.442 0.0000000000
62356  -31.753  -11.876  -30.511 0.0000000000
55509  -24.369  -19.386  -25.346 0.0000000000
57322  -24.780  -17.137  -28.405 0.0000000000
57296  -25.341  -16.977  -26.338 0.0000000000
107309  -26.090  -10.032  -31.520 0.0000000000
63196  -26.381  -10.891  -31.448 0.0000000000
62378  -26.599  -11.786  -31.401 0.0000000000
80991  -27.729  12.128  -33.434 0.0000000000
119583  -28.469  11.966  -33.800 0.0000000000
80985  -27.465  11.353  -32.860 0.0000000000
80268  -28.383  10.642  -32.852 0.0000000000
78732  -28.151  8.418  -31.644 0.0000000000
78733  -28.880  8.065  -31.866 0.0000000000
78046  -29.778  7.982  -32.821 0.0000000000
124727  -30.530  7.883  -34.073 0.0000000000
78054  -30.578  7.351  -34.638 0.0000000000
77346  -30.539  6.213  -34.503 0.0000000000
74945  -30.550  3.493  -33.086 0.0000000000
114622  -30.545  3.439  -34.094 0.0000000000
74970  -30.400  3.081  -37.412 0.0000000000
120296  -30.439  3.151  -38.880 0.0000000000
74139  -30.377  2.357  -38.261 0.0000000000
114007  -30.593  1.421  -38.828 0.0000000000
72470  -31.048  0.028  -38.620 0.0000000000
70761  -31.652  -1.963  -35.282 0.0000000000
70771  -31.859  -1.971  -36.267 0.0000000000
70772  -32.177  -2.072  -36.470 0.0000000000
118602  -32.806  -1.705  -36.203 0.0000000000
71585  -33.407  -1.011  -35.234 0.0000000000
70762  -33.421  -1.889  -35.589 0.0000000000
119655  -33.830  -2.164  -35.095 0.0000000000
69939  -34.201  -2.255  -34.191 0.0000000000
68213  -27.825  -4.824  -31.723 0.0000000000
67442  -28.312  -5.510  -31.554 0.0000000000
67443  -29.251  -5.440  -31.478 0.0000000000
65805  -32.782  -8.423  -33.819 0.0000000000
65816  -32.593  -7.453  -34.140 0.0000000000
65817  -33.198  -7.916  -34.469 0.0000000000
66650  -34.683  -6.919  -34.224 0.0000000000
67463  -34.626  -6.025  -34.381 0.0000000000
67454  -35.165  -5.396  -33.588 0.0000000000
68227  -35.499  -5.338  -32.614 0.0000000000
68218  -35.525  -4.999  -31.827 0.0000000000
68207  -35.465  -4.778  -31.060 0.0000000000
67435  -35.694  -5.481  -31.210 0.0000000000
58990  -25.272  -15.487  -30.386 0.0000000000
59799  -26.070  -15.291  -30.250 0.0000000000
59809  -26.600  -14.755  -30.759 0.0000000000
60700  -26.961  -14.052  -31.073 0.0000000000
59810  -27.144  -14.312  -30.585 0.0000000000
59801  -27.313  -14.252  -29.700 0.0000000000
73262  -29.788  1.183  -31.898 0.0000000000
73285  -30.685  1.194  -33.299 0.0000000000
72444  -30.709  0.634  -35.294 0.0000000000
72427  -30.893  0.199  -33.340 0.0000000000
72439  -31.090  -0.508  -34.383 0.0000000000
70748  -30.997  -1.282  -32.538 0.0000000000
71577  -31.331  -1.277  -34.492 0.0000000000
112943  -31.838  -2.571  -34.956 0.0000000000
69938  -31.909  -3.236  -34.631 0.0000000000
65789  -28.445  -7.983  -31.409 0.0000000000
109704  -29.079  -7.175  -31.386 0.0000000000
65790  -29.682  -8.067  -31.542 0.0000000000
64911  -31.429  -9.114  -32.214 0.0000000000
64924  -32.224  -8.652  -32.799 0.0000000000
64925  -32.821  -9.117  -33.231 0.0000000000
64927  -34.152  -8.847  -33.015 0.0000000000
64914  -34.790  -8.878  -32.040 0.0000000000
64915  -35.703  -8.388  -31.645 0.0000000000
58984  -24.585  -16.400  -29.621 0.0000000000
58156  -25.086  -16.604  -29.043 0.0000000000
58977  -25.734  -15.946  -28.825 0.0000000000
58978  -26.349  -15.323  -28.456 0.0000000000
65788  -27.605  -7.679  -31.546 0.0000000000
64909  -28.251  -8.910  -31.419 0.0000000000
64042  -28.951  -9.546  -31.483 0.0000000000
124491  -27.369  -9.844  -31.417 0.0000000000
107328  -28.777  -10.541  -31.432 0.0000000000
62381  -29.534  -11.668  -31.512 0.0000000000
62366  -29.639  -12.017  -31.383 0.0000000000
83732  -25.201  15.627  -33.480 0.0000000000
115544  -24.377  13.784  -33.609 0.0000000000
82346  -26.351  14.045  -34.046 0.0000000000
82354  -27.082  14.360  -34.697 0.0000000000
80996  -28.811  12.200  -34.462 0.0000000000
81672  -28.924  12.364  -35.465 0.0000000000
81682  -28.743  12.433  -36.759 0.0000000000
79528  -29.078  10.121  -36.951 0.0000000000
80260  -29.116  10.039  -33.032 0.0000000000
79496  -29.233  9.245  -32.659 0.0000000000
122696  -29.575  9.504  -33.292 0.0000000000
80269  -29.571  10.155  -33.922 0.0000000000
129075  -29.610  10.241  -35.397 0.0000000000
79519  -29.601  9.805  -35.837 0.0000000000
124338  -28.888  9.512  -37.658 0.0000000000
78778  -29.015  8.305  -38.111 0.0000000000
123470  -29.599  7.178  -37.757 0.0000000000
120083  -29.402  5.001  -31.588 0.0000000000
76567  -29.519  5.779  -31.785 0.0000000000
76579  -30.301  5.713  -32.854 0.0000000000
76586  -30.417  5.700  -33.558 0.0000000000
122152  -30.537  5.100  -35.215 0.0000000000
117143  -30.497  4.248  -34.614 0.0000000000
74986  -30.931  3.226  -39.490 0.0000000000
74976  -31.771  3.633  -38.596 0.0000000000
74977  -32.454  3.417  -37.500 0.0000000000
74971  -32.959  3.572  -36.276 0.0000000000
72459  -30.857  -0.154  -38.073 0.0000000000
71612  -31.516  -0.251  -38.255 0.0000000000
70783  -31.849  -1.315  -36.883 0.0000000000
71601  -31.716  -0.623  -37.653 0.0000000000
73304  -32.253  0.612  -37.854 0.0000000000
123626  -32.582  1.647  -37.205 0.0000000000
71578  -33.636  -0.386  -34.050 0.0000000000
110897  -27.822  -3.297  -31.825 0.0000000000
69041  -29.665  -3.103  -31.621 0.0000000000
69028  -30.205  -3.844  -31.742 0.0000000000
69043  -31.579  -3.796  -33.049 0.0000000000
69054  -31.861  -3.914  -34.155 0.0000000000
69055  -32.370  -3.897  -35.112 0.0000000000
66633  -30.034  -7.006  -31.480 0.0000000000
113772  -31.192  -6.364  -32.562 0.0000000000
118035  -31.710  -6.088  -33.526 0.0000000000
67462  -32.416  -6.330  -34.347 0.0000000000
67461  -31.954  -5.415  -34.048 0.0000000000
118122  -32.609  -5.349  -34.777 0.0000000000
68243  -32.668  -4.617  -35.052 0.0000000000
114839  -32.851  -4.219  -35.364 0.0000000000
69062  -33.410  -3.687  -35.409 0.0000000000
69951  -34.230  -3.252  -34.631 0.0000000000
69940  -34.495  -2.829  -33.461 0.0000000000
114635  -34.658  -3.281  -32.900 0.0000000000
61530  -25.834  -12.160  -31.277 0.0000000000
61532  -27.392  -12.285  -31.270 0.0000000000
114412  -27.182  -13.426  -31.139 0.0000000000
116076  -27.158  -12.984  -31.257 0.0000000000
61533  -28.124  -12.302  -31.016 0.0000000000
62365  -28.911  -12.217  -30.968 0.0000000000
61524  -29.630  -12.254  -31.064 0.0000000000
65793  -35.256  -8.241  -32.689 0.0000000000
66634  -30.488  -6.248  -31.703 0.0000000000
66649  -33.644  -7.117  -34.623 0.0000000000
66659  -33.306  -6.360  -34.940 0.0000000000
67444  -30.171  -5.450  -31.621 0.0000000000
67473  -33.817  -5.859  -34.909 0.0000000000
68215  -29.732  -4.650  -31.596 0.0000000000
69027  -29.205  -3.899  -31.587 0.0000000000
69040  -28.697  -3.200  -31.620 0.0000000000
69922  -27.434  -2.605  -32.037 0.0000000000
69949  -32.227  -3.127  -35.574 0.0000000000
71549  -28.859  -0.950  -31.417 0.0000000000
71599  -31.050  -0.593  -37.526 0.0000000000
71611  -31.289  -0.332  -38.169 0.0000000000
72438  -30.862  0.490  -34.274 0.0000000000
72451  -30.677  -0.050  -37.217 0.0000000000
72471  -31.305  0.109  -38.669 0.0000000000
72472  -31.753  -0.147  -38.302 0.0000000000
72481  -30.926  0.665  -39.024 0.0000000000
73298  -32.696  0.930  -36.767 0.0000000000
73310  -30.397  1.427  -38.011 0.0000000000
73320  -30.831  1.689  -39.262 0.0000000000
74125  -30.428  2.423  -35.754 0.0000000000
74150  -30.750  2.698  -39.326 0.0000000000
74930  -29.654  3.447  -31.658 0.0000000000
74982  -31.156  3.821  -39.326 0.0000000000
75751  -29.993  4.390  -31.857 0.0000000000
75785  -30.638  4.453  -37.563 0.0000000000
75789  -30.583  4.585  -38.992 0.0000000000
75796  -30.747  4.287  -39.213 0.0000000000
76578  -29.967  5.756  -32.281 0.0000000000
76616  -30.742  4.716  -39.023 0.0000000000
78025  -29.012  7.262  -31.762 0.0000000000
78047  -30.210  7.928  -33.425 0.0000000000
78746  -28.707  8.863  -32.052 0.0000000000
78756  -29.813  8.724  -33.168 0.0000000000
112889  -30.675  0.556  -38.470 0.0000000000
113688  -36.218  -7.094  -31.614 0.0000000000
116031  -30.785  -6.951  -31.872 0.0000000000
116286  -29.001  11.481  -33.980 0.0000000000
119255  -31.453  -2.295  -32.985 0.0000000000
119956  -30.529  4.078  -38.974 0.0000000000
120401  -30.300  5.069  -32.352 0.0000000000
121139  -29.818  -0.146  -31.647 0.0000000000
121764  -35.270  -6.229  -33.841 0.0000000000
123479  -31.011  2.222  -39.499 0.0000000000
124191  -30.378  3.090  -38.182 0.0000000000
124193  -30.894  3.949  -39.393 0.0000000000
126669  -31.244  1.937  -39.315 0.0000000000
