#!ascii label  , from subject sub-v1s12x0050125_ses-1 vox2ras=TkReg
952
89783  45.422  19.970  11.112 0.0000000000
92640  49.547  24.984  9.717 0.0000000000
119713  46.973  21.346  19.418 0.0000000000
89772  39.244  20.487  11.459 0.0000000000
116448  39.938  17.969  13.569 0.0000000000
90435  47.008  20.380  5.999 0.0000000000
95643  48.209  30.808  11.668 0.0000000000
93909  44.521  27.286  9.486 0.0000000000
89012  46.885  20.152  24.303 0.0000000000
87735  42.045  17.142  22.199 0.0000000000
127803  50.399  18.530  9.862 0.0000000000
128520  46.448  19.396  14.818 0.0000000000
90948  49.445  22.026  15.145 0.0000000000
92004  47.351  24.532  19.818 0.0000000000
92706  42.725  25.509  4.377 0.0000000000
91031  48.136  22.824  4.261 0.0000000000
89052  40.281  19.723  18.653 0.0000000000
89785  42.652  20.271  11.368 0.0000000000
88454  39.805  18.414  11.683 0.0000000000
109642  42.067  17.866  11.425 0.0000000000
129929  46.752  21.532  8.778 0.0000000000
90970  44.373  22.407  11.113 0.0000000000
96223  44.212  32.182  11.749 0.0000000000
88310  46.515  18.087  27.473 0.0000000000
87127  45.185  16.645  25.328 0.0000000000
111954  46.870  14.650  26.867 0.0000000000
91613  43.024  23.709  -0.346 0.0000000000
90412  50.013  21.645  9.203 0.0000000000
112019  49.976  19.882  12.640 0.0000000000
123775  48.712  22.418  11.414 0.0000000000
92573  43.774  25.718  15.462 0.0000000000
92026  45.889  24.659  16.563 0.0000000000
92556  44.844  25.528  18.999 0.0000000000
91986  45.362  24.888  21.991 0.0000000000
93918  48.325  27.230  8.746 0.0000000000
92686  47.216  25.554  6.273 0.0000000000
123110  49.368  24.467  7.460 0.0000000000
90433  50.415  20.582  6.631 0.0000000000
89715  47.360  20.783  17.007 0.0000000000
89739  43.611  20.489  16.090 0.0000000000
89700  43.595  20.858  19.451 0.0000000000
87785  37.547  17.852  13.425 0.0000000000
87757  36.865  17.713  16.288 0.0000000000
88511  46.355  18.726  2.216 0.0000000000
89832  42.788  21.105  4.559 0.0000000000
94477  49.260  28.235  10.975 0.0000000000
92614  47.541  25.120  11.725 0.0000000000
113159  38.851  30.214  11.418 0.0000000000
94492  41.360  28.064  9.887 0.0000000000
95051  45.926  29.477  11.374 0.0000000000
89684  47.112  21.131  22.333 0.0000000000
89033  43.296  20.040  21.792 0.0000000000
88353  43.703  18.550  23.590 0.0000000000
86577  44.175  15.345  21.854 0.0000000000
89144  48.192  18.573  10.461 0.0000000000
87795  45.289  17.582  11.890 0.0000000000
88450  48.952  17.703  12.172 0.0000000000
118366  49.749  19.602  15.030 0.0000000000
89713  49.457  20.775  17.686 0.0000000000
91504  46.990  23.616  13.829 0.0000000000
119462  48.553  23.735  17.021 0.0000000000
90908  48.769  22.233  20.407 0.0000000000
90888  47.322  22.707  23.035 0.0000000000
90861  46.124  22.162  25.335 0.0000000000
93374  41.657  26.600  2.170 0.0000000000
91590  43.587  23.365  2.461 0.0000000000
92138  45.412  24.197  3.969 0.0000000000
91046  47.086  21.517  2.407 0.0000000000
89181  48.463  19.492  3.846 0.0000000000
89818  49.537  19.192  6.944 0.0000000000
124979  43.257  19.273  14.135 0.0000000000
89067  40.109  19.700  16.737 0.0000000000
87751  37.451  17.580  17.943 0.0000000000
88375  41.033  18.848  21.075 0.0000000000
89801  43.905  19.554  11.191 0.0000000000
89148  41.928  18.670  10.697 0.0000000000
88482  43.498  18.493  11.063 0.0000000000
89799  46.068  20.785  11.041 0.0000000000
90979  45.341  22.410  10.282 0.0000000000
90400  44.852  21.667  11.214 0.0000000000
114138  43.079  21.271  11.792 0.0000000000
87682  45.671  17.460  27.995 0.0000000000
87120  46.590  16.295  27.257 0.0000000000
86517  46.114  15.271  27.832 0.0000000000
86620  35.583  15.321  15.763 0.0000000000
119215  49.337  23.362  9.681 0.0000000000
90977  49.366  22.265  10.100 0.0000000000
90978  49.099  24.115  10.324 0.0000000000
93221  42.788  25.924  16.717 0.0000000000
92562  44.410  25.432  17.341 0.0000000000
120719  49.598  26.015  9.243 0.0000000000
92675  49.068  25.822  7.562 0.0000000000
92100  49.517  24.867  8.317 0.0000000000
120523  49.552  23.300  8.538 0.0000000000
90331  47.255  21.304  18.710 0.0000000000
90333  45.287  21.250  18.390 0.0000000000
90325  45.343  21.301  19.328 0.0000000000
123737  38.505  20.482  11.487 0.0000000000
89138  38.575  19.662  11.216 0.0000000000
88437  40.268  18.048  12.630 0.0000000000
87783  38.758  17.880  12.861 0.0000000000
87772  38.999  17.844  13.683 0.0000000000
87764  36.948  17.676  15.404 0.0000000000
88423  38.654  18.154  14.691 0.0000000000
89838  46.635  19.517  3.913 0.0000000000
89185  44.678  19.579  3.296 0.0000000000
89831  44.816  20.738  4.559 0.0000000000
120667  40.605  21.172  12.416 0.0000000000
90389  39.774  21.112  12.603 0.0000000000
95048  48.666  29.474  11.092 0.0000000000
126030  48.969  28.355  12.125 0.0000000000
129999  48.711  29.813  12.590 0.0000000000
96221  46.252  32.013  11.572 0.0000000000
95646  44.946  30.547  11.724 0.0000000000
95050  47.058  29.965  11.332 0.0000000000
94479  48.411  28.878  10.486 0.0000000000
89667  46.757  20.436  23.531 0.0000000000
89668  45.868  20.162  23.168 0.0000000000
89004  45.577  19.232  24.358 0.0000000000
86548  46.106  14.402  23.927 0.0000000000
87139  44.132  16.114  24.042 0.0000000000
86576  45.509  15.040  21.999 0.0000000000
89143  49.304  18.329  10.177 0.0000000000
110507  48.327  17.568  11.419 0.0000000000
88466  50.074  17.967  11.015 0.0000000000
90371  49.921  20.675  14.206 0.0000000000
89098  49.963  19.848  14.423 0.0000000000
89754  50.128  20.208  15.378 0.0000000000
89063  49.566  19.972  16.644 0.0000000000
90924  50.004  21.655  16.906 0.0000000000
92615  46.687  25.628  12.294 0.0000000000
92066  47.366  24.120  12.271 0.0000000000
92057  46.303  24.186  13.941 0.0000000000
92019  47.039  24.860  17.963 0.0000000000
91471  47.573  24.022  16.594 0.0000000000
92018  47.832  24.550  18.308 0.0000000000
91462  49.201  23.233  18.440 0.0000000000
91459  48.201  23.952  19.524 0.0000000000
90898  48.232  22.427  21.483 0.0000000000
91450  46.891  24.077  21.334 0.0000000000
91968  44.804  24.294  23.487 0.0000000000
91417  45.396  23.982  23.847 0.0000000000
92714  42.085  25.809  3.109 0.0000000000
92148  42.555  24.633  2.297 0.0000000000
92141  42.852  24.823  3.140 0.0000000000
93910  43.176  27.335  9.447 0.0000000000
93318  42.068  26.811  8.166 0.0000000000
93316  43.821  26.551  8.209 0.0000000000
92124  47.911  24.436  5.371 0.0000000000
123721  46.134  24.941  5.121 0.0000000000
91572  47.559  23.482  4.246 0.0000000000
91040  46.617  22.527  2.848 0.0000000000
91038  47.956  21.873  3.326 0.0000000000
89850  47.968  19.789  2.997 0.0000000000
90456  49.027  20.981  4.233 0.0000000000
89812  50.507  19.382  7.999 0.0000000000
89825  49.991  19.003  6.421 0.0000000000
89158  49.960  18.894  8.345 0.0000000000
89807  49.018  19.350  8.795 0.0000000000
88433  45.794  18.128  13.191 0.0000000000
121036  44.139  18.115  12.987 0.0000000000
89103  44.791  19.410  14.489 0.0000000000
89717  42.508  20.492  17.475 0.0000000000
89065  41.901  20.147  16.168 0.0000000000
89058  40.156  19.812  17.736 0.0000000000
88389  38.143  18.731  17.632 0.0000000000
88386  38.368  18.513  18.434 0.0000000000
89026  42.845  19.371  22.273 0.0000000000
89035  41.716  19.264  21.352 0.0000000000
87736  41.488  17.607  21.709 0.0000000000
89787  40.654  19.913  10.991 0.0000000000
89137  39.445  19.532  10.932 0.0000000000
88484  41.074  18.803  10.598 0.0000000000
88453  41.252  18.088  11.556 0.0000000000
130206  41.041  18.179  12.497 0.0000000000
118994  47.011  20.984  7.040 0.0000000000
90402  42.231  20.988  11.911 0.0000000000
88989  46.828  19.298  26.112 0.0000000000
87705  45.747  18.242  25.497 0.0000000000
87697  46.551  17.983  26.350 0.0000000000
86534  45.772  15.678  25.767 0.0000000000
114464  50.618  19.758  9.572 0.0000000000
89129  50.396  18.761  10.945 0.0000000000
114088  49.882  20.420  11.094 0.0000000000
90397  49.568  20.639  12.021 0.0000000000
119005  48.854  21.794  13.114 0.0000000000
121597  44.608  25.468  14.530 0.0000000000
92044  45.619  24.599  14.496 0.0000000000
92566  45.030  24.912  15.949 0.0000000000
92020  46.101  24.970  17.540 0.0000000000
92545  46.249  25.350  19.214 0.0000000000
128894  46.268  24.722  20.969 0.0000000000
92537  45.264  25.522  20.363 0.0000000000
91987  44.677  25.088  21.912 0.0000000000
91978  44.284  24.653  22.518 0.0000000000
93356  41.655  26.585  5.752 0.0000000000
93920  46.111  27.073  8.912 0.0000000000
93314  45.694  26.645  8.249 0.0000000000
93329  48.137  26.340  7.470 0.0000000000
131463  48.738  24.975  6.340 0.0000000000
91563  48.881  23.836  5.785 0.0000000000
91029  49.434  21.627  5.120 0.0000000000
129587  49.695  22.742  6.737 0.0000000000
90419  50.330  21.472  8.455 0.0000000000
89736  46.489  20.176  15.820 0.0000000000
124483  44.865  20.243  15.614 0.0000000000
89725  45.477  20.781  16.681 0.0000000000
111781  43.352  20.747  17.616 0.0000000000
127433  42.414  20.472  18.841 0.0000000000
86584  42.970  15.741  20.317 0.0000000000
87170  42.258  15.891  19.865 0.0000000000
88440  35.943  18.331  13.084 0.0000000000
88477  38.260  18.991  11.635 0.0000000000
87798  38.029  18.246  12.526 0.0000000000
87786  36.523  17.693  13.703 0.0000000000
119357  36.376  17.313  14.931 0.0000000000
127636  35.868  16.540  15.862 0.0000000000
86614  35.880  15.852  16.153 0.0000000000
88520  44.449  18.514  1.576 0.0000000000
89192  43.117  19.753  2.930 0.0000000000
93272  49.445  26.775  10.482 0.0000000000
92628  48.963  25.520  10.777 0.0000000000
93259  49.044  27.356  11.414 0.0000000000
93892  47.894  27.313  12.280 0.0000000000
93893  46.911  27.294  12.681 0.0000000000
93247  45.074  26.922  13.131 0.0000000000
93238  43.672  26.725  14.211 0.0000000000
95062  40.193  29.023  10.752 0.0000000000
94485  41.695  28.521  10.660 0.0000000000
94483  43.475  28.302  10.700 0.0000000000
93901  45.479  27.941  10.422 0.0000000000
94490  47.057  27.993  10.041 0.0000000000
125421  49.129  27.751  9.801 0.0000000000
90316  47.328  21.444  21.127 0.0000000000
89693  44.787  20.980  20.690 0.0000000000
89677  45.420  20.535  22.433 0.0000000000
89025  43.668  19.796  22.615 0.0000000000
88354  43.059  18.095  23.111 0.0000000000
128615  44.070  17.384  24.232 0.0000000000
121482  43.404  16.486  23.345 0.0000000000
86578  43.417  15.686  21.290 0.0000000000
89782  46.366  19.774  11.132 0.0000000000
110816  45.405  18.441  11.260 0.0000000000
128347  46.985  18.305  11.413 0.0000000000
112961  46.985  17.751  12.263 0.0000000000
88414  47.614  18.724  13.829 0.0000000000
89121  49.941  18.831  12.317 0.0000000000
88412  49.371  18.853  13.636 0.0000000000
89078  48.076  19.550  15.469 0.0000000000
89064  48.877  19.739  16.381 0.0000000000
130012  48.075  20.757  17.606 0.0000000000
90330  48.346  21.387  19.069 0.0000000000
91520  48.335  23.685  11.373 0.0000000000
91502  48.270  22.527  12.955 0.0000000000
90949  48.420  22.636  14.675 0.0000000000
92043  46.347  24.049  15.086 0.0000000000
114818  48.211  23.463  16.107 0.0000000000
90936  49.484  22.415  16.041 0.0000000000
90921  49.908  22.004  17.525 0.0000000000
90329  49.038  21.705  19.374 0.0000000000
90322  48.377  21.630  19.873 0.0000000000
90315  48.069  21.616  21.148 0.0000000000
90295  47.610  21.507  22.496 0.0000000000
90280  47.146  21.682  23.784 0.0000000000
91985  46.092  24.329  22.454 0.0000000000
91416  46.251  23.437  23.880 0.0000000000
90257  46.640  21.150  25.529 0.0000000000
89650  46.245  20.849  26.407 0.0000000000
112122  42.073  24.928  0.588 0.0000000000
91061  42.918  22.829  0.858 0.0000000000
110983  44.403  21.139  1.124 0.0000000000
123711  45.405  25.603  6.256 0.0000000000
92705  43.530  25.030  4.338 0.0000000000
91582  44.977  23.508  3.360 0.0000000000
91048  44.899  22.123  2.319 0.0000000000
90483  46.350  20.303  1.479 0.0000000000
89863  46.877  19.627  1.693 0.0000000000
119436  47.734  19.375  3.303 0.0000000000
89176  48.337  19.398  4.741 0.0000000000
89174  49.684  19.380  5.207 0.0000000000
89169  49.640  19.229  5.509 0.0000000000
90434  47.889  20.151  6.608 0.0000000000
130089  47.547  20.878  8.231 0.0000000000
89809  47.177  20.836  9.997 0.0000000000
87806  44.364  17.755  11.610 0.0000000000
88436  42.406  18.256  12.988 0.0000000000
88420  41.236  18.679  14.083 0.0000000000
132037  43.210  20.190  15.459 0.0000000000
89084  41.397  19.670  15.503 0.0000000000
88399  40.034  18.882  15.105 0.0000000000
88393  38.800  19.076  16.221 0.0000000000
87754  36.953  17.535  17.153 0.0000000000
123162  44.009  20.876  20.274 0.0000000000
89696  41.925  20.101  20.101 0.0000000000
88378  39.943  18.904  20.060 0.0000000000
87168  40.689  16.827  20.280 0.0000000000
88379  39.333  18.524  19.581 0.0000000000
85316  46.489  13.356  26.783 0.0000000000
85333  47.460  13.517  23.855 0.0000000000
89800  44.611  19.455  11.099 0.0000000000
89146  43.453  18.966  11.071 0.0000000000
89145  44.140  18.841  11.127 0.0000000000
90399  45.365  21.021  11.190 0.0000000000
115158  44.540  20.564  11.233 0.0000000000
87111  46.040  16.127  27.923 0.0000000000
92086  49.476  24.234  9.428 0.0000000000
120107  49.115  23.299  10.184 0.0000000000
91527  49.367  24.231  9.920 0.0000000000
92651  49.619  25.588  9.489 0.0000000000
92664  49.585  25.552  8.847 0.0000000000
92092  49.623  24.946  9.137 0.0000000000
116200  49.535  24.152  8.810 0.0000000000
90332  46.202  21.382  18.913 0.0000000000
90324  46.305  21.319  19.803 0.0000000000
89790  37.944  20.293  11.453 0.0000000000
89789  38.903  20.064  11.143 0.0000000000
88422  39.558  18.259  14.451 0.0000000000
127742  46.531  20.145  4.917 0.0000000000
114769  45.631  20.195  4.264 0.0000000000
89830  45.455  20.882  5.072 0.0000000000
89771  40.183  20.574  11.578 0.0000000000
123230  38.746  20.936  12.201 0.0000000000
95642  48.502  30.102  11.561 0.0000000000
95041  48.942  29.551  11.873 0.0000000000
95627  48.654  30.379  12.088 0.0000000000
95644  47.431  31.056  11.496 0.0000000000
120228  46.544  31.444  11.546 0.0000000000
95049  48.046  30.219  11.274 0.0000000000
89013  46.284  19.848  23.922 0.0000000000
89003  46.576  19.593  24.761 0.0000000000
86565  45.306  14.918  23.132 0.0000000000
88487  50.167  18.333  9.950 0.0000000000
88480  49.779  17.989  10.640 0.0000000000
88479  50.231  18.247  10.403 0.0000000000
90361  49.641  21.381  14.453 0.0000000000
118649  50.078  20.316  14.617 0.0000000000
90360  50.108  21.009  15.137 0.0000000000
90348  50.199  20.836  15.922 0.0000000000
90935  49.961  21.639  16.092 0.0000000000
92599  45.792  25.697  12.947 0.0000000000
92598  46.267  24.878  12.929 0.0000000000
92058  45.672  24.998  13.576 0.0000000000
92013  47.014  25.044  18.760 0.0000000000
92012  47.634  24.603  19.067 0.0000000000
122032  47.836  23.863  20.195 0.0000000000
91996  47.099  24.296  20.583 0.0000000000
91419  44.110  24.055  24.024 0.0000000000
93363  41.702  26.601  4.474 0.0000000000
114704  41.575  26.853  3.665 0.0000000000
93368  42.034  26.047  3.857 0.0000000000
92713  42.512  25.423  3.508 0.0000000000
92712  43.025  25.040  3.813 0.0000000000
127273  43.829  27.199  9.336 0.0000000000
93922  43.423  26.898  8.832 0.0000000000
119032  44.220  26.874  8.853 0.0000000000
129846  48.076  23.472  4.752 0.0000000000
92131  47.350  24.244  4.754 0.0000000000
91579  47.671  22.690  3.638 0.0000000000
129707  47.994  22.375  3.768 0.0000000000
90466  48.443  21.175  3.566 0.0000000000
91037  48.368  21.954  3.947 0.0000000000
89152  50.489  19.077  8.540 0.0000000000
89157  50.276  19.088  8.068 0.0000000000
111285  50.356  18.831  9.107 0.0000000000
89153  49.755  18.670  9.334 0.0000000000
88415  46.404  18.782  14.043 0.0000000000
88416  45.342  18.747  13.878 0.0000000000
89102  45.677  19.311  14.649 0.0000000000
89057  40.955  20.087  17.987 0.0000000000
89053  39.509  19.446  18.357 0.0000000000
88385  38.992  18.914  18.847 0.0000000000
87729  41.927  18.043  22.251 0.0000000000
87163  41.765  16.734  21.385 0.0000000000
89786  41.666  20.085  11.122 0.0000000000
89802  41.230  19.294  10.672 0.0000000000
126603  42.227  18.161  10.981 0.0000000000
88474  41.520  18.366  10.936 0.0000000000
112023  41.848  17.954  12.296 0.0000000000
90427  46.966  21.331  8.074 0.0000000000
90428  46.092  21.688  7.472 0.0000000000
90420  46.240  21.887  8.561 0.0000000000
90409  45.015  22.270  10.871 0.0000000000
121839  44.819  22.852  9.702 0.0000000000
89770  41.220  20.823  11.861 0.0000000000
88978  46.676  19.037  27.127 0.0000000000
88330  46.733  18.460  26.608 0.0000000000
87696  46.770  17.720  26.910 0.0000000000
86526  46.704  15.459  27.130 0.0000000000
129070  46.674  16.112  26.828 0.0000000000
86540  46.744  14.660  25.993 0.0000000000
85978  46.294  14.351  24.950 0.0000000000
85977  47.170  13.856  25.477 0.0000000000
114252  42.799  25.594  -0.172 0.0000000000
92747  43.503  24.967  -0.654 0.0000000000
90405  50.204  20.848  9.697 0.0000000000
89796  50.327  20.137  10.350 0.0000000000
90406  49.767  21.131  10.289 0.0000000000
90969  48.995  22.371  10.779 0.0000000000
90968  49.397  21.393  10.963 0.0000000000
90398  49.019  21.644  11.664 0.0000000000
90385  49.225  21.298  12.663 0.0000000000
90964  48.683  22.042  12.269 0.0000000000
92583  44.104  25.967  14.537 0.0000000000
92572  44.438  25.353  15.284 0.0000000000
113006  44.204  25.557  18.253 0.0000000000
111848  45.249  25.324  18.095 0.0000000000
92014  46.268  25.226  18.439 0.0000000000
124972  45.653  25.426  18.892 0.0000000000
92536  46.046  25.401  19.950 0.0000000000
92546  45.460  25.508  19.585 0.0000000000
92538  44.653  25.585  20.635 0.0000000000
92531  44.344  25.459  21.183 0.0000000000
91988  43.963  25.053  21.759 0.0000000000
93919  47.180  27.200  8.818 0.0000000000
93313  46.701  26.760  8.237 0.0000000000
93312  47.705  26.803  8.148 0.0000000000
92109  49.328  25.123  7.635 0.0000000000
92684  48.772  25.477  6.865 0.0000000000
92117  49.103  24.943  6.913 0.0000000000
92118  48.907  24.540  6.265 0.0000000000
91552  49.199  24.162  6.623 0.0000000000
91562  49.365  23.301  6.250 0.0000000000
91545  49.497  23.547  7.149 0.0000000000
90992  49.768  22.504  8.788 0.0000000000
90411  50.527  20.583  9.005 0.0000000000
89724  46.439  20.594  16.441 0.0000000000
89716  46.328  21.064  17.198 0.0000000000
89707  44.420  21.113  18.867 0.0000000000
108889  44.349  20.990  17.810 0.0000000000
89708  43.558  20.864  18.473 0.0000000000
89709  42.772  20.622  18.253 0.0000000000
115273  42.972  20.704  18.911 0.0000000000
88457  36.278  19.264  12.250 0.0000000000
88456  37.374  19.057  12.024 0.0000000000
117555  39.840  18.982  10.909 0.0000000000
88476  39.122  19.013  11.257 0.0000000000
87784  38.310  17.823  13.302 0.0000000000
129258  36.442  17.435  14.337 0.0000000000
87765  36.283  17.204  15.856 0.0000000000
87187  36.194  16.562  16.430 0.0000000000
88517  46.234  18.671  1.654 0.0000000000
88512  45.656  18.539  2.243 0.0000000000
89840  43.343  20.525  4.031 0.0000000000
89851  43.747  19.937  3.464 0.0000000000
114750  42.782  20.329  3.607 0.0000000000
128624  42.016  20.960  4.400 0.0000000000
93898  49.341  27.511  10.677 0.0000000000
130765  49.327  27.183  10.982 0.0000000000
93896  49.232  27.775  11.221 0.0000000000
93891  48.727  27.704  11.983 0.0000000000
122927  47.042  26.594  12.253 0.0000000000
93880  45.499  27.842  13.260 0.0000000000
93248  44.375  26.588  13.714 0.0000000000
95064  38.801  29.635  10.316 0.0000000000
95056  39.317  29.584  10.976 0.0000000000
95061  40.999  28.848  10.975 0.0000000000
94476  42.310  28.839  11.200 0.0000000000
94484  42.594  28.383  10.661 0.0000000000
122855  45.222  29.845  11.586 0.0000000000
94473  44.911  29.088  11.338 0.0000000000
94482  44.555  28.267  10.747 0.0000000000
94481  45.638  28.628  10.976 0.0000000000
93900  46.191  27.780  10.091 0.0000000000
111588  46.392  28.308  10.534 0.0000000000
94478  49.063  28.706  10.665 0.0000000000
94488  48.810  28.311  10.076 0.0000000000
93899  49.235  27.965  10.368 0.0000000000
93905  49.443  27.169  9.964 0.0000000000
90307  46.758  21.274  21.529 0.0000000000
89685  46.107  20.957  21.977 0.0000000000
89014  45.173  19.593  23.634 0.0000000000
89024  44.691  20.088  22.958 0.0000000000
89015  44.075  19.475  23.404 0.0000000000
88363  43.271  19.007  22.942 0.0000000000
87706  44.852  17.568  24.853 0.0000000000
86566  44.444  15.269  22.496 0.0000000000
87133  43.795  16.869  23.983 0.0000000000
87153  43.445  15.800  22.401 0.0000000000
117429  44.433  15.402  21.262 0.0000000000
89130  47.221  19.126  11.010 0.0000000000
89131  46.378  18.794  11.383 0.0000000000
124181  47.727  17.900  10.980 0.0000000000
88451  47.914  17.547  12.025 0.0000000000
88431  48.017  18.161  12.850 0.0000000000
89120  50.158  19.211  11.895 0.0000000000
114779  49.925  19.460  12.789 0.0000000000
128275  49.661  19.416  14.219 0.0000000000
89099  49.267  19.107  14.509 0.0000000000
89100  48.425  19.070  14.653 0.0000000000
89077  49.113  19.347  15.410 0.0000000000
89722  49.199  20.188  17.171 0.0000000000
89714  48.827  20.634  17.740 0.0000000000
90338  48.192  21.067  18.261 0.0000000000
90337  49.074  21.219  18.435 0.0000000000
120376  48.342  25.065  11.205 0.0000000000
92076  48.701  24.453  10.807 0.0000000000
92077  48.008  24.309  11.528 0.0000000000
92056  46.806  24.104  13.044 0.0000000000
91503  47.526  23.324  13.210 0.0000000000
90961  48.077  22.668  13.843 0.0000000000
91490  47.587  23.118  14.251 0.0000000000
92030  45.703  24.501  15.529 0.0000000000
92029  46.598  24.220  16.113 0.0000000000
90937  48.770  22.808  15.618 0.0000000000
91470  49.111  23.041  16.520 0.0000000000
90925  49.723  22.331  16.785 0.0000000000
91465  49.426  23.048  17.493 0.0000000000
91458  48.915  23.194  19.290 0.0000000000
90916  49.332  22.366  19.016 0.0000000000
90912  49.009  22.334  19.791 0.0000000000
90321  48.800  21.895  20.215 0.0000000000
130768  48.395  21.697  20.549 0.0000000000
90314  48.561  21.934  20.946 0.0000000000
127115  47.795  22.353  22.364 0.0000000000
121242  47.391  21.236  23.182 0.0000000000
90294  47.546  21.902  23.065 0.0000000000
129479  45.608  25.047  21.364 0.0000000000
108891  46.113  24.596  21.704 0.0000000000
91407  45.673  23.468  24.434 0.0000000000
90870  46.425  22.639  24.493 0.0000000000
93971  41.553  27.282  2.732 0.0000000000
94526  41.555  28.684  3.417 0.0000000000
114764  41.550  28.149  2.849 0.0000000000
92729  41.708  26.139  1.557 0.0000000000
91591  42.899  23.886  1.967 0.0000000000
91598  42.575  23.615  1.158 0.0000000000
91597  43.185  23.015  1.679 0.0000000000
91055  43.585  22.041  1.323 0.0000000000
91049  43.933  22.501  2.130 0.0000000000
93343  46.097  25.893  6.759 0.0000000000
93331  45.332  26.277  7.532 0.0000000000
92132  46.042  24.511  4.530 0.0000000000
92697  45.303  25.323  5.578 0.0000000000
92126  45.111  24.884  4.788 0.0000000000
92133  44.355  24.586  4.246 0.0000000000
92139  44.463  24.105  3.706 0.0000000000
91588  45.536  22.729  2.849 0.0000000000
91047  46.045  21.882  2.305 0.0000000000
90475  45.357  21.170  1.685 0.0000000000
111028  46.484  21.109  1.905 0.0000000000
90474  47.090  20.517  1.960 0.0000000000
89849  48.575  20.203  3.622 0.0000000000
89182  48.181  19.404  3.957 0.0000000000
90445  50.013  21.032  5.775 0.0000000000
90455  49.734  20.268  4.982 0.0000000000
111942  50.207  19.761  5.720 0.0000000000
89826  49.056  19.344  6.151 0.0000000000
89819  48.665  19.855  7.212 0.0000000000
90426  47.725  20.659  7.578 0.0000000000
109850  48.642  19.118  9.729 0.0000000000
89808  48.042  20.188  9.399 0.0000000000
89797  47.688  19.804  10.321 0.0000000000
89798  46.813  20.343  10.709 0.0000000000
88470  45.277  17.932  11.447 0.0000000000
123513  43.659  18.763  13.644 0.0000000000
88435  43.277  18.164  12.910 0.0000000000
88418  42.881  18.799  13.647 0.0000000000
88419  42.067  18.755  13.861 0.0000000000
89081  44.174  20.074  15.231 0.0000000000
89066  41.046  19.924  16.408 0.0000000000
89085  40.512  19.466  15.744 0.0000000000
89107  40.878  19.094  14.880 0.0000000000
89086  39.636  19.286  15.957 0.0000000000
88400  39.151  18.742  15.335 0.0000000000
88387  37.809  18.215  18.075 0.0000000000
88390  37.531  18.204  17.398 0.0000000000
87181  37.092  16.753  17.770 0.0000000000
87184  36.573  16.630  17.114 0.0000000000
86609  36.889  15.788  17.558 0.0000000000
89687  43.933  20.563  21.102 0.0000000000
89040  42.126  19.887  20.852 0.0000000000
89041  41.412  19.551  20.629 0.0000000000
89044  41.188  19.831  19.844 0.0000000000
89042  40.654  19.233  20.395 0.0000000000
86590  41.982  15.687  19.278 0.0000000000
87171  41.405  16.261  19.925 0.0000000000
86591  41.088  15.869  19.210 0.0000000000
89134  43.072  19.500  11.124 0.0000000000
89135  42.179  19.404  10.837 0.0000000000
89147  42.774  18.822  10.901 0.0000000000
88483  42.774  18.255  10.916 0.0000000000
88473  42.816  17.833  11.280 0.0000000000
90407  46.375  21.283  10.464 0.0000000000
90987  45.974  21.984  10.184 0.0000000000
90408  45.612  21.700  10.833 0.0000000000
90401  43.908  21.612  11.439 0.0000000000
89784  43.557  20.450  11.418 0.0000000000
88311  46.014  18.062  28.024 0.0000000000
87689  46.556  17.168  27.359 0.0000000000
87110  46.248  16.545  27.749 0.0000000000
86515  46.358  15.697  27.599 0.0000000000
86516  46.553  14.834  27.432 0.0000000000
90985  49.555  22.506  9.439 0.0000000000
110905  49.728  21.705  9.729 0.0000000000
91519  48.722  23.318  10.842 0.0000000000
92568  43.526  25.660  16.399 0.0000000000
92567  44.324  25.367  16.324 0.0000000000
124739  43.949  25.536  16.875 0.0000000000
93311  49.103  26.599  8.532 0.0000000000
93328  48.870  26.229  7.813 0.0000000000
93310  49.450  26.073  8.681 0.0000000000
92674  49.382  25.607  8.075 0.0000000000
91538  49.538  23.844  8.034 0.0000000000
91533  49.472  23.386  9.142 0.0000000000
123738  47.230  21.146  17.786 0.0000000000
90339  46.248  21.322  18.045 0.0000000000
88455  38.897  18.353  12.064 0.0000000000
88438  39.464  17.948  12.772 0.0000000000
87773  38.094  17.798  14.059 0.0000000000
120770  37.113  17.614  14.369 0.0000000000
87763  37.777  17.915  15.004 0.0000000000
88402  37.471  18.175  15.952 0.0000000000
116408  46.702  19.142  3.214 0.0000000000
113632  45.235  19.007  2.767 0.0000000000
89184  45.687  19.477  3.435 0.0000000000
89839  44.535  20.217  3.916 0.0000000000
90457  43.884  20.909  4.516 0.0000000000
90373  40.499  21.772  13.044 0.0000000000
126514  39.817  21.915  13.303 0.0000000000
90390  38.129  21.253  12.872 0.0000000000
89773  37.911  20.817  11.835 0.0000000000
94472  49.155  28.910  11.329 0.0000000000
94471  49.172  28.361  11.559 0.0000000000
94465  49.141  28.857  11.941 0.0000000000
122518  48.857  29.025  12.642 0.0000000000
96222  45.410  32.312  11.589 0.0000000000
111300  44.583  31.369  11.785 0.0000000000
116944  45.617  31.369  11.640 0.0000000000
95645  46.108  30.523  11.563 0.0000000000
95060  46.721  29.036  11.011 0.0000000000
95059  47.848  29.488  10.861 0.0000000000
89675  47.266  20.900  23.049 0.0000000000
89676  46.505  20.655  22.744 0.0000000000
88352  44.560  18.915  24.000 0.0000000000
86541  44.879  15.941  24.817 0.0000000000
86549  45.078  15.143  24.181 0.0000000000
88481  48.792  17.808  10.787 0.0000000000
88467  49.359  17.725  11.272 0.0000000000
88449  49.790  18.091  11.794 0.0000000000
90384  49.739  20.527  13.222 0.0000000000
89762  49.996  19.975  13.674 0.0000000000
89076  49.693  19.745  15.935 0.0000000000
89734  50.058  20.313  16.303 0.0000000000
90341  50.148  21.020  16.640 0.0000000000
118922  49.960  21.200  17.371 0.0000000000
92067  46.834  24.733  12.361 0.0000000000
92025  46.853  24.520  17.066 0.0000000000
92024  47.820  24.340  17.489 0.0000000000
91466  48.713  24.005  17.883 0.0000000000
91463  48.510  24.042  18.721 0.0000000000
91448  48.608  23.070  20.187 0.0000000000
90909  48.542  22.502  20.823 0.0000000000
91449  47.895  23.373  20.950 0.0000000000
91437  47.515  23.309  21.838 0.0000000000
91977  44.837  24.675  22.693 0.0000000000
91976  45.405  24.407  22.961 0.0000000000
110785  44.954  23.665  24.565 0.0000000000
118738  41.399  28.193  4.208 0.0000000000
93369  41.760  26.388  3.016 0.0000000000
92721  41.877  25.902  2.388 0.0000000000
92720  42.301  25.309  2.693 0.0000000000
92147  43.263  24.170  2.785 0.0000000000
126454  41.748  27.678  9.495 0.0000000000
109154  41.828  27.300  8.865 0.0000000000
93923  42.628  27.039  8.842 0.0000000000
93317  42.938  26.625  8.191 0.0000000000
92696  47.175  24.954  5.373 0.0000000000
92125  46.726  24.548  4.732 0.0000000000
91573  46.672  23.988  4.081 0.0000000000
91581  46.083  23.368  3.411 0.0000000000
91580  47.063  23.120  3.453 0.0000000000
91039  47.380  22.250  3.004 0.0000000000
91045  47.664  21.454  2.781 0.0000000000
90473  47.630  20.638  2.501 0.0000000000
90467  48.107  20.837  3.030 0.0000000000
89837  49.170  19.726  4.402 0.0000000000
90424  50.573  19.865  7.362 0.0000000000
89824  50.334  19.366  6.593 0.0000000000
89817  50.443  19.293  7.391 0.0000000000
89164  50.004  18.945  7.400 0.0000000000
89813  49.338  19.342  7.805 0.0000000000
87781  46.024  17.766  12.401 0.0000000000
87782  45.332  17.721  12.533 0.0000000000
88434  44.959  18.059  13.132 0.0000000000
88417  44.471  18.763  13.747 0.0000000000
89104  43.931  19.380  14.335 0.0000000000
114214  43.070  20.573  16.816 0.0000000000
89740  42.741  20.330  16.079 0.0000000000
89718  41.629  20.235  17.173 0.0000000000
110536  40.768  20.015  17.207 0.0000000000
89068  39.310  19.410  16.703 0.0000000000
89059  39.406  19.504  17.456 0.0000000000
89054  38.796  19.146  17.996 0.0000000000
87750  38.108  17.650  18.620 0.0000000000
89034  42.458  19.657  21.565 0.0000000000
88371  42.103  18.918  22.011 0.0000000000
88372  41.500  18.461  21.646 0.0000000000
87737  40.939  18.031  21.253 0.0000000000
89788  39.723  19.930  10.939 0.0000000000
89136  40.314  19.271  10.684 0.0000000000
88475  40.602  18.577  10.970 0.0000000000
113030  40.573  18.215  11.814 0.0000000000
127718  40.753  18.263  13.416 0.0000000000
112329  46.318  21.172  6.596 0.0000000000
90446  46.007  21.011  5.850 0.0000000000
91008  45.172  22.168  7.272 0.0000000000
90986  45.633  22.332  9.357 0.0000000000
112694  43.208  22.065  11.726 0.0000000000
90386  42.515  22.030  12.175 0.0000000000
96757  44.829  33.132  11.504 0.0000000000
96220  47.110  32.050  11.644 0.0000000000
89002  46.837  19.776  25.163 0.0000000000
88331  46.693  18.950  25.713 0.0000000000
87698  45.854  17.332  25.865 0.0000000000
129865  46.596  17.009  26.736 0.0000000000
87126  46.204  16.395  26.205 0.0000000000
125499  45.580  15.114  25.232 0.0000000000
112459  50.615  18.865  9.440 0.0000000000
89142  50.463  18.515  10.234 0.0000000000
89795  50.591  19.146  10.255 0.0000000000
89781  50.288  19.546  11.085 0.0000000000
125835  50.037  19.880  11.807 0.0000000000
90372  49.453  21.269  13.640 0.0000000000
92581  45.060  25.294  14.002 0.0000000000
92571  44.991  24.928  14.937 0.0000000000
92561  45.166  25.134  16.999 0.0000000000
92005  46.802  25.068  19.499 0.0000000000
91997  46.533  24.969  20.233 0.0000000000
91998  45.772  25.236  20.692 0.0000000000
131230  45.316  25.133  21.530 0.0000000000
92530  45.124  25.387  21.247 0.0000000000
91969  44.430  24.375  23.195 0.0000000000
91429  43.832  24.160  23.235 0.0000000000
129464  41.796  26.460  5.128 0.0000000000
93921  45.103  26.949  8.914 0.0000000000
93330  46.371  26.386  7.564 0.0000000000
93342  47.237  26.113  7.031 0.0000000000
92676  48.699  25.957  7.243 0.0000000000
92685  48.134  25.808  6.749 0.0000000000
92119  48.160  25.169  6.031 0.0000000000
119696  48.513  24.503  5.831 0.0000000000
91564  48.299  23.898  5.291 0.0000000000
91571  48.588  23.241  4.996 0.0000000000
91030  48.795  22.293  4.629 0.0000000000
91020  49.159  22.840  5.406 0.0000000000
91019  49.636  22.266  5.955 0.0000000000
111012  50.061  21.818  6.624 0.0000000000
90999  49.919  22.479  7.699 0.0000000000
129738  50.290  21.533  7.116 0.0000000000
90425  50.459  21.058  7.579 0.0000000000
90418  50.573  20.265  8.205 0.0000000000
89806  50.650  19.492  8.782 0.0000000000
89079  46.966  19.778  15.366 0.0000000000
89080  46.021  19.782  15.310 0.0000000000
89737  45.560  20.318  15.880 0.0000000000
89738  44.607  20.572  16.177 0.0000000000
89726  43.930  20.810  16.891 0.0000000000
109056  45.362  21.097  17.497 0.0000000000
129665  44.722  20.899  16.995 0.0000000000
89710  41.887  20.321  18.261 0.0000000000
89051  41.081  20.005  18.929 0.0000000000
114887  42.515  16.094  21.063 0.0000000000
86589  42.843  15.579  19.440 0.0000000000
88439  36.983  18.307  12.792 0.0000000000
119383  35.684  17.661  13.645 0.0000000000
87196  35.758  17.171  14.373 0.0000000000
87193  35.818  16.831  15.245 0.0000000000
87194  35.454  16.059  15.451 0.0000000000
89191  44.234  19.314  2.838 0.0000000000
89202  43.831  19.074  2.250 0.0000000000
110308  45.126  21.553  5.859 0.0000000000
90447  44.510  21.330  5.130 0.0000000000
132021  49.584  25.592  9.952 0.0000000000
92087  49.311  25.028  10.236 0.0000000000
92641  49.415  25.970  10.375 0.0000000000
93273  49.154  26.521  11.024 0.0000000000
92629  48.388  25.898  11.323 0.0000000000
93890  49.046  27.925  11.684 0.0000000000
93260  48.547  26.855  11.647 0.0000000000
93261  47.644  26.250  11.824 0.0000000000
92616  46.255  26.457  12.561 0.0000000000
92600  45.072  26.027  13.412 0.0000000000
92582  44.587  25.847  13.975 0.0000000000
94486  40.846  28.500  10.306 0.0000000000
95055  40.019  29.577  11.366 0.0000000000
94491  42.124  27.970  10.062 0.0000000000
93903  42.934  27.832  10.081 0.0000000000
93902  43.871  27.644  10.030 0.0000000000
95647  43.956  30.494  11.883 0.0000000000
94474  43.938  28.904  11.311 0.0000000000
127936  44.752  27.644  10.124 0.0000000000
93908  45.512  27.431  9.658 0.0000000000
93907  46.605  27.507  9.516 0.0000000000
93906  47.656  27.705  9.398 0.0000000000
94480  47.433  28.679  10.469 0.0000000000
94489  48.058  28.343  9.898 0.0000000000
118286  48.577  27.800  9.503 0.0000000000
93297  49.121  27.239  9.263 0.0000000000
93285  49.597  26.249  9.841 0.0000000000
90317  46.503  21.317  20.696 0.0000000000
90318  45.509  21.234  20.243 0.0000000000
89692  45.760  21.120  21.127 0.0000000000
89686  45.037  20.792  21.577 0.0000000000
89678  44.313  20.379  22.102 0.0000000000
88364  42.592  18.521  22.567 0.0000000000
87728  42.509  17.626  22.699 0.0000000000
129476  45.931  18.934  25.056 0.0000000000
88341  45.060  18.489  24.661 0.0000000000
87707  44.194  18.079  24.197 0.0000000000
87132  44.396  16.787  24.499 0.0000000000
87717  43.525  17.546  23.668 0.0000000000
87140  42.964  17.289  23.146 0.0000000000
87154  42.715  16.715  22.671 0.0000000000
87162  42.597  16.324  21.843 0.0000000000
89132  45.699  19.121  11.236 0.0000000000
89133  44.933  18.888  11.054 0.0000000000
88469  46.184  18.150  11.514 0.0000000000
87794  46.137  17.819  11.761 0.0000000000
88468  47.177  17.806  11.605 0.0000000000
88432  46.783  18.100  13.129 0.0000000000
88465  50.292  18.298  10.763 0.0000000000
88429  49.544  18.484  12.705 0.0000000000
89114  49.758  19.337  13.373 0.0000000000
88430  49.067  18.210  13.097 0.0000000000
88413  48.746  18.582  13.825 0.0000000000
89101  47.310  19.288  14.671 0.0000000000
89735  47.534  20.175  16.212 0.0000000000
89723  48.396  20.324  17.067 0.0000000000
125091  47.703  21.409  19.487 0.0000000000
91512  48.369  22.864  11.793 0.0000000000
91513  47.905  23.426  12.155 0.0000000000
90960  48.853  21.996  13.998 0.0000000000
91491  46.979  23.572  14.669 0.0000000000
91477  47.242  23.728  15.648 0.0000000000
91476  47.847  23.212  15.178 0.0000000000
90336  49.727  21.443  18.078 0.0000000000
120948  49.645  22.283  18.253 0.0000000000
90328  49.450  21.709  18.689 0.0000000000
90323  47.494  21.434  20.284 0.0000000000
90306  47.618  21.489  21.797 0.0000000000
90305  48.073  21.802  21.708 0.0000000000
114134  47.131  20.804  23.846 0.0000000000
91438  46.690  24.014  22.000 0.0000000000
91427  46.949  23.472  22.636 0.0000000000
91428  46.126  23.917  23.215 0.0000000000
119445  46.744  23.291  23.306 0.0000000000
90876  46.980  22.638  23.629 0.0000000000
90270  46.857  21.447  24.643 0.0000000000
89660  46.937  20.489  24.793 0.0000000000
89649  46.855  20.193  25.732 0.0000000000
89636  46.507  19.898  26.706 0.0000000000
88963  45.973  18.929  27.848 0.0000000000
92161  42.708  24.462  -0.139 0.0000000000
92728  41.957  25.268  1.695 0.0000000000
131887  42.333  24.190  0.634 0.0000000000
91605  42.676  23.610  0.335 0.0000000000
127175  43.339  22.183  0.526 0.0000000000
90485  43.786  21.365  0.555 0.0000000000
90492  44.445  20.452  0.307 0.0000000000
93355  42.163  26.133  5.476 0.0000000000
92700  42.601  25.754  5.121 0.0000000000
93315  44.726  26.555  8.237 0.0000000000
93332  44.331  26.235  7.536 0.0000000000
92687  46.234  25.399  5.867 0.0000000000
92699  43.364  25.437  5.131 0.0000000000
92140  43.617  24.477  3.635 0.0000000000
91583  44.017  23.732  3.183 0.0000000000
91589  44.476  22.993  2.744 0.0000000000
90476  44.374  21.789  1.763 0.0000000000
90484  45.362  20.060  0.871 0.0000000000
89864  46.234  19.381  1.164 0.0000000000
89200  46.915  19.036  2.135 0.0000000000
89857  47.400  19.745  2.294 0.0000000000
89188  47.433  19.286  2.727 0.0000000000
89189  47.029  19.073  2.821 0.0000000000
89183  47.400  19.284  3.476 0.0000000000
89177  47.503  19.415  4.307 0.0000000000
131333  47.497  19.691  5.121 0.0000000000
89168  50.032  19.161  5.804 0.0000000000
89175  49.043  19.364  4.706 0.0000000000
89170  49.013  19.223  5.233 0.0000000000
89829  48.135  19.644  5.625 0.0000000000
90413  47.323  21.035  8.929 0.0000000000
89814  48.275  20.286  8.308 0.0000000000
88471  44.454  18.306  11.209 0.0000000000
88472  43.544  18.023  11.223 0.0000000000
87797  43.473  17.685  11.609 0.0000000000
87796  44.661  17.633  12.337 0.0000000000
88452  43.793  17.643  12.208 0.0000000000
111122  42.807  17.678  12.070 0.0000000000
131078  41.558  18.363  13.214 0.0000000000
88421  40.415  18.457  14.280 0.0000000000
115543  45.169  19.874  15.197 0.0000000000
89082  43.249  19.762  14.765 0.0000000000
89083  42.375  19.908  15.247 0.0000000000
89105  42.593  19.346  14.365 0.0000000000
89106  41.743  19.277  14.643 0.0000000000
88401  38.290  18.493  15.637 0.0000000000
88394  37.969  18.674  16.663 0.0000000000
88395  37.300  18.130  16.705 0.0000000000
89699  44.578  21.136  19.809 0.0000000000
89688  42.875  20.249  21.023 0.0000000000
89695  42.530  20.295  20.379 0.0000000000
89701  42.624  20.487  19.602 0.0000000000
89702  41.844  20.222  19.252 0.0000000000
89045  40.416  19.531  19.578 0.0000000000
87167  41.200  16.791  20.706 0.0000000000
87740  40.546  17.528  20.696 0.0000000000
87172  40.522  16.490  19.707 0.0000000000
88376  40.424  18.444  20.690 0.0000000000
87741  39.811  18.039  20.229 0.0000000000
89046  39.666  19.254  19.250 0.0000000000
88380  38.693  18.139  19.144 0.0000000000
85308  46.629  14.014  27.178 0.0000000000
85969  47.053  13.884  26.471 0.0000000000
85324  47.105  13.260  25.817 0.0000000000
85976  47.365  13.539  24.715 0.0000000000
86533  46.648  15.472  26.567 0.0000000000
86550  44.147  15.519  23.275 0.0000000000
86583  44.067  15.492  20.524 0.0000000000
87112  45.768  16.643  27.950 0.0000000000
87166  41.995  16.222  20.533 0.0000000000
87681  46.165  17.344  27.872 0.0000000000
87739  41.152  17.323  21.183 0.0000000000
88448  50.170  18.446  11.432 0.0000000000
88518  45.820  18.459  1.800 0.0000000000
88979  46.101  19.616  27.470 0.0000000000
89060  38.687  19.196  17.117 0.0000000000
89156  50.401  19.188  7.850 0.0000000000
89163  50.249  19.132  7.255 0.0000000000
89190  46.186  18.892  2.749 0.0000000000
89201  44.799  18.579  2.273 0.0000000000
89694  43.222  20.591  20.311 0.0000000000
89721  49.801  20.496  17.038 0.0000000000
89727  42.366  20.371  16.745 0.0000000000
90414  46.506  21.618  9.520 0.0000000000
92154  42.262  24.381  1.409 0.0000000000
92683  49.148  25.441  7.401 0.0000000000
92737  41.858  25.861  0.694 0.0000000000
93296  49.441  26.545  9.268 0.0000000000
93327  49.230  26.072  8.117 0.0000000000
93344  44.918  25.891  6.862 0.0000000000
93362  42.151  26.066  4.747 0.0000000000
93911  42.410  27.504  9.485 0.0000000000
117943  45.975  16.790  28.005 0.0000000000
121349  41.449  27.309  4.344 0.0000000000
122943  45.552  26.438  12.909 0.0000000000
123585  48.492  26.653  8.107 0.0000000000
125373  42.522  20.691  4.105 0.0000000000
127898  47.236  26.497  7.673 0.0000000000
129209  47.841  23.891  4.905 0.0000000000
129412  36.530  17.181  16.585 0.0000000000
