#!ascii label  , from subject sub-v1s12x0050125_ses-1 vox2ras=TkReg
1044
46213  12.302  -32.647  39.352 0.0000000000
48095  24.724  -32.881  44.788 0.0000000000
63648  35.322  -14.483  26.448 0.0000000000
56719  25.577  -22.123  32.796 0.0000000000
52682  29.359  -26.180  39.606 0.0000000000
71374  43.275  -5.481  18.177 0.0000000000
61881  35.353  -16.377  30.094 0.0000000000
57620  30.958  -20.666  27.903 0.0000000000
120393  6.526  -31.097  39.289 0.0000000000
46183  16.873  -31.687  42.158 0.0000000000
127077  21.128  -31.094  40.763 0.0000000000
120974  14.330  -33.358  36.618 0.0000000000
126150  42.275  -12.936  21.481 0.0000000000
112084  14.738  -31.898  44.456 0.0000000000
109783  10.719  -28.489  44.098 0.0000000000
66317  40.392  -10.067  25.235 0.0000000000
48099  4.625  -30.838  44.955 0.0000000000
44166  0.876  -35.918  44.200 0.0000000000
122057  28.464  -20.185  32.362 0.0000000000
55945  28.958  -23.912  35.821 0.0000000000
109083  27.458  -29.710  34.311 0.0000000000
50162  25.002  -31.175  37.800 0.0000000000
60241  34.377  -17.652  32.226 0.0000000000
59383  32.867  -19.108  29.010 0.0000000000
57573  32.222  -20.506  30.469 0.0000000000
62703  37.216  -15.001  32.173 0.0000000000
47237  9.812  -32.038  36.927 0.0000000000
47239  7.135  -32.853  37.145 0.0000000000
48168  9.780  -30.711  38.698 0.0000000000
46210  13.508  -33.741  40.525 0.0000000000
47209  15.414  -32.435  39.543 0.0000000000
46267  12.496  -34.035  37.614 0.0000000000
119785  11.575  -32.982  35.363 0.0000000000
64552  36.036  -12.198  24.660 0.0000000000
64528  37.763  -13.429  28.110 0.0000000000
125426  38.021  -11.723  26.459 0.0000000000
109886  38.946  -10.869  23.582 0.0000000000
50061  9.552  -28.755  46.962 0.0000000000
49096  6.687  -29.486  44.277 0.0000000000
49059  6.478  -29.773  47.159 0.0000000000
46050  1.455  -33.158  48.559 0.0000000000
110151  2.019  -34.138  46.237 0.0000000000
44121  0.259  -35.252  46.771 0.0000000000
42303  -1.535  -37.422  46.809 0.0000000000
43223  -1.925  -36.563  48.981 0.0000000000
56660  29.480  -21.969  38.331 0.0000000000
54270  29.229  -24.763  37.797 0.0000000000
52716  29.252  -27.270  34.955 0.0000000000
114835  29.363  -28.300  37.052 0.0000000000
50168  19.246  -29.030  39.428 0.0000000000
50148  23.067  -31.092  38.798 0.0000000000
51049  20.922  -28.784  37.392 0.0000000000
51060  23.001  -30.031  35.374 0.0000000000
59349  25.957  -19.472  32.715 0.0000000000
58480  26.049  -20.320  29.386 0.0000000000
56740  24.434  -22.232  30.186 0.0000000000
112727  46.128  -4.578  14.812 0.0000000000
71395  43.696  -5.653  15.656 0.0000000000
62743  35.526  -16.216  27.821 0.0000000000
61117  32.699  -17.492  27.675 0.0000000000
63603  37.266  -14.480  29.669 0.0000000000
47121  20.822  -33.298  43.799 0.0000000000
48122  22.744  -32.005  42.715 0.0000000000
48137  19.311  -31.317  42.193 0.0000000000
49210  16.472  -30.040  39.652 0.0000000000
49243  15.587  -30.502  36.332 0.0000000000
65464  44.314  -11.724  23.508 0.0000000000
66371  43.962  -11.032  21.603 0.0000000000
68037  42.907  -10.527  20.614 0.0000000000
68047  40.932  -9.162  19.267 0.0000000000
47153  12.976  -32.580  41.293 0.0000000000
48125  11.787  -30.509  41.559 0.0000000000
48097  13.165  -30.328  43.858 0.0000000000
46167  15.437  -32.503  42.671 0.0000000000
65467  41.851  -11.802  23.007 0.0000000000
49127  7.942  -28.903  41.534 0.0000000000
125707  5.587  -30.554  42.285 0.0000000000
113231  2.950  -33.561  41.585 0.0000000000
47063  3.865  -31.394  46.950 0.0000000000
46137  2.328  -33.815  44.361 0.0000000000
42241  -3.574  -37.745  50.554 0.0000000000
57553  31.365  -20.467  32.541 0.0000000000
58425  26.519  -19.995  35.088 0.0000000000
109611  27.547  -20.608  36.294 0.0000000000
130995  27.711  -22.669  34.262 0.0000000000
54314  28.384  -25.620  34.000 0.0000000000
51919  27.173  -28.819  32.437 0.0000000000
120593  25.023  -29.833  31.930 0.0000000000
49141  24.437  -31.713  40.880 0.0000000000
49183  26.203  -31.230  39.782 0.0000000000
50177  28.333  -30.310  38.231 0.0000000000
50198  26.569  -30.636  36.183 0.0000000000
50226  24.245  -30.249  34.318 0.0000000000
57585  29.803  -20.722  29.810 0.0000000000
57634  28.592  -21.706  26.489 0.0000000000
59355  33.971  -18.237  32.435 0.0000000000
118170  33.160  -18.903  31.114 0.0000000000
120416  33.299  -19.335  32.616 0.0000000000
61070  35.558  -16.774  32.865 0.0000000000
47213  11.321  -32.040  38.056 0.0000000000
47214  10.012  -31.662  37.620 0.0000000000
47174  10.958  -31.112  39.035 0.0000000000
46212  12.696  -33.286  39.850 0.0000000000
111732  12.816  -34.281  38.993 0.0000000000
46252  12.237  -33.483  38.616 0.0000000000
47236  11.650  -32.718  37.324 0.0000000000
64544  35.409  -12.813  25.254 0.0000000000
64529  36.724  -14.278  27.153 0.0000000000
64534  37.557  -13.089  27.434 0.0000000000
64542  36.868  -12.911  26.417 0.0000000000
65440  37.029  -12.202  25.793 0.0000000000
46070  0.971  -33.818  48.254 0.0000000000
45090  1.349  -34.121  47.522 0.0000000000
44110  -0.034  -35.062  47.552 0.0000000000
117963  -0.746  -36.342  46.333 0.0000000000
44111  -0.878  -35.481  48.016 0.0000000000
43251  -1.697  -37.086  47.411 0.0000000000
55926  30.073  -23.890  39.067 0.0000000000
112892  29.339  -25.395  38.477 0.0000000000
53468  28.979  -26.350  37.170 0.0000000000
51874  29.225  -27.518  37.671 0.0000000000
48093  26.093  -32.029  43.858 0.0000000000
117498  17.979  -28.386  38.057 0.0000000000
50185  20.684  -29.163  38.274 0.0000000000
127791  18.928  -28.145  37.479 0.0000000000
51883  20.305  -28.008  35.943 0.0000000000
57555  25.124  -21.023  32.826 0.0000000000
57567  24.830  -21.024  30.951 0.0000000000
70531  43.286  -5.817  19.786 0.0000000000
71367  45.220  -4.770  19.311 0.0000000000
126451  44.935  -4.702  17.824 0.0000000000
71377  44.919  -4.760  16.914 0.0000000000
71387  42.736  -5.839  16.812 0.0000000000
62725  35.825  -16.252  28.535 0.0000000000
61900  34.411  -16.789  27.840 0.0000000000
61115  34.064  -17.368  28.355 0.0000000000
58496  31.987  -19.871  28.415 0.0000000000
59402  32.045  -19.686  27.880 0.0000000000
58510  31.600  -20.234  27.717 0.0000000000
111512  35.890  -15.883  31.384 0.0000000000
109961  36.372  -15.451  29.907 0.0000000000
62724  36.432  -15.631  28.863 0.0000000000
48189  7.275  -32.044  37.881 0.0000000000
47194  5.485  -31.895  39.511 0.0000000000
47137  18.450  -31.941  42.856 0.0000000000
48124  19.774  -31.981  42.587 0.0000000000
47150  17.977  -31.448  42.273 0.0000000000
47231  14.926  -32.956  38.095 0.0000000000
48185  15.391  -31.637  39.384 0.0000000000
48208  15.040  -31.274  38.490 0.0000000000
49222  15.462  -30.423  38.102 0.0000000000
48231  15.113  -31.974  36.799 0.0000000000
47276  14.149  -32.849  35.201 0.0000000000
53526  26.249  -26.109  31.460 0.0000000000
64577  42.956  -12.592  22.444 0.0000000000
65501  44.057  -11.654  22.249 0.0000000000
64598  43.228  -12.500  21.961 0.0000000000
66373  43.299  -11.603  20.253 0.0000000000
66379  42.705  -11.578  18.887 0.0000000000
68038  41.434  -9.532  20.002 0.0000000000
47124  13.782  -32.286  42.684 0.0000000000
115134  13.201  -31.774  42.565 0.0000000000
47109  14.205  -31.535  43.933 0.0000000000
46151  14.911  -32.480  43.501 0.0000000000
46169  14.137  -32.759  41.931 0.0000000000
65438  42.818  -11.318  24.304 0.0000000000
66335  41.345  -10.653  24.331 0.0000000000
65469  39.768  -11.423  22.594 0.0000000000
49109  10.556  -29.070  42.509 0.0000000000
110534  9.390  -29.118  41.055 0.0000000000
128459  9.584  -28.734  42.565 0.0000000000
48098  5.409  -30.333  44.367 0.0000000000
49129  6.245  -30.087  42.695 0.0000000000
48112  4.824  -30.961  42.851 0.0000000000
47158  4.040  -31.839  41.752 0.0000000000
47125  4.083  -31.517  43.285 0.0000000000
48056  3.852  -31.305  47.504 0.0000000000
45147  1.569  -34.638  45.271 0.0000000000
46122  2.328  -33.722  45.385 0.0000000000
45164  1.593  -34.807  44.469 0.0000000000
45179  1.815  -35.108  43.083 0.0000000000
59323  26.599  -19.634  34.753 0.0000000000
55939  29.658  -22.759  36.981 0.0000000000
127004  28.727  -21.318  37.160 0.0000000000
56688  28.726  -21.688  36.142 0.0000000000
56697  27.908  -21.526  35.141 0.0000000000
55946  28.736  -23.110  35.149 0.0000000000
127611  28.067  -24.342  34.549 0.0000000000
55169  28.469  -24.924  34.637 0.0000000000
51905  28.522  -28.604  34.501 0.0000000000
51917  28.323  -28.343  33.761 0.0000000000
51100  27.277  -29.389  33.334 0.0000000000
51101  26.596  -29.435  32.517 0.0000000000
113876  26.509  -29.906  33.283 0.0000000000
49144  21.791  -31.320  41.410 0.0000000000
48133  24.036  -31.986  41.713 0.0000000000
49142  23.593  -31.706  41.001 0.0000000000
50164  23.472  -30.806  38.135 0.0000000000
129529  24.867  -31.379  39.092 0.0000000000
49205  25.297  -31.320  38.568 0.0000000000
50160  27.578  -30.705  38.658 0.0000000000
50179  26.523  -31.016  37.460 0.0000000000
50197  27.003  -30.672  36.838 0.0000000000
112183  25.068  -30.923  37.001 0.0000000000
131000  21.764  -28.670  34.235 0.0000000000
50215  23.626  -30.171  34.833 0.0000000000
57544  29.835  -20.724  32.818 0.0000000000
56728  30.627  -21.084  30.922 0.0000000000
57566  29.190  -20.566  31.162 0.0000000000
57623  25.878  -21.770  27.446 0.0000000000
57608  27.350  -20.756  28.121 0.0000000000
71397  46.293  -4.791  13.980 0.0000000000
61098  34.313  -17.225  30.836 0.0000000000
61106  34.125  -17.433  29.294 0.0000000000
131871  33.396  -18.390  30.694 0.0000000000
58478  32.569  -19.398  29.639 0.0000000000
57603  31.591  -20.129  29.198 0.0000000000
61855  36.718  -15.686  32.711 0.0000000000
61097  35.317  -16.589  31.796 0.0000000000
47215  8.872  -31.995  37.151 0.0000000000
48188  8.493  -31.496  37.816 0.0000000000
111556  7.575  -30.509  39.238 0.0000000000
46208  15.148  -33.113  41.042 0.0000000000
47170  15.875  -31.884  40.627 0.0000000000
46232  14.957  -33.718  40.364 0.0000000000
47211  14.504  -33.712  38.477 0.0000000000
47233  13.716  -34.004  36.730 0.0000000000
47254  13.042  -33.482  35.813 0.0000000000
47235  12.083  -33.319  36.987 0.0000000000
111693  11.273  -32.710  36.534 0.0000000000
64601  41.637  -13.108  21.053 0.0000000000
48067  14.576  -30.819  45.947 0.0000000000
65424  38.591  -12.076  28.157 0.0000000000
65428  38.394  -11.718  27.214 0.0000000000
66318  39.264  -10.536  25.638 0.0000000000
66336  40.222  -10.489  24.424 0.0000000000
65453  38.208  -11.116  24.657 0.0000000000
65454  37.290  -11.555  24.713 0.0000000000
50072  9.539  -28.555  45.910 0.0000000000
50103  8.434  -28.613  44.183 0.0000000000
50087  8.402  -28.685  45.347 0.0000000000
49083  6.589  -29.570  45.338 0.0000000000
48084  5.272  -30.390  45.443 0.0000000000
47065  2.623  -32.724  47.404 0.0000000000
46089  1.941  -33.882  47.266 0.0000000000
45109  1.548  -34.345  46.885 0.0000000000
44150  0.612  -35.642  45.027 0.0000000000
114004  -0.625  -36.687  45.623 0.0000000000
55938  29.913  -23.588  37.644 0.0000000000
55159  29.239  -24.156  36.710 0.0000000000
54298  29.109  -25.598  35.628 0.0000000000
53480  29.247  -26.152  35.958 0.0000000000
52704  29.353  -27.356  35.854 0.0000000000
110776  28.208  -29.584  35.689 0.0000000000
50152  19.569  -29.706  39.935 0.0000000000
49188  21.396  -30.889  39.848 0.0000000000
50150  21.233  -30.308  39.108 0.0000000000
125961  21.892  -30.354  38.544 0.0000000000
50183  23.025  -30.457  37.409 0.0000000000
50182  23.751  -30.566  36.777 0.0000000000
120924  21.676  -29.190  36.669 0.0000000000
51882  21.058  -28.233  35.187 0.0000000000
129539  26.949  -19.543  32.081 0.0000000000
58471  27.104  -19.822  30.585 0.0000000000
58462  26.154  -19.761  31.220 0.0000000000
116267  24.917  -21.229  29.091 0.0000000000
114921  46.046  -4.128  16.313 0.0000000000
71393  45.297  -5.149  14.993 0.0000000000
63639  35.781  -15.175  26.912 0.0000000000
63649  34.320  -14.528  26.257 0.0000000000
119343  34.142  -15.778  26.907 0.0000000000
61116  33.368  -17.748  28.154 0.0000000000
60296  31.575  -18.241  27.222 0.0000000000
111404  38.403  -13.927  31.744 0.0000000000
111535  38.734  -13.517  31.252 0.0000000000
64510  38.951  -13.008  29.905 0.0000000000
63624  37.634  -14.032  29.098 0.0000000000
63637  36.883  -14.819  27.768 0.0000000000
47119  22.681  -32.983  43.952 0.0000000000
110402  23.839  -32.272  43.486 0.0000000000
47133  22.262  -32.431  43.428 0.0000000000
121541  21.350  -31.493  42.231 0.0000000000
48148  19.838  -30.897  41.751 0.0000000000
48151  17.013  -31.223  40.965 0.0000000000
48165  17.253  -30.708  40.957 0.0000000000
49190  18.931  -29.915  40.652 0.0000000000
50170  16.995  -29.262  39.259 0.0000000000
50188  16.666  -29.227  38.351 0.0000000000
50204  16.104  -29.695  36.646 0.0000000000
68023  44.349  -9.331  22.437 0.0000000000
122753  43.327  -12.275  20.722 0.0000000000
67211  43.504  -11.056  21.008 0.0000000000
68911  43.818  -9.140  22.074 0.0000000000
68913  42.407  -7.968  21.550 0.0000000000
69734  41.801  -7.414  20.881 0.0000000000
70533  41.586  -6.691  19.132 0.0000000000
70543  41.324  -6.926  17.397 0.0000000000
47172  12.483  -32.492  40.135 0.0000000000
47156  11.331  -30.795  39.850 0.0000000000
47141  12.276  -31.416  41.245 0.0000000000
49107  12.255  -30.391  42.545 0.0000000000
49095  11.668  -29.027  43.663 0.0000000000
48082  13.963  -30.377  45.497 0.0000000000
49082  11.708  -28.792  45.584 0.0000000000
50060  10.682  -28.666  47.449 0.0000000000
47088  24.077  -33.321  45.156 0.0000000000
47105  22.293  -33.480  44.592 0.0000000000
46145  20.071  -33.876  44.008 0.0000000000
46164  18.084  -31.952  43.244 0.0000000000
126199  16.701  -32.207  43.586 0.0000000000
112074  15.731  -32.253  42.198 0.0000000000
46186  14.439  -32.954  41.512 0.0000000000
130937  13.292  -33.310  40.679 0.0000000000
111905  43.501  -11.600  24.186 0.0000000000
65465  42.958  -12.115  23.448 0.0000000000
64564  42.304  -12.351  22.540 0.0000000000
65452  40.053  -10.959  23.571 0.0000000000
65487  40.688  -12.032  22.004 0.0000000000
64580  41.248  -12.603  21.515 0.0000000000
48152  10.087  -30.272  39.486 0.0000000000
49146  8.845  -29.619  40.196 0.0000000000
48154  7.585  -29.906  39.989 0.0000000000
50122  7.488  -29.030  42.690 0.0000000000
49148  6.334  -30.086  41.673 0.0000000000
48155  5.903  -30.853  40.136 0.0000000000
114689  4.087  -32.328  40.906 0.0000000000
127810  3.458  -33.110  41.041 0.0000000000
48054  5.141  -30.499  47.050 0.0000000000
48085  4.590  -30.889  45.933 0.0000000000
47095  3.160  -32.119  45.715 0.0000000000
47112  3.280  -32.271  44.709 0.0000000000
46154  2.460  -33.955  43.287 0.0000000000
43208  -2.489  -36.854  50.134 0.0000000000
113069  32.599  -19.832  33.313 0.0000000000
58449  27.898  -19.757  33.069 0.0000000000
59336  27.024  -19.346  33.596 0.0000000000
57536  26.015  -20.066  34.074 0.0000000000
57545  25.714  -21.257  33.490 0.0000000000
57504  26.877  -20.329  35.555 0.0000000000
57535  27.126  -20.985  34.903 0.0000000000
56712  27.109  -22.313  33.795 0.0000000000
118464  26.751  -23.970  33.507 0.0000000000
55179  27.063  -24.819  33.516 0.0000000000
53510  27.089  -26.379  32.573 0.0000000000
53493  28.781  -26.248  34.195 0.0000000000
52734  27.645  -27.351  32.611 0.0000000000
51936  27.131  -28.041  31.945 0.0000000000
51937  26.401  -28.721  31.535 0.0000000000
51113  25.162  -29.644  31.152 0.0000000000
51862  28.717  -27.335  40.165 0.0000000000
117456  24.529  -31.884  43.309 0.0000000000
49124  25.442  -31.094  42.184 0.0000000000
122799  26.281  -30.164  41.647 0.0000000000
49164  23.950  -31.575  40.123 0.0000000000
49161  26.071  -31.189  40.716 0.0000000000
50138  27.157  -30.144  40.498 0.0000000000
50145  28.159  -29.645  39.671 0.0000000000
51031  28.726  -29.518  39.269 0.0000000000
125011  29.289  -28.289  38.681 0.0000000000
51045  29.139  -29.294  37.375 0.0000000000
51059  27.478  -30.307  36.061 0.0000000000
51074  26.841  -30.426  35.389 0.0000000000
50200  24.607  -30.636  36.269 0.0000000000
50213  25.303  -30.530  35.352 0.0000000000
50225  25.401  -30.429  34.503 0.0000000000
50238  24.217  -30.039  33.313 0.0000000000
57562  32.148  -20.518  31.733 0.0000000000
56756  31.043  -20.912  29.952 0.0000000000
109213  30.266  -20.661  28.977 0.0000000000
57587  27.690  -20.235  28.968 0.0000000000
57606  29.450  -20.674  28.104 0.0000000000
57621  29.444  -21.095  27.147 0.0000000000
70559  41.943  -6.850  15.907 0.0000000000
59347  34.329  -18.680  33.407 0.0000000000
58447  33.520  -19.501  33.362 0.0000000000
47192  11.612  -31.947  38.780 0.0000000000
46236  12.405  -33.466  39.216 0.0000000000
46237  12.099  -32.722  38.639 0.0000000000
46253  11.877  -32.743  38.005 0.0000000000
64537  35.784  -13.612  26.153 0.0000000000
63655  34.842  -13.611  25.790 0.0000000000
63647  36.106  -14.422  26.739 0.0000000000
64535  37.081  -13.454  26.999 0.0000000000
64536  36.507  -13.604  26.586 0.0000000000
64543  36.339  -12.728  25.792 0.0000000000
45078  0.170  -34.221  48.785 0.0000000000
45091  0.496  -34.423  47.932 0.0000000000
45092  -0.318  -34.830  48.423 0.0000000000
53455  29.555  -25.510  39.281 0.0000000000
54261  29.675  -24.880  38.990 0.0000000000
52689  29.254  -26.096  38.744 0.0000000000
53460  29.005  -26.082  37.967 0.0000000000
52690  29.014  -26.805  38.204 0.0000000000
48080  25.465  -32.598  45.298 0.0000000000
48094  25.334  -32.293  44.375 0.0000000000
51064  17.598  -28.326  37.056 0.0000000000
51885  18.437  -27.880  36.546 0.0000000000
122316  24.871  -21.638  31.887 0.0000000000
70538  42.862  -5.730  18.905 0.0000000000
71368  44.501  -5.268  19.530 0.0000000000
71373  44.559  -5.041  18.966 0.0000000000
114499  44.233  -5.081  18.178 0.0000000000
71379  43.528  -5.416  17.232 0.0000000000
71380  42.633  -5.798  17.505 0.0000000000
61888  35.347  -16.592  29.111 0.0000000000
61889  34.735  -17.007  28.719 0.0000000000
57619  31.501  -20.233  28.366 0.0000000000
123512  31.184  -20.537  27.556 0.0000000000
57631  30.627  -20.815  26.830 0.0000000000
61880  35.867  -15.852  30.422 0.0000000000
61887  35.948  -16.093  29.484 0.0000000000
48171  6.338  -32.042  38.571 0.0000000000
117798  5.500  -32.607  38.787 0.0000000000
47138  17.678  -31.655  42.540 0.0000000000
47151  17.196  -31.489  41.778 0.0000000000
47232  14.844  -32.826  37.126 0.0000000000
48209  14.970  -32.036  37.798 0.0000000000
49223  15.163  -31.178  37.460 0.0000000000
48232  14.623  -32.661  36.056 0.0000000000
47253  13.910  -33.327  35.842 0.0000000000
52747  26.791  -27.075  31.568 0.0000000000
64578  42.552  -12.687  22.112 0.0000000000
64599  42.706  -12.897  21.533 0.0000000000
67217  41.989  -10.805  18.602 0.0000000000
47108  14.400  -32.179  43.508 0.0000000000
114897  13.818  -31.893  43.221 0.0000000000
46135  14.961  -32.285  44.147 0.0000000000
126661  40.603  -9.797  25.908 0.0000000000
66316  41.503  -10.052  24.985 0.0000000000
50101  10.891  -28.842  43.151 0.0000000000
50102  9.717  -28.653  43.429 0.0000000000
48111  5.561  -30.431  43.298 0.0000000000
121103  4.732  -30.851  43.875 0.0000000000
47111  3.977  -31.504  44.354 0.0000000000
48044  3.852  -31.153  48.066 0.0000000000
44149  1.195  -35.227  44.728 0.0000000000
44165  1.503  -35.409  43.782 0.0000000000
55943  29.379  -23.317  36.403 0.0000000000
56687  29.183  -22.388  36.191 0.0000000000
127164  29.095  -22.965  35.717 0.0000000000
56696  28.635  -22.142  35.530 0.0000000000
55953  28.517  -24.085  35.060 0.0000000000
51088  28.026  -29.054  33.865 0.0000000000
51089  26.751  -30.104  34.020 0.0000000000
49143  22.725  -31.510  41.215 0.0000000000
119999  22.136  -31.287  40.497 0.0000000000
50163  24.178  -30.988  38.011 0.0000000000
49206  24.560  -31.263  38.544 0.0000000000
112522  25.896  -31.266  38.002 0.0000000000
50180  25.733  -31.082  37.237 0.0000000000
58459  29.310  -20.632  32.096 0.0000000000
58460  28.456  -20.259  31.615 0.0000000000
61087  34.608  -17.172  31.636 0.0000000000
60252  33.788  -17.808  30.794 0.0000000000
60251  34.067  -17.663  31.583 0.0000000000
58469  32.730  -19.512  30.552 0.0000000000
57582  32.365  -19.997  30.091 0.0000000000
57602  32.061  -19.859  29.438 0.0000000000
57583  31.902  -20.284  29.859 0.0000000000
124165  37.000  -15.998  33.529 0.0000000000
61086  34.878  -17.264  32.497 0.0000000000
48187  9.514  -31.169  38.129 0.0000000000
48169  8.571  -30.735  38.519 0.0000000000
48170  7.417  -31.256  38.532 0.0000000000
46209  14.301  -33.479  40.941 0.0000000000
109763  13.956  -34.093  40.051 0.0000000000
46250  13.068  -34.323  38.183 0.0000000000
46249  13.758  -34.263  38.958 0.0000000000
47212  13.824  -34.239  37.810 0.0000000000
46266  13.193  -34.249  37.384 0.0000000000
47234  12.778  -33.873  36.756 0.0000000000
121970  10.628  -32.281  36.735 0.0000000000
65418  38.263  -12.897  28.564 0.0000000000
65429  37.842  -12.342  27.169 0.0000000000
66304  38.973  -10.976  26.683 0.0000000000
129361  38.596  -11.200  26.335 0.0000000000
66305  38.460  -11.147  25.578 0.0000000000
65439  37.689  -11.662  25.686 0.0000000000
65441  36.662  -12.037  25.128 0.0000000000
65455  36.627  -11.793  24.296 0.0000000000
50073  8.422  -28.934  46.417 0.0000000000
50088  7.427  -29.234  45.866 0.0000000000
49071  6.523  -29.692  46.317 0.0000000000
49084  5.846  -30.056  45.871 0.0000000000
46049  2.052  -33.032  48.033 0.0000000000
45110  0.807  -34.664  47.163 0.0000000000
45129  0.984  -34.827  46.419 0.0000000000
44136  0.375  -35.488  45.911 0.0000000000
43276  -0.063  -36.108  45.264 0.0000000000
43263  -0.282  -36.032  45.874 0.0000000000
43250  -1.288  -36.661  46.884 0.0000000000
43239  -1.858  -36.774  48.170 0.0000000000
42275  -2.244  -37.331  48.612 0.0000000000
55152  29.459  -24.450  38.138 0.0000000000
55937  29.765  -24.054  38.278 0.0000000000
55153  29.434  -24.312  37.500 0.0000000000
55942  29.740  -23.656  37.015 0.0000000000
54297  29.057  -25.415  36.449 0.0000000000
54283  29.056  -25.069  37.227 0.0000000000
51881  29.293  -27.312  36.831 0.0000000000
51893  29.241  -28.146  36.111 0.0000000000
51894  28.757  -28.830  35.398 0.0000000000
51058  29.003  -29.071  36.339 0.0000000000
50151  20.421  -30.238  39.834 0.0000000000
50167  20.279  -29.679  39.038 0.0000000000
50166  21.250  -29.896  38.381 0.0000000000
50184  21.567  -29.447  37.651 0.0000000000
110032  22.096  -30.175  37.879 0.0000000000
51048  22.280  -29.990  36.938 0.0000000000
59356  26.385  -19.515  32.037 0.0000000000
58463  25.597  -19.798  31.999 0.0000000000
56741  24.649  -21.574  30.319 0.0000000000
57588  24.869  -21.100  29.979 0.0000000000
56758  24.564  -21.734  29.588 0.0000000000
129218  44.271  -5.349  15.758 0.0000000000
71384  44.904  -5.007  15.900 0.0000000000
71394  44.323  -5.552  15.093 0.0000000000
70557  43.465  -6.101  15.009 0.0000000000
62762  35.478  -15.764  27.297 0.0000000000
62763  34.769  -15.721  26.981 0.0000000000
61901  33.440  -16.970  27.637 0.0000000000
61910  33.862  -16.300  27.263 0.0000000000
61911  32.425  -16.847  27.259 0.0000000000
61127  31.912  -17.476  27.284 0.0000000000
60267  33.277  -18.575  29.132 0.0000000000
60281  33.622  -17.963  28.889 0.0000000000
60282  33.087  -18.591  28.543 0.0000000000
59403  31.429  -19.840  27.091 0.0000000000
60283  32.353  -18.768  27.892 0.0000000000
122465  31.758  -19.141  27.368 0.0000000000
122110  31.171  -18.951  26.661 0.0000000000
62701  38.459  -14.184  32.462 0.0000000000
62702  37.899  -14.390  31.940 0.0000000000
125136  37.470  -14.313  30.466 0.0000000000
63583  37.995  -13.918  31.013 0.0000000000
63602  37.813  -13.851  29.975 0.0000000000
63582  38.505  -13.426  30.371 0.0000000000
64511  38.248  -13.430  29.487 0.0000000000
113432  36.102  -15.912  27.956 0.0000000000
62742  36.583  -15.392  28.145 0.0000000000
63638  36.218  -15.414  27.512 0.0000000000
47120  21.843  -33.140  43.898 0.0000000000
47134  21.314  -32.561  43.386 0.0000000000
48123  20.813  -31.963  42.822 0.0000000000
48136  20.318  -31.443  42.219 0.0000000000
48149  18.789  -30.784  41.761 0.0000000000
47190  15.628  -32.428  40.148 0.0000000000
47189  16.115  -31.612  40.577 0.0000000000
48184  15.957  -30.907  40.013 0.0000000000
48166  16.407  -31.228  40.608 0.0000000000
49192  16.906  -30.418  40.358 0.0000000000
49191  17.908  -30.030  40.558 0.0000000000
49209  17.510  -29.668  39.953 0.0000000000
49231  15.556  -30.434  37.145 0.0000000000
50189  16.029  -29.802  37.754 0.0000000000
50203  16.504  -29.315  37.573 0.0000000000
47255  12.234  -33.254  36.053 0.0000000000
47278  12.312  -33.022  34.866 0.0000000000
110222  11.532  -33.085  34.503 0.0000000000
124708  44.542  -11.431  24.031 0.0000000000
66366  44.362  -11.099  22.224 0.0000000000
66365  44.896  -10.601  22.773 0.0000000000
67206  44.423  -10.480  22.264 0.0000000000
68022  44.774  -9.457  22.795 0.0000000000
68029  44.400  -9.899  22.312 0.0000000000
64616  42.766  -13.140  20.591 0.0000000000
64615  43.111  -12.653  21.061 0.0000000000
67212  43.205  -11.127  20.450 0.0000000000
68036  43.471  -10.471  21.170 0.0000000000
68030  43.909  -9.843  21.802 0.0000000000
68031  43.255  -9.684  21.394 0.0000000000
68912  43.158  -8.632  21.871 0.0000000000
126378  42.584  -8.949  21.343 0.0000000000
68919  41.684  -8.619  20.831 0.0000000000
69735  41.128  -7.903  20.181 0.0000000000
125825  41.527  -6.952  19.978 0.0000000000
69739  41.020  -7.516  19.131 0.0000000000
47154  12.575  -32.293  40.942 0.0000000000
47140  12.741  -32.049  41.714 0.0000000000
112362  12.919  -30.781  42.882 0.0000000000
49094  12.379  -29.947  43.305 0.0000000000
49070  13.316  -29.655  46.227 0.0000000000
49081  12.523  -29.321  45.832 0.0000000000
127463  11.872  -28.793  46.421 0.0000000000
50071  10.791  -28.646  46.435 0.0000000000
47104  23.201  -33.292  44.695 0.0000000000
46146  19.065  -33.392  43.815 0.0000000000
46149  15.926  -32.451  43.610 0.0000000000
130512  16.074  -32.301  42.949 0.0000000000
112148  15.096  -32.677  41.848 0.0000000000
46168  14.776  -32.675  42.285 0.0000000000
46170  13.777  -32.578  42.111 0.0000000000
46188  13.446  -32.819  41.304 0.0000000000
46189  12.976  -32.961  40.576 0.0000000000
62783  33.681  -15.110  26.497 0.0000000000
65450  42.070  -11.448  23.722 0.0000000000
65449  42.714  -11.708  23.808 0.0000000000
65466  42.567  -12.027  23.228 0.0000000000
64563  42.787  -12.411  22.846 0.0000000000
66319  39.129  -10.641  24.563 0.0000000000
123706  39.838  -11.967  21.743 0.0000000000
65486  41.578  -12.211  22.264 0.0000000000
122881  40.304  -12.475  21.227 0.0000000000
48139  11.600  -30.638  40.759 0.0000000000
48140  10.448  -29.948  40.376 0.0000000000
129729  8.317  -29.129  40.794 0.0000000000
49147  7.385  -29.498  40.938 0.0000000000
50113  7.458  -28.960  43.735 0.0000000000
50112  8.534  -28.658  43.101 0.0000000000
48142  5.528  -30.786  41.187 0.0000000000
47157  4.995  -31.606  40.479 0.0000000000
128975  4.685  -31.542  41.231 0.0000000000
46190  3.396  -32.673  41.721 0.0000000000
48055  4.517  -30.839  47.297 0.0000000000
48070  4.540  -30.886  46.688 0.0000000000
47078  3.845  -31.401  46.286 0.0000000000
46088  2.283  -33.504  47.046 0.0000000000
47080  2.649  -32.846  46.795 0.0000000000
46106  2.704  -32.955  45.998 0.0000000000
46136  2.704  -33.020  45.034 0.0000000000
46153  2.733  -33.090  43.932 0.0000000000
43190  -3.206  -36.938  50.871 0.0000000000
42240  -2.987  -37.308  50.408 0.0000000000
57543  30.314  -20.613  33.410 0.0000000000
59321  27.781  -19.443  34.070 0.0000000000
59322  27.066  -19.319  34.451 0.0000000000
57546  25.500  -20.512  33.446 0.0000000000
115042  25.965  -20.682  33.987 0.0000000000
57485  28.055  -20.717  37.185 0.0000000000
55955  28.196  -22.445  34.783 0.0000000000
56705  27.497  -21.825  34.456 0.0000000000
56706  26.515  -21.335  34.147 0.0000000000
55964  27.303  -23.280  33.942 0.0000000000
55178  27.921  -24.908  33.990 0.0000000000
54329  27.562  -25.616  33.374 0.0000000000
53492  29.215  -26.381  35.017 0.0000000000
54313  28.881  -25.618  34.781 0.0000000000
51918  27.802  -28.390  33.017 0.0000000000
52733  28.339  -27.595  33.450 0.0000000000
116387  25.854  -29.965  32.696 0.0000000000
51112  25.811  -29.493  31.772 0.0000000000
48121  23.534  -32.062  42.607 0.0000000000
119654  24.859  -31.604  41.747 0.0000000000
49123  25.900  -30.442  42.342 0.0000000000
49140  25.535  -31.267  41.420 0.0000000000
49187  22.549  -31.226  39.614 0.0000000000
49165  23.075  -31.480  40.290 0.0000000000
49186  23.474  -31.363  39.379 0.0000000000
49184  25.468  -31.359  39.336 0.0000000000
129239  25.570  -31.400  40.144 0.0000000000
49160  26.569  -30.610  40.892 0.0000000000
49182  26.813  -30.864  40.154 0.0000000000
50137  27.653  -29.685  40.308 0.0000000000
50146  27.549  -30.370  39.654 0.0000000000
50159  28.297  -30.126  39.062 0.0000000000
51039  28.961  -29.713  38.703 0.0000000000
117059  29.135  -28.866  39.177 0.0000000000
51038  29.399  -29.127  38.333 0.0000000000
110852  28.964  -29.818  38.004 0.0000000000
51047  27.717  -30.362  36.897 0.0000000000
50212  26.113  -30.562  35.626 0.0000000000
50202  23.023  -30.243  36.349 0.0000000000
50201  23.717  -30.367  35.799 0.0000000000
50214  24.368  -30.424  35.211 0.0000000000
115789  24.826  -30.428  34.671 0.0000000000
50237  24.914  -30.322  33.940 0.0000000000
57552  32.006  -20.241  32.505 0.0000000000
57563  31.626  -20.881  31.702 0.0000000000
57574  29.890  -20.760  30.652 0.0000000000
56739  30.886  -21.098  30.417 0.0000000000
57584  30.588  -20.875  29.855 0.0000000000
57605  30.924  -20.700  29.333 0.0000000000
117474  26.865  -20.023  29.582 0.0000000000
57576  27.997  -20.103  29.906 0.0000000000
57607  28.242  -21.088  27.394 0.0000000000
117913  28.505  -20.507  28.448 0.0000000000
130831  47.222  -3.881  13.956 0.0000000000
71407  47.288  -4.890  13.036 0.0000000000
72212  48.384  -4.053  13.338 0.0000000000
70549  41.411  -7.082  16.598 0.0000000000
69750  41.422  -7.635  16.137 0.0000000000
59362  33.598  -18.263  31.476 0.0000000000
58458  33.418  -18.837  32.089 0.0000000000
57560  32.887  -19.493  31.682 0.0000000000
57572  32.590  -20.125  30.877 0.0000000000
60227  34.556  -17.943  32.990 0.0000000000
109211  11.012  -32.133  37.439 0.0000000000
47193  10.592  -31.412  38.305 0.0000000000
46211  13.005  -33.671  40.225 0.0000000000
123821  13.190  -34.046  40.065 0.0000000000
46235  12.652  -34.010  39.668 0.0000000000
131643  12.323  -34.000  39.062 0.0000000000
46251  12.354  -34.065  38.438 0.0000000000
46268  12.177  -33.442  37.900 0.0000000000
122608  37.267  -13.917  27.647 0.0000000000
65430  37.408  -12.504  26.620 0.0000000000
50051  9.563  -28.893  48.026 0.0000000000
50062  8.409  -29.119  47.373 0.0000000000
44137  -0.232  -35.728  46.389 0.0000000000
44122  -0.683  -35.763  47.071 0.0000000000
43238  -1.384  -36.258  47.669 0.0000000000
43222  -1.486  -36.010  48.527 0.0000000000
109869  30.041  -24.307  39.540 0.0000000000
54269  29.394  -24.829  38.304 0.0000000000
53467  29.048  -25.404  37.702 0.0000000000
52697  29.021  -26.827  37.527 0.0000000000
50186  18.816  -28.430  38.697 0.0000000000
51040  19.834  -28.902  38.763 0.0000000000
51050  19.928  -28.644  37.940 0.0000000000
51063  20.127  -28.297  36.958 0.0000000000
51884  19.411  -27.865  36.390 0.0000000000
51897  18.786  -27.656  35.618 0.0000000000
58451  25.224  -20.357  32.941 0.0000000000
112298  25.076  -20.512  32.110 0.0000000000
56729  24.600  -21.924  30.937 0.0000000000
70527  43.297  -6.144  20.767 0.0000000000
71360  44.758  -5.549  20.854 0.0000000000
71363  44.171  -5.638  20.201 0.0000000000
72187  45.531  -4.346  17.475 0.0000000000
71385  44.142  -5.262  16.431 0.0000000000
71386  43.228  -5.709  16.296 0.0000000000
62744  34.790  -16.207  27.430 0.0000000000
61899  35.161  -16.563  28.201 0.0000000000
58495  32.281  -19.565  28.983 0.0000000000
59384  32.504  -19.362  28.518 0.0000000000
61867  36.519  -15.483  31.825 0.0000000000
110715  36.891  -15.026  31.325 0.0000000000
62716  36.934  -14.864  30.442 0.0000000000
126011  36.790  -15.030  29.512 0.0000000000
47195  4.852  -32.882  39.224 0.0000000000
47175  4.523  -32.482  39.997 0.0000000000
47135  20.173  -32.772  43.045 0.0000000000
47136  19.160  -32.506  42.817 0.0000000000
47149  18.845  -31.788  42.459 0.0000000000
48138  18.294  -31.177  42.083 0.0000000000
47210  15.083  -33.079  39.016 0.0000000000
48186  15.103  -32.223  38.744 0.0000000000
49211  15.583  -30.592  39.134 0.0000000000
49232  15.323  -31.149  36.552 0.0000000000
48253  15.064  -31.767  35.823 0.0000000000
54330  26.464  -25.516  32.702 0.0000000000
64561  43.647  -12.062  23.389 0.0000000000
65484  44.198  -11.818  22.887 0.0000000000
64576  43.511  -12.255  22.793 0.0000000000
65485  43.685  -12.083  22.304 0.0000000000
65502  43.513  -12.058  21.551 0.0000000000
65513  43.351  -12.130  20.082 0.0000000000
66378  43.235  -11.974  19.440 0.0000000000
67216  42.675  -11.127  19.679 0.0000000000
113045  42.342  -9.706  20.741 0.0000000000
68045  42.015  -10.405  19.772 0.0000000000
68046  41.397  -9.934  18.994 0.0000000000
47139  13.298  -32.420  41.938 0.0000000000
47110  13.598  -31.180  43.418 0.0000000000
48096  13.852  -30.750  44.383 0.0000000000
46150  15.172  -32.582  43.134 0.0000000000
111788  14.647  -32.607  42.723 0.0000000000
66315  42.447  -10.570  24.787 0.0000000000
66334  42.237  -11.049  24.315 0.0000000000
121537  38.695  -11.286  22.772 0.0000000000
49125  11.139  -29.802  41.997 0.0000000000
48126  10.863  -29.769  41.248 0.0000000000
49126  10.151  -29.070  41.853 0.0000000000
50121  8.839  -28.664  42.070 0.0000000000
128588  6.823  -29.468  43.434 0.0000000000
49111  6.195  -29.926  43.668 0.0000000000
48143  4.810  -31.177  41.942 0.0000000000
124220  4.237  -31.509  42.459 0.0000000000
47142  3.550  -32.125  42.548 0.0000000000
46171  2.868  -33.124  42.671 0.0000000000
48043  4.546  -30.740  47.891 0.0000000000
46107  2.290  -33.724  46.301 0.0000000000
45127  1.987  -34.188  45.734 0.0000000000
45163  1.950  -34.298  44.830 0.0000000000
45178  1.943  -34.572  43.769 0.0000000000
59300  27.135  -19.341  35.241 0.0000000000
59301  26.852  -19.698  35.491 0.0000000000
58408  26.811  -19.962  35.743 0.0000000000
56675  29.316  -21.902  37.470 0.0000000000
57469  28.723  -21.220  37.927 0.0000000000
114970  29.055  -21.800  36.714 0.0000000000
56676  28.403  -21.177  36.545 0.0000000000
57503  28.147  -21.280  35.851 0.0000000000
55954  28.065  -23.441  34.552 0.0000000000
52717  28.819  -27.854  34.236 0.0000000000
48135  22.339  -31.635  42.088 0.0000000000
48134  23.209  -31.858  41.864 0.0000000000
49207  23.842  -31.188  38.651 0.0000000000
49185  24.251  -31.403  39.244 0.0000000000
49204  26.095  -31.268  38.819 0.0000000000
50147  26.899  -31.048  39.184 0.0000000000
50161  26.757  -31.094  38.267 0.0000000000
50178  27.474  -30.682  37.659 0.0000000000
130176  26.301  -30.875  36.816 0.0000000000
50199  25.669  -30.757  36.367 0.0000000000
51076  22.420  -29.379  34.954 0.0000000000
51075  23.006  -29.716  34.408 0.0000000000
50227  23.568  -29.897  33.819 0.0000000000
51091  22.794  -29.546  33.182 0.0000000000
57554  30.634  -20.681  32.613 0.0000000000
57564  30.898  -21.068  31.763 0.0000000000
130234  30.197  -20.784  32.157 0.0000000000
57565  30.063  -20.790  31.447 0.0000000000
57575  29.030  -20.478  30.303 0.0000000000
58497  25.663  -20.800  28.837 0.0000000000
58479  26.616  -20.465  28.798 0.0000000000
57609  26.235  -21.075  28.078 0.0000000000
130459  46.539  -4.359  14.314 0.0000000000
61105  34.673  -16.910  29.856 0.0000000000
61099  33.991  -17.381  30.133 0.0000000000
60266  33.486  -18.116  29.817 0.0000000000
59370  32.977  -18.807  29.502 0.0000000000
59369  32.973  -18.833  30.209 0.0000000000
123657  31.817  -19.850  28.879 0.0000000000
57604  31.187  -20.396  28.853 0.0000000000
61854  37.298  -15.378  33.047 0.0000000000
61069  36.291  -16.364  33.226 0.0000000000
61868  36.036  -16.108  32.321 0.0000000000
130303  35.423  -16.245  30.930 0.0000000000
47238  8.087  -32.652  36.773 0.0000000000
48210  7.952  -32.143  37.330 0.0000000000
46184  15.854  -32.046  41.951 0.0000000000
47152  16.370  -31.651  41.358 0.0000000000
46207  15.579  -32.157  41.044 0.0000000000
47171  15.492  -32.929  40.474 0.0000000000
47191  15.332  -33.177  39.812 0.0000000000
46233  14.704  -33.820  39.454 0.0000000000
119048  14.399  -33.602  37.459 0.0000000000
127339  11.644  -32.993  36.203 0.0000000000
64600  42.220  -13.311  20.932 0.0000000000
47092  14.992  -31.594  45.393 0.0000000000
65423  39.306  -11.597  28.472 0.0000000000
65425  38.014  -12.648  27.830 0.0000000000
66303  39.670  -10.263  26.564 0.0000000000
65470  37.960  -11.179  23.585 0.0000000000
65471  37.064  -11.540  23.439 0.0000000000
50085  10.659  -28.531  45.275 0.0000000000
50086  9.541  -28.492  44.727 0.0000000000
50104  7.449  -29.100  44.803 0.0000000000
49097  5.939  -29.895  44.835 0.0000000000
47050  2.568  -32.568  47.910 0.0000000000
46068  2.195  -33.274  47.564 0.0000000000
46108  2.018  -34.065  46.672 0.0000000000
45128  1.653  -34.445  46.150 0.0000000000
44135  1.063  -34.995  45.597 0.0000000000
43277  -0.353  -36.911  44.896 0.0000000000
56659  30.039  -22.834  38.773 0.0000000000
56674  29.894  -22.770  37.891 0.0000000000
55163  29.056  -24.843  36.155 0.0000000000
127867  29.358  -26.748  35.631 0.0000000000
53469  29.232  -26.654  36.344 0.0000000000
52705  29.164  -28.070  35.111 0.0000000000
51072  28.118  -29.364  34.775 0.0000000000
130804  20.524  -30.635  40.418 0.0000000000
50149  22.160  -30.755  39.030 0.0000000000
50165  22.643  -30.596  38.317 0.0000000000
115351  23.777  -30.725  37.541 0.0000000000
50181  24.388  -30.845  37.257 0.0000000000
51061  22.406  -29.626  35.981 0.0000000000
51062  21.006  -28.555  36.317 0.0000000000
51077  21.721  -28.978  35.548 0.0000000000
58450  27.618  -19.804  32.088 0.0000000000
131105  27.701  -19.920  31.286 0.0000000000
58461  26.964  -19.641  31.502 0.0000000000
58472  25.951  -20.081  30.228 0.0000000000
117169  25.360  -20.224  31.131 0.0000000000
58481  25.389  -20.650  29.634 0.0000000000
57610  25.294  -21.488  28.211 0.0000000000
72201  46.358  -4.021  15.650 0.0000000000
72195  45.536  -4.450  16.546 0.0000000000
72202  45.725  -4.538  15.709 0.0000000000
70565  44.856  -5.804  14.263 0.0000000000
63640  35.024  -15.237  26.732 0.0000000000
62782  34.386  -15.311  26.678 0.0000000000
62764  33.313  -15.697  26.803 0.0000000000
128435  32.810  -18.119  28.002 0.0000000000
128295  32.214  -17.988  27.667 0.0000000000
62715  37.406  -14.562  31.245 0.0000000000
64518  38.596  -12.985  29.230 0.0000000000
64519  37.984  -13.516  28.790 0.0000000000
64520  37.452  -14.125  28.337 0.0000000000
63625  37.053  -14.823  28.755 0.0000000000
126532  36.370  -14.944  27.168 0.0000000000
47103  24.000  -32.981  44.298 0.0000000000
47118  23.353  -32.800  43.997 0.0000000000
48108  23.056  -32.325  43.409 0.0000000000
116520  21.843  -31.967  42.837 0.0000000000
49145  20.807  -31.087  41.637 0.0000000000
49166  20.253  -30.691  41.086 0.0000000000
47169  16.707  -31.444  41.052 0.0000000000
47168  17.392  -31.341  41.595 0.0000000000
48150  17.695  -30.934  41.574 0.0000000000
48167  15.684  -31.782  40.110 0.0000000000
49168  18.290  -30.365  41.215 0.0000000000
49167  19.365  -30.401  41.233 0.0000000000
49189  19.865  -30.141  40.594 0.0000000000
49208  18.576  -29.514  40.006 0.0000000000
50169  18.113  -28.964  39.465 0.0000000000
49221  16.109  -29.804  38.729 0.0000000000
50187  17.555  -28.679  38.735 0.0000000000
51051  17.148  -28.803  37.875 0.0000000000
51065  16.738  -28.970  37.144 0.0000000000
115371  16.783  -28.784  36.183 0.0000000000
47277  13.401  -33.071  34.828 0.0000000000
55965  26.345  -23.005  33.387 0.0000000000
68904  44.262  -8.550  22.647 0.0000000000
66372  43.473  -11.654  20.946 0.0000000000
67207  43.951  -10.445  21.656 0.0000000000
126191  43.668  -8.296  22.345 0.0000000000
68905  43.213  -7.461  22.105 0.0000000000
69732  42.643  -6.891  21.374 0.0000000000
70528  42.419  -6.489  20.436 0.0000000000
70532  42.275  -6.237  19.502 0.0000000000
70539  42.056  -6.189  18.654 0.0000000000
70542  41.924  -6.263  17.815 0.0000000000
70540  41.408  -6.832  18.348 0.0000000000
47173  11.879  -31.795  39.581 0.0000000000
47155  12.114  -31.612  40.423 0.0000000000
48109  12.409  -31.130  42.094 0.0000000000
48110  11.872  -30.310  42.112 0.0000000000
49108  11.558  -29.643  42.671 0.0000000000
47093  14.433  -31.191  44.903 0.0000000000
48083  13.166  -30.116  45.061 0.0000000000
48068  13.999  -30.084  46.615 0.0000000000
111218  12.368  -29.460  44.564 0.0000000000
127614  11.526  -28.684  44.632 0.0000000000
47107  20.791  -33.740  44.261 0.0000000000
47122  19.288  -33.110  43.190 0.0000000000
46165  17.372  -31.798  42.846 0.0000000000
46148  17.540  -32.055  43.587 0.0000000000
46166  16.606  -31.973  42.725 0.0000000000
46185  15.362  -32.457  41.497 0.0000000000
112207  14.840  -32.984  41.375 0.0000000000
46187  13.777  -33.120  41.057 0.0000000000
65435  44.266  -11.164  24.541 0.0000000000
65447  43.907  -11.794  23.917 0.0000000000
65437  43.194  -11.374  24.362 0.0000000000
64551  43.316  -11.994  23.656 0.0000000000
64562  43.158  -12.307  23.143 0.0000000000
65451  41.133  -11.160  23.635 0.0000000000
65468  40.903  -11.592  22.817 0.0000000000
64579  42.029  -12.675  21.799 0.0000000000
48153  8.732  -30.118  39.266 0.0000000000
125764  6.795  -30.436  39.876 0.0000000000
49110  6.678  -29.693  42.942 0.0000000000
49128  6.919  -29.545  42.096 0.0000000000
48141  6.554  -30.201  40.651 0.0000000000
46214  3.810  -33.147  40.296 0.0000000000
49072  5.787  -30.161  46.719 0.0000000000
48069  5.198  -30.492  46.338 0.0000000000
47049  3.191  -31.940  47.720 0.0000000000
47064  3.173  -32.024  47.189 0.0000000000
47079  3.129  -32.050  46.550 0.0000000000
47094  3.883  -31.454  45.402 0.0000000000
47126  3.359  -32.282  43.586 0.0000000000
112038  2.234  -34.661  42.755 0.0000000000
45194  2.581  -34.131  42.237 0.0000000000
43224  -2.352  -37.105  49.389 0.0000000000
42259  -2.783  -37.651  49.759 0.0000000000
43189  -2.633  -36.577  50.781 0.0000000000
57540  33.156  -19.711  33.519 0.0000000000
58448  28.951  -20.369  32.944 0.0000000000
59348  26.858  -19.442  32.692 0.0000000000
127311  26.365  -19.436  33.285 0.0000000000
59337  26.398  -19.512  33.960 0.0000000000
59324  25.818  -19.688  33.413 0.0000000000
58439  25.484  -20.069  33.346 0.0000000000
57521  27.488  -20.882  35.558 0.0000000000
120187  26.429  -20.487  34.639 0.0000000000
56713  26.353  -22.013  33.438 0.0000000000
55963  27.535  -24.152  34.071 0.0000000000
55168  28.865  -24.859  35.354 0.0000000000
114061  28.852  -26.996  34.122 0.0000000000
53509  28.172  -26.542  33.416 0.0000000000
52748  26.428  -27.808  30.843 0.0000000000
51938  25.618  -29.165  30.849 0.0000000000
52676  28.953  -26.783  39.917 0.0000000000
110199  24.545  -32.299  44.018 0.0000000000
48107  25.144  -31.753  43.629 0.0000000000
48106  25.573  -31.058  43.150 0.0000000000
48120  24.291  -31.888  42.573 0.0000000000
48119  24.950  -31.505  42.779 0.0000000000
49138  26.854  -29.745  41.325 0.0000000000
49163  24.827  -31.526  39.967 0.0000000000
49162  25.238  -31.491  40.808 0.0000000000
50130  27.461  -29.458  41.147 0.0000000000
125749  27.638  -29.098  41.031 0.0000000000
51030  28.564  -28.994  39.754 0.0000000000
51029  28.656  -28.166  40.030 0.0000000000
109841  28.898  -27.710  39.324 0.0000000000
52683  28.985  -26.827  39.034 0.0000000000
51869  29.123  -27.577  38.469 0.0000000000
51875  29.478  -28.319  37.963 0.0000000000
115197  28.367  -29.858  36.594 0.0000000000
51073  27.545  -30.040  35.117 0.0000000000
129357  26.999  -30.248  34.701 0.0000000000
124324  26.189  -30.411  34.764 0.0000000000
51090  25.820  -30.281  33.746 0.0000000000
51102  24.995  -30.053  32.975 0.0000000000
50253  24.112  -29.984  32.060 0.0000000000
57551  32.446  -19.943  32.644 0.0000000000
57561  32.477  -20.055  31.783 0.0000000000
119991  32.354  -20.582  31.099 0.0000000000
56727  31.263  -21.201  31.015 0.0000000000
56726  31.981  -20.981  30.914 0.0000000000
56737  31.816  -20.697  30.244 0.0000000000
56755  31.399  -20.573  29.699 0.0000000000
110159  30.809  -20.613  28.608 0.0000000000
58470  28.307  -20.181  30.787 0.0000000000
57586  28.793  -20.344  29.403 0.0000000000
124892  29.413  -20.510  28.970 0.0000000000
111606  30.308  -20.796  27.954 0.0000000000
70548  41.969  -6.356  16.852 0.0000000000
70547  42.509  -6.175  16.244 0.0000000000
70558  42.847  -6.249  15.558 0.0000000000
69754  41.861  -7.659  15.433 0.0000000000
46152  14.275  -32.503  42.748 0.0000000000
46234  13.227  -34.215  39.580 0.0000000000
47106  21.405  -33.633  44.451 0.0000000000
47123  18.659  -32.652  43.292 0.0000000000
49139  25.953  -30.775  41.557 0.0000000000
51046  28.393  -30.161  37.418 0.0000000000
53479  28.985  -25.833  36.803 0.0000000000
55143  29.702  -24.376  38.728 0.0000000000
55162  29.071  -24.782  36.867 0.0000000000
55927  30.087  -23.517  38.472 0.0000000000
56738  31.408  -20.987  30.375 0.0000000000
57550  32.938  -19.704  32.675 0.0000000000
58457  33.788  -18.961  32.976 0.0000000000
58473  25.217  -20.577  30.372 0.0000000000
59350  25.391  -19.920  32.796 0.0000000000
64560  43.923  -12.018  23.178 0.0000000000
65448  43.075  -11.793  23.933 0.0000000000
66367  43.848  -11.490  21.708 0.0000000000
68039  41.039  -8.749  20.042 0.0000000000
68926  40.831  -8.382  19.481 0.0000000000
71375  42.532  -5.839  18.205 0.0000000000
71378  44.356  -5.044  17.304 0.0000000000
72213  46.875  -4.340  13.793 0.0000000000
112392  19.877  -33.394  43.505 0.0000000000
122600  43.848  -5.401  19.040 0.0000000000
125529  34.906  -16.710  30.869 0.0000000000
131347  43.995  -5.528  19.622 0.0000000000
131387  30.402  -20.970  30.338 0.0000000000
