#!ascii label  , from subject sub-v1s12x0050125_ses-1 vox2ras=TkReg
761
20588  19.214  -63.101  -24.157 0.6000000238
22429  10.730  -62.210  -26.379 0.6999999881
22450  11.961  -62.537  -27.370 0.6999999881
19746  14.703  -64.568  -25.742 0.8999999762
19744  16.146  -64.161  -25.211 0.8000000119
19743  16.816  -64.011  -24.866 0.8000000119
21465  18.697  -62.500  -24.742 0.6000000238
21463  20.207  -62.165  -24.518 0.6999999881
22385  20.874  -61.647  -24.883 0.6999999881
22390  11.177  -61.943  -25.442 0.6999999881
21469  10.523  -62.220  -24.973 0.6999999881
22440  11.783  -62.191  -27.033 0.6999999881
112825  12.611  -61.965  -27.222 0.6000000238
112984  12.984  -62.792  -27.716 0.6999999881
127530  13.268  -63.221  -27.789 0.6999999881
20615  14.646  -63.128  -27.071 0.8000000119
20614  15.357  -62.857  -26.689 0.8000000119
20603  15.736  -63.467  -25.829 0.8000000119
20602  16.496  -63.286  -25.452 0.8000000119
20600  17.774  -62.707  -25.022 0.6000000238
21482  19.915  -61.673  -25.020 0.6000000238
22384  21.987  -61.626  -24.817 0.6999999881
22389  11.904  -61.860  -25.289 0.5000000000
21468  11.265  -62.264  -24.766 0.6000000238
22408  12.453  -61.420  -25.659 0.4000000060
126748  12.185  -61.549  -26.406 0.6000000238
23385  13.107  -61.385  -26.937 0.5000000000
117422  14.097  -62.082  -27.610 0.6000000238
21508  14.272  -62.372  -27.630 0.8000000119
20624  15.043  -62.360  -27.401 0.6999999881
21497  16.354  -61.731  -26.654 0.6999999881
21496  17.074  -61.447  -26.369 0.6999999881
22406  19.564  -61.196  -25.628 0.5000000000
116811  20.820  -61.084  -25.665 0.6000000238
22404  21.557  -61.152  -25.600 0.6000000238
22403  22.476  -61.197  -25.534 0.6000000238
22383  22.864  -61.640  -24.769 0.5000000000
21466  13.041  -62.383  -24.353 0.5000000000
21443  11.533  -62.706  -24.000 0.6000000238
20571  11.779  -63.386  -23.387 0.6000000238
21467  12.180  -62.320  -24.573 0.5000000000
23384  13.725  -61.088  -27.175 0.5000000000
22447  14.584  -61.617  -27.492 0.6000000238
22438  15.658  -61.378  -27.068 0.6000000238
22426  17.304  -60.833  -26.596 0.6000000238
22425  18.182  -60.712  -26.424 0.5000000000
22424  19.127  -60.671  -26.204 0.5000000000
22423  20.200  -60.727  -26.042 0.6000000238
22422  21.171  -60.683  -26.199 0.6000000238
22420  23.000  -60.770  -26.274 0.5000000000
22419  23.877  -60.815  -26.234 0.5000000000
23338  24.737  -60.817  -26.156 0.5000000000
120620  12.522  -63.660  -23.282 0.5000000000
20552  12.094  -64.106  -22.851 0.5000000000
22388  12.744  -61.748  -25.040 0.5000000000
23323  13.400  -61.010  -25.536 0.4000000060
23339  14.080  -60.304  -25.930 0.3000000119
125183  14.078  -60.425  -26.494 0.4000000060
24316  15.000  -59.948  -26.728 0.3000000119
24312  14.655  -59.917  -26.288 0.3000000119
24327  14.664  -60.525  -27.062 0.5000000000
123179  16.134  -60.543  -26.954 0.5000000000
111616  16.726  -60.262  -26.900 0.5000000000
23358  17.700  -60.290  -26.712 0.5000000000
23356  19.651  -60.202  -26.575 0.5000000000
23355  20.647  -60.216  -26.630 0.6000000238
23354  21.655  -60.217  -26.888 0.6000000238
22421  22.085  -60.737  -26.286 0.5000000000
23352  23.584  -60.445  -27.062 0.5000000000
23351  25.203  -60.560  -27.044 0.5000000000
20570  13.205  -63.554  -23.358 0.5000000000
21441  13.801  -62.449  -23.956 0.5000000000
22369  14.378  -61.853  -24.076 0.5000000000
126512  14.151  -61.229  -24.762 0.4000000060
22386  14.412  -60.542  -25.204 0.5000000000
118820  15.163  -59.493  -25.844 0.3000000119
24315  15.759  -59.546  -26.674 0.3000000119
119038  17.115  -59.641  -26.981 0.4000000060
23380  18.286  -59.725  -26.886 0.5000000000
23379  19.193  -59.691  -26.908 0.4000000060
24320  23.851  -59.772  -28.113 0.5000000000
23375  23.326  -60.069  -27.591 0.5000000000
23350  26.041  -60.562  -27.085 0.5000000000
23373  25.572  -60.452  -27.926 0.4000000060
127072  24.410  -60.530  -27.068 0.5000000000
129595  14.501  -63.810  -22.684 0.5000000000
20569  14.038  -63.254  -23.325 0.5000000000
21440  14.498  -62.561  -23.521 0.5000000000
22368  14.992  -61.084  -24.244 0.4000000060
23322  15.228  -60.217  -24.804 0.4000000060
115881  16.139  -59.161  -25.031 0.3000000119
25293  15.957  -58.992  -26.240 0.3000000119
25307  17.137  -59.049  -26.952 0.4000000060
24325  17.672  -59.100  -27.092 0.4000000060
123670  18.700  -58.593  -27.359 0.4000000060
118571  17.466  -59.854  -26.924 0.4000000060
24324  18.891  -59.130  -27.226 0.4000000060
24323  19.696  -59.100  -27.296 0.5000000000
24322  20.668  -59.138  -27.396 0.5000000000
23377  20.954  -59.777  -27.064 0.6000000238
23374  24.249  -60.186  -27.873 0.5000000000
21426  15.039  -63.196  -22.886 0.4000000060
22367  15.865  -61.261  -23.503 0.4000000060
21439  15.279  -62.115  -23.355 0.4000000060
23312  15.719  -60.587  -24.111 0.4000000060
24300  16.706  -59.333  -24.544 0.4000000060
25282  16.480  -58.723  -25.414 0.4000000060
117110  16.540  -58.602  -26.094 0.4000000060
25298  16.466  -58.997  -26.691 0.4000000060
25306  17.820  -58.411  -27.104 0.4000000060
25304  18.883  -58.008  -27.533 0.4000000060
25303  20.026  -58.429  -27.572 0.5000000000
25302  20.733  -58.464  -27.612 0.5000000000
129033  21.572  -58.860  -27.587 0.6000000238
24339  23.478  -59.242  -28.166 0.5000000000
25317  24.004  -58.898  -28.504 0.4000000060
125389  24.149  -59.498  -28.454 0.4000000060
20548  15.632  -63.443  -22.233 0.4000000060
124287  16.579  -61.367  -23.056 0.4000000060
22359  16.250  -62.034  -22.852 0.4000000060
23311  16.497  -60.612  -23.617 0.4000000060
130915  16.583  -58.916  -24.927 0.4000000060
26221  17.951  -57.931  -26.976 0.4000000060
26230  18.485  -57.782  -27.323 0.4000000060
119008  19.553  -57.812  -27.646 0.4000000060
25320  21.152  -58.184  -27.692 0.4000000060
24340  22.592  -58.971  -27.800 0.6000000238
121296  17.054  -61.876  -22.531 0.4000000060
23300  17.217  -61.088  -22.905 0.4000000060
23310  17.349  -60.338  -23.396 0.4000000060
111095  16.838  -59.955  -24.036 0.4000000060
25281  18.016  -58.294  -25.038 0.4000000060
26203  18.124  -57.726  -25.742 0.4000000060
118251  18.737  -57.378  -25.890 0.5000000000
26217  17.839  -57.784  -26.432 0.4000000060
27201  18.945  -57.199  -27.249 0.3000000119
27200  19.526  -56.949  -27.423 0.3000000119
26228  19.836  -57.214  -27.624 0.4000000060
26241  21.261  -57.578  -27.749 0.4000000060
26240  22.245  -57.543  -27.865 0.4000000060
25319  21.980  -58.262  -27.758 0.5000000000
20530  16.200  -63.201  -21.883 0.4000000060
127452  17.563  -59.536  -23.984 0.4000000060
25280  18.611  -58.520  -24.612 0.4000000060
26202  19.010  -57.945  -25.089 0.3000000119
26215  19.514  -57.150  -25.795 0.3000000119
27187  19.347  -56.834  -27.091 0.3000000119
27211  20.592  -57.027  -27.697 0.3000000119
27209  22.475  -56.702  -27.848 0.4000000060
27208  23.522  -56.514  -28.100 0.4000000060
22358  17.795  -61.446  -22.211 0.3000000119
23309  18.180  -60.127  -23.099 0.3000000119
130965  18.687  -59.436  -23.585 0.3000000119
128994  18.823  -58.912  -24.169 0.3000000119
26201  20.189  -57.665  -24.921 0.3000000119
26214  20.446  -56.978  -25.568 0.3000000119
119688  19.610  -56.712  -26.591 0.4000000060
27178  20.383  -56.437  -26.418 0.4000000060
27186  19.980  -56.516  -27.131 0.3000000119
28177  20.669  -56.151  -27.227 0.3000000119
27198  20.933  -56.419  -27.484 0.3000000119
28185  22.664  -55.807  -27.720 0.4000000060
28184  23.522  -55.555  -27.813 0.4000000060
130672  19.948  -56.763  -26.081 0.4000000060
28167  21.297  -55.456  -27.012 0.4000000060
27185  20.602  -55.998  -26.990 0.4000000060
28176  21.390  -55.700  -27.233 0.3000000119
28175  22.080  -55.188  -27.383 0.4000000060
28174  22.819  -54.873  -27.602 0.4000000060
111391  23.579  -54.806  -27.635 0.4000000060
29161  21.849  -54.770  -27.057 0.4000000060
29160  22.326  -54.091  -27.287 0.4000000060
125451  23.112  -53.952  -27.565 0.4000000060
28173  24.400  -55.304  -27.687 0.3000000119
30157  23.833  -53.356  -27.427 0.3000000119
20589  18.398  -63.387  -24.332 0.6999999881
19758  14.266  -63.962  -26.518 0.8000000119
21484  18.277  -61.861  -25.429 0.6000000238
20613  16.102  -62.554  -26.249 0.6999999881
120496  17.568  -61.887  -25.734 0.6999999881
22402  23.350  -61.233  -25.452 0.6000000238
23360  12.924  -61.270  -26.599 0.4000000060
23359  13.697  -60.808  -26.798 0.4000000060
21515  14.748  -61.995  -27.587 0.6999999881
21506  15.861  -61.466  -26.997 0.6999999881
22407  18.671  -61.196  -25.862 0.6999999881
22387  13.574  -61.756  -24.633 0.5000000000
22436  16.805  -60.578  -26.792 0.5000000000
24326  15.516  -60.364  -26.977 0.4000000060
23378  20.148  -59.693  -26.988 0.6000000238
23376  22.444  -59.894  -27.373 0.5000000000
122572  22.272  -59.377  -27.560 0.6000000238
25292  17.275  -58.196  -25.705 0.3000000119
25321  20.390  -57.759  -27.710 0.4000000060
21423  17.294  -62.197  -21.889 0.4000000060
27199  20.181  -56.699  -27.473 0.3000000119
29159  24.075  -54.329  -27.515 0.3000000119
16413  13.461  -68.964  -23.552 0.6000000238
15565  13.984  -69.574  -23.429 0.6000000238
14805  16.345  -70.860  -23.648 0.6000000238
15560  18.666  -69.882  -23.393 0.6000000238
15567  12.117  -69.722  -23.557 0.5000000000
125363  12.728  -69.121  -23.580 0.6000000238
17274  13.415  -67.601  -24.360 0.6999999881
17255  13.836  -68.206  -23.868 0.6999999881
15566  13.124  -69.863  -23.394 0.6000000238
17253  15.642  -68.069  -23.858 0.6000000238
16410  16.071  -68.778  -23.463 0.6000000238
16409  16.928  -68.624  -23.186 0.6000000238
121515  17.317  -69.333  -23.082 0.6000000238
15549  18.174  -69.361  -22.858 0.6000000238
15548  19.072  -69.298  -22.811 0.6000000238
16408  20.513  -68.977  -23.164 0.6999999881
109940  11.821  -67.860  -24.741 0.6000000238
18086  12.531  -66.408  -25.482 0.6999999881
16414  12.118  -68.813  -23.828 0.5000000000
111957  12.580  -67.704  -24.514 0.6999999881
131208  12.157  -68.201  -24.163 0.6999999881
17273  14.300  -67.487  -24.317 0.6999999881
17254  14.741  -68.122  -23.886 0.6999999881
17252  16.545  -67.841  -23.634 0.5000000000
16395  18.549  -68.632  -22.496 0.6000000238
16393  20.145  -68.548  -22.407 0.6000000238
16392  20.833  -68.411  -22.512 0.6999999881
17230  21.413  -67.869  -22.279 0.6999999881
17271  21.995  -68.358  -23.998 0.6999999881
17248  23.276  -67.296  -23.828 0.6999999881
18147  28.233  -66.278  -29.953 0.4000000060
18920  26.675  -66.111  -27.331 0.5000000000
18903  25.940  -65.829  -26.302 0.6000000238
18887  24.984  -66.142  -25.471 0.6000000238
18067  23.884  -66.847  -24.436 0.6999999881
18103  9.679  -66.548  -26.568 0.5000000000
18102  10.478  -66.377  -26.436 0.5000000000
18101  11.249  -66.152  -26.287 0.6000000238
17292  10.608  -67.545  -25.452 0.5000000000
18100  11.995  -65.865  -26.045 0.6999999881
18087  10.909  -66.818  -25.779 0.5000000000
17291  11.389  -67.382  -25.296 0.6000000238
18085  13.476  -66.111  -25.353 0.6999999881
18072  13.033  -67.024  -24.976 0.6999999881
18070  14.674  -66.770  -24.730 0.6999999881
18055  15.991  -67.399  -24.098 0.6999999881
17234  18.152  -67.878  -22.587 0.6000000238
17232  19.534  -67.319  -22.049 0.6000000238
121485  21.241  -66.882  -21.812 0.6999999881
127223  22.821  -67.389  -22.872 0.6999999881
17228  23.504  -66.857  -22.892 0.6999999881
18081  24.465  -66.439  -24.882 0.6000000238
118462  25.077  -65.826  -24.349 0.6000000238
20637  8.183  -63.819  -27.382 0.5000000000
18944  7.574  -64.783  -27.672 0.4000000060
113060  9.739  -65.527  -27.781 0.5000000000
18943  8.482  -64.942  -27.805 0.5000000000
18119  10.127  -66.069  -27.285 0.5000000000
19772  10.944  -64.753  -28.075 0.6000000238
18924  10.551  -65.439  -27.786 0.6000000238
18905  12.679  -64.611  -27.135 0.6999999881
18906  11.632  -65.582  -26.913 0.6000000238
129966  12.956  -65.018  -26.438 0.6999999881
18084  14.272  -66.254  -25.089 0.6999999881
18069  15.924  -66.738  -24.455 0.6999999881
122203  17.186  -67.146  -23.561 0.6999999881
17251  17.376  -67.887  -23.085 0.6999999881
17233  18.658  -67.043  -22.521 0.6999999881
18039  20.208  -66.703  -21.902 0.6999999881
120754  22.114  -66.383  -21.811 0.8000000119
18038  23.596  -66.134  -22.287 0.6999999881
18884  27.231  -65.357  -25.952 0.5000000000
18872  26.308  -65.095  -24.932 0.6000000238
18860  24.685  -65.746  -23.308 0.6000000238
111086  7.116  -62.954  -26.904 0.4000000060
126718  9.222  -63.158  -27.119 0.6000000238
20635  9.646  -63.816  -27.770 0.6000000238
20634  10.336  -63.751  -27.832 0.6000000238
19781  11.309  -64.106  -27.940 0.6000000238
19770  12.281  -64.160  -27.727 0.6000000238
125420  13.453  -64.372  -26.720 0.6999999881
18891  13.480  -65.175  -25.898 0.6999999881
18877  14.960  -66.060  -25.074 0.6999999881
122341  15.334  -66.574  -24.719 0.6999999881
18875  16.510  -65.399  -24.696 0.8000000119
18874  17.130  -65.634  -24.255 0.8000000119
18861  18.377  -65.639  -23.343 0.6000000238
18850  19.948  -65.821  -22.337 0.6000000238
18848  22.027  -65.579  -21.759 0.8000000119
18847  22.859  -65.745  -21.829 0.6999999881
124736  27.786  -65.580  -26.451 0.5000000000
19742  26.904  -64.868  -25.131 0.6000000238
19710  25.372  -64.535  -23.322 0.6999999881
19756  28.082  -65.140  -25.867 0.6000000238
21488  8.454  -62.781  -25.579 0.5000000000
21470  7.795  -62.952  -24.835 0.4000000060
20575  6.913  -63.641  -23.738 0.4000000060
21499  9.486  -62.688  -26.591 0.5000000000
21513  8.047  -63.053  -26.755 0.5000000000
21510  10.313  -62.763  -27.166 0.6000000238
21518  11.455  -63.087  -27.583 0.6000000238
20632  12.473  -63.293  -27.733 0.6000000238
19769  13.024  -63.838  -27.576 0.6999999881
18889  15.202  -65.249  -25.252 0.8000000119
19731  16.501  -64.698  -24.862 0.8000000119
19716  17.808  -64.994  -23.964 0.6000000238
19714  19.604  -64.604  -23.087 0.6000000238
19695  20.416  -65.086  -22.440 0.6999999881
117143  21.781  -64.914  -21.993 0.6999999881
20545  24.328  -63.828  -22.611 0.6999999881
19709  25.996  -64.065  -23.707 0.6000000238
114698  27.199  -62.784  -24.083 0.6000000238
19741  27.639  -64.646  -25.249 0.6000000238
122321  27.409  -63.432  -24.351 0.6000000238
113386  9.779  -62.323  -24.413 0.5000000000
126033  8.515  -62.687  -24.645 0.5000000000
21446  8.100  -62.833  -23.986 0.5000000000
19700  7.026  -63.794  -22.713 0.5000000000
21486  9.991  -62.289  -25.293 0.5000000000
21487  9.445  -62.524  -25.892 0.5000000000
21509  11.115  -62.601  -27.172 0.6000000238
19729  17.587  -63.903  -24.500 0.6999999881
19715  18.275  -64.189  -24.003 0.6000000238
20567  19.815  -63.647  -23.565 0.6000000238
19712  21.274  -63.752  -22.885 0.6000000238
20547  22.763  -63.982  -22.218 0.6999999881
115617  22.125  -63.506  -22.894 0.6000000238
20546  23.617  -63.853  -22.371 0.6000000238
20561  25.433  -63.733  -23.232 0.6999999881
19740  28.410  -64.421  -25.381 0.5000000000
20585  27.904  -62.981  -24.367 0.4000000060
21444  10.488  -62.500  -24.032 0.5000000000
20573  9.250  -62.825  -23.088 0.5000000000
126089  9.545  -63.236  -22.537 0.5000000000
20534  8.374  -63.718  -21.788 0.5000000000
19666  7.575  -64.827  -20.441 0.5000000000
18019  7.220  -65.843  -20.113 0.5000000000
20587  20.041  -62.858  -24.041 0.6000000238
21437  21.454  -63.015  -23.484 0.6000000238
21435  23.116  -62.625  -23.624 0.4000000060
21434  24.684  -62.538  -23.410 0.5000000000
22366  25.423  -62.073  -23.651 0.4000000060
21457  27.685  -62.139  -24.289 0.4000000060
21432  26.486  -62.635  -23.782 0.5000000000
120680  10.967  -63.098  -23.505 0.6000000238
20532  10.127  -63.709  -22.331 0.5000000000
20533  9.324  -63.679  -21.968 0.5000000000
19679  9.013  -64.187  -21.290 0.5000000000
19665  8.530  -64.645  -20.505 0.5000000000
18010  7.817  -65.729  -19.577 0.5000000000
17211  8.457  -67.035  -19.295 0.4000000060
16372  9.052  -67.994  -19.185 0.5000000000
16362  9.409  -68.793  -18.739 0.4000000060
15519  9.339  -69.504  -18.351 0.4000000060
14746  9.578  -70.327  -18.459 0.4000000060
21461  22.521  -62.187  -24.195 0.6000000238
21460  23.201  -62.104  -24.214 0.4000000060
22381  25.677  -61.415  -24.243 0.4000000060
21458  26.933  -61.975  -24.038 0.4000000060
116334  11.040  -63.861  -22.860 0.5000000000
123054  9.935  -64.221  -21.604 0.4000000060
19664  9.729  -64.727  -20.713 0.4000000060
18827  9.022  -65.103  -19.816 0.5000000000
18807  8.939  -65.783  -18.358 0.4000000060
18009  8.352  -66.271  -18.807 0.5000000000
123767  8.568  -66.411  -17.876 0.4000000060
17186  8.391  -67.363  -17.874 0.5000000000
17202  8.545  -67.262  -18.504 0.5000000000
17187  7.970  -67.478  -17.383 0.3000000119
16364  8.193  -68.872  -18.036 0.3000000119
16365  7.281  -68.941  -18.230 0.3000000119
121505  24.236  -61.257  -25.311 0.4000000060
19698  11.647  -64.564  -22.184 0.5000000000
19677  11.288  -64.939  -21.413 0.5000000000
19663  10.845  -65.154  -20.617 0.4000000060
20551  12.976  -64.248  -22.875 0.4000000060
19676  12.168  -65.076  -21.510 0.4000000060
18837  11.786  -65.337  -20.702 0.4000000060
18812  11.463  -65.198  -18.839 0.4000000060
19696  13.532  -64.715  -22.074 0.4000000060
18836  12.705  -65.300  -20.781 0.4000000060
118587  12.201  -65.428  -20.126 0.4000000060
122634  14.134  -64.610  -21.455 0.4000000060
18824  12.878  -65.189  -19.957 0.4000000060
129213  12.068  -64.878  -18.779 0.4000000060
19646  11.600  -64.604  -18.232 0.4000000060
18823  13.195  -65.140  -20.514 0.4000000060
113736  15.085  -63.894  -22.148 0.3000000119
19652  13.289  -64.477  -19.650 0.4000000060
19645  12.222  -64.210  -18.516 0.4000000060
20501  11.598  -63.710  -17.877 0.4000000060
20531  15.592  -63.625  -21.570 0.4000000060
20493  10.081  -63.692  -16.940 0.4000000060
21370  10.359  -62.914  -17.309 0.4000000060
20517  16.162  -63.239  -21.207 0.3000000119
20519  14.744  -63.983  -20.537 0.4000000060
20507  14.396  -63.510  -19.922 0.4000000060
20508  13.600  -63.658  -19.522 0.4000000060
21378  12.262  -63.262  -18.469 0.4000000060
21369  11.070  -63.027  -17.573 0.4000000060
114940  12.968  -62.785  -19.118 0.3000000119
22430  10.077  -62.462  -26.471 0.5000000000
21462  21.654  -62.287  -24.153 0.6000000238
22382  24.653  -61.699  -24.211 0.4000000060
129983  16.162  -70.239  -23.426 0.6000000238
17249  22.139  -67.968  -22.931 0.6999999881
17229  22.872  -66.674  -22.209 0.6999999881
18919  27.378  -66.167  -27.752 0.5000000000
119072  27.956  -65.913  -27.125 0.5000000000
125119  26.126  -66.027  -26.989 0.5000000000
18902  27.255  -65.873  -26.822 0.4000000060
18886  25.732  -65.649  -25.300 0.6000000238
18925  8.877  -65.527  -27.702 0.5000000000
18053  17.114  -66.394  -23.930 0.6999999881
18873  25.807  -65.001  -24.157 0.6000000238
19771  11.582  -64.479  -27.878 0.6000000238
18041  18.750  -66.194  -22.846 0.6999999881
116861  21.269  -65.356  -21.949 0.8000000119
18845  24.247  -65.567  -22.515 0.6999999881
21489  7.620  -62.970  -25.780 0.4000000060
115170  18.685  -64.800  -23.477 0.6000000238
129121  19.778  -65.245  -22.668 0.6000000238
19692  23.332  -64.601  -21.947 0.6999999881
19691  24.181  -64.617  -22.301 0.6999999881
19755  28.873  -64.861  -25.976 0.5000000000
18900  29.308  -65.308  -26.679 0.5000000000
19690  24.867  -64.196  -22.814 0.6999999881
19728  26.497  -64.422  -24.399 0.6000000238
20568  18.960  -63.921  -23.741 0.6999999881
19713  20.471  -64.132  -22.953 0.6999999881
19694  21.180  -64.568  -22.396 0.6999999881
20562  24.813  -63.392  -23.012 0.6000000238
19727  27.201  -64.094  -24.626 0.6000000238
19726  28.004  -63.815  -24.753 0.6000000238
21445  8.988  -62.548  -23.943 0.5000000000
20574  8.361  -62.955  -23.196 0.5000000000
20554  7.737  -63.428  -22.434 0.4000000060
20566  20.628  -63.302  -23.475 0.6000000238
20564  22.978  -63.294  -22.916 0.6000000238
15535  10.007  -69.587  -19.856 0.3000000119
21459  23.851  -62.261  -23.815 0.5000000000
22380  26.541  -61.300  -24.348 0.4000000060
18815  8.532  -65.571  -19.179 0.5000000000
118658  8.762  -68.132  -18.438 0.4000000060
123471  8.703  -69.434  -18.074 0.4000000060
19661  14.179  -64.534  -20.782 0.4000000060
20520  13.994  -64.226  -20.114 0.4000000060
9365  26.172  -76.967  -30.726 0.3000000119
10104  25.633  -76.859  -29.977 0.3000000119
123140  22.009  -65.805  -31.176 0.4000000060
16498  24.333  -68.309  -31.110 0.4000000060
16487  22.625  -68.425  -30.601 0.4000000060
15652  23.157  -69.218  -29.537 0.4000000060
124793  23.897  -65.336  -31.225 0.4000000060
120834  21.714  -65.017  -30.737 0.4000000060
120093  21.323  -65.400  -29.789 0.4000000060
18117  21.588  -66.270  -28.472 0.5000000000
17314  20.372  -66.990  -28.121 0.5000000000
17301  20.977  -67.451  -27.027 0.5000000000
17353  25.174  -66.752  -31.780 0.4000000060
17354  23.780  -65.811  -31.632 0.5000000000
18168  22.473  -65.089  -31.141 0.5000000000
16462  20.170  -67.831  -27.399 0.5000000000
16513  25.837  -67.835  -31.547 0.5000000000
17339  24.131  -66.914  -31.679 0.5000000000
112501  25.233  -68.507  -30.962 0.5000000000
16486  23.720  -68.826  -30.377 0.4000000060
15651  24.183  -69.376  -29.407 0.4000000060
15631  22.666  -69.689  -28.789 0.4000000060
15630  23.716  -69.771  -28.661 0.4000000060
14857  22.812  -71.248  -27.875 0.3000000119
12503  22.507  -73.096  -28.262 0.4000000060
111050  26.203  -65.829  -30.901 0.4000000060
18136  23.947  -66.308  -29.683 0.4000000060
18175  26.395  -66.135  -31.632 0.4000000060
18166  24.710  -65.607  -31.336 0.4000000060
18151  24.344  -65.764  -30.792 0.4000000060
18137  22.906  -66.019  -29.702 0.4000000060
120739  22.891  -66.395  -28.453 0.5000000000
18116  22.486  -66.576  -27.720 0.5000000000
17351  27.029  -66.722  -31.880 0.4000000060
18176  25.463  -65.991  -31.618 0.4000000060
18178  23.907  -65.424  -31.414 0.4000000060
18099  21.711  -66.895  -27.312 0.5000000000
16449  21.273  -68.147  -25.891 0.6000000238
16434  21.385  -68.634  -24.853 0.6000000238
16436  20.169  -69.049  -25.910 0.6000000238
17270  22.638  -67.720  -24.553 0.6000000238
15587  20.272  -69.349  -25.009 0.5000000000
15650  25.226  -69.661  -29.307 0.4000000060
15559  19.602  -69.540  -23.521 0.5000000000
14876  23.269  -70.476  -28.128 0.4000000060
14856  23.744  -71.348  -27.705 0.4000000060
13312  22.848  -72.480  -27.744 0.4000000060
112116  25.921  -66.448  -28.955 0.4000000060
131798  24.880  -66.399  -27.753 0.5000000000
18114  24.373  -66.463  -27.409 0.5000000000
18097  23.905  -66.627  -26.468 0.5000000000
17300  21.850  -67.529  -26.278 0.5000000000
109538  24.405  -66.466  -25.729 0.5000000000
17288  22.608  -67.481  -25.628 0.6000000238
17269  23.278  -67.244  -25.004 0.6000000238
9364  27.040  -76.974  -31.606 0.3000000119
10091  26.012  -76.834  -28.310 0.3000000119
11659  24.660  -74.609  -27.523 0.3000000119
18163  27.342  -66.112  -31.268 0.4000000060
18148  27.446  -66.210  -30.349 0.4000000060
18134  26.643  -66.299  -29.834 0.4000000060
18135  25.014  -66.434  -29.616 0.4000000060
18112  26.705  -66.297  -28.402 0.4000000060
18095  25.363  -66.211  -27.103 0.5000000000
18113  26.022  -66.257  -27.783 0.4000000060
18096  24.745  -66.315  -26.383 0.5000000000
16421  21.135  -68.920  -23.927 0.6000000238
15574  20.362  -69.328  -24.085 0.5000000000
18133  27.582  -66.295  -29.036 0.4000000060
18152  23.456  -65.472  -30.759 0.4000000060
16451  19.845  -68.780  -26.820 0.5000000000
11660  23.967  -74.131  -27.760 0.3000000119
127104  25.830  -66.271  -30.083 0.4000000060
116690  23.647  -66.457  -28.478 0.5000000000
129953  23.144  -66.768  -26.862 0.5000000000
18083  23.263  -67.061  -26.014 0.6000000238
27210  21.485  -56.862  -27.716 0.3000000119
10092  25.680  -76.861  -29.138 0.3000000119
14080  23.254  -71.944  -27.614 0.4000000060
14745  9.880  -69.504  -18.931 0.3000000119
14765  9.899  -70.324  -19.276 0.3000000119
14766  9.484  -71.093  -18.833 0.4000000060
15547  19.793  -69.085  -22.810 0.6000000238
15561  17.751  -70.037  -23.322 0.6000000238
15562  16.780  -70.036  -23.346 0.6000000238
15568  11.387  -69.935  -23.730 0.5000000000
15575  19.649  -69.734  -24.502 0.5000000000
15577  11.421  -69.242  -23.950 0.5000000000
15588  19.588  -69.584  -25.554 0.6000000238
15653  22.116  -69.091  -29.637 0.4000000060
15677  24.712  -69.041  -30.233 0.4000000060
16347  8.401  -68.146  -17.913 0.3000000119
16363  8.904  -68.786  -18.258 0.4000000060
16394  19.376  -68.630  -22.380 0.6000000238
16396  17.720  -68.625  -22.791 0.6000000238
16407  21.395  -68.510  -23.101 0.6999999881
16411  15.164  -68.833  -23.543 0.6000000238
16412  14.291  -68.833  -23.584 0.6000000238
16422  12.878  -68.337  -23.892 0.6000000238
16423  11.535  -68.505  -24.331 0.6000000238
16435  20.777  -68.801  -25.461 0.6000000238
16450  20.563  -68.336  -26.411 0.5000000000
17231  20.441  -67.713  -21.980 0.6000000238
17250  17.844  -67.168  -23.037 0.6999999881
17272  15.244  -67.323  -24.321 0.6999999881
17275  12.193  -67.206  -25.136 0.6999999881
17289  22.000  -68.042  -25.223 0.6000000238
17290  11.701  -66.637  -25.634 0.5000000000
17302  10.126  -66.969  -25.914 0.5000000000
17352  26.134  -66.727  -31.805 0.4000000060
17355  23.317  -65.401  -31.381 0.4000000060
18018  7.836  -66.332  -19.642 0.4000000060
18037  24.142  -66.317  -23.001 0.6999999881
18040  19.378  -66.426  -22.381 0.6999999881
18052  18.164  -66.425  -23.177 0.6999999881
18054  16.541  -66.937  -24.014 0.6999999881
18066  24.391  -66.353  -23.891 0.6000000238
18068  16.529  -66.181  -24.433 0.8000000119
18071  13.864  -66.872  -24.782 0.6999999881
18082  23.875  -66.798  -25.429 0.5000000000
18098  22.527  -67.062  -26.619 0.5000000000
18104  8.843  -66.711  -26.642 0.5000000000
18115  23.411  -66.563  -27.517 0.5000000000
18120  9.268  -66.121  -27.288 0.5000000000
18138  22.173  -66.053  -29.067 0.5000000000
18146  29.538  -66.384  -30.081 0.4000000060
18149  26.845  -65.940  -30.880 0.4000000060
18150  25.333  -65.815  -30.866 0.4000000060
18162  28.100  -66.272  -30.939 0.4000000060
18164  26.628  -65.881  -31.388 0.4000000060
18165  25.798  -65.716  -31.345 0.4000000060
18167  23.262  -65.196  -31.172 0.4000000060
18173  27.994  -66.470  -31.560 0.4000000060
18174  27.193  -66.318  -31.649 0.4000000060
18177  24.524  -65.891  -31.632 0.4000000060
18806  10.811  -65.007  -17.997 0.4000000060
18811  12.127  -65.304  -19.438 0.4000000060
18826  10.189  -65.230  -19.789 0.4000000060
18828  7.992  -65.117  -19.801 0.5000000000
18829  7.409  -65.353  -20.060 0.5000000000
18835  23.111  -65.137  -21.798 0.8000000119
18846  23.590  -65.306  -21.982 0.6999999881
18849  20.756  -65.986  -21.889 0.8000000119
18851  19.196  -65.514  -22.852 0.6000000238
18862  17.686  -65.933  -23.696 0.6999999881
18876  15.811  -65.926  -24.899 0.6999999881
18885  26.451  -65.431  -25.713 0.6000000238
18888  15.941  -64.994  -25.049 0.8000000119
18890  14.311  -65.450  -25.460 0.6999999881
18892  12.780  -65.602  -25.904 0.6999999881
18901  28.470  -65.456  -26.548 0.5000000000
18904  25.369  -66.037  -26.121 0.6000000238
18907  10.906  -65.882  -27.167 0.6000000238
18921  26.605  -65.786  -26.514 0.4000000060
18922  11.995  -64.943  -27.453 0.6000000238
18923  11.291  -65.239  -27.688 0.6000000238
18926  7.992  -65.481  -27.613 0.4000000060
18941  28.196  -66.200  -28.044 0.5000000000
18942  10.227  -64.906  -28.061 0.6000000238
19636  11.139  -64.366  -17.681 0.4000000060
19653  12.612  -64.712  -19.194 0.4000000060
19662  13.528  -64.810  -20.333 0.4000000060
19674  14.864  -64.177  -21.311 0.4000000060
19675  13.528  -65.015  -21.067 0.4000000060
19678  10.528  -64.711  -21.294 0.5000000000
19680  8.013  -64.280  -21.128 0.5000000000
19693  22.552  -64.871  -21.844 0.8000000119
19697  12.583  -64.712  -22.236 0.4000000060
19699  10.746  -64.419  -22.025 0.4000000060
19711  24.836  -65.010  -22.851 0.6999999881
19730  17.073  -64.811  -24.544 0.6999999881
19745  15.457  -64.381  -25.493 0.8000000119
19757  14.997  -63.694  -26.173 0.8000000119
19780  11.962  -63.815  -27.840 0.6000000238
19782  10.671  -64.282  -28.007 0.6000000238
19783  9.914  -64.357  -27.986 0.6000000238
19784  8.980  -64.282  -27.779 0.6000000238
19785  8.059  -64.389  -27.573 0.5000000000
20492  10.838  -63.698  -17.374 0.4000000060
20509  12.881  -63.876  -19.007 0.4000000060
20518  15.487  -63.620  -20.888 0.4000000060
20535  7.509  -63.954  -21.724 0.4000000060
20549  14.382  -64.329  -22.096 0.3000000119
20550  13.801  -64.069  -22.797 0.5000000000
20553  8.762  -63.257  -22.466 0.5000000000
20560  25.991  -63.228  -23.556 0.6999999881
20563  23.912  -63.112  -23.088 0.5000000000
20565  21.939  -64.258  -22.351 0.6999999881
20572  10.148  -62.967  -23.058 0.5000000000
20586  26.694  -63.516  -24.012 0.6000000238
20590  7.215  -63.214  -24.323 0.4000000060
20601  17.110  -63.242  -25.056 0.8000000119
20616  13.825  -63.389  -27.442 0.8000000119
20617  7.030  -62.961  -26.398 0.4000000060
20625  14.372  -62.629  -27.602 0.8000000119
20626  13.764  -62.823  -27.751 0.8000000119
20627  12.675  -63.484  -27.767 0.6999999881
20628  8.492  -63.313  -27.063 0.5000000000
20629  7.505  -63.315  -27.157 0.4000000060
20631  13.161  -62.998  -27.822 0.6999999881
20633  11.749  -63.558  -27.748 0.6000000238
20636  9.074  -63.585  -27.434 0.6000000238
21371  9.466  -62.893  -17.129 0.4000000060
21379  11.508  -62.697  -18.080 0.4000000060
21414  16.703  -62.726  -21.557 0.4000000060
21424  16.643  -62.569  -22.227 0.4000000060
21425  15.906  -62.844  -22.589 0.4000000060
21433  25.403  -62.920  -23.327 0.6000000238
21436  22.305  -62.811  -23.544 0.6000000238
21438  20.802  -62.522  -24.055 0.6000000238
21442  12.523  -62.970  -23.824 0.5000000000
21447  7.482  -63.189  -23.438 0.4000000060
21464  19.517  -62.317  -24.590 0.6999999881
21483  19.105  -61.757  -25.178 0.6000000238
21485  16.922  -62.354  -25.776 0.6999999881
21495  17.844  -61.275  -26.150 0.6999999881
21498  15.637  -62.034  -27.049 0.6999999881
21500  8.699  -62.853  -26.340 0.5000000000
21501  7.802  -62.937  -26.372 0.5000000000
21507  15.247  -61.852  -27.381 0.6999999881
21511  9.655  -62.840  -27.012 0.6000000238
21512  8.957  -62.997  -26.758 0.6000000238
21516  13.669  -62.578  -27.685 0.6999999881
21517  12.229  -62.985  -27.658 0.6000000238
21519  10.680  -63.151  -27.545 0.6000000238
21520  9.845  -63.211  -27.476 0.6000000238
22365  26.186  -61.893  -23.778 0.4000000060
22405  20.282  -61.257  -25.467 0.6000000238
22409  11.740  -61.575  -25.923 0.6999999881
22410  10.818  -61.990  -25.764 0.5000000000
22411  10.221  -62.293  -25.962 0.5000000000
22427  16.539  -61.105  -26.769 0.6000000238
22428  11.463  -61.846  -26.358 0.6999999881
22437  16.169  -61.070  -26.914 0.6000000238
22439  13.352  -61.591  -27.271 0.5000000000
22441  10.578  -62.480  -26.833 0.6000000238
22442  10.028  -62.612  -26.868 0.6000000238
22446  15.164  -61.599  -27.355 0.6000000238
22448  13.925  -61.580  -27.448 0.5000000000
22449  13.367  -62.159  -27.535 0.6000000238
23299  17.872  -60.790  -22.764 0.4000000060
23337  25.603  -60.730  -26.079 0.5000000000
23340  13.475  -60.777  -26.332 0.4000000060
23341  12.655  -61.199  -26.138 0.4000000060
23353  22.681  -60.371  -26.981 0.5000000000
23357  18.642  -60.213  -26.617 0.5000000000
23381  16.172  -60.863  -26.933 0.6000000238
23382  14.986  -61.065  -27.314 0.6000000238
23383  14.306  -61.040  -27.332 0.5000000000
24292  16.072  -59.887  -24.480 0.4000000060
24299  18.131  -58.913  -24.383 0.4000000060
24301  15.482  -59.545  -25.261 0.3000000119
24302  14.784  -59.896  -25.572 0.3000000119
24311  15.353  -59.456  -26.297 0.3000000119
24317  14.355  -60.370  -26.759 0.3000000119
24321  23.040  -59.573  -27.761 0.5000000000
24328  14.103  -60.684  -27.055 0.4000000060
24338  24.585  -59.874  -28.482 0.4000000060
25279  19.167  -58.551  -24.383 0.3000000119
25283  15.771  -59.087  -25.722 0.3000000119
25297  17.275  -58.388  -26.596 0.4000000060
25305  18.300  -58.439  -27.273 0.4000000060
26216  18.369  -57.419  -26.326 0.5000000000
26220  18.394  -57.489  -26.918 0.4000000060
26229  19.186  -57.443  -27.518 0.4000000060
27179  18.922  -57.071  -26.611 0.3000000119
27197  21.768  -56.088  -27.570 0.3000000119
110256  11.289  -62.207  -26.760 0.6999999881
113136  8.804  -70.339  -17.975 0.4000000060
113370  11.056  -63.707  -27.802 0.6000000238
114583  20.820  -69.079  -24.639 0.6000000238
114671  14.737  -62.164  -27.593 0.8000000119
115547  18.953  -67.922  -22.214 0.6000000238
116400  22.146  -67.258  -22.172 0.6999999881
116483  12.348  -65.276  -26.635 0.6000000238
116844  23.683  -61.701  -24.607 0.4000000060
117085  25.287  -66.423  -28.234 0.5000000000
117788  16.430  -59.771  -26.894 0.4000000060
118863  16.611  -69.283  -23.254 0.6000000238
118888  13.329  -62.921  -23.785 0.5000000000
120341  9.715  -62.516  -23.644 0.5000000000
121727  12.948  -65.097  -21.587 0.4000000060
121774  19.273  -58.470  -27.490 0.4000000060
121833  15.624  -61.058  -27.140 0.5000000000
122727  17.183  -58.739  -24.804 0.4000000060
123328  18.195  -59.156  -27.163 0.4000000060
123655  23.860  -66.755  -23.586 0.6999999881
124080  24.925  -67.730  -31.586 0.5000000000
124236  15.558  -70.403  -23.450 0.6000000238
124672  12.656  -62.498  -27.522 0.6999999881
124860  25.151  -74.443  -27.103 0.3000000119
125047  7.213  -63.776  -22.130 0.4000000060
125345  9.377  -64.959  -28.002 0.5000000000
125868  20.983  -66.611  -28.092 0.5000000000
126012  22.580  -65.143  -30.800 0.4000000060
126078  9.196  -62.445  -24.937 0.5000000000
126235  28.897  -66.277  -29.775 0.4000000060
127235  25.192  -65.237  -23.538 0.6999999881
127663  19.680  -68.039  -22.093 0.6000000238
127741  22.049  -65.324  -30.130 0.4000000060
127871  22.571  -71.864  -27.856 0.3000000119
128256  25.901  -62.526  -23.564 0.5000000000
128436  17.604  -66.604  -23.501 0.6999999881
128652  24.512  -66.468  -28.475 0.5000000000
128798  12.175  -61.750  -26.764 0.6999999881
128869  21.594  -59.571  -27.341 0.6000000238
129046  15.605  -69.190  -23.440 0.6000000238
129059  7.612  -63.004  -24.099 0.4000000060
129353  14.016  -64.671  -25.980 0.6999999881
129699  8.137  -66.966  -20.007 0.4000000060
129780  21.506  -66.072  -21.752 0.8000000119
130191  19.753  -69.234  -26.179 0.5000000000
130559  14.645  -69.383  -23.455 0.6000000238
131112  22.602  -53.486  -27.359 0.4000000060
131271  24.892  -60.402  -27.741 0.5000000000
131530  22.596  -67.769  -23.606 0.6999999881
132137  16.138  -58.781  -25.870 0.3000000119
