#!ascii label  , from subject sub-v1s12x0050125_ses-1 vox2ras=TkReg
543
55730  18.192  -24.171  -23.318 0.1428571492
55732  16.587  -24.014  -23.054 0.1428571492
57280  17.811  -22.483  -24.006 0.1428571492
56483  18.628  -23.792  -23.648 0.2857142985
57262  17.150  -22.855  -23.623 0.1428571492
58096  18.548  -22.035  -24.465 0.5714285970
56498  19.582  -23.484  -24.362 0.1428571492
56496  21.171  -23.376  -24.593 0.2857142985
56497  20.331  -23.484  -24.603 0.2857142985
125436  22.034  -23.059  -24.956 0.1428571492
57277  21.348  -23.020  -25.234 0.2857142985
59011  23.335  -21.109  -26.046 0.2857142985
58109  23.080  -21.918  -25.762 0.1428571492
58124  22.463  -21.334  -26.098 0.2857142985
59963  24.346  -19.504  -26.566 0.2857142985
59010  24.372  -20.457  -25.797 0.2857142985
60814  24.963  -18.422  -27.249 0.2857142985
60804  24.299  -18.948  -27.053 0.2857142985
117238  26.336  -17.488  -27.523 0.2857142985
63344  27.636  -15.710  -28.747 0.8571428657
62498  26.599  -16.471  -28.089 0.4285714328
60802  25.789  -18.105  -27.121 0.2857142985
64188  28.610  -14.743  -29.129 0.7142857313
64182  28.533  -15.507  -28.972 0.7142857313
63345  26.657  -15.762  -28.305 0.7142857313
65981  29.281  -13.507  -29.125 0.8571428657
124168  28.646  -13.942  -29.080 0.5714285970
65982  28.142  -13.011  -28.768 0.8571428657
64189  27.743  -14.874  -28.836 0.7142857313
64190  26.808  -14.935  -28.411 0.7142857313
67686  30.196  -12.047  -29.343 0.4285714328
111837  28.599  -12.292  -28.794 0.7142857313
67697  31.317  -11.642  -30.360 0.2857142985
68558  30.895  -10.506  -30.520 0.5714285970
116768  29.031  -11.519  -28.813 0.8571428657
68571  31.544  -9.893  -31.129 0.1428571492
67709  31.951  -11.091  -30.723 0.1428571492
118425  30.349  -10.970  -29.730 0.5714285970
67687  29.380  -10.681  -28.908 0.8571428657
70216  31.783  -8.151  -32.228 0.1428571492
110900  32.892  -9.761  -31.469 0.1428571492
69416  31.716  -8.896  -31.751 0.1428571492
129021  30.621  -9.493  -30.536 0.4285714328
68547  29.614  -9.758  -29.045 0.8571428657
71044  31.932  -6.207  -32.325 0.1428571492
71043  32.522  -7.037  -32.421 0.1428571492
71032  31.503  -7.210  -32.038 0.1428571492
70217  31.058  -7.989  -31.518 0.1428571492
70205  30.427  -7.804  -30.488 0.4285714328
69404  30.132  -8.636  -29.937 0.5714285970
69392  29.708  -8.996  -29.239 0.7142857313
68548  28.725  -9.603  -28.659 0.8571428657
71045  30.879  -6.240  -31.680 0.1428571492
71846  30.633  -5.321  -31.327 0.1428571492
71033  30.672  -7.022  -31.034 0.1428571492
71022  30.232  -6.878  -29.890 0.5714285970
70193  29.579  -8.228  -29.012 0.8571428657
69393  29.110  -8.852  -28.748 0.8571428657
71859  31.117  -5.467  -32.252 0.1428571492
72643  30.471  -4.449  -30.861 0.2857142985
71838  30.460  -5.974  -30.363 0.1428571492
71826  30.265  -5.202  -29.367 0.8571428657
70206  29.950  -7.613  -29.504 0.7142857313
125022  29.845  -6.876  -29.120 0.8571428657
73503  30.338  -3.154  -31.321 0.1428571492
121092  30.379  -3.016  -32.179 0.1428571492
72620  29.894  -4.412  -28.658 0.8571428657
71827  30.103  -6.082  -29.055 0.8571428657
119522  28.735  -6.224  -28.392 0.8571428657
73492  30.321  -3.517  -30.361 0.4285714328
72621  29.193  -5.008  -28.200 0.8571428657
117341  29.896  -5.300  -28.643 0.8571428657
74337  30.187  -2.495  -30.432 0.1428571492
75182  30.049  -1.731  -30.888 0.2857142985
121613  30.176  -2.909  -29.669 0.5714285970
74324  30.050  -2.275  -29.453 0.8571428657
121376  29.945  -2.822  -28.949 0.8571428657
73479  29.542  -3.408  -28.350 0.8571428657
113187  28.933  -4.169  -27.951 0.8571428657
73480  28.758  -3.426  -27.771 0.8571428657
116479  30.125  -1.214  -30.348 0.2857142985
75926  30.086  -1.063  -29.567 0.7142857313
75171  30.093  -1.715  -29.953 0.5714285970
75158  29.949  -1.629  -29.105 0.8571428657
74311  28.920  -2.309  -27.711 0.8571428657
74327  27.598  -2.150  -27.609 0.8571428657
73481  27.863  -3.827  -27.769 0.8571428657
75927  29.780  -0.972  -28.721 0.8571428657
75132  29.169  -0.994  -27.973 0.8571428657
75143  29.085  -1.745  -27.826 0.8571428657
75929  27.732  -0.736  -27.619 0.7142857313
75145  27.985  -1.432  -27.498 0.7142857313
117162  29.477  -0.226  -28.402 0.8571428657
75915  28.450  -0.929  -27.633 0.8571428657
76705  28.176  0.657  -28.089 0.8571428657
116986  27.563  -0.002  -27.834 0.7142857313
77474  29.877  1.700  -29.257 0.7142857313
77455  28.724  1.391  -28.403 0.8571428657
78209  29.261  2.202  -28.752 0.8571428657
78210  28.332  2.220  -28.393 0.8571428657
121579  28.771  3.055  -28.587 0.7142857313
75928  28.558  -0.204  -27.906 0.8571428657
112792  30.039  3.409  -31.732 0.1428571492
114415  29.443  3.149  -29.011 0.7142857313
79005  29.090  3.872  -28.858 0.7142857313
120128  30.194  4.316  -32.129 0.1428571492
79019  29.679  3.878  -29.361 0.5714285970
79798  30.019  4.535  -29.884 0.5714285970
80540  29.253  5.637  -29.636 0.5714285970
109222  30.230  5.256  -30.554 0.1428571492
80559  29.969  6.474  -33.520 0.1428571492
81222  30.152  7.255  -32.191 0.1428571492
81224  30.015  7.401  -33.412 0.1428571492
80552  30.266  6.154  -31.238 0.1428571492
81870  29.886  8.439  -33.891 0.1428571492
80553  29.913  5.972  -30.289 0.5714285970
81868  29.751  7.756  -31.539 0.1428571492
82537  29.852  9.463  -34.755 0.1428571492
82534  29.538  8.743  -32.055 0.1428571492
122402  17.784  -24.727  -22.940 0.1428571492
55714  17.062  -24.796  -22.923 0.1428571492
56499  18.824  -23.419  -24.114 0.2857142985
111176  19.278  -23.752  -23.694 0.1428571492
130092  20.662  -23.558  -24.175 0.2857142985
123005  22.392  -22.104  -25.750 0.1428571492
61625  25.550  -17.680  -27.501 0.2857142985
61626  24.670  -17.748  -27.537 0.2857142985
63338  27.377  -16.338  -28.413 0.4285714328
61624  26.126  -17.034  -27.753 0.5714285970
65980  30.114  -13.426  -29.100 0.2857142985
67685  30.941  -12.203  -30.060 0.1428571492
67688  27.954  -11.175  -28.534 0.8571428657
71010  29.395  -7.379  -28.771 0.8571428657
71829  28.470  -5.574  -28.259 0.8571428657
75942  30.036  -0.324  -29.166 0.8571428657
121093  29.946  0.995  -29.249 0.8571428657
78222  29.892  2.507  -29.369 0.8571428657
129772  29.900  3.196  -29.557 0.7142857313
113411  30.274  6.258  -32.332 0.1428571492
112035  29.772  9.583  -35.677 0.1428571492
111126  19.106  -22.919  -24.574 0.4285714328
57279  19.854  -23.090  -24.966 0.4285714328
57297  19.426  -22.226  -24.938 0.2857142985
57294  21.884  -22.566  -25.480 0.1428571492
125150  23.972  -20.885  -25.810 0.2857142985
59946  24.497  -19.948  -26.075 0.2857142985
59026  23.772  -20.216  -26.296 0.2857142985
59027  22.856  -20.517  -26.349 0.2857142985
128203  26.198  -16.047  -28.017 0.7142857313
70225  33.079  -7.717  -32.330 0.1428571492
72655  30.732  -4.594  -32.031 0.1428571492
115098  30.492  -3.875  -31.356 0.2857142985
73516  30.649  -3.706  -32.206 0.1428571492
72634  30.301  -4.351  -29.774 0.8571428657
70194  28.763  -7.988  -28.582 0.8571428657
74347  30.113  -2.402  -31.552 0.1428571492
121219  29.982  -1.055  -31.070 0.1428571492
75941  30.181  -0.526  -30.245 0.2857142985
74328  26.768  -2.210  -28.092 0.8571428657
76721  30.154  0.331  -29.701 0.5714285970
77473  30.196  1.150  -30.076 0.5714285970
118529  30.170  1.970  -29.863 0.5714285970
79018  30.107  3.661  -30.078 0.4285714328
123302  30.173  2.624  -30.348 0.2857142985
125538  30.210  3.320  -30.863 0.2857142985
79809  30.282  4.264  -30.908 0.1428571492
79817  30.337  5.262  -31.592 0.1428571492
81216  30.014  6.880  -30.873 0.2857142985
79820  30.205  5.326  -32.694 0.1428571492
82538  29.696  9.498  -33.540 0.1428571492
83173  29.326  9.712  -32.526 0.1428571492
83176  29.845  10.136  -35.490 0.1428571492
76735  30.173  0.160  -30.903 0.4285714328
78235  30.178  1.746  -30.541 0.4285714328
126206  17.956  -23.441  -23.763 0.1428571492
55731  17.458  -24.140  -23.295 0.1428571492
132193  18.456  -22.894  -24.219 0.4285714328
56482  20.140  -23.666  -23.744 0.1428571492
57278  20.636  -23.123  -25.178 0.1428571492
65115  26.801  -13.987  -28.409 0.7142857313
111683  29.678  -12.680  -29.110 0.8571428657
68559  30.163  -9.698  -29.800 0.5714285970
69415  32.656  -8.554  -32.128 0.1428571492
69403  30.799  -8.790  -31.000 0.1428571492
110864  30.451  -5.054  -30.307 0.5714285970
73478  30.125  -3.550  -29.259 0.8571428657
74310  29.373  -2.223  -28.142 0.8571428657
122049  29.570  -2.685  -28.418 0.8571428657
74326  28.277  -2.802  -27.584 0.8571428657
75159  29.559  -1.619  -28.390 0.8571428657
76722  29.774  0.456  -28.834 0.8571428657
76704  29.074  0.563  -28.362 0.8571428657
80539  29.826  5.247  -29.839 0.5714285970
79785  29.347  4.714  -29.306 0.5714285970
81217  29.301  6.566  -30.011 0.4285714328
125943  29.752  8.610  -34.802 0.1428571492
81227  29.624  7.916  -34.840 0.1428571492
82533  29.848  8.459  -32.891 0.1428571492
57292  23.609  -22.336  -25.269 0.1428571492
57296  20.191  -22.410  -25.310 0.4285714328
59964  23.721  -19.381  -26.791 0.5714285970
81864  29.286  7.430  -30.563 0.1428571492
60806  22.130  -18.807  -26.702 0.5714285970
60807  21.409  -18.953  -26.535 0.5714285970
61618  20.158  -17.797  -26.677 0.2857142985
60816  23.311  -18.241  -27.222 0.5714285970
61629  21.821  -17.527  -27.442 0.5714285970
59968  19.908  -19.124  -25.843 0.4285714328
60817  22.424  -18.194  -27.093 0.5714285970
61619  19.587  -17.388  -26.594 0.2857142985
61630  20.848  -17.512  -27.170 0.4285714328
62492  23.216  -16.903  -27.697 0.5714285970
62493  22.243  -16.874  -27.873 0.5714285970
63339  20.979  -15.945  -28.112 0.4285714328
62500  24.578  -16.342  -27.715 0.5714285970
62501  23.661  -16.262  -27.765 0.5714285970
119200  24.033  -15.729  -27.776 0.7142857313
63348  23.277  -15.503  -27.968 0.4285714328
63347  24.795  -15.620  -27.769 0.4285714328
130848  20.567  -16.921  -27.456 0.4285714328
61631  19.982  -17.040  -27.158 0.2857142985
62482  19.201  -16.836  -26.829 0.2857142985
62503  21.844  -16.110  -28.148 0.4285714328
116809  24.842  -13.999  -27.942 0.7142857313
65118  23.075  -13.488  -28.791 0.4285714328
65116  24.841  -13.199  -28.275 0.7142857313
113483  24.134  -12.710  -28.730 0.5714285970
65984  24.720  -12.402  -28.672 0.7142857313
65995  23.873  -12.011  -29.286 0.2857142985
64191  25.821  -14.839  -27.953 0.5714285970
116820  25.833  -13.979  -28.061 0.5714285970
111816  25.464  -12.074  -28.586 0.7142857313
66862  24.587  -11.547  -29.139 0.7142857313
124415  25.418  -11.376  -28.767 0.7142857313
66872  24.055  -10.794  -29.650 0.7142857313
67698  24.449  -10.053  -29.632 0.4285714328
65114  27.700  -13.787  -28.729 0.5714285970
113707  25.784  -13.015  -28.345 0.5714285970
65983  27.106  -12.669  -28.535 0.5714285970
66860  26.329  -11.732  -28.513 0.5714285970
124648  25.864  -10.800  -28.650 0.7142857313
67690  25.419  -10.021  -28.940 0.7142857313
68551  25.848  -9.213  -28.708 0.7142857313
68560  25.056  -9.196  -29.262 0.5714285970
69405  25.457  -8.349  -28.953 0.5714285970
116072  26.868  -10.950  -28.476 0.5714285970
120357  27.345  -10.185  -28.479 0.7142857313
67689  26.330  -10.054  -28.556 0.7142857313
69395  27.273  -8.548  -28.530 0.8571428657
115014  23.748  -9.759  -30.188 0.4285714328
70196  26.823  -7.689  -28.574 0.7142857313
70197  25.896  -7.572  -28.754 0.7142857313
70207  25.170  -7.461  -29.292 0.5714285970
71014  25.592  -6.710  -29.029 0.7142857313
118724  28.366  -10.393  -28.585 0.5714285970
70195  27.809  -7.814  -28.502 0.8571428657
71013  26.405  -6.840  -28.637 0.7142857313
122464  25.296  -5.039  -29.431 0.2857142985
69394  28.222  -8.691  -28.538 0.7142857313
71012  27.371  -6.955  -28.474 0.7142857313
120581  26.002  -3.759  -28.879 0.7142857313
71011  28.483  -7.021  -28.457 0.7142857313
71830  26.926  -6.127  -28.460 0.8571428657
71831  26.050  -5.996  -28.738 0.8571428657
119298  27.512  -5.435  -28.317 0.8571428657
72624  26.327  -4.515  -28.664 0.5714285970
72623  27.192  -4.614  -28.245 0.8571428657
117997  26.807  -3.793  -28.279 0.8571428657
119331  27.897  -6.221  -28.364 0.8571428657
72622  28.172  -4.781  -28.065 0.8571428657
73482  26.382  -3.005  -28.476 0.8571428657
115580  27.230  -2.984  -27.858 0.8571428657
74329  26.029  -2.226  -28.735 0.7142857313
76706  27.172  0.662  -28.085 0.7142857313
76707  26.346  0.803  -28.440 0.7142857313
77456  27.797  1.441  -28.218 0.5714285970
125616  25.616  0.907  -28.904 0.7142857313
77457  26.916  1.472  -28.296 0.7142857313
118515  27.409  2.195  -28.356 0.8571428657
78212  26.828  2.933  -28.542 0.7142857313
78223  26.013  2.388  -28.745 0.7142857313
79008  26.650  3.721  -28.728 0.7142857313
79799  26.247  4.266  -29.095 0.7142857313
79800  25.368  4.190  -29.511 0.5714285970
79007  27.391  3.721  -28.559 0.7142857313
79788  26.959  4.290  -28.757 0.7142857313
80532  26.825  5.063  -29.078 0.4285714328
113906  25.731  5.026  -29.549 0.5714285970
79787  27.717  4.531  -28.774 0.5714285970
119019  24.545  5.061  -29.996 0.5714285970
80543  26.183  5.850  -29.681 0.5714285970
81207  24.538  6.796  -30.289 0.5714285970
80544  25.046  5.900  -29.988 0.5714285970
80542  27.175  5.993  -29.395 0.5714285970
131714  23.735  6.188  -30.376 0.4285714328
79811  22.448  5.140  -30.403 0.4285714328
81858  23.776  7.809  -29.938 0.4285714328
111836  27.490  -11.945  -28.563 0.5714285970
81218  24.358  7.604  -30.396 0.2857142985
81208  23.636  7.080  -30.144 0.4285714328
81859  22.984  7.270  -29.124 0.2857142985
59012  20.544  -19.937  -25.922 0.5714285970
60815  24.155  -18.338  -27.317 0.2857142985
122958  23.737  -18.808  -27.108 0.4285714328
60819  20.793  -18.335  -26.669 0.5714285970
61627  23.722  -17.631  -27.483 0.5714285970
60808  20.234  -18.473  -26.309 0.2857142985
111008  20.333  -16.357  -27.678 0.4285714328
62502  22.760  -16.174  -27.977 0.4285714328
63349  22.420  -15.378  -28.226 0.5714285970
62495  19.529  -16.292  -27.324 0.2857142985
124127  20.386  -15.728  -28.012 0.2857142985
118739  23.885  -14.140  -28.076 0.5714285970
127696  23.032  -12.743  -29.335 0.2857142985
126520  23.762  -11.253  -29.620 0.7142857313
121400  26.604  -5.311  -28.538 0.7142857313
75930  26.859  -0.588  -27.943 0.7142857313
119951  26.523  0.073  -28.262 0.7142857313
75931  26.114  -0.642  -28.570 0.7142857313
79020  25.880  3.364  -28.983 0.7142857313
120767  24.620  4.166  -29.902 0.5714285970
79006  28.287  3.801  -28.586 0.5714285970
119596  28.578  4.505  -28.905 0.5714285970
80531  27.791  5.315  -29.088 0.5714285970
109091  25.541  6.630  -30.089 0.5714285970
68549  27.776  -9.428  -28.503 0.7142857313
78211  27.859  2.996  -28.416 0.8571428657
62499  25.638  -16.328  -27.818 0.5714285970
63346  25.696  -15.563  -27.881 0.5714285970
75161  26.426  -1.421  -28.343 0.7142857313
113721  26.732  -13.177  -28.468 0.5714285970
60805  22.992  -18.920  -26.845 0.5714285970
60818  21.556  -18.195  -26.915 0.5714285970
128401  21.949  -19.382  -26.473 0.4285714328
61628  22.777  -17.556  -27.474 0.5714285970
62494  21.208  -16.765  -27.754 0.4285714328
62491  24.175  -16.999  -27.646 0.5714285970
116980  23.934  -15.034  -27.883 0.5714285970
64193  23.014  -14.575  -28.300 0.4285714328
64192  24.827  -14.837  -27.837 0.5714285970
65117  23.973  -13.312  -28.400 0.5714285970
65985  23.508  -12.725  -29.079 0.4285714328
65996  23.241  -12.093  -29.585 0.2857142985
124931  26.266  -12.506  -28.465 0.7142857313
66861  24.983  -10.785  -29.173 0.7142857313
68550  26.792  -9.291  -28.529 0.5714285970
69396  26.305  -8.434  -28.622 0.7142857313
70208  24.513  -7.311  -29.920 0.2857142985
71839  25.292  -5.818  -29.358 0.5714285970
122463  24.757  -5.259  -29.872 0.2857142985
118775  26.668  2.108  -28.484 0.7142857313
63351  20.741  -15.247  -28.242 0.1428571492
64195  21.221  -14.582  -28.420 0.4285714328
58097  17.691  -21.522  -24.073 0.4285714328
124919  25.331  -19.516  -25.472 0.1428571492
59962  24.935  -19.371  -26.105 0.1428571492
60803  25.290  -18.686  -26.581 0.1428571492
62489  27.000  -16.993  -28.026 0.1428571492
60793  25.918  -18.299  -26.289 0.1428571492
60794  25.493  -18.897  -25.739 0.1428571492
62481  27.464  -16.887  -27.535 0.1428571492
61617  26.450  -17.786  -26.932 0.1428571492
62488  27.648  -16.578  -28.210 0.1428571492
115524  29.162  -15.187  -29.119 0.2857142985
65112  29.831  -14.126  -29.037 0.1428571492
75160  27.157  -1.430  -27.733 0.5714285970
83784  29.346  11.546  -34.336 0.1428571492
83785  28.810  11.730  -33.316 0.1428571492
76723  25.147  0.198  -29.346 0.4285714328
76708  25.837  0.118  -28.758 0.5714285970
119100  24.936  1.057  -29.441 0.4285714328
83164  27.109  9.579  -30.576 0.2857142985
81857  26.705  7.296  -30.091 0.2857142985
81206  26.516  6.643  -29.853 0.2857142985
81856  27.425  7.685  -30.253 0.2857142985
118517  22.959  0.990  -30.924 0.1428571492
77476  25.462  1.725  -29.090 0.5714285970
81866  26.157  8.121  -30.396 0.2857142985
80541  28.285  6.104  -29.523 0.4285714328
77491  24.088  1.981  -30.156 0.4285714328
79021  24.986  3.428  -29.575 0.5714285970
79029  22.802  3.177  -30.779 0.4285714328
79028  23.356  3.777  -30.551 0.2857142985
124622  25.079  7.933  -30.502 0.1428571492
124854  25.849  7.322  -30.259 0.1428571492
115188  22.205  4.263  -30.729 0.1428571492
79810  23.734  4.510  -30.386 0.4285714328
82530  24.474  8.271  -30.422 0.1428571492
82529  25.147  8.689  -30.564 0.1428571492
131374  22.983  4.420  -30.539 0.2857142985
82504  22.435  8.597  -27.679 0.1428571492
82517  24.134  8.420  -29.660 0.1428571492
82516  24.709  8.962  -30.354 0.1428571492
82503  23.655  8.813  -28.403 0.1428571492
124794  18.258  -20.916  -24.490 0.4285714328
58999  18.045  -19.922  -24.475 0.2857142985
59945  24.982  -20.163  -25.528 0.1428571492
112652  28.001  -16.479  -28.027 0.1428571492
75943  25.453  -0.629  -29.220 0.2857142985
81204  28.375  7.072  -30.043 0.2857142985
82528  26.013  9.140  -30.524 0.2857142985
83166  25.359  9.504  -30.489 0.2857142985
57293  22.762  -22.651  -25.337 0.1428571492
56495  22.854  -23.039  -24.659 0.1428571492
58998  24.600  -21.068  -25.345 0.1428571492
65113  29.306  -14.498  -29.150 0.1428571492
63337  28.214  -16.175  -28.604 0.1428571492
75162  25.738  -1.430  -29.003 0.4285714328
78237  23.171  2.071  -30.667 0.2857142985
79786  28.603  5.192  -29.213 0.4285714328
118793  27.047  8.622  -30.387 0.2857142985
81865  28.417  7.853  -30.500 0.2857142985
82527  27.732  8.869  -30.606 0.2857142985
83163  28.135  9.392  -30.955 0.1428571492
83780  27.732  10.352  -31.194 0.1428571492
83174  28.674  10.000  -31.755 0.1428571492
82525  29.133  8.222  -31.078 0.1428571492
82535  28.914  9.075  -31.459 0.1428571492
82526  28.406  8.597  -30.790 0.1428571492
58113  19.057  -21.242  -24.883 0.4285714328
77475  26.160  1.566  -28.620 0.5714285970
78224  25.272  2.582  -29.287 0.5714285970
81205  27.430  6.788  -29.815 0.2857142985
118405  26.872  -17.317  -27.444 0.1428571492
60778  26.169  -18.559  -25.182 0.1428571492
77477  24.770  1.884  -29.611 0.4285714328
78236  23.764  2.867  -30.444 0.4285714328
78225  24.533  2.710  -29.881 0.5714285970
79027  24.242  3.565  -30.212 0.5714285970
59000  17.539  -20.576  -24.021 0.2857142985
63330  28.002  -16.401  -27.156 0.1428571492
75172  25.045  -1.427  -29.610 0.2857142985
127647  27.817  8.285  -30.499 0.2857142985
69406  24.676  -8.283  -29.607 0.4285714328
83769  25.684  10.359  -30.614 0.1428571492
83165  26.023  10.028  -30.750 0.1428571492
84436  25.763  11.233  -30.862 0.1428571492
83146  25.025  9.941  -28.840 0.1428571492
83763  25.445  10.697  -30.135 0.1428571492
83154  25.063  9.845  -30.155 0.1428571492
124831  25.244  10.370  -29.316 0.1428571492
110378  25.512  10.992  -29.082 0.1428571492
85073  25.712  12.174  -30.844 0.1428571492
83758  26.014  11.198  -28.130 0.1428571492
84426  25.593  11.647  -29.851 0.1428571492
71023  24.894  -6.612  -29.620 0.2857142985
83747  25.603  10.565  -28.166 0.1428571492
84418  25.703  11.628  -28.809 0.1428571492
84435  26.034  11.996  -31.441 0.1428571492
62490  25.160  -17.079  -27.693 0.2857142985
111079  26.800  10.428  -30.844 0.1428571492
121035  26.160  11.034  -31.113 0.1428571492
58126  20.989  -20.620  -25.950 0.4285714328
58110  21.743  -21.824  -25.827 0.1428571492
59028  21.453  -19.937  -26.236 0.2857142985
58125  21.634  -20.971  -26.080 0.1428571492
59966  22.323  -19.913  -26.399 0.2857142985
122775  20.472  -21.711  -25.523 0.2857142985
59965  23.033  -19.743  -26.591 0.2857142985
118468  20.322  -20.817  -25.610 0.4285714328
121063  22.147  -20.557  -26.266 0.1428571492
122712  22.483  -19.347  -26.593 0.2857142985
59967  20.709  -19.125  -26.273 0.4285714328
122488  24.389  1.281  -29.918 0.2857142985
58111  21.031  -21.400  -25.780 0.2857142985
59013  19.508  -20.577  -25.286 0.2857142985
59014  18.763  -20.260  -24.921 0.2857142985
114424  19.267  -19.658  -25.360 0.2857142985
59947  19.899  -20.017  -25.610 0.2857142985
120324  22.475  -14.006  -28.590 0.2857142985
121933  22.324  -13.528  -28.862 0.2857142985
66873  23.272  -11.308  -29.833 0.1428571492
67700  23.286  -10.797  -30.236 0.1428571492
67699  23.490  -10.387  -30.320 0.2857142985
128784  24.073  -8.657  -30.154 0.1428571492
71847  24.165  -5.605  -30.441 0.1428571492
72635  24.977  -4.496  -29.745 0.1428571492
73493  25.335  -3.764  -29.516 0.1428571492
73494  24.648  -3.816  -30.091 0.1428571492
121458  24.970  -3.030  -29.742 0.1428571492
121461  24.303  -3.057  -30.354 0.1428571492
75956  23.978  -0.582  -30.332 0.1428571492
76724  24.353  0.377  -29.969 0.1428571492
79801  23.389  5.425  -30.355 0.1428571492
80545  22.420  6.061  -30.065 0.1428571492
80554  21.586  5.708  -29.854 0.1428571492
81209  22.752  6.677  -29.664 0.1428571492
81219  21.927  6.407  -29.406 0.1428571492
58112  19.816  -21.503  -25.280 0.1428571492
73483  25.676  -3.011  -29.144 0.2857142985
122468  24.668  -2.238  -30.018 0.1428571492
122059  23.770  1.140  -30.386 0.1428571492
58098  16.994  -21.153  -23.634 0.2857142985
63350  21.537  -15.313  -28.308 0.2857142985
64194  22.083  -14.623  -28.436 0.2857142985
65119  21.791  -13.947  -28.618 0.2857142985
67715  23.229  -10.637  -31.788 0.1428571492
69417  24.215  -7.888  -30.162 0.1428571492
70218  24.022  -7.212  -30.386 0.1428571492
71848  23.390  -5.621  -30.763 0.1428571492
72636  24.364  -4.642  -30.320 0.1428571492
73504  23.853  -3.886  -30.623 0.1428571492
76736  23.502  0.206  -30.564 0.1428571492
131412  21.840  6.039  -29.626 0.1428571492
67710  23.462  -10.276  -31.116 0.1428571492
72625  25.634  -4.454  -29.215 0.1428571492
79812  21.067  5.160  -30.588 0.1428571492
74338  25.365  -2.233  -29.409 0.1428571492
75944  24.701  -0.591  -29.761 0.1428571492
65987  21.618  -13.195  -28.900 0.1428571492
72644  23.655  -4.809  -30.730 0.1428571492
59001  16.898  -20.347  -23.497 0.1428571492
125190  16.684  -19.934  -23.167 0.1428571492
59931  17.422  -19.680  -23.963 0.1428571492
60795  19.061  -18.727  -25.496 0.1428571492
124282  30.458  -12.883  -29.249 0.1428571492
65979  30.612  -13.063  -29.064 0.1428571492
57281  17.082  -21.996  -23.657 0.1428571492
59949  17.772  -18.890  -24.549 0.1428571492
59948  18.521  -19.299  -24.993 0.1428571492
61620  19.029  -17.334  -26.199 0.1428571492
77490  30.050  1.033  -31.222 0.1428571492
130890  30.086  -0.517  -31.026 0.1428571492
66859  31.088  -12.790  -29.630 0.1428571492
60809  19.575  -18.062  -26.052 0.1428571492
63340  19.864  -15.713  -27.733 0.1428571492
67711  23.328  -10.815  -31.366 0.1428571492
68561  24.329  -9.207  -29.814 0.4285714328
70226  32.257  -7.796  -32.434 0.1428571492
71828  29.370  -5.795  -28.421 0.8571428657
73466  29.145  -2.812  -27.897 0.8571428657
74312  28.440  -1.973  -27.539 0.8571428657
74325  29.773  -2.199  -28.727 0.8571428657
74348  23.857  -2.243  -30.506 0.1428571492
75144  28.656  -1.404  -27.632 0.8571428657
77454  29.472  1.235  -28.755 0.8571428657
111604  24.744  -18.973  -26.743 0.2857142985
113065  29.393  -6.552  -28.646 0.8571428657
122270  25.830  -5.183  -28.939 0.2857142985
125434  24.645  -5.953  -29.904 0.2857142985
129681  26.987  0.045  -27.962 0.7142857313
129984  28.201  4.889  -28.961 0.5714285970
130503  25.036  7.284  -30.369 0.1428571492
