#!ascii label  , from subject sub-v1s12x0050137_ses-1 vox2ras=TkReg
930
24585  -25.466  -61.981  43.263 0.0000000000
41038  -44.038  -46.393  41.316 0.0000000000
51732  -49.092  -35.199  39.527 0.0000000000
56607  -52.333  -29.891  31.567 0.0000000000
35957  -41.542  -51.824  40.331 0.0000000000
54624  -52.301  -32.385  36.591 0.0000000000
142024  -51.467  -25.568  25.785 0.0000000000
60466  -57.010  -27.188  24.801 0.0000000000
40046  -47.518  -47.474  37.732 0.0000000000
45190  -51.200  -42.953  39.231 0.0000000000
47100  -47.235  -41.065  41.459 0.0000000000
30168  -24.794  -56.701  48.367 0.0000000000
33746  -28.022  -53.594  47.358 0.0000000000
32594  -33.144  -54.891  44.975 0.0000000000
27950  -35.333  -59.118  41.145 0.0000000000
126453  -38.533  -60.027  37.661 0.0000000000
29181  -41.752  -57.734  36.794 0.0000000000
34902  -44.550  -52.213  38.414 0.0000000000
133179  -54.467  -37.969  37.122 0.0000000000
139791  -59.138  -26.153  22.747 0.0000000000
130139  -45.731  -47.059  41.242 0.0000000000
150432  -47.862  -44.732  41.795 0.0000000000
44224  -44.973  -43.621  41.872 0.0000000000
31335  -24.375  -55.320  45.694 0.0000000000
32564  -26.048  -54.477  48.087 0.0000000000
151512  -38.785  -57.815  36.546 0.0000000000
26816  -40.456  -59.016  36.702 0.0000000000
30279  -40.007  -56.327  37.561 0.0000000000
39012  -43.346  -48.882  40.829 0.0000000000
132864  -43.150  -52.429  40.286 0.0000000000
37976  -44.750  -49.685  41.129 0.0000000000
36973  -46.152  -50.257  37.738 0.0000000000
48107  -50.652  -39.149  41.212 0.0000000000
48142  -52.546  -40.217  38.603 0.0000000000
50920  -52.206  -36.491  39.294 0.0000000000
54668  -52.367  -32.152  33.725 0.0000000000
54641  -55.845  -32.059  35.277 0.0000000000
144948  -55.535  -31.206  32.553 0.0000000000
55699  -53.544  -31.597  30.721 0.0000000000
58672  -53.293  -27.879  27.406 0.0000000000
59576  -51.001  -27.100  27.741 0.0000000000
33825  -40.053  -53.902  37.489 0.0000000000
55684  -48.738  -31.408  31.504 0.0000000000
140245  -54.456  -25.443  25.922 0.0000000000
57664  -55.649  -29.360  25.701 0.0000000000
59652  -57.052  -27.848  20.616 0.0000000000
40075  -48.382  -47.474  35.921 0.0000000000
42161  -49.092  -44.650  39.057 0.0000000000
46150  -49.129  -41.333  42.145 0.0000000000
26716  -25.556  -59.168  47.504 0.0000000000
32592  -29.475  -54.963  45.263 0.0000000000
33753  -30.722  -52.985  46.442 0.0000000000
31360  -31.215  -55.920  44.746 0.0000000000
29119  -33.080  -57.913  42.840 0.0000000000
26778  -33.577  -59.769  41.135 0.0000000000
24607  -35.019  -62.240  39.458 0.0000000000
25695  -36.269  -60.712  39.300 0.0000000000
24649  -38.643  -61.802  35.366 0.0000000000
31415  -41.542  -54.774  39.170 0.0000000000
32694  -43.564  -54.949  37.002 0.0000000000
31479  -45.252  -55.544  34.545 0.0000000000
34935  -46.766  -52.239  35.185 0.0000000000
38050  -47.553  -49.755  35.587 0.0000000000
52692  -54.062  -33.641  37.779 0.0000000000
58653  -49.244  -28.628  28.706 0.0000000000
57585  -51.035  -29.612  29.614 0.0000000000
24574  -25.064  -61.727  45.713 0.0000000000
40004  -44.803  -47.053  41.582 0.0000000000
42128  -46.009  -45.092  42.508 0.0000000000
43213  -44.427  -44.953  41.939 0.0000000000
30294  -38.793  -56.215  36.493 0.0000000000
30295  -39.463  -56.804  36.873 0.0000000000
31458  -39.361  -55.699  37.060 0.0000000000
40011  -43.611  -47.921  40.996 0.0000000000
145621  -44.036  -49.596  41.560 0.0000000000
39000  -44.449  -48.571  41.491 0.0000000000
39013  -45.243  -48.450  41.234 0.0000000000
50019  -51.052  -37.498  40.720 0.0000000000
51735  -50.534  -36.000  39.888 0.0000000000
55668  -52.469  -30.505  32.438 0.0000000000
55657  -54.886  -30.673  33.628 0.0000000000
56608  -53.914  -30.217  32.210 0.0000000000
54718  -54.185  -31.492  31.089 0.0000000000
56635  -53.017  -29.911  30.663 0.0000000000
57644  -53.470  -29.262  26.177 0.0000000000
58683  -51.964  -28.832  26.833 0.0000000000
57643  -51.412  -29.292  26.178 0.0000000000
61363  -54.063  -25.313  23.992 0.0000000000
61337  -56.143  -26.127  25.512 0.0000000000
60439  -55.434  -26.664  26.978 0.0000000000
59607  -56.498  -27.881  25.872 0.0000000000
129352  -56.603  -29.363  24.709 0.0000000000
58707  -57.809  -28.838  24.259 0.0000000000
59645  -58.959  -27.637  22.214 0.0000000000
40060  -48.031  -47.376  36.972 0.0000000000
41081  -49.182  -45.478  37.476 0.0000000000
41070  -48.373  -45.462  38.940 0.0000000000
45159  -47.565  -42.445  42.329 0.0000000000
45160  -48.433  -42.753  42.274 0.0000000000
47090  -48.099  -40.815  41.982 0.0000000000
48093  -48.391  -40.139  41.953 0.0000000000
48117  -47.841  -39.418  40.761 0.0000000000
27895  -25.687  -58.658  47.082 0.0000000000
30173  -25.635  -56.832  48.320 0.0000000000
33739  -27.255  -53.971  47.802 0.0000000000
34845  -32.356  -53.191  44.553 0.0000000000
33755  -32.206  -53.901  45.640 0.0000000000
32583  -31.234  -54.652  46.054 0.0000000000
148552  -32.788  -55.610  45.203 0.0000000000
30217  -31.921  -56.795  43.367 0.0000000000
30195  -33.208  -56.278  44.515 0.0000000000
134633  -34.612  -59.344  41.892 0.0000000000
25684  -34.435  -60.714  40.588 0.0000000000
26779  -35.031  -60.034  41.164 0.0000000000
27987  -37.915  -59.319  37.592 0.0000000000
26812  -37.068  -59.342  38.311 0.0000000000
26813  -37.704  -60.110  38.235 0.0000000000
24609  -36.495  -62.046  38.880 0.0000000000
24624  -37.734  -62.274  37.585 0.0000000000
23610  -38.054  -62.416  36.006 0.0000000000
24635  -39.232  -60.937  36.511 0.0000000000
131755  -41.455  -58.259  36.556 0.0000000000
147056  -41.306  -59.666  35.375 0.0000000000
26840  -42.039  -58.895  35.290 0.0000000000
29216  -42.587  -58.187  35.524 0.0000000000
141938  -40.742  -54.470  38.924 0.0000000000
33792  -41.240  -53.115  40.258 0.0000000000
142409  -44.070  -52.396  39.188 0.0000000000
33818  -43.181  -53.430  39.060 0.0000000000
33828  -44.318  -53.335  37.467 0.0000000000
32695  -44.372  -54.950  36.346 0.0000000000
33839  -44.962  -53.904  36.582 0.0000000000
34924  -45.885  -52.374  36.452 0.0000000000
39039  -46.732  -48.189  38.386 0.0000000000
38033  -46.755  -49.757  37.045 0.0000000000
39058  -47.444  -48.942  36.780 0.0000000000
39093  -48.168  -48.297  35.576 0.0000000000
149457  -23.390  -57.219  46.523 0.0000000000
29081  -23.884  -57.772  48.293 0.0000000000
26708  -23.934  -58.889  48.885 0.0000000000
43256  -50.533  -43.873  37.892 0.0000000000
44256  -51.163  -42.961  37.814 0.0000000000
49128  -53.481  -39.175  37.777 0.0000000000
54608  -51.035  -32.651  38.386 0.0000000000
53626  -51.952  -33.385  38.699 0.0000000000
54596  -53.988  -32.257  38.094 0.0000000000
133762  -56.190  -33.862  33.556 0.0000000000
141857  -55.546  -34.102  35.138 0.0000000000
58669  -50.696  -28.011  27.945 0.0000000000
58668  -49.675  -27.782  28.265 0.0000000000
58654  -50.087  -28.572  28.484 0.0000000000
57595  -49.874  -29.374  29.739 0.0000000000
57596  -50.538  -29.501  29.252 0.0000000000
152674  -51.502  -30.599  29.184 0.0000000000
60488  -57.267  -26.349  23.108 0.0000000000
60478  -58.194  -27.244  23.565 0.0000000000
61401  -58.135  -25.261  22.416 0.0000000000
62327  -58.736  -24.699  22.331 0.0000000000
41068  -46.824  -46.717  39.643 0.0000000000
42159  -47.884  -45.568  39.743 0.0000000000
41051  -46.907  -45.781  41.053 0.0000000000
131737  -46.912  -43.838  42.530 0.0000000000
130676  -46.476  -42.331  41.876 0.0000000000
30180  -24.387  -55.988  47.505 0.0000000000
31314  -25.345  -55.946  48.363 0.0000000000
145261  -27.350  -52.886  46.814 0.0000000000
143310  -38.909  -59.282  37.371 0.0000000000
26814  -39.290  -59.708  37.218 0.0000000000
27989  -40.036  -58.336  36.861 0.0000000000
27990  -40.789  -58.276  36.794 0.0000000000
145006  -41.464  -56.968  37.439 0.0000000000
36957  -42.313  -50.418  40.106 0.0000000000
136243  -41.644  -52.292  40.720 0.0000000000
35934  -42.803  -50.996  41.341 0.0000000000
35946  -43.860  -50.947  40.994 0.0000000000
35972  -44.699  -51.162  39.328 0.0000000000
36972  -45.323  -50.970  38.381 0.0000000000
37993  -45.183  -49.893  39.952 0.0000000000
39028  -45.994  -48.639  39.407 0.0000000000
141566  -23.505  -56.706  45.079 0.0000000000
47115  -50.994  -40.996  41.003 0.0000000000
46186  -52.049  -41.344  38.713 0.0000000000
47117  -51.672  -39.982  39.989 0.0000000000
142937  -52.330  -37.806  39.494 0.0000000000
138482  -53.752  -36.889  38.358 0.0000000000
140005  -52.764  -32.286  35.687 0.0000000000
55635  -54.198  -31.568  37.061 0.0000000000
55640  -54.469  -31.123  35.335 0.0000000000
141101  -55.905  -31.736  33.911 0.0000000000
60436  -52.683  -25.743  27.169 0.0000000000
60434  -50.908  -26.190  27.062 0.0000000000
59577  -51.861  -26.945  27.689 0.0000000000
58670  -51.565  -27.958  27.497 0.0000000000
42150  -43.583  -45.737  41.029 0.0000000000
140212  -43.125  -46.985  40.224 0.0000000000
52673  -49.616  -34.404  39.312 0.0000000000
53668  -50.401  -33.812  34.504 0.0000000000
54667  -51.401  -32.865  33.465 0.0000000000
54683  -50.942  -32.190  32.856 0.0000000000
55686  -50.649  -30.662  31.985 0.0000000000
61323  -52.719  -25.386  26.105 0.0000000000
60438  -54.478  -26.050  27.273 0.0000000000
58686  -54.857  -28.661  26.965 0.0000000000
57662  -54.170  -29.456  25.461 0.0000000000
58731  -58.645  -28.603  23.106 0.0000000000
136582  -57.314  -28.619  21.868 0.0000000000
41105  -48.995  -46.018  36.064 0.0000000000
140135  -49.756  -44.790  37.896 0.0000000000
44245  -50.252  -43.976  39.463 0.0000000000
43235  -48.924  -44.592  40.270 0.0000000000
146934  -49.814  -43.872  40.725 0.0000000000
45171  -50.396  -42.188  41.326 0.0000000000
47093  -49.947  -40.218  41.693 0.0000000000
49101  -49.274  -38.334  41.362 0.0000000000
44233  -44.504  -43.528  40.495 0.0000000000
45178  -45.139  -42.518  40.283 0.0000000000
47141  -47.469  -39.894  38.895 0.0000000000
25642  -25.585  -60.642  45.717 0.0000000000
26730  -25.672  -59.766  45.915 0.0000000000
32612  -29.286  -55.217  43.170 0.0000000000
34841  -26.848  -52.307  44.621 0.0000000000
34832  -27.839  -52.306  46.209 0.0000000000
34826  -29.204  -52.718  46.730 0.0000000000
31347  -29.974  -55.328  44.722 0.0000000000
29140  -32.441  -58.235  41.076 0.0000000000
27949  -32.912  -59.091  40.840 0.0000000000
29153  -35.535  -57.839  40.002 0.0000000000
29165  -35.702  -58.104  39.154 0.0000000000
26789  -35.564  -59.628  40.405 0.0000000000
24600  -35.558  -61.790  39.507 0.0000000000
23589  -35.373  -62.886  38.615 0.0000000000
25732  -39.902  -60.461  35.926 0.0000000000
31444  -40.281  -54.954  38.081 0.0000000000
30263  -40.942  -56.011  38.303 0.0000000000
30264  -41.499  -56.183  37.987 0.0000000000
33794  -42.146  -53.466  40.232 0.0000000000
32677  -42.480  -55.100  38.160 0.0000000000
30281  -42.323  -56.751  36.944 0.0000000000
30297  -43.381  -56.725  35.789 0.0000000000
30314  -44.238  -56.900  34.402 0.0000000000
36024  -46.966  -52.087  34.016 0.0000000000
35985  -46.255  -50.996  36.767 0.0000000000
35996  -46.991  -50.859  35.670 0.0000000000
37039  -47.219  -50.596  34.222 0.0000000000
136795  -47.748  -49.391  34.709 0.0000000000
25631  -24.796  -60.391  47.794 0.0000000000
52675  -50.697  -34.729  39.207 0.0000000000
51751  -52.967  -35.809  38.263 0.0000000000
50928  -54.375  -36.267  37.565 0.0000000000
54612  -55.084  -32.836  37.187 0.0000000000
51763  -55.012  -35.663  36.689 0.0000000000
50052  -55.015  -37.396  35.985 0.0000000000
56631  -48.759  -30.568  30.747 0.0000000000
56632  -49.565  -30.102  30.853 0.0000000000
60421  -49.813  -26.729  27.454 0.0000000000
152748  -48.675  -27.314  27.389 0.0000000000
57609  -49.120  -29.319  29.428 0.0000000000
57583  -49.807  -29.618  30.330 0.0000000000
56617  -51.824  -29.580  30.993 0.0000000000
55714  -52.439  -30.301  29.941 0.0000000000
23555  -25.311  -62.253  43.668 0.0000000000
41039  -44.552  -46.382  41.602 0.0000000000
42126  -44.252  -45.698  41.603 0.0000000000
43212  -44.016  -45.344  41.496 0.0000000000
152983  -38.252  -55.853  36.085 0.0000000000
31457  -38.632  -55.132  36.513 0.0000000000
41048  -43.782  -47.096  41.019 0.0000000000
40012  -43.868  -47.935  41.208 0.0000000000
40002  -43.957  -47.150  41.161 0.0000000000
40014  -44.777  -47.873  41.566 0.0000000000
50909  -49.193  -35.888  39.886 0.0000000000
50911  -50.314  -36.473  40.401 0.0000000000
51733  -49.535  -35.419  39.705 0.0000000000
55669  -53.267  -30.348  32.608 0.0000000000
135414  -53.182  -29.915  31.851 0.0000000000
56619  -53.729  -30.046  31.387 0.0000000000
144574  -53.075  -29.610  31.169 0.0000000000
140326  -52.328  -29.323  25.903 0.0000000000
149284  -56.433  -26.393  24.121 0.0000000000
61338  -56.545  -26.579  24.871 0.0000000000
60455  -56.508  -26.936  25.621 0.0000000000
59616  -57.118  -27.750  25.050 0.0000000000
58699  -57.087  -28.428  24.996 0.0000000000
140470  -57.685  -27.573  24.303 0.0000000000
40047  -48.101  -46.718  37.571 0.0000000000
41079  -47.836  -46.419  38.347 0.0000000000
46163  -47.193  -41.680  41.778 0.0000000000
46148  -47.734  -41.606  41.981 0.0000000000
46164  -47.686  -41.113  41.792 0.0000000000
47101  -47.882  -40.458  41.808 0.0000000000
47114  -47.574  -40.211  41.209 0.0000000000
29073  -24.833  -57.308  48.461 0.0000000000
30169  -25.264  -56.714  48.418 0.0000000000
33745  -27.673  -53.390  47.457 0.0000000000
32566  -27.569  -54.158  47.645 0.0000000000
33762  -32.785  -53.949  45.117 0.0000000000
33761  -32.041  -53.304  45.375 0.0000000000
32585  -32.546  -54.624  45.524 0.0000000000
31350  -33.325  -55.594  44.631 0.0000000000
27938  -35.076  -58.563  41.803 0.0000000000
27937  -34.628  -58.928  42.261 0.0000000000
26767  -34.780  -59.422  41.774 0.0000000000
26766  -34.682  -59.881  41.447 0.0000000000
152840  -38.171  -61.053  38.048 0.0000000000
24625  -38.516  -61.473  37.120 0.0000000000
25719  -38.958  -60.524  37.308 0.0000000000
28007  -41.798  -58.697  35.996 0.0000000000
28008  -42.059  -58.269  36.173 0.0000000000
128553  -42.244  -58.547  35.591 0.0000000000
29198  -42.334  -57.782  36.282 0.0000000000
126727  -40.912  -53.336  39.481 0.0000000000
146660  -41.173  -52.599  39.968 0.0000000000
128946  -43.951  -52.920  38.519 0.0000000000
135685  -44.614  -52.631  37.714 0.0000000000
33829  -45.099  -52.861  36.918 0.0000000000
33840  -45.724  -53.263  36.178 0.0000000000
34914  -45.274  -52.033  37.394 0.0000000000
40035  -47.099  -47.071  38.802 0.0000000000
39040  -47.269  -48.404  37.436 0.0000000000
40059  -47.665  -48.108  36.995 0.0000000000
152861  -24.233  -56.877  47.986 0.0000000000
29088  -23.511  -57.601  47.283 0.0000000000
29072  -24.367  -57.580  48.412 0.0000000000
27874  -24.555  -58.118  48.617 0.0000000000
44255  -50.886  -43.469  38.205 0.0000000000
44264  -50.819  -43.496  37.519 0.0000000000
44247  -51.204  -42.971  38.454 0.0000000000
49129  -53.928  -38.277  37.771 0.0000000000
48154  -53.317  -39.620  37.225 0.0000000000
49137  -53.906  -38.808  37.060 0.0000000000
49145  -54.374  -38.456  36.259 0.0000000000
129334  -51.672  -32.335  37.728 0.0000000000
54609  -52.118  -32.568  38.340 0.0000000000
133570  -52.695  -32.112  37.612 0.0000000000
61332  -50.813  -25.651  25.619 0.0000000000
57611  -50.370  -29.362  28.561 0.0000000000
41059  -46.329  -46.909  40.449 0.0000000000
41060  -47.028  -46.053  40.182 0.0000000000
135652  -46.381  -46.400  40.948 0.0000000000
43214  -45.256  -44.606  42.453 0.0000000000
43215  -46.170  -44.165  42.637 0.0000000000
44213  -45.530  -43.782  42.357 0.0000000000
45157  -45.928  -43.068  42.123 0.0000000000
45169  -45.569  -42.898  41.630 0.0000000000
31327  -24.168  -55.989  46.301 0.0000000000
147162  -26.570  -53.023  46.147 0.0000000000
29196  -38.195  -57.410  36.236 0.0000000000
148456  -38.252  -58.155  36.604 0.0000000000
28004  -38.381  -58.786  37.140 0.0000000000
28005  -39.138  -58.467  36.968 0.0000000000
29179  -40.290  -57.464  37.144 0.0000000000
29180  -41.140  -57.638  37.127 0.0000000000
30280  -40.813  -56.695  37.712 0.0000000000
37975  -42.800  -49.657  40.516 0.0000000000
35944  -42.291  -51.041  41.163 0.0000000000
142457  -43.007  -50.238  41.206 0.0000000000
144196  -44.327  -49.800  41.572 0.0000000000
36929  -43.925  -50.267  41.539 0.0000000000
36941  -44.372  -50.300  41.164 0.0000000000
35958  -44.166  -51.460  40.149 0.0000000000
36958  -44.497  -50.791  40.337 0.0000000000
36959  -45.072  -50.537  39.386 0.0000000000
36942  -44.761  -50.264  40.502 0.0000000000
40024  -45.729  -47.715  40.873 0.0000000000
39014  -45.685  -48.321  40.379 0.0000000000
40034  -46.313  -47.635  39.681 0.0000000000
31334  -23.944  -56.038  45.286 0.0000000000
47103  -50.713  -40.202  41.250 0.0000000000
47116  -51.469  -40.698  40.347 0.0000000000
132610  -51.231  -39.826  40.718 0.0000000000
50020  -51.397  -37.055  40.264 0.0000000000
141759  -51.663  -37.675  40.154 0.0000000000
50026  -51.961  -37.080  39.727 0.0000000000
142609  -52.931  -37.920  38.874 0.0000000000
50027  -52.868  -37.135  39.040 0.0000000000
54652  -52.770  -32.233  34.669 0.0000000000
54639  -53.453  -31.710  35.508 0.0000000000
54653  -53.574  -31.446  34.747 0.0000000000
56603  -55.360  -30.833  33.008 0.0000000000
129204  -55.541  -31.142  33.859 0.0000000000
55671  -55.961  -31.505  33.174 0.0000000000
54686  -56.260  -32.198  32.955 0.0000000000
54702  -55.392  -32.208  31.951 0.0000000000
60425  -53.155  -26.103  27.832 0.0000000000
60424  -52.260  -26.184  27.731 0.0000000000
59578  -52.762  -26.840  27.756 0.0000000000
57628  -51.286  -28.950  27.192 0.0000000000
41058  -43.388  -46.333  40.638 0.0000000000
53669  -51.303  -33.514  34.234 0.0000000000
54700  -49.190  -32.009  32.183 0.0000000000
55665  -50.168  -31.848  32.447 0.0000000000
55666  -50.985  -31.356  32.539 0.0000000000
55685  -49.673  -31.119  31.846 0.0000000000
130710  -54.286  -25.292  25.030 0.0000000000
61350  -53.424  -25.057  24.652 0.0000000000
61334  -52.742  -25.067  25.140 0.0000000000
61335  -53.579  -25.250  25.734 0.0000000000
140718  -53.340  -25.528  26.642 0.0000000000
61324  -54.100  -25.602  26.644 0.0000000000
58687  -55.597  -28.505  26.642 0.0000000000
59594  -55.187  -27.759  27.150 0.0000000000
58696  -55.309  -29.113  26.378 0.0000000000
57645  -54.499  -29.194  26.423 0.0000000000
57663  -55.003  -29.416  25.926 0.0000000000
57683  -54.447  -29.563  24.692 0.0000000000
57684  -55.122  -29.527  25.244 0.0000000000
57705  -56.768  -29.429  24.121 0.0000000000
60490  -58.678  -26.721  23.023 0.0000000000
60479  -58.669  -27.439  23.300 0.0000000000
59628  -58.890  -27.586  23.076 0.0000000000
59653  -58.013  -27.691  20.848 0.0000000000
59644  -58.479  -28.062  21.792 0.0000000000
139667  -48.520  -46.742  35.708 0.0000000000
41115  -48.679  -46.102  35.590 0.0000000000
42170  -49.075  -45.030  38.317 0.0000000000
129388  -49.609  -44.522  38.572 0.0000000000
42171  -50.119  -44.223  38.289 0.0000000000
43246  -49.792  -44.259  39.086 0.0000000000
42152  -48.429  -45.051  40.628 0.0000000000
42160  -48.584  -44.991  39.827 0.0000000000
42140  -48.489  -44.681  41.268 0.0000000000
45161  -48.784  -42.074  42.241 0.0000000000
44225  -48.918  -43.654  41.710 0.0000000000
136779  -49.346  -43.020  41.828 0.0000000000
45179  -50.242  -43.003  41.124 0.0000000000
45170  -49.688  -42.186  41.867 0.0000000000
46165  -49.976  -41.436  41.727 0.0000000000
47092  -49.442  -40.582  41.971 0.0000000000
49100  -48.824  -38.937  41.516 0.0000000000
48104  -48.763  -39.539  41.759 0.0000000000
25632  -25.488  -60.072  47.104 0.0000000000
130541  -25.615  -60.116  46.344 0.0000000000
26723  -25.639  -59.452  46.665 0.0000000000
29089  -25.785  -57.841  47.538 0.0000000000
31320  -25.861  -55.104  48.286 0.0000000000
31321  -26.306  -55.265  48.228 0.0000000000
32580  -28.207  -54.966  45.347 0.0000000000
32591  -28.754  -55.026  44.746 0.0000000000
32603  -28.625  -55.071  43.716 0.0000000000
32604  -29.293  -55.190  44.222 0.0000000000
34842  -27.561  -51.997  45.230 0.0000000000
33748  -29.901  -53.028  46.807 0.0000000000
32574  -29.756  -53.576  46.681 0.0000000000
147952  -30.428  -53.477  46.631 0.0000000000
31338  -31.271  -55.402  45.476 0.0000000000
31348  -30.644  -55.513  45.008 0.0000000000
143476  -30.446  -55.648  44.207 0.0000000000
31359  -31.070  -56.069  43.657 0.0000000000
31370  -30.561  -55.858  42.678 0.0000000000
30218  -32.692  -57.342  43.274 0.0000000000
29118  -32.210  -57.362  42.487 0.0000000000
29127  -31.967  -57.509  41.427 0.0000000000
29128  -32.727  -58.087  42.031 0.0000000000
27936  -34.321  -59.021  42.311 0.0000000000
27925  -34.149  -58.561  42.777 0.0000000000
26764  -33.628  -59.275  41.811 0.0000000000
147334  -34.732  -61.267  40.073 0.0000000000
25694  -33.764  -61.210  39.420 0.0000000000
24606  -34.341  -61.693  39.466 0.0000000000
24621  -33.598  -61.812  37.732 0.0000000000
24622  -34.428  -62.370  38.520 0.0000000000
26801  -36.475  -59.556  39.090 0.0000000000
27976  -36.362  -58.829  38.751 0.0000000000
26800  -35.977  -59.022  39.563 0.0000000000
26790  -35.917  -59.929  39.734 0.0000000000
25685  -35.269  -60.820  40.199 0.0000000000
24623  -37.066  -62.833  38.256 0.0000000000
23590  -36.226  -63.048  38.543 0.0000000000
23597  -35.826  -63.166  37.784 0.0000000000
24648  -37.861  -62.209  35.269 0.0000000000
24662  -38.540  -61.644  34.704 0.0000000000
26815  -39.898  -59.473  36.883 0.0000000000
25720  -39.651  -60.108  36.792 0.0000000000
25733  -40.307  -59.753  36.346 0.0000000000
32676  -40.034  -54.438  37.593 0.0000000000
33817  -40.362  -54.019  38.156 0.0000000000
31414  -41.030  -54.746  39.158 0.0000000000
31430  -40.689  -55.130  38.604 0.0000000000
31431  -41.230  -55.395  38.656 0.0000000000
31432  -41.851  -55.450  38.521 0.0000000000
33795  -42.461  -52.721  40.554 0.0000000000
136744  -41.818  -52.982  40.670 0.0000000000
33809  -42.808  -53.103  39.906 0.0000000000
32678  -43.138  -54.547  37.685 0.0000000000
32665  -42.782  -54.182  38.589 0.0000000000
31446  -42.870  -55.442  37.240 0.0000000000
30282  -42.738  -56.317  36.696 0.0000000000
31459  -43.521  -55.729  36.468 0.0000000000
31461  -44.971  -55.329  35.409 0.0000000000
31478  -44.656  -56.207  34.830 0.0000000000
31494  -44.811  -56.397  34.143 0.0000000000
33854  -46.518  -53.064  34.869 0.0000000000
36009  -47.039  -51.780  34.758 0.0000000000
146498  -45.617  -50.543  38.327 0.0000000000
36984  -45.895  -50.746  37.525 0.0000000000
38034  -47.298  -49.685  36.257 0.0000000000
36986  -46.892  -50.177  36.432 0.0000000000
37010  -47.342  -50.411  35.327 0.0000000000
36010  -47.169  -51.060  35.060 0.0000000000
37022  -47.353  -50.522  34.750 0.0000000000
38072  -47.499  -49.913  34.487 0.0000000000
38063  -47.637  -49.880  34.999 0.0000000000
40093  -48.303  -47.520  35.342 0.0000000000
26715  -25.170  -59.527  48.128 0.0000000000
25626  -24.318  -59.625  48.675 0.0000000000
25635  -25.224  -60.957  46.905 0.0000000000
47130  -52.076  -40.721  39.247 0.0000000000
46195  -52.005  -41.488  38.043 0.0000000000
47142  -52.417  -40.953  38.345 0.0000000000
142952  -49.623  -34.017  39.125 0.0000000000
52674  -50.172  -34.521  39.369 0.0000000000
53627  -53.130  -33.665  38.392 0.0000000000
52682  -52.035  -34.388  38.595 0.0000000000
52683  -52.843  -34.952  37.993 0.0000000000
51752  -53.752  -35.604  37.802 0.0000000000
51758  -54.436  -35.445  37.280 0.0000000000
55630  -55.567  -31.759  36.921 0.0000000000
55629  -55.318  -31.904  37.608 0.0000000000
54640  -55.953  -32.021  36.365 0.0000000000
52701  -55.147  -34.851  36.272 0.0000000000
51769  -55.363  -35.742  36.006 0.0000000000
50942  -55.180  -36.602  36.245 0.0000000000
57582  -49.193  -29.933  30.412 0.0000000000
60422  -50.586  -26.686  27.492 0.0000000000
137963  -50.244  -26.426  27.038 0.0000000000
59574  -49.317  -27.194  27.793 0.0000000000
58667  -48.686  -27.957  27.921 0.0000000000
58652  -48.242  -28.814  28.316 0.0000000000
57584  -50.476  -29.459  30.053 0.0000000000
56634  -51.230  -29.480  30.390 0.0000000000
131351  -52.210  -29.639  30.360 0.0000000000
56649  -51.670  -30.050  29.639 0.0000000000
40015  -45.274  -47.158  41.591 0.0000000000
41050  -46.011  -46.326  41.641 0.0000000000
41040  -45.223  -46.405  41.802 0.0000000000
42127  -45.028  -45.576  42.134 0.0000000000
44212  -44.783  -44.225  42.168 0.0000000000
135202  -38.835  -57.124  36.434 0.0000000000
29197  -39.460  -57.693  36.730 0.0000000000
37961  -43.464  -49.438  41.197 0.0000000000
38998  -43.714  -48.685  41.202 0.0000000000
138996  -44.158  -49.032  41.489 0.0000000000
37962  -44.475  -49.180  41.547 0.0000000000
139728  -45.105  -49.120  41.371 0.0000000000
39001  -44.829  -48.532  41.601 0.0000000000
40023  -45.240  -47.869  41.541 0.0000000000
50010  -50.115  -37.723  41.230 0.0000000000
49104  -50.894  -38.290  40.977 0.0000000000
50018  -50.484  -37.207  40.856 0.0000000000
50912  -50.900  -36.679  40.364 0.0000000000
51736  -51.027  -36.143  39.787 0.0000000000
55655  -52.781  -31.017  33.258 0.0000000000
55647  -53.240  -31.423  33.990 0.0000000000
55656  -53.896  -30.565  33.267 0.0000000000
56602  -54.688  -30.447  32.661 0.0000000000
145138  -55.124  -30.719  32.233 0.0000000000
152373  -54.905  -30.837  31.751 0.0000000000
56620  -54.380  -30.728  31.353 0.0000000000
56636  -53.734  -30.633  30.844 0.0000000000
58671  -52.348  -27.896  27.363 0.0000000000
58684  -52.861  -28.818  26.868 0.0000000000
61351  -54.976  -25.627  24.383 0.0000000000
61336  -55.278  -25.677  25.541 0.0000000000
60453  -55.023  -25.790  26.574 0.0000000000
60454  -55.893  -26.219  26.250 0.0000000000
60440  -56.165  -27.032  26.416 0.0000000000
58688  -56.127  -28.384  26.217 0.0000000000
57665  -56.296  -29.233  25.362 0.0000000000
58698  -56.498  -28.683  25.605 0.0000000000
57687  -57.370  -29.182  24.276 0.0000000000
58713  -58.022  -29.102  23.898 0.0000000000
60501  -59.304  -26.551  22.374 0.0000000000
59646  -59.078  -27.278  22.592 0.0000000000
59655  -59.378  -26.919  21.786 0.0000000000
59654  -58.918  -27.285  21.235 0.0000000000
59666  -57.473  -27.251  20.106 0.0000000000
138853  -48.337  -47.239  36.469 0.0000000000
41104  -48.697  -46.651  36.289 0.0000000000
41092  -48.653  -46.501  37.062 0.0000000000
41080  -48.539  -45.897  37.942 0.0000000000
44215  -47.217  -43.214  42.567 0.0000000000
134118  -48.560  -44.107  41.732 0.0000000000
44216  -48.083  -43.377  42.307 0.0000000000
137375  -48.095  -41.987  42.223 0.0000000000
46149  -48.352  -41.340  42.134 0.0000000000
47091  -48.656  -40.636  42.098 0.0000000000
48103  -48.251  -39.640  41.641 0.0000000000
49110  -48.416  -38.788  41.029 0.0000000000
144975  -25.356  -58.839  48.248 0.0000000000
27885  -25.618  -58.416  47.885 0.0000000000
29082  -25.599  -57.650  48.149 0.0000000000
29083  -25.891  -56.950  47.980 0.0000000000
32581  -28.853  -54.501  45.754 0.0000000000
32575  -31.106  -53.797  46.371 0.0000000000
32584  -31.812  -54.261  45.933 0.0000000000
31339  -32.013  -55.128  45.702 0.0000000000
31349  -32.010  -55.943  45.238 0.0000000000
30203  -31.946  -56.454  44.455 0.0000000000
30194  -32.585  -56.335  44.797 0.0000000000
30204  -32.785  -56.855  44.021 0.0000000000
29112  -33.385  -57.486  43.384 0.0000000000
26765  -34.312  -59.751  41.587 0.0000000000
25683  -33.916  -60.442  40.766 0.0000000000
25674  -34.491  -60.281  41.100 0.0000000000
147466  -34.749  -60.508  40.836 0.0000000000
135821  -37.141  -58.864  37.584 0.0000000000
27986  -36.635  -58.775  38.014 0.0000000000
26802  -37.011  -60.050  38.785 0.0000000000
23599  -37.193  -63.038  37.465 0.0000000000
24634  -38.659  -61.717  36.178 0.0000000000
28006  -41.177  -58.806  36.331 0.0000000000
26828  -40.967  -59.441  36.032 0.0000000000
26829  -41.536  -59.167  35.697 0.0000000000
28020  -42.579  -58.468  34.892 0.0000000000
29217  -43.138  -57.831  34.720 0.0000000000
33826  -40.525  -53.491  38.380 0.0000000000
32663  -40.664  -53.961  38.980 0.0000000000
33807  -40.984  -53.776  39.764 0.0000000000
32653  -41.261  -54.215  39.614 0.0000000000
34889  -43.480  -52.731  39.511 0.0000000000
33827  -43.510  -53.729  38.072 0.0000000000
32679  -43.940  -54.188  37.171 0.0000000000
135970  -45.681  -54.075  35.903 0.0000000000
33841  -46.289  -52.733  35.670 0.0000000000
34925  -46.513  -51.939  35.940 0.0000000000
147373  -46.320  -49.026  38.502 0.0000000000
38015  -46.291  -49.671  38.108 0.0000000000
39057  -46.821  -49.038  37.630 0.0000000000
39074  -47.740  -49.007  35.915 0.0000000000
39059  -48.004  -48.116  36.344 0.0000000000
29094  -23.052  -57.638  46.186 0.0000000000
29080  -23.291  -58.343  48.095 0.0000000000
26709  -24.795  -58.840  48.717 0.0000000000
48143  -52.963  -39.947  37.883 0.0000000000
47143  -52.715  -40.559  37.968 0.0000000000
47156  -52.825  -40.292  37.431 0.0000000000
54593  -50.455  -33.239  38.707 0.0000000000
53625  -51.167  -33.707  38.946 0.0000000000
54594  -51.185  -33.130  38.790 0.0000000000
54595  -53.065  -32.694  38.410 0.0000000000
53628  -53.909  -32.799  38.091 0.0000000000
53670  -55.807  -32.695  34.404 0.0000000000
53658  -55.570  -32.985  35.372 0.0000000000
59575  -50.157  -27.114  27.984 0.0000000000
57610  -49.861  -29.116  29.114 0.0000000000
60477  -57.271  -26.905  23.907 0.0000000000
60489  -58.108  -26.588  23.187 0.0000000000
61380  -58.680  -25.866  22.817 0.0000000000
152673  -58.777  -25.265  22.633 0.0000000000
61381  -59.114  -25.376  22.591 0.0000000000
62314  -59.459  -24.716  22.261 0.0000000000
41069  -47.510  -46.156  39.264 0.0000000000
42151  -47.791  -45.446  40.457 0.0000000000
42139  -47.712  -45.210  41.366 0.0000000000
42138  -46.634  -45.500  41.900 0.0000000000
42129  -47.064  -44.668  42.197 0.0000000000
46147  -47.153  -42.094  42.100 0.0000000000
135987  -46.574  -41.805  41.451 0.0000000000
133927  -24.734  -56.096  48.209 0.0000000000
31319  -25.064  -55.338  48.008 0.0000000000
33738  -26.501  -53.978  47.834 0.0000000000
33744  -27.044  -53.439  47.473 0.0000000000
151185  -35.244  -57.935  41.478 0.0000000000
28003  -37.463  -58.479  36.870 0.0000000000
27988  -39.689  -59.058  37.084 0.0000000000
36956  -41.927  -51.116  40.708 0.0000000000
35943  -41.850  -51.595  40.927 0.0000000000
147834  -42.182  -51.649  41.110 0.0000000000
34879  -42.834  -52.043  40.840 0.0000000000
36928  -43.447  -50.228  41.399 0.0000000000
35945  -43.162  -51.378  41.168 0.0000000000
34880  -43.488  -51.732  40.609 0.0000000000
34890  -43.795  -52.107  39.886 0.0000000000
35971  -44.402  -51.832  39.270 0.0000000000
34903  -44.968  -51.550  38.360 0.0000000000
38014  -45.662  -50.095  38.763 0.0000000000
39027  -45.307  -49.093  40.437 0.0000000000
37994  -45.767  -49.453  39.187 0.0000000000
29095  -23.350  -57.005  45.892 0.0000000000
30179  -23.773  -56.705  46.796 0.0000000000
46175  -51.335  -41.607  40.332 0.0000000000
45181  -51.463  -42.203  39.425 0.0000000000
46185  -51.754  -41.447  39.445 0.0000000000
140706  -52.145  -40.002  39.374 0.0000000000
49112  -51.395  -38.189  40.509 0.0000000000
49113  -51.942  -38.590  39.840 0.0000000000
48129  -52.376  -39.413  39.204 0.0000000000
49120  -53.303  -38.529  38.407 0.0000000000
50034  -53.537  -37.662  38.393 0.0000000000
50035  -54.222  -37.402  37.824 0.0000000000
54625  -53.271  -31.865  36.609 0.0000000000
130514  -54.107  -31.452  36.191 0.0000000000
55636  -55.076  -31.269  36.425 0.0000000000
55641  -55.318  -31.232  35.475 0.0000000000
55648  -54.252  -30.885  34.288 0.0000000000
55650  -55.686  -31.575  34.796 0.0000000000
54654  -55.915  -32.141  34.255 0.0000000000
151811  -56.088  -32.487  33.810 0.0000000000
61322  -51.969  -25.636  26.366 0.0000000000
61321  -51.190  -25.827  26.413 0.0000000000
60435  -51.719  -25.925  27.169 0.0000000000
60423  -51.400  -26.455  27.510 0.0000000000
57627  -50.721  -29.171  27.737 0.0000000000
43234  -43.765  -45.111  41.238 0.0000000000
43233  -43.593  -45.070  40.758 0.0000000000
36970  -41.806  -51.232  39.532 0.0000000000
37992  -42.715  -49.582  39.432 0.0000000000
39026  -42.933  -48.615  39.949 0.0000000000
40022  -43.202  -47.820  40.497 0.0000000000
141531  -43.520  -47.065  40.789 0.0000000000
148733  -43.631  -46.443  40.986 0.0000000000
52671  -48.164  -34.661  38.597 0.0000000000
52662  -49.168  -34.757  39.353 0.0000000000
53623  -48.667  -33.988  38.272 0.0000000000
54591  -48.987  -33.646  38.214 0.0000000000
53644  -50.260  -32.983  36.667 0.0000000000
54623  -51.253  -32.912  36.379 0.0000000000
53656  -51.220  -33.435  35.087 0.0000000000
54638  -52.074  -32.982  35.286 0.0000000000
54651  -52.053  -33.063  34.247 0.0000000000
54684  -51.783  -31.562  32.965 0.0000000000
55667  -51.576  -30.650  32.231 0.0000000000
61333  -52.032  -25.347  25.494 0.0000000000
60437  -53.629  -25.831  27.363 0.0000000000
59579  -53.668  -26.872  27.685 0.0000000000
59593  -54.535  -26.836  27.453 0.0000000000
58673  -54.275  -27.843  27.326 0.0000000000
58685  -53.922  -28.718  26.947 0.0000000000
57661  -53.057  -29.603  25.247 0.0000000000
57703  -55.251  -29.536  24.376 0.0000000000
60467  -58.313  -27.861  23.828 0.0000000000
58714  -58.360  -28.781  23.634 0.0000000000
58730  -58.210  -29.010  23.313 0.0000000000
58749  -58.709  -28.276  22.580 0.0000000000
58748  -58.192  -28.670  22.418 0.0000000000
41093  -49.201  -45.844  36.710 0.0000000000
42180  -49.787  -45.104  37.122 0.0000000000
42181  -50.196  -44.411  37.511 0.0000000000
43247  -50.435  -43.853  38.628 0.0000000000
44246  -50.815  -43.495  38.918 0.0000000000
43245  -49.198  -44.489  39.608 0.0000000000
43225  -49.076  -44.276  40.839 0.0000000000
43236  -49.541  -44.327  39.925 0.0000000000
44234  -50.693  -43.480  39.944 0.0000000000
45180  -51.014  -42.534  40.411 0.0000000000
46174  -50.747  -41.604  41.118 0.0000000000
47102  -50.326  -40.835  41.510 0.0000000000
48106  -49.955  -39.589  41.624 0.0000000000
48094  -48.909  -39.978  41.991 0.0000000000
48105  -49.286  -39.324  41.720 0.0000000000
135485  -49.906  -38.918  41.549 0.0000000000
44222  -44.075  -44.610  41.321 0.0000000000
45168  -44.862  -43.275  41.221 0.0000000000
150398  -44.803  -42.953  40.640 0.0000000000
147895  -45.336  -42.674  41.025 0.0000000000
46162  -45.967  -42.357  41.418 0.0000000000
46173  -46.574  -41.403  40.898 0.0000000000
47113  -46.954  -40.779  40.491 0.0000000000
47129  -47.380  -40.055  40.015 0.0000000000
148803  -48.191  -35.386  38.949 0.0000000000
24575  -25.398  -61.476  45.281 0.0000000000
25649  -25.581  -61.041  44.720 0.0000000000
26737  -25.654  -60.149  45.070 0.0000000000
152191  -25.645  -56.217  48.388 0.0000000000
30174  -25.933  -56.117  48.311 0.0000000000
34831  -27.074  -52.556  45.664 0.0000000000
144546  -28.327  -52.871  47.048 0.0000000000
33747  -29.019  -53.154  46.929 0.0000000000
32582  -29.656  -54.336  46.166 0.0000000000
141044  -30.485  -54.169  46.420 0.0000000000
30205  -33.599  -56.888  43.799 0.0000000000
132865  -33.047  -58.710  41.697 0.0000000000
148839  -33.445  -60.625  39.771 0.0000000000
25705  -33.222  -60.810  38.829 0.0000000000
30242  -35.132  -57.430  41.194 0.0000000000
29141  -35.448  -58.058  40.883 0.0000000000
27963  -35.694  -58.578  40.209 0.0000000000
149334  -35.070  -61.683  39.875 0.0000000000
24608  -35.686  -62.587  39.062 0.0000000000
24650  -39.355  -61.248  35.567 0.0000000000
148278  -40.732  -60.150  35.427 0.0000000000
25743  -40.056  -60.814  35.041 0.0000000000
131327  -39.373  -54.752  36.996 0.0000000000
134405  -39.897  -55.268  37.623 0.0000000000
31445  -40.407  -55.747  38.118 0.0000000000
31429  -40.450  -54.438  38.382 0.0000000000
150087  -41.189  -56.475  37.868 0.0000000000
152844  -41.784  -56.665  37.514 0.0000000000
33793  -41.499  -53.621  40.134 0.0000000000
32640  -41.844  -54.142  39.732 0.0000000000
33808  -42.475  -53.841  39.493 0.0000000000
32664  -42.176  -54.670  39.076 0.0000000000
30265  -42.191  -56.200  37.580 0.0000000000
29182  -42.045  -57.122  37.036 0.0000000000
30296  -42.587  -57.126  36.394 0.0000000000
29199  -42.946  -57.595  35.546 0.0000000000
30313  -43.823  -57.175  35.056 0.0000000000
31460  -44.224  -55.979  35.667 0.0000000000
30298  -44.120  -56.742  35.083 0.0000000000
35984  -45.623  -51.279  37.448 0.0000000000
35994  -46.063  -51.613  36.647 0.0000000000
35995  -46.631  -51.260  36.120 0.0000000000
36985  -46.465  -50.450  36.905 0.0000000000
36997  -46.757  -50.679  36.273 0.0000000000
129726  -46.883  -51.501  35.443 0.0000000000
142230  -47.499  -49.112  33.914 0.0000000000
39092  -47.930  -49.092  35.170 0.0000000000
39107  -47.901  -48.788  34.620 0.0000000000
24571  -25.353  -61.215  46.103 0.0000000000
45200  -51.417  -42.235  38.071 0.0000000000
52663  -49.776  -34.990  39.519 0.0000000000
51742  -50.850  -35.510  39.426 0.0000000000
51743  -51.580  -35.874  39.266 0.0000000000
53617  -51.252  -34.164  38.954 0.0000000000
51750  -52.102  -35.368  38.576 0.0000000000
51744  -52.360  -36.004  38.855 0.0000000000
50921  -53.024  -36.438  38.669 0.0000000000
142352  -54.267  -36.761  37.833 0.0000000000
50043  -54.700  -37.074  37.247 0.0000000000
55628  -54.179  -31.892  37.805 0.0000000000
54597  -54.574  -32.258  38.015 0.0000000000
139709  -54.584  -33.716  37.209 0.0000000000
52700  -54.973  -33.786  36.583 0.0000000000
52693  -54.310  -34.467  37.328 0.0000000000
50935  -54.826  -36.366  36.980 0.0000000000
50051  -54.806  -37.669  36.490 0.0000000000
56615  -49.344  -30.680  31.300 0.0000000000
56616  -50.058  -30.289  31.390 0.0000000000
150820  -51.455  -30.087  31.609 0.0000000000
60452  -50.306  -26.057  26.314 0.0000000000
60433  -49.607  -26.461  26.721 0.0000000000
59592  -49.040  -26.775  27.182 0.0000000000
144756  -48.566  -29.214  28.864 0.0000000000
128777  -49.331  -29.592  30.005 0.0000000000
56633  -50.328  -29.683  30.761 0.0000000000
145508  -50.915  -29.833  31.238 0.0000000000
56618  -52.580  -29.549  30.879 0.0000000000
55698  -53.065  -30.829  30.324 0.0000000000
55713  -51.883  -30.826  29.396 0.0000000000
54732  -52.364  -31.426  29.853 0.0000000000
134248  -52.940  -31.792  30.386 0.0000000000
23563  -25.137  -62.217  42.881 0.0000000000
24570  -24.841  -61.555  46.520 0.0000000000
25636  -25.483  -60.640  46.426 0.0000000000
25650  -25.717  -60.511  44.093 0.0000000000
29130  -35.037  -57.765  41.901 0.0000000000
32652  -40.893  -54.231  39.351 0.0000000000
32696  -45.257  -54.611  35.920 0.0000000000
34870  -42.614  -51.685  41.157 0.0000000000
34878  -42.218  -52.267  40.976 0.0000000000
35935  -43.416  -50.743  41.382 0.0000000000
36940  -42.539  -50.440  40.905 0.0000000000
36998  -47.192  -50.292  35.924 0.0000000000
38999  -43.760  -48.452  41.421 0.0000000000
40003  -44.353  -47.176  41.400 0.0000000000
40013  -44.219  -47.939  41.404 0.0000000000
41041  -45.842  -45.845  42.181 0.0000000000
41049  -43.772  -46.258  41.125 0.0000000000
42125  -43.892  -45.793  41.307 0.0000000000
42137  -43.809  -45.504  41.276 0.0000000000
43216  -47.790  -44.114  42.193 0.0000000000
43223  -44.004  -44.989  41.529 0.0000000000
43224  -44.405  -44.412  41.695 0.0000000000
44214  -46.400  -43.373  42.462 0.0000000000
45158  -46.766  -42.642  42.323 0.0000000000
45191  -51.411  -42.477  38.697 0.0000000000
46172  -45.927  -42.043  40.712 0.0000000000
46194  -51.668  -41.874  38.677 0.0000000000
48095  -49.407  -39.915  41.858 0.0000000000
48118  -51.402  -39.055  40.484 0.0000000000
48119  -51.895  -39.428  39.788 0.0000000000
48130  -52.941  -39.383  38.488 0.0000000000
49102  -49.635  -38.461  41.453 0.0000000000
49103  -50.273  -38.319  41.360 0.0000000000
49119  -52.651  -38.616  39.068 0.0000000000
50011  -50.540  -37.782  41.093 0.0000000000
50044  -54.987  -37.045  36.637 0.0000000000
50910  -49.814  -36.212  40.237 0.0000000000
50913  -51.475  -36.547  39.833 0.0000000000
50927  -53.763  -36.305  38.080 0.0000000000
51731  -48.659  -35.289  39.306 0.0000000000
51734  -50.041  -35.716  39.875 0.0000000000
51740  -48.056  -35.122  38.761 0.0000000000
51741  -48.648  -34.968  39.219 0.0000000000
52664  -50.305  -35.239  39.528 0.0000000000
52676  -51.304  -35.030  38.876 0.0000000000
52684  -53.776  -34.645  37.724 0.0000000000
52694  -54.723  -34.723  36.882 0.0000000000
53614  -49.082  -34.247  38.922 0.0000000000
53615  -50.087  -33.995  39.262 0.0000000000
53624  -49.334  -33.877  38.727 0.0000000000
53636  -54.559  -32.842  37.709 0.0000000000
53657  -55.483  -32.745  36.458 0.0000000000
53680  -50.735  -33.644  33.662 0.0000000000
54607  -50.156  -32.903  38.172 0.0000000000
54610  -53.283  -32.252  38.006 0.0000000000
54611  -55.136  -32.178  37.817 0.0000000000
54622  -50.713  -32.604  37.628 0.0000000000
54626  -55.615  -32.083  37.207 0.0000000000
54669  -56.237  -32.619  33.373 0.0000000000
55649  -55.108  -30.968  34.597 0.0000000000
55658  -56.183  -32.118  33.555 0.0000000000
55670  -55.323  -31.313  32.021 0.0000000000
56609  -54.551  -30.345  31.865 0.0000000000
57685  -55.936  -29.599  25.049 0.0000000000
57686  -56.936  -28.970  24.839 0.0000000000
57704  -56.158  -29.557  24.473 0.0000000000
57706  -57.519  -29.226  23.689 0.0000000000
58697  -55.977  -28.972  26.069 0.0000000000
59595  -55.933  -27.720  26.660 0.0000000000
59617  -57.797  -28.198  24.404 0.0000000000
59618  -58.279  -28.435  23.877 0.0000000000
59627  -58.692  -28.181  23.411 0.0000000000
59635  -58.928  -28.011  22.896 0.0000000000
60426  -53.882  -26.243  27.604 0.0000000000
60491  -58.994  -26.933  22.918 0.0000000000
61379  -56.598  -25.930  22.451 0.0000000000
126767  -55.765  -31.618  35.977 0.0000000000
130352  -34.131  -61.063  40.071 0.0000000000
137227  -53.530  -31.891  37.515 0.0000000000
141222  -49.120  -38.952  41.599 0.0000000000
141319  -47.637  -49.272  34.311 0.0000000000
142170  -43.816  -49.168  41.398 0.0000000000
144630  -54.954  -31.608  37.464 0.0000000000
144784  -43.555  -49.699  41.357 0.0000000000
148020  -43.053  -49.819  40.967 0.0000000000
148204  -54.823  -31.963  38.074 0.0000000000
148210  -51.686  -33.351  34.679 0.0000000000
148212  -56.103  -33.069  33.767 0.0000000000
149921  -23.744  -56.490  45.834 0.0000000000
