#!ascii label  , from subject sub-v1s12x0050137_ses-1 vox2ras=TkReg
425
77160  -26.559  -8.779  -28.432 0.0000000000
81353  -25.144  -3.010  -31.193 0.0000000000
95077  -26.553  13.351  -30.119 0.0000000000
91341  -27.815  7.978  -29.682 0.0000000000
86442  -28.175  2.666  -28.015 0.0000000000
80436  -29.227  -4.223  -26.854 0.0000000000
95815  -25.793  14.867  -30.047 0.0000000000
88177  -27.945  5.201  -29.187 0.0000000000
86455  -26.148  2.772  -30.345 0.0000000000
79636  -25.894  -6.066  -29.170 0.0000000000
81311  -26.818  -3.569  -28.321 0.0000000000
78789  -27.622  -6.544  -27.754 0.0000000000
143151  -22.214  -11.789  -29.559 0.0000000000
78012  -23.676  -7.784  -30.066 0.0000000000
101765  -22.832  22.690  -33.158 0.0000000000
101743  -25.598  21.812  -32.108 0.0000000000
100149  -27.527  19.983  -30.139 0.0000000000
97890  -28.689  17.475  -28.787 0.0000000000
95802  -29.326  14.530  -28.220 0.0000000000
93608  -27.265  11.104  -29.880 0.0000000000
142139  -29.612  11.859  -27.906 0.0000000000
92139  -29.947  9.148  -27.785 0.0000000000
88955  -30.333  5.524  -26.833 0.0000000000
86420  -29.996  2.244  -26.558 0.0000000000
83883  -26.333  -0.536  -29.769 0.0000000000
83868  -28.321  -0.723  -27.392 0.0000000000
87356  -26.051  4.088  -30.960 0.0000000000
86479  -25.003  2.526  -32.274 0.0000000000
78803  -26.097  -6.897  -28.673 0.0000000000
78804  -26.512  -6.146  -28.491 0.0000000000
129922  -27.163  -8.035  -28.169 0.0000000000
127715  -23.062  -15.849  -27.348 0.0000000000
142909  -23.295  -14.118  -27.468 0.0000000000
72685  -23.249  -13.284  -27.896 0.0000000000
78834  -23.632  -6.549  -30.619 0.0000000000
137818  -22.485  -7.362  -30.635 0.0000000000
100976  -26.787  20.901  -30.849 0.0000000000
95828  -26.187  14.044  -29.990 0.0000000000
96522  -27.795  16.147  -29.437 0.0000000000
95817  -27.486  14.637  -29.587 0.0000000000
96512  -29.192  15.982  -28.278 0.0000000000
141438  -27.697  13.906  -29.521 0.0000000000
92161  -27.065  9.480  -30.292 0.0000000000
93600  -28.561  11.090  -28.729 0.0000000000
92150  -28.833  9.558  -28.653 0.0000000000
151782  -30.082  10.427  -27.733 0.0000000000
91336  -28.668  8.758  -28.818 0.0000000000
133298  -28.132  4.135  -28.573 0.0000000000
88966  -29.295  5.660  -27.855 0.0000000000
151343  -28.834  3.742  -27.712 0.0000000000
88141  -30.379  4.162  -26.590 0.0000000000
86437  -29.356  2.668  -27.148 0.0000000000
83029  -24.766  -1.576  -31.886 0.0000000000
83897  -25.881  -0.560  -30.533 0.0000000000
83015  -25.756  -1.860  -30.413 0.0000000000
142585  -27.998  -3.902  -27.419 0.0000000000
82133  -27.566  -2.204  -27.841 0.0000000000
82124  -28.915  -2.170  -26.897 0.0000000000
83856  -29.851  -0.735  -26.449 0.0000000000
136710  -30.086  -3.027  -26.537 0.0000000000
73620  -23.644  -12.169  -29.854 0.0000000000
75352  -22.602  -10.678  -30.030 0.0000000000
74477  -23.778  -12.185  -29.919 0.0000000000
76318  -23.649  -9.958  -29.737 0.0000000000
89737  -26.680  6.736  -30.581 0.0000000000
89733  -27.659  6.538  -29.707 0.0000000000
88184  -26.878  5.199  -30.200 0.0000000000
88175  -26.920  4.311  -29.809 0.0000000000
86446  -26.585  2.529  -29.633 0.0000000000
80487  -25.328  -4.624  -30.316 0.0000000000
81325  -26.088  -3.248  -29.656 0.0000000000
80476  -26.217  -4.625  -29.212 0.0000000000
80449  -27.199  -4.903  -27.875 0.0000000000
79620  -28.614  -5.477  -27.272 0.0000000000
73580  -23.414  -12.552  -28.670 0.0000000000
80502  -24.363  -4.041  -31.587 0.0000000000
79663  -24.794  -5.302  -30.477 0.0000000000
78817  -24.720  -6.785  -29.784 0.0000000000
77178  -25.007  -8.397  -29.022 0.0000000000
103998  -22.242  25.378  -33.385 0.0000000000
100988  -23.915  20.997  -32.467 0.0000000000
101754  -24.063  21.994  -33.261 0.0000000000
102503  -26.274  23.129  -31.337 0.0000000000
135887  -27.712  22.290  -30.362 0.0000000000
100959  -28.918  21.320  -29.534 0.0000000000
97888  -27.111  17.340  -29.809 0.0000000000
99363  -28.378  19.044  -29.327 0.0000000000
100137  -30.141  20.329  -28.797 0.0000000000
144796  -30.271  18.259  -28.199 0.0000000000
97871  -30.902  17.165  -27.780 0.0000000000
96500  -31.485  15.658  -27.442 0.0000000000
93607  -26.158  12.037  -30.604 0.0000000000
94332  -28.208  12.727  -29.148 0.0000000000
94325  -29.169  13.103  -28.347 0.0000000000
95791  -31.348  14.276  -27.309 0.0000000000
93591  -31.171  12.127  -26.959 0.0000000000
134896  -31.197  9.078  -26.568 0.0000000000
141880  -28.993  7.195  -28.527 0.0000000000
141887  -30.146  6.816  -27.270 0.0000000000
132388  -25.350  1.176  -31.532 0.0000000000
85579  -26.415  1.013  -29.674 0.0000000000
84707  -26.891  0.887  -28.953 0.0000000000
82141  -26.615  -2.099  -28.985 0.0000000000
83875  -27.232  -0.645  -28.429 0.0000000000
84701  -28.043  0.646  -27.675 0.0000000000
84686  -29.383  0.739  -26.717 0.0000000000
149476  -30.533  0.650  -26.028 0.0000000000
77176  -23.516  -8.749  -29.872 0.0000000000
131962  -24.338  -9.101  -29.376 0.0000000000
76302  -25.901  -9.558  -28.790 0.0000000000
138323  -26.325  -7.812  -28.392 0.0000000000
77161  -27.454  -9.027  -28.414 0.0000000000
71052  -23.827  -15.511  -27.286 0.0000000000
130300  -23.177  -14.973  -27.373 0.0000000000
95092  -25.888  13.394  -30.405 0.0000000000
135658  -26.653  14.761  -29.848 0.0000000000
95816  -26.973  13.987  -29.815 0.0000000000
151649  -28.080  14.440  -29.280 0.0000000000
95078  -27.283  13.277  -29.766 0.0000000000
142419  -27.237  8.047  -30.216 0.0000000000
91348  -26.976  8.726  -30.391 0.0000000000
131489  -27.486  8.764  -29.931 0.0000000000
138684  -27.723  9.628  -29.645 0.0000000000
91342  -28.060  8.727  -29.348 0.0000000000
152400  -27.762  2.960  -28.490 0.0000000000
88159  -28.614  4.277  -28.079 0.0000000000
87333  -28.290  3.485  -28.191 0.0000000000
87325  -28.758  3.064  -27.623 0.0000000000
86436  -28.667  2.265  -27.536 0.0000000000
82190  -24.953  -2.376  -31.540 0.0000000000
83030  -25.322  -1.721  -31.132 0.0000000000
82176  -25.440  -2.477  -30.810 0.0000000000
80451  -28.620  -4.483  -27.151 0.0000000000
81299  -28.143  -3.244  -27.366 0.0000000000
81289  -28.744  -3.605  -27.033 0.0000000000
139884  -29.226  -2.920  -26.773 0.0000000000
81290  -29.588  -3.661  -26.701 0.0000000000
81291  -30.489  -3.803  -26.499 0.0000000000
80437  -29.955  -4.416  -26.644 0.0000000000
88982  -26.145  5.717  -31.074 0.0000000000
88976  -26.723  5.982  -30.551 0.0000000000
134581  -26.452  5.265  -30.728 0.0000000000
87347  -25.835  3.370  -30.968 0.0000000000
87348  -26.355  3.734  -30.392 0.0000000000
87339  -26.701  3.320  -29.731 0.0000000000
79649  -25.694  -5.171  -29.708 0.0000000000
80475  -25.848  -4.136  -29.878 0.0000000000
79637  -26.317  -5.343  -28.876 0.0000000000
78788  -27.045  -6.145  -27.970 0.0000000000
79618  -26.843  -5.453  -28.165 0.0000000000
79619  -27.594  -5.634  -27.678 0.0000000000
80450  -27.863  -4.751  -27.523 0.0000000000
144523  -28.237  -6.220  -27.492 0.0000000000
78790  -29.137  -6.533  -27.371 0.0000000000
77980  -28.378  -6.973  -27.612 0.0000000000
128696  -22.382  -16.136  -27.415 0.0000000000
71050  -21.654  -15.934  -27.470 0.0000000000
142528  -22.817  -12.823  -28.410 0.0000000000
73600  -24.105  -12.448  -28.939 0.0000000000
79662  -24.144  -4.897  -31.309 0.0000000000
78031  -23.820  -7.161  -30.271 0.0000000000
146833  -24.193  -6.820  -30.198 0.0000000000
78013  -24.280  -7.371  -29.877 0.0000000000
78014  -24.888  -7.527  -29.355 0.0000000000
77177  -24.300  -8.147  -29.567 0.0000000000
102512  -22.473  23.399  -32.859 0.0000000000
103265  -21.589  24.780  -32.912 0.0000000000
145183  -22.488  24.212  -33.115 0.0000000000
103999  -23.429  24.935  -32.930 0.0000000000
103271  -23.597  23.892  -33.063 0.0000000000
146673  -25.556  20.556  -31.766 0.0000000000
100186  -24.996  20.776  -32.342 0.0000000000
101755  -24.940  22.531  -32.575 0.0000000000
103272  -24.693  23.639  -32.480 0.0000000000
144552  -25.773  22.639  -31.862 0.0000000000
102502  -25.579  23.374  -31.853 0.0000000000
101744  -26.282  22.251  -31.384 0.0000000000
100166  -27.345  20.610  -30.420 0.0000000000
101728  -26.853  21.827  -30.784 0.0000000000
100977  -27.529  21.365  -30.381 0.0000000000
100978  -28.337  21.753  -29.988 0.0000000000
100150  -28.116  20.801  -29.904 0.0000000000
97195  -26.927  16.399  -29.813 0.0000000000
97196  -28.241  16.808  -29.147 0.0000000000
97889  -27.915  17.557  -29.468 0.0000000000
98625  -28.503  18.257  -29.046 0.0000000000
99364  -28.909  19.535  -29.047 0.0000000000
98626  -29.098  18.910  -28.805 0.0000000000
99350  -30.499  19.567  -28.556 0.0000000000
98614  -29.400  18.097  -28.473 0.0000000000
139708  -28.956  15.208  -28.499 0.0000000000
148104  -30.340  16.779  -27.774 0.0000000000
97177  -30.062  16.102  -27.741 0.0000000000
97178  -31.013  16.344  -27.551 0.0000000000
96499  -30.640  15.364  -27.513 0.0000000000
92938  -26.339  10.217  -30.654 0.0000000000
93620  -26.573  11.110  -30.375 0.0000000000
146537  -26.826  11.735  -30.103 0.0000000000
94331  -27.671  12.617  -29.563 0.0000000000
139508  -27.445  11.849  -29.679 0.0000000000
142516  -28.906  11.825  -28.446 0.0000000000
152571  -29.253  12.430  -28.220 0.0000000000
94313  -29.893  12.823  -27.700 0.0000000000
95059  -30.601  13.781  -27.443 0.0000000000
94314  -30.918  12.846  -27.201 0.0000000000
138094  -30.390  11.991  -27.351 0.0000000000
92918  -30.525  10.355  -27.360 0.0000000000
92140  -30.398  9.656  -27.453 0.0000000000
92128  -31.608  9.773  -26.447 0.0000000000
137414  -30.541  9.061  -27.137 0.0000000000
88970  -27.842  5.810  -29.482 0.0000000000
141879  -28.477  7.012  -29.019 0.0000000000
89727  -28.673  6.397  -28.747 0.0000000000
88954  -29.794  5.568  -27.357 0.0000000000
89715  -29.675  6.248  -27.636 0.0000000000
89716  -30.121  6.082  -27.188 0.0000000000
141256  -30.689  6.965  -26.661 0.0000000000
89704  -30.594  6.255  -26.695 0.0000000000
87306  -30.045  3.269  -26.709 0.0000000000
85549  -30.755  1.858  -26.087 0.0000000000
84759  -24.623  0.963  -32.548 0.0000000000
84723  -26.160  0.229  -30.165 0.0000000000
84716  -26.579  0.190  -29.373 0.0000000000
141581  -26.502  -3.002  -28.943 0.0000000000
82159  -26.267  -2.572  -29.476 0.0000000000
82142  -26.977  -2.667  -28.340 0.0000000000
82981  -27.952  -1.426  -27.595 0.0000000000
82989  -27.403  -1.374  -28.132 0.0000000000
83867  -27.717  -0.714  -27.844 0.0000000000
140934  -27.570  0.006  -28.089 0.0000000000
140939  -28.046  -0.139  -27.638 0.0000000000
141928  -28.754  0.845  -27.161 0.0000000000
84702  -28.625  0.056  -27.207 0.0000000000
82972  -30.179  -1.615  -26.378 0.0000000000
84687  -30.096  0.222  -26.277 0.0000000000
138407  -30.589  -0.488  -26.047 0.0000000000
76319  -24.440  -10.235  -29.453 0.0000000000
132781  -25.108  -9.329  -28.952 0.0000000000
147613  -25.231  -10.262  -29.266 0.0000000000
88192  -25.992  4.835  -31.240 0.0000000000
86464  -25.454  3.011  -31.652 0.0000000000
86454  -25.686  2.660  -31.038 0.0000000000
77996  -26.902  -6.985  -28.122 0.0000000000
77997  -27.744  -7.420  -27.879 0.0000000000
133920  -28.014  -8.342  -28.127 0.0000000000
146015  -28.298  -9.202  -28.590 0.0000000000
72704  -22.476  -13.321  -28.012 0.0000000000
72686  -24.069  -13.668  -27.541 0.0000000000
78849  -23.183  -6.042  -31.163 0.0000000000
78030  -23.201  -7.259  -30.484 0.0000000000
101000  -22.719  21.927  -32.507 0.0000000000
100177  -26.216  20.443  -31.321 0.0000000000
100990  -26.152  21.198  -31.589 0.0000000000
100165  -26.714  20.038  -30.757 0.0000000000
99371  -26.982  19.321  -30.362 0.0000000000
98631  -27.187  18.738  -30.092 0.0000000000
96520  -26.319  15.601  -29.888 0.0000000000
142606  -28.501  16.100  -28.873 0.0000000000
97185  -28.927  16.743  -28.557 0.0000000000
145664  -28.710  15.642  -28.692 0.0000000000
95801  -28.617  14.523  -28.792 0.0000000000
92939  -27.151  10.341  -30.132 0.0000000000
93609  -27.923  11.118  -29.375 0.0000000000
92929  -27.685  10.482  -29.639 0.0000000000
92930  -28.285  10.226  -29.078 0.0000000000
93601  -29.287  11.090  -28.189 0.0000000000
93590  -30.045  11.046  -27.623 0.0000000000
139608  -29.493  9.723  -28.210 0.0000000000
137610  -29.294  8.935  -28.340 0.0000000000
91325  -29.633  8.306  -27.964 0.0000000000
88170  -27.671  4.428  -29.128 0.0000000000
88965  -28.796  5.678  -28.404 0.0000000000
88171  -28.347  4.921  -28.622 0.0000000000
88172  -28.911  5.010  -27.957 0.0000000000
142558  -29.440  5.078  -27.554 0.0000000000
88161  -29.922  4.802  -27.047 0.0000000000
88140  -29.770  4.024  -27.002 0.0000000000
83896  -25.265  -0.788  -31.373 0.0000000000
140954  -25.667  -1.233  -30.706 0.0000000000
83016  -26.078  -1.234  -30.098 0.0000000000
81298  -27.481  -3.201  -27.747 0.0000000000
82134  -28.256  -2.124  -27.350 0.0000000000
82982  -28.626  -1.436  -27.141 0.0000000000
83855  -28.991  -0.713  -26.918 0.0000000000
82971  -29.347  -1.482  -26.703 0.0000000000
82125  -29.691  -2.262  -26.581 0.0000000000
82126  -30.603  -2.384  -26.351 0.0000000000
82127  -31.603  -2.496  -26.272 0.0000000000
134230  -31.060  -3.161  -26.371 0.0000000000
74476  -22.928  -11.558  -29.791 0.0000000000
75353  -23.334  -10.942  -29.888 0.0000000000
75354  -24.039  -11.217  -29.807 0.0000000000
90522  -26.329  7.252  -30.835 0.0000000000
90523  -26.924  7.352  -30.432 0.0000000000
90516  -27.475  7.290  -29.948 0.0000000000
89738  -27.145  6.628  -30.209 0.0000000000
88977  -27.279  5.885  -29.957 0.0000000000
88176  -27.421  5.138  -29.624 0.0000000000
88183  -26.453  4.576  -30.555 0.0000000000
87340  -27.230  3.700  -29.303 0.0000000000
86447  -27.163  2.873  -29.056 0.0000000000
86441  -27.542  2.177  -28.431 0.0000000000
137559  -25.319  -4.040  -30.535 0.0000000000
81338  -25.540  -3.311  -30.466 0.0000000000
81326  -26.371  -3.864  -29.067 0.0000000000
80465  -26.676  -4.558  -28.422 0.0000000000
139270  -27.266  -4.140  -27.821 0.0000000000
79604  -29.371  -4.949  -26.879 0.0000000000
79621  -29.701  -5.792  -27.087 0.0000000000
77998  -28.544  -7.799  -27.839 0.0000000000
70225  -21.924  -16.780  -27.603 0.0000000000
73619  -22.715  -12.226  -29.118 0.0000000000
81337  -24.983  -3.672  -31.106 0.0000000000
80486  -24.818  -4.430  -30.887 0.0000000000
78836  -25.173  -6.053  -29.803 0.0000000000
78835  -24.418  -6.207  -30.318 0.0000000000
78818  -25.404  -6.819  -29.265 0.0000000000
77995  -25.577  -7.668  -28.815 0.0000000000
77159  -25.739  -8.581  -28.620 0.0000000000
103264  -21.713  24.169  -32.271 0.0000000000
100175  -23.985  20.823  -31.561 0.0000000000
101001  -23.267  21.470  -32.928 0.0000000000
101002  -23.945  21.307  -33.048 0.0000000000
101766  -23.313  22.372  -33.321 0.0000000000
102514  -23.891  22.902  -33.194 0.0000000000
103266  -24.535  24.626  -32.381 0.0000000000
131810  -27.003  22.878  -30.754 0.0000000000
102488  -27.409  23.633  -30.595 0.0000000000
139539  -27.925  23.193  -30.377 0.0000000000
101729  -28.702  22.686  -30.073 0.0000000000
101711  -29.054  22.031  -29.676 0.0000000000
98623  -26.957  18.114  -29.935 0.0000000000
98624  -27.722  18.392  -29.672 0.0000000000
144333  -27.595  16.844  -29.570 0.0000000000
133183  -28.346  19.928  -29.483 0.0000000000
144785  -28.809  20.628  -29.401 0.0000000000
100151  -29.520  20.886  -29.163 0.0000000000
100960  -29.791  21.722  -29.386 0.0000000000
100152  -30.332  21.094  -29.034 0.0000000000
146954  -31.248  19.557  -28.557 0.0000000000
97878  -30.106  17.492  -28.000 0.0000000000
140514  -30.941  17.939  -27.943 0.0000000000
94343  -26.206  12.846  -30.535 0.0000000000
95079  -27.989  13.269  -29.411 0.0000000000
95069  -28.931  13.834  -28.549 0.0000000000
142060  -28.179  11.966  -29.073 0.0000000000
95058  -29.653  13.770  -27.953 0.0000000000
95790  -30.104  14.556  -27.695 0.0000000000
145257  -31.458  14.942  -27.379 0.0000000000
93583  -30.943  11.260  -26.988 0.0000000000
132553  -32.115  10.486  -26.378 0.0000000000
90510  -28.478  7.852  -29.079 0.0000000000
90511  -29.115  8.116  -28.513 0.0000000000
152458  -29.448  7.643  -28.132 0.0000000000
89728  -29.186  6.357  -28.210 0.0000000000
90498  -29.572  6.977  -27.928 0.0000000000
90499  -29.883  7.617  -27.610 0.0000000000
90487  -30.430  7.607  -26.974 0.0000000000
136923  -30.554  4.895  -26.525 0.0000000000
144353  -24.989  1.747  -32.163 0.0000000000
85585  -25.773  1.952  -30.814 0.0000000000
141013  -25.621  0.208  -31.026 0.0000000000
140672  -25.919  1.072  -30.521 0.0000000000
85586  -26.257  1.860  -30.002 0.0000000000
86440  -26.799  1.831  -29.136 0.0000000000
85572  -27.271  1.418  -28.575 0.0000000000
82158  -25.887  -2.568  -30.086 0.0000000000
82998  -26.191  -1.935  -29.737 0.0000000000
82999  -26.480  -1.281  -29.388 0.0000000000
136415  -27.097  -1.934  -28.410 0.0000000000
82988  -26.914  -1.317  -28.726 0.0000000000
83874  -26.741  -0.577  -29.051 0.0000000000
140822  -27.053  0.104  -28.702 0.0000000000
84708  -27.419  0.752  -28.331 0.0000000000
85573  -27.757  1.429  -28.033 0.0000000000
85565  -28.410  1.486  -27.542 0.0000000000
85566  -29.235  1.648  -27.010 0.0000000000
85548  -30.118  1.213  -26.361 0.0000000000
136155  -29.291  0.006  -26.719 0.0000000000
77190  -22.802  -8.030  -30.291 0.0000000000
71867  -22.592  -14.439  -27.495 0.0000000000
85596  -25.382  2.178  -31.576 0.0000000000
86435  -28.073  2.018  -27.871 0.0000000000
87326  -29.350  3.516  -27.297 0.0000000000
87332  -27.692  3.599  -28.777 0.0000000000
88160  -29.266  4.350  -27.524 0.0000000000
88971  -28.343  5.728  -28.996 0.0000000000
89734  -28.207  6.430  -29.269 0.0000000000
90517  -28.024  7.184  -29.451 0.0000000000
91316  -30.787  8.345  -26.688 0.0000000000
91326  -30.187  8.351  -27.368 0.0000000000
92127  -30.895  9.736  -26.948 0.0000000000
92155  -28.293  9.378  -29.080 0.0000000000
92917  -30.052  9.952  -27.817 0.0000000000
92922  -29.008  10.346  -28.464 0.0000000000
92923  -29.674  10.417  -28.020 0.0000000000
94324  -28.688  12.546  -28.672 0.0000000000
94330  -26.836  12.541  -30.043 0.0000000000
95068  -28.530  13.225  -28.866 0.0000000000
96498  -29.684  15.296  -27.909 0.0000000000
96511  -28.204  15.271  -29.168 0.0000000000
96521  -27.237  15.468  -29.681 0.0000000000
97186  -29.644  16.750  -28.042 0.0000000000
97877  -29.349  17.318  -28.345 0.0000000000
98615  -29.958  18.885  -28.468 0.0000000000
98616  -30.963  18.834  -28.261 0.0000000000
99349  -29.618  19.574  -28.751 0.0000000000
99362  -27.674  19.237  -29.842 0.0000000000
100136  -29.205  20.162  -29.056 0.0000000000
100185  -24.449  20.954  -32.541 0.0000000000
100989  -25.443  21.045  -32.227 0.0000000000
101003  -24.779  21.383  -32.713 0.0000000000
101013  -23.444  21.778  -33.273 0.0000000000
101752  -22.528  22.645  -32.722 0.0000000000
101753  -22.911  22.057  -33.167 0.0000000000
102513  -23.042  23.208  -33.236 0.0000000000
140940  -28.541  -2.799  -27.143 0.0000000000
144502  -30.827  14.586  -27.421 0.0000000000
146091  -28.303  13.865  -29.088 0.0000000000
147499  -29.243  -8.076  -27.971 0.0000000000
148253  -30.794  20.691  -28.860 0.0000000000
148653  -27.983  -2.713  -27.482 0.0000000000
150148  -27.410  17.848  -29.727 0.0000000000
151147  -26.152  23.813  -31.357 0.0000000000
151249  -28.988  0.421  -26.933 0.0000000000
