#!ascii label  , from subject sub-v1s12x0050137_ses-1 vox2ras=TkReg
730
73849  23.362  -10.599  -23.766 0.1428571492
72947  22.001  -11.768  -24.011 0.1428571492
75718  22.580  -9.278  -25.117 0.1428571492
72945  23.902  -10.941  -23.147 0.1428571492
74781  23.766  -9.843  -23.990 0.2857142985
73850  22.356  -10.979  -24.205 0.1428571492
75729  22.845  -7.972  -25.625 0.5714285970
147248  24.190  -9.156  -24.158 0.1428571492
76584  25.482  -7.428  -24.330 0.2857142985
75716  25.214  -8.188  -24.041 0.2857142985
133076  26.477  -6.379  -24.470 0.1428571492
77462  25.735  -6.665  -24.632 0.2857142985
80211  26.723  -3.727  -25.820 0.2857142985
79351  26.540  -4.483  -25.508 0.1428571492
81826  27.940  -1.630  -25.755 0.2857142985
81005  27.437  -2.319  -25.980 0.2857142985
82688  27.872  -0.147  -26.579 0.2857142985
82689  27.370  -0.831  -26.978 0.2857142985
85272  27.926  1.875  -27.332 0.2857142985
86825  28.694  4.413  -27.720 0.8571428657
86070  28.579  3.518  -27.494 0.4285714328
84421  28.115  1.250  -26.863 0.2857142985
88299  28.843  6.875  -28.172 0.7142857313
88293  28.818  6.063  -28.048 0.7142857313
87547  28.473  5.191  -28.224 0.7142857313
86078  28.224  3.779  -28.124 0.7142857313
89815  29.381  8.261  -27.721 0.8571428657
89055  29.095  7.533  -27.946 0.5714285970
89056  28.485  7.489  -28.580 0.8571428657
131183  28.297  5.799  -28.627 0.7142857313
90622  29.906  9.829  -27.447 0.4285714328
141976  29.114  8.869  -27.940 0.7142857313
89822  28.827  8.263  -28.215 0.8571428657
93123  30.758  12.191  -26.424 0.2857142985
93140  30.023  12.182  -27.182 0.5714285970
90632  29.135  9.726  -27.907 0.8571428657
91467  30.198  10.620  -27.268 0.7142857313
128036  31.060  13.035  -26.210 0.1428571492
92312  29.806  11.397  -27.473 0.5714285970
91477  28.817  10.677  -28.101 0.8571428657
95398  31.093  15.417  -25.484 0.1428571492
93874  31.861  13.490  -25.634 0.1428571492
93875  30.897  13.792  -26.182 0.1428571492
93888  30.225  13.085  -26.792 0.4285714328
92313  29.133  11.397  -27.867 0.8571428657
96173  31.640  16.307  -25.360 0.1428571492
96174  30.593  16.244  -25.485 0.1428571492
94650  30.548  14.634  -26.136 0.1428571492
94651  29.549  14.747  -26.721 0.4285714328
93889  29.535  13.530  -27.213 0.5714285970
93899  28.824  12.851  -27.951 0.7142857313
92323  28.268  11.853  -28.641 0.8571428657
96959  30.651  17.883  -25.520 0.1428571492
96175  29.589  16.253  -26.152 0.1428571492
95410  29.110  15.510  -26.761 0.5714285970
93890  28.913  13.553  -27.642 0.8571428657
93149  28.735  12.087  -28.155 0.8571428657
93150  28.235  12.785  -28.515 0.8571428657
97683  31.047  18.551  -25.705 0.1428571492
96960  30.334  18.618  -25.640 0.2857142985
96972  30.105  17.074  -25.564 0.1428571492
96979  29.207  17.053  -26.288 0.8571428657
94661  28.743  14.884  -27.335 0.8571428657
146400  29.154  14.165  -27.275 0.7142857313
140490  28.111  14.946  -27.730 0.8571428657
128824  30.083  20.250  -26.163 0.1428571492
148416  30.284  20.848  -26.748 0.1428571492
97689  29.531  18.746  -25.754 0.4285714328
97696  28.034  17.803  -26.709 0.8571428657
96980  28.349  16.946  -26.951 0.8571428657
95412  27.851  15.451  -27.660 0.8571428657
94663  27.715  14.825  -27.922 0.8571428657
98378  29.402  19.637  -25.902 0.4285714328
130621  27.790  16.620  -27.408 0.8571428657
96182  28.081  16.127  -27.357 0.8571428657
96183  27.525  16.045  -27.590 0.8571428657
99803  29.532  21.032  -26.625 0.1428571492
99809  29.311  21.933  -27.188 0.2857142985
98379  28.649  19.852  -26.246 0.5714285970
99083  27.996  20.089  -26.688 0.8571428657
98380  28.044  19.351  -26.567 0.8571428657
97691  27.695  18.570  -26.799 0.8571428657
138075  27.409  17.778  -27.271 0.8571428657
96988  27.161  16.940  -27.694 0.8571428657
100601  28.710  22.631  -27.503 0.2857142985
139962  28.603  22.042  -27.149 0.7142857313
99082  28.707  20.658  -26.499 0.5714285970
99089  28.010  20.912  -26.912 0.8571428657
97697  27.086  18.569  -27.444 0.8571428657
97702  26.464  18.516  -28.000 0.8571428657
144110  26.886  17.853  -27.754 0.8571428657
99810  28.046  21.681  -27.176 0.8571428657
99811  27.369  21.125  -27.503 0.8571428657
98387  26.750  19.468  -27.744 0.8571428657
136665  26.238  19.887  -28.083 0.7142857313
100586  27.373  22.070  -27.607 0.8571428657
152793  26.743  22.086  -27.984 0.8571428657
99091  26.738  20.440  -27.867 0.8571428657
100603  26.152  22.052  -28.365 0.8571428657
140460  26.135  22.847  -28.382 0.8571428657
99100  26.092  20.538  -28.251 0.7142857313
102128  26.987  24.377  -28.509 0.7142857313
101368  26.564  23.602  -28.292 0.8571428657
101382  26.086  24.156  -28.745 0.8571428657
101383  25.291  23.709  -28.984 0.8571428657
102140  25.169  25.224  -30.047 0.7142857313
99812  26.609  21.356  -28.051 0.8571428657
101369  25.719  23.282  -28.652 0.8571428657
102861  25.490  26.350  -34.049 0.1428571492
102832  26.031  25.461  -29.671 0.8571428657
102840  25.755  25.956  -30.271 0.7142857313
132647  24.968  25.916  -30.519 0.7142857313
102134  25.441  24.555  -29.378 0.8571428657
103583  23.234  26.433  -34.469 0.1428571492
103543  24.729  26.479  -31.123 0.5714285970
103550  24.415  26.879  -31.875 0.5714285970
102848  22.777  26.631  -31.617 0.5714285970
104293  23.188  27.107  -33.280 0.1428571492
102885  21.462  24.759  -36.376 0.1428571492
103552  21.718  26.401  -32.221 0.5714285970
102880  21.589  25.707  -35.242 0.1428571492
102895  20.310  26.016  -36.980 0.1428571492
102862  21.787  25.646  -33.607 0.1428571492
104315  20.519  28.155  -36.699 0.1428571492
103564  22.110  26.326  -32.897 0.5714285970
103599  21.112  26.182  -36.146 0.1428571492
103592  21.244  26.252  -34.840 0.1428571492
105089  20.893  28.885  -36.576 0.1428571492
105088  20.808  27.470  -34.210 0.1428571492
72946  23.102  -11.483  -23.393 0.1428571492
72061  22.485  -12.342  -23.417 0.1428571492
74795  23.394  -9.306  -24.612 0.2857142985
74780  24.599  -9.613  -23.528 0.1428571492
74794  24.470  -8.475  -24.392 0.2857142985
79350  27.308  -4.146  -25.214 0.2857142985
79340  27.056  -4.949  -24.988 0.2857142985
78393  26.283  -5.215  -25.240 0.1428571492
84428  27.616  1.119  -27.529 0.2857142985
83574  27.797  0.513  -27.028 0.2857142985
85280  27.776  2.395  -27.795 0.5714285970
89814  29.959  8.323  -27.298 0.2857142985
86833  28.095  4.405  -28.504 0.7142857313
91454  30.772  10.593  -26.748 0.1428571492
90633  28.429  9.964  -28.489 0.8571428657
93141  29.344  12.143  -27.698 0.7142857313
133304  31.123  17.119  -25.376 0.1428571492
95411  28.378  15.531  -27.347 0.8571428657
94672  27.924  14.262  -28.083 0.8571428657
95423  27.379  15.382  -27.836 0.8571428657
100585  28.115  22.302  -27.342 0.8571428657
149279  26.630  25.553  -29.610 0.8571428657
103542  25.546  26.508  -30.855 0.7142857313
103562  23.918  27.081  -32.808 0.2857142985
103575  22.602  26.711  -33.630 0.1428571492
102879  21.678  25.477  -35.380 0.1428571492
104317  21.216  27.789  -37.635 0.1428571492
72062  21.576  -12.490  -24.038 0.1428571492
76586  23.826  -8.055  -25.060 0.4285714328
77463  24.971  -6.981  -24.936 0.2857142985
76585  24.694  -7.731  -24.653 0.4285714328
76600  23.495  -7.455  -25.607 0.2857142985
78384  25.984  -5.928  -24.927 0.1428571492
80193  28.160  -3.829  -24.812 0.2857142985
81004  28.081  -2.389  -25.394 0.2857142985
81006  26.841  -2.945  -26.225 0.2857142985
81834  27.402  -1.573  -26.418 0.2857142985
128823  27.958  3.084  -27.972 0.7142857313
94649  31.658  14.548  -25.524 0.1428571492
96970  32.156  17.237  -25.698 0.1428571492
98371  30.737  19.080  -25.803 0.1428571492
98372  30.169  19.383  -25.787 0.2857142985
98377  30.766  19.655  -26.131 0.1428571492
96974  28.918  17.868  -26.267 0.8571428657
93900  28.322  13.595  -28.109 0.8571428657
99808  30.078  21.451  -27.214 0.1428571492
100600  29.424  22.500  -27.734 0.1428571492
101366  28.425  23.344  -27.965 0.2857142985
98395  26.039  19.172  -28.231 0.8571428657
102132  27.551  24.854  -29.119 0.5714285970
102831  27.324  25.563  -29.768 0.5714285970
102839  26.570  25.954  -30.130 0.7142857313
103549  25.395  26.927  -31.590 0.4285714328
103559  26.853  26.576  -31.720 0.2857142985
103560  26.109  27.050  -32.114 0.2857142985
103573  24.798  26.872  -33.445 0.1428571492
103574  23.652  26.990  -33.745 0.1428571492
103584  22.222  25.987  -34.286 0.1428571492
102864  20.767  25.275  -33.154 0.2857142985
148828  22.207  25.505  -35.005 0.1428571492
102881  21.322  26.010  -35.129 0.1428571492
102874  20.937  25.601  -34.006 0.1428571492
104309  20.501  26.591  -34.119 0.1428571492
102886  21.061  25.152  -36.455 0.1428571492
105087  21.018  28.020  -34.863 0.1428571492
152483  21.312  28.494  -33.776 0.1428571492
105818  21.805  28.400  -35.351 0.1428571492
102126  28.336  23.906  -28.565 0.4285714328
102131  28.337  24.420  -29.231 0.4285714328
102139  28.237  25.023  -29.916 0.4285714328
102846  27.477  26.086  -31.273 0.4285714328
103540  26.771  26.346  -30.891 0.5714285970
103548  26.168  26.749  -31.272 0.5714285970
73867  22.718  -10.089  -24.608 0.1428571492
72948  21.239  -12.006  -24.330 0.1428571492
74796  21.803  -9.775  -25.188 0.2857142985
75717  23.175  -8.683  -25.110 0.5714285970
75702  24.922  -8.899  -23.747 0.1428571492
80210  27.543  -3.197  -25.500 0.2857142985
88301  27.780  6.059  -29.276 0.7142857313
141983  29.631  9.019  -27.570 0.8571428657
134160  28.627  9.071  -28.396 0.8571428657
92298  30.425  11.376  -26.938 0.5714285970
135367  29.479  12.888  -27.448 0.5714285970
95399  30.094  15.463  -26.123 0.2857142985
93876  29.973  13.983  -26.769 0.1428571492
96973  29.768  17.914  -25.668 0.5714285970
94662  28.373  14.303  -27.761 0.8571428657
96181  28.694  16.224  -26.828 0.8571428657
97690  28.568  18.824  -26.226 0.8571428657
99090  27.373  20.247  -27.316 0.8571428657
101367  27.501  23.675  -28.068 0.8571428657
100602  26.877  22.808  -27.932 0.8571428657
103582  24.393  26.499  -34.371 0.1428571492
103563  22.831  27.034  -32.836 0.5714285970
102847  23.788  26.375  -31.345 0.5714285970
102171  20.960  24.471  -36.882 0.1428571492
102863  21.361  25.379  -33.053 0.4285714328
102872  21.700  25.660  -34.234 0.1428571492
104318  20.707  27.555  -37.325 0.1428571492
102894  20.236  25.684  -37.529 0.1428571492
147981  21.863  25.641  -34.417 0.1428571492
136526  21.495  25.468  -33.513 0.1428571492
104316  21.028  27.063  -35.868 0.1428571492
79339  27.843  -4.703  -24.724 0.1428571492
102127  27.724  24.289  -28.622 0.5714285970
76599  24.213  -7.281  -25.307 0.4285714328
81835  26.901  -1.572  -27.037 0.5714285970
103585  20.381  25.646  -33.453 0.1428571492
81025  25.938  -2.302  -27.433 0.5714285970
81026  25.127  -2.540  -27.947 0.5714285970
81027  24.189  -2.974  -28.077 0.2857142985
81858  26.163  -1.175  -28.082 0.5714285970
81040  25.079  -1.876  -28.459 0.5714285970
79376  23.932  -4.552  -27.318 0.4285714328
81844  25.682  -1.798  -27.999 0.5714285970
148330  23.318  -3.283  -27.910 0.2857142985
81041  24.379  -2.195  -28.547 0.4285714328
83582  27.309  0.362  -27.685 0.4285714328
83583  26.646  0.115  -28.339 0.5714285970
82711  25.158  -0.537  -29.180 0.5714285970
84429  27.115  0.969  -28.237 0.5714285970
139437  26.467  0.924  -28.907 0.5714285970
83591  25.920  0.198  -29.098 0.4285714328
85288  26.733  2.223  -29.086 0.7142857313
84450  26.358  1.659  -29.349 0.4285714328
81860  24.674  -1.430  -28.912 0.4285714328
81042  23.413  -2.452  -28.429 0.2857142985
82728  25.196  0.461  -29.566 0.4285714328
84438  26.877  1.679  -28.664 0.7142857313
86093  27.080  3.769  -29.432 0.7142857313
86860  26.341  4.223  -30.590 0.4285714328
87557  26.743  5.083  -30.405 0.7142857313
86869  26.072  5.010  -31.153 0.5714285970
87571  26.536  5.897  -30.915 0.7142857313
87580  26.028  6.011  -31.625 0.2857142985
86079  27.569  3.562  -28.722 0.5714285970
86844  27.509  4.399  -29.187 0.5714285970
86845  26.930  4.363  -29.880 0.7142857313
88309  27.383  6.803  -29.842 0.7142857313
89074  26.712  7.403  -31.135 0.7142857313
144954  26.893  8.005  -30.789 0.7142857313
89840  26.451  8.228  -31.644 0.7142857313
89085  26.337  7.357  -31.792 0.4285714328
89852  26.057  9.112  -32.194 0.4285714328
88300  28.369  6.553  -28.645 0.5714285970
89062  28.009  7.788  -29.124 0.5714285970
89833  27.278  8.204  -30.125 0.5714285970
140547  26.883  8.715  -30.660 0.7142857313
90656  26.939  9.560  -30.307 0.7142857313
92346  26.562  10.954  -30.224 0.7142857313
90657  26.523  9.321  -31.258 0.7142857313
135075  26.221  10.737  -30.968 0.5714285970
92347  26.014  11.513  -30.625 0.5714285970
90644  27.977  9.245  -29.048 0.5714285970
140998  27.392  8.988  -29.850 0.5714285970
91485  27.588  10.683  -29.272 0.7142857313
90645  27.441  9.825  -29.514 0.7142857313
135369  27.334  12.078  -29.316 0.8571428657
91509  26.068  10.084  -31.688 0.4285714328
93162  26.790  12.598  -29.451 0.7142857313
93172  26.108  12.327  -30.057 0.7142857313
93910  26.836  13.368  -29.016 0.7142857313
93173  25.552  12.251  -30.778 0.5714285970
93921  26.159  13.060  -29.602 0.7142857313
140796  27.904  10.134  -28.965 0.5714285970
91496  26.990  10.387  -29.878 0.7142857313
93161  27.878  12.270  -28.943 0.8571428657
93151  27.521  12.949  -28.920 0.8571428657
93911  26.135  13.787  -29.077 0.7142857313
93922  25.385  13.543  -29.897 0.5714285970
95447  24.909  14.903  -29.530 0.2857142985
148452  27.351  13.702  -28.603 0.7142857313
96194  25.375  16.190  -28.846 0.7142857313
93901  27.838  13.648  -28.427 0.7142857313
94682  26.867  14.101  -28.608 0.8571428657
94683  26.301  14.578  -28.760 0.8571428657
138811  26.483  16.684  -28.045 0.8571428657
95435  26.451  15.116  -28.562 0.8571428657
95436  25.656  15.214  -28.979 0.5714285970
96193  26.263  16.095  -28.264 0.8571428657
136573  25.765  16.909  -28.486 0.8571428657
96195  24.823  17.113  -28.991 0.7142857313
132607  27.314  14.920  -28.084 0.8571428657
96192  26.919  16.020  -27.814 0.8571428657
96990  25.338  17.711  -28.667 0.8571428657
96989  26.277  17.569  -28.151 0.8571428657
97703  25.740  18.368  -28.369 0.7142857313
99821  25.828  21.205  -28.433 0.7142857313
99822  25.103  21.133  -28.164 0.7142857313
142625  25.439  21.728  -28.514 0.5714285970
99823  24.451  21.174  -27.615 0.7142857313
100605  24.810  21.977  -28.380 0.7142857313
100604  25.474  22.441  -28.599 0.7142857313
101370  24.942  23.002  -28.710 0.8571428657
101371  24.367  23.342  -28.632 0.7142857313
99824  24.156  22.097  -27.596 0.7142857313
144163  23.847  23.661  -28.444 0.7142857313
102129  23.495  24.212  -28.798 0.7142857313
101372  23.376  23.964  -27.661 0.5714285970
102135  24.431  24.510  -29.848 0.7142857313
102136  23.653  24.541  -29.694 0.7142857313
102137  23.155  25.417  -30.030 0.4285714328
128193  23.043  24.918  -29.211 0.5714285970
102130  22.975  24.826  -28.002 0.5714285970
102142  23.870  25.155  -30.236 0.5714285970
102118  22.632  24.383  -27.000 0.5714285970
149869  22.770  25.478  -29.546 0.5714285970
102833  22.409  25.643  -28.832 0.5714285970
141032  21.852  24.663  -26.642 0.5714285970
102107  22.073  23.965  -26.487 0.4285714328
102828  21.602  26.287  -28.313 0.5714285970
102119  21.990  25.342  -27.387 0.5714285970
129080  22.390  26.111  -29.973 0.5714285970
134643  20.463  24.627  -26.186 0.4285714328
101354  20.613  22.731  -26.437 0.4285714328
102818  21.032  25.303  -26.465 0.5714285970
102819  20.663  26.226  -26.150 0.4285714328
102825  21.005  26.723  -27.058 0.2857142985
102109  20.170  25.517  -25.898 0.4285714328
80221  25.346  -3.680  -27.008 0.5714285970
79364  24.588  -4.829  -26.842 0.5714285970
82698  27.058  -0.371  -27.665 0.2857142985
82690  26.776  -1.056  -27.587 0.4285714328
80232  24.852  -3.368  -27.536 0.5714285970
136125  27.509  -0.110  -27.214 0.2857142985
80233  24.036  -3.769  -27.660 0.2857142985
82712  24.137  -0.834  -29.307 0.4285714328
83604  25.819  1.065  -29.554 0.5714285970
139819  22.980  -1.715  -28.746 0.2857142985
86094  26.576  3.561  -30.042 0.5714285970
136978  29.368  5.957  -27.495 0.2857142985
86870  25.493  4.593  -31.365 0.2857142985
88320  26.425  6.692  -31.432 0.7142857313
94673  27.472  14.352  -28.261 0.8571428657
98396  25.494  19.769  -28.119 0.7142857313
99101  25.450  20.572  -28.169 0.7142857313
98397  24.526  19.136  -28.039 0.7142857313
101352  23.846  23.084  -27.654 0.7142857313
101353  22.925  23.376  -26.743 0.5714285970
102108  21.245  24.349  -26.405 0.2857142985
102141  24.478  25.254  -30.288 0.5714285970
102841  24.164  25.788  -30.705 0.5714285970
102143  23.302  26.016  -30.754 0.5714285970
102834  21.828  26.485  -29.473 0.5714285970
84451  25.110  1.346  -30.050 0.4285714328
89823  28.288  8.372  -28.802 0.7142857313
87548  27.957  5.155  -28.933 0.5714285970
92333  27.779  11.530  -29.096 0.7142857313
91478  28.217  10.910  -28.700 0.7142857313
95424  26.813  15.374  -28.167 0.7142857313
101384  24.693  23.800  -29.193 0.8571428657
85287  27.305  2.526  -28.507 0.5714285970
142248  25.232  18.841  -28.339 0.7142857313
88308  27.917  7.055  -29.163 0.5714285970
81843  26.338  -1.664  -27.531 0.5714285970
81015  25.621  -3.023  -27.221 0.4285714328
82699  26.553  -0.623  -28.071 0.5714285970
81859  25.479  -1.258  -28.587 0.5714285970
82710  26.016  -0.576  -28.610 0.5714285970
134871  23.910  -5.179  -27.015 0.5714285970
81861  23.784  -1.657  -28.966 0.4285714328
82729  24.422  0.052  -29.519 0.4285714328
85300  26.392  2.289  -29.619 0.5714285970
85311  26.214  2.763  -30.124 0.4285714328
86080  26.842  2.950  -29.372 0.5714285970
86861  25.744  4.065  -31.076 0.4285714328
86101  25.968  3.398  -30.650 0.4285714328
87556  27.356  5.161  -29.636 0.7142857313
87570  27.128  5.939  -30.121 0.7142857313
87581  25.447  5.418  -31.685 0.2857142985
88319  26.886  6.696  -30.640 0.7142857313
89063  27.576  7.622  -29.660 0.7142857313
89073  27.122  7.461  -30.358 0.7142857313
89832  27.756  8.377  -29.429 0.5714285970
91497  26.585  10.180  -30.758 0.7142857313
92334  27.150  11.235  -29.576 0.5714285970
92335  26.633  11.773  -29.830 0.7142857313
92348  25.501  11.655  -31.245 0.2857142985
94684  25.503  14.358  -29.308 0.5714285970
94694  24.773  14.299  -30.018 0.2857142985
95425  26.166  15.584  -28.553 0.8571428657
144948  24.465  22.682  -28.262 0.7142857313
101385  24.035  23.844  -29.293 0.8571428657
83606  23.865  0.667  -29.735 0.1428571492
84452  24.265  1.320  -30.091 0.4285714328
75730  21.911  -9.023  -25.483 0.4285714328
133671  28.435  -0.955  -25.484 0.1428571492
82680  27.857  -0.877  -26.149 0.1428571492
82679  28.372  -0.200  -25.849 0.1428571492
85271  28.374  2.669  -27.253 0.1428571492
86064  28.918  3.201  -26.927 0.1428571492
83573  28.382  0.623  -26.282 0.1428571492
82678  28.942  -0.332  -25.258 0.1428571492
86063  29.476  3.213  -26.455 0.1428571492
134856  28.473  1.956  -26.727 0.1428571492
84413  29.069  1.126  -25.874 0.1428571492
135028  29.207  3.968  -26.926 0.1428571492
88283  29.956  6.259  -27.058 0.2857142985
89047  30.244  7.633  -27.034 0.1428571492
106516  23.076  29.920  -32.671 0.1428571492
96991  24.265  17.708  -28.990 0.4285714328
132785  22.864  31.066  -31.901 0.1428571492
126304  20.204  27.397  -33.542 0.1428571492
98388  23.707  19.392  -27.667 0.4285714328
99092  24.684  20.200  -27.750 0.5714285970
99093  23.779  20.374  -27.289 0.4285714328
147276  19.804  29.123  -30.387 0.2857142985
103544  20.449  26.281  -30.270 0.2857142985
102843  21.763  26.744  -30.325 0.2857142985
103554  20.254  25.613  -30.830 0.2857142985
98400  21.223  19.439  -28.873 0.1428571492
132871  23.703  21.343  -27.013 0.5714285970
103536  20.298  26.849  -29.771 0.2857142985
102842  22.683  26.225  -30.560 0.4285714328
131792  22.171  20.471  -27.322 0.4285714328
100587  23.390  22.320  -26.906 0.5714285970
103535  20.812  27.055  -29.707 0.2857142985
99095  20.680  20.444  -27.412 0.4285714328
99814  20.963  21.355  -27.112 0.2857142985
103531  20.985  27.440  -28.821 0.1428571492
103534  21.253  26.920  -29.138 0.1428571492
99815  20.594  21.190  -26.986 0.1428571492
100576  20.990  22.960  -26.571 0.4285714328
103527  21.084  27.341  -27.776 0.1428571492
104276  20.872  28.001  -28.745 0.1428571492
105046  20.638  28.505  -29.011 0.1428571492
100590  20.854  22.009  -26.686 0.2857142985
103523  20.956  26.788  -26.525 0.2857142985
102801  20.549  26.388  -24.931 0.1428571492
104264  21.113  27.365  -27.048 0.1428571492
105039  20.920  28.616  -28.617 0.1428571492
145245  21.026  26.901  -25.911 0.1428571492
104263  21.532  27.556  -26.660 0.1428571492
104270  21.328  27.875  -27.454 0.1428571492
104262  21.955  27.668  -26.232 0.1428571492
77499  22.169  -6.514  -26.318 0.2857142985
81825  28.564  -1.703  -25.155 0.1428571492
84420  29.108  1.865  -26.200 0.1428571492
86824  29.241  4.764  -27.164 0.1428571492
102851  20.701  25.662  -31.577 0.2857142985
104281  20.309  27.850  -29.346 0.2857142985
104288  19.363  26.513  -30.341 0.2857142985
105790  20.762  29.168  -28.832 0.2857142985
76614  21.729  -7.117  -25.966 0.2857142985
78383  26.759  -5.687  -24.719 0.1428571492
80209  28.303  -3.032  -25.041 0.1428571492
80986  28.725  -2.438  -24.839 0.1428571492
88291  29.973  7.018  -27.241 0.1428571492
87542  29.018  5.303  -27.604 0.1428571492
97704  24.339  18.367  -28.552 0.4285714328
99103  20.862  19.835  -28.094 0.2857142985
100588  22.377  22.343  -26.566 0.5714285970
102849  22.228  26.670  -31.273 0.4285714328
105797  20.271  29.090  -29.470 0.2857142985
105063  19.336  28.445  -30.295 0.2857142985
103566  20.369  25.519  -31.622 0.2857142985
103556  19.252  26.162  -31.292 0.2857142985
126039  19.425  28.854  -31.099 0.2857142985
143470  20.403  29.866  -31.870 0.1428571492
126300  20.783  29.830  -31.229 0.1428571492
143425  20.838  28.857  -33.290 0.1428571492
105031  21.190  28.525  -27.966 0.2857142985
130954  20.485  28.910  -29.100 0.2857142985
126337  20.180  29.295  -32.471 0.1428571492
105812  21.791  29.837  -32.730 0.1428571492
126041  19.970  26.593  -33.211 0.1428571492
143446  20.228  28.250  -32.942 0.1428571492
89798  30.549  8.367  -26.868 0.2857142985
103553  21.162  25.621  -32.373 0.4285714328
105800  19.973  29.364  -30.116 0.2857142985
103577  20.219  25.713  -32.783 0.2857142985
126489  19.402  27.538  -32.673 0.1428571492
151908  22.495  -8.659  -25.446 0.4285714328
88292  29.401  6.751  -27.643 0.4285714328
102850  21.225  26.150  -31.578 0.2857142985
102857  20.608  25.455  -32.572 0.2857142985
140783  21.884  26.665  -30.804 0.2857142985
102824  21.200  26.205  -27.122 0.4285714328
102808  20.281  26.222  -25.340 0.2857142985
103530  21.140  26.893  -28.031 0.2857142985
100589  21.356  22.203  -26.668 0.5714285970
102835  21.235  26.876  -30.133 0.2857142985
85270  28.984  2.580  -26.580 0.1428571492
83565  28.944  0.377  -25.596 0.1428571492
86062  29.945  3.889  -26.316 0.1428571492
143894  22.945  19.045  -28.151 0.2857142985
105062  19.527  27.629  -29.836 0.2857142985
104284  19.868  27.054  -29.739 0.2857142985
102844  20.890  26.108  -30.835 0.2857142985
99102  21.608  19.849  -27.986 0.2857142985
151176  23.101  20.643  -27.024 0.4285714328
104280  20.622  27.667  -29.349 0.1428571492
99813  21.709  21.402  -26.958 0.4285714328
99094  21.235  20.524  -27.470 0.2857142985
148228  22.803  21.415  -26.750 0.5714285970
76602  21.562  -7.763  -25.741 0.2857142985
97705  23.447  18.152  -29.175 0.2857142985
126575  19.143  27.995  -31.736 0.2857142985
126044  19.539  28.830  -32.101 0.2857142985
126367  21.000  30.264  -32.042 0.1428571492
92356  25.721  10.963  -31.419 0.4285714328
93923  24.727  13.763  -30.669 0.2857142985
106493  21.393  30.679  -28.426 0.1428571492
128073  20.422  29.847  -29.577 0.1428571492
107218  21.378  31.294  -28.642 0.1428571492
105028  22.852  29.120  -27.385 0.1428571492
107215  21.763  31.431  -28.114 0.1428571492
105783  20.994  29.958  -28.754 0.1428571492
138862  20.598  30.593  -29.410 0.1428571492
105774  22.091  29.615  -27.611 0.1428571492
105773  23.012  29.961  -27.539 0.1428571492
105775  21.469  29.898  -28.158 0.1428571492
106492  23.082  30.849  -27.498 0.1428571492
107214  22.286  31.759  -27.668 0.1428571492
149340  22.140  30.710  -27.786 0.1428571492
107206  24.087  31.492  -26.275 0.1428571492
107213  22.907  31.823  -27.214 0.1428571492
93933  25.010  12.992  -30.897 0.2857142985
105772  23.768  30.148  -27.211 0.1428571492
107207  23.436  31.960  -26.617 0.1428571492
107949  21.615  31.990  -28.555 0.1428571492
84437  27.421  1.765  -27.999 0.2857142985
144583  20.717  29.580  -28.970 0.1428571492
137627  20.303  30.407  -29.812 0.1428571492
149016  21.043  31.297  -29.220 0.1428571492
107225  20.445  31.209  -29.662 0.1428571492
106488  23.646  31.112  -26.924 0.1428571492
106487  24.463  30.396  -26.552 0.1428571492
78405  25.099  -5.152  -26.224 0.2857142985
79363  25.397  -4.322  -26.522 0.2857142985
79352  25.814  -4.791  -25.823 0.1428571492
80220  26.058  -3.507  -26.523 0.2857142985
78395  24.784  -5.846  -25.887 0.2857142985
100575  21.851  23.126  -26.479 0.4285714328
81013  26.895  -2.193  -26.590 0.2857142985
78406  24.341  -5.498  -26.530 0.4285714328
79362  26.086  -4.143  -26.006 0.1428571492
78394  25.535  -5.524  -25.551 0.1428571492
81014  26.318  -2.681  -26.845 0.2857142985
80222  24.712  -4.109  -27.177 0.4285714328
98389  22.855  19.783  -27.550 0.2857142985
77498  23.161  -6.360  -26.369 0.2857142985
77480  22.883  -7.110  -26.037 0.2857142985
77497  24.021  -6.156  -26.216 0.2857142985
78408  22.764  -5.771  -26.654 0.2857142985
78407  23.531  -5.678  -26.698 0.2857142985
85301  25.837  1.936  -30.045 0.2857142985
85312  25.564  2.653  -30.558 0.2857142985
86102  25.237  3.336  -31.011 0.2857142985
88335  25.965  6.878  -32.165 0.1428571492
89092  25.656  7.567  -32.674 0.1428571492
89861  25.885  8.303  -32.540 0.2857142985
91510  25.389  10.482  -32.084 0.1428571492
93934  24.198  13.671  -31.381 0.1428571492
95448  24.175  15.118  -30.249 0.1428571492
96204  24.313  16.643  -29.485 0.1428571492
96214  23.788  16.110  -30.095 0.1428571492
96205  23.435  17.057  -30.050 0.1428571492
97706  22.639  18.650  -29.162 0.1428571492
98413  20.802  19.010  -29.575 0.1428571492
98399  22.155  19.383  -28.514 0.1428571492
101343  21.355  23.668  -26.412 0.1428571492
101344  20.409  23.342  -26.188 0.1428571492
99805  20.344  21.320  -26.220 0.1428571492
102097  20.232  24.180  -26.029 0.1428571492
147680  19.992  24.904  -25.830 0.1428571492
129120  22.048  -8.292  -25.765 0.2857142985
77479  23.711  -6.824  -25.878 0.1428571492
150532  23.006  17.508  -30.168 0.1428571492
75731  21.424  -8.547  -25.498 0.2857142985
83605  24.563  0.768  -29.818 0.2857142985
84463  25.228  2.076  -30.410 0.2857142985
139520  24.912  2.559  -30.746 0.2857142985
89862  25.349  8.349  -32.966 0.1428571492
92357  25.164  11.319  -31.747 0.1428571492
92358  24.562  11.782  -31.755 0.1428571492
93182  25.057  12.141  -31.394 0.1428571492
93935  23.527  13.970  -31.814 0.1428571492
94695  24.249  14.387  -30.908 0.1428571492
95460  23.713  14.960  -31.073 0.1428571492
95449  23.420  15.640  -30.839 0.1428571492
97002  23.315  17.680  -29.780 0.1428571492
98412  21.684  18.925  -29.487 0.1428571492
100578  20.435  22.472  -26.136 0.1428571492
84464  24.650  1.948  -30.401 0.2857142985
90679  25.552  8.974  -32.771 0.1428571492
95437  24.663  15.694  -29.470 0.1428571492
100591  20.594  21.780  -26.535 0.1428571492
97001  23.968  17.260  -29.466 0.1428571492
98398  23.554  18.654  -28.371 0.1428571492
86103  24.373  3.129  -30.960 0.1428571492
94708  23.135  14.505  -31.894 0.1428571492
75732  20.883  -8.751  -25.125 0.1428571492
141944  21.018  -7.969  -25.333 0.1428571492
134873  20.636  -8.141  -24.812 0.1428571492
79365  23.066  -5.040  -27.136 0.1428571492
141984  30.252  9.093  -27.169 0.1428571492
141985  30.820  9.126  -26.714 0.1428571492
101394  28.934  24.341  -30.038 0.1428571492
74797  21.066  -10.038  -25.039 0.1428571492
77500  21.616  -6.678  -25.966 0.1428571492
78409  22.047  -5.252  -26.575 0.1428571492
77501  21.409  -5.959  -25.900 0.1428571492
80234  22.563  -3.477  -27.575 0.1428571492
101381  28.991  23.859  -29.260 0.1428571492
102145  28.691  24.778  -30.957 0.1428571492
81028  22.765  -2.866  -27.979 0.1428571492
101365  29.216  23.047  -28.129 0.1428571492
90621  30.536  9.859  -27.022 0.1428571492
79377  23.181  -4.097  -27.528 0.1428571492
82713  23.187  -0.969  -29.134 0.1428571492
76601  22.167  -7.492  -26.009 0.1428571492
74806  21.273  -9.307  -25.297 0.1428571492
79378  22.368  -4.277  -27.115 0.1428571492
84465  23.943  1.962  -30.301 0.2857142985
85313  24.335  2.443  -30.620 0.2857142985
89048  29.683  7.579  -27.480 0.1428571492
89091  26.069  7.646  -32.268 0.4285714328
91468  29.514  10.617  -27.672 0.7142857313
92322  28.631  11.398  -28.281 0.8571428657
94674  26.941  14.766  -28.380 0.8571428657
94707  23.646  14.452  -31.512 0.1428571492
98386  27.446  19.383  -27.049 0.8571428657
99081  29.316  20.337  -26.219 0.5714285970
99804  28.727  21.444  -26.820 0.5714285970
100577  20.648  23.713  -26.304 0.1428571492
101351  27.820  22.874  -27.607 0.5714285970
102133  26.576  25.044  -29.120 0.8571428657
102172  20.614  24.971  -37.212 0.1428571492
102788  20.918  25.688  -24.743 0.1428571492
102838  27.265  25.963  -30.518 0.5714285970
102856  20.832  25.552  -32.162 0.2857142985
102870  22.914  25.688  -35.088 0.1428571492
102871  21.991  25.193  -35.513 0.1428571492
102873  21.406  25.623  -34.079 0.1428571492
102887  21.030  25.668  -36.361 0.1428571492
103541  26.176  26.374  -30.643 0.5714285970
103545  19.850  26.145  -30.208 0.2857142985
103551  23.354  26.860  -32.109 0.5714285970
103555  19.643  25.632  -30.956 0.2857142985
103561  25.140  27.061  -32.459 0.2857142985
103565  21.647  25.598  -32.936 0.4285714328
103567  20.047  25.748  -31.976 0.2857142985
103568  19.640  26.073  -32.256 0.2857142985
103572  25.863  26.801  -33.081 0.1428571492
103576  22.188  26.054  -33.508 0.1428571492
103578  19.940  26.039  -33.076 0.2857142985
103586  20.009  26.030  -33.694 0.1428571492
103593  20.747  25.815  -34.178 0.1428571492
103605  20.385  26.532  -37.580 0.1428571492
104289  19.012  27.080  -30.697 0.2857142985
104290  18.917  27.702  -31.133 0.2857142985
104294  19.000  26.696  -31.625 0.2857142985
104308  21.132  27.180  -34.905 0.1428571492
104319  20.390  26.978  -36.928 0.1428571492
105053  20.073  28.186  -29.418 0.2857142985
105054  19.759  28.634  -29.895 0.2857142985
105080  22.166  28.353  -35.597 0.1428571492
105086  21.110  28.436  -35.751 0.1428571492
105090  20.815  28.204  -35.878 0.1428571492
105784  21.067  29.247  -28.429 0.2857142985
105791  20.590  29.669  -29.198 0.1428571492
105819  21.495  28.297  -34.507 0.1428571492
105820  20.799  28.149  -33.884 0.1428571492
106503  20.871  30.153  -28.946 0.1428571492
106504  20.706  30.199  -29.211 0.1428571492
106518  21.042  29.562  -32.713 0.1428571492
107222  21.138  30.880  -28.898 0.1428571492
107223  20.798  31.290  -29.398 0.1428571492
107226  20.157  31.016  -30.139 0.1428571492
107944  21.956  32.288  -27.907 0.1428571492
126040  18.995  27.246  -31.943 0.2857142985
126043  20.396  29.549  -30.466 0.2857142985
127546  19.249  26.536  -32.598 0.1428571492
127950  21.100  27.938  -27.988 0.1428571492
129314  20.168  30.102  -30.442 0.1428571492
132757  21.772  28.077  -37.412 0.1428571492
133386  20.647  26.534  -25.646 0.2857142985
134503  21.015  30.813  -29.057 0.1428571492
135901  27.767  17.178  -27.269 0.8571428657
136634  26.492  -2.086  -27.083 0.5714285970
136996  22.633  28.473  -27.106 0.1428571492
137107  25.649  12.826  -30.265 0.7142857313
140119  21.025  25.384  -32.707 0.4285714328
140443  28.950  23.516  -28.572 0.2857142985
141386  29.429  0.141  -25.178 0.1428571492
143873  20.387  -8.191  -24.221 0.1428571492
144276  20.464  25.448  -36.919 0.1428571492
144405  25.032  18.239  -28.677 0.7142857313
145093  28.621  1.369  -26.371 0.2857142985
145208  22.456  26.814  -32.306 0.5714285970
145670  28.015  25.566  -30.734 0.4285714328
148379  20.654  25.480  -33.259 0.1428571492
149349  22.192  19.827  -27.796 0.2857142985
149670  20.945  25.452  -33.558 0.1428571492
149940  22.616  31.327  -27.598 0.1428571492
151107  23.822  -8.735  -24.654 0.5714285970
151690  27.956  14.606  -27.922 0.8571428657
151764  20.589  26.077  -34.261 0.1428571492
152790  20.172  29.964  -30.003 0.1428571492
