#!ascii label  , from subject sub-v1s12x0050129_ses-1 vox2ras=TkReg
1451
28274  22.647  -33.257  -12.048 0.8999999762
26582  22.327  -34.073  -12.241 0.8000000119
27388  22.736  -33.279  -13.063 0.8000000119
26598  22.305  -34.944  -13.756 0.6999999881
26613  22.271  -34.872  -14.681 0.8000000119
26561  21.548  -34.208  -11.330 0.8999999762
26612  22.482  -34.201  -14.257 0.8000000119
26622  22.369  -34.134  -15.159 0.8000000119
27418  22.483  -33.426  -14.747 0.8999999762
101882  22.113  -34.787  -15.549 0.8000000119
114586  21.902  -33.985  -16.724 0.6999999881
106789  21.484  -34.258  -17.421 0.6999999881
28256  20.751  -33.160  -10.541 0.8000000119
103064  21.418  -33.628  -10.878 0.8999999762
29161  22.179  -32.268  -10.416 0.8999999762
29162  21.072  -32.433  -10.171 0.8999999762
99989  19.188  -32.980  -11.155 0.8999999762
101777  22.952  -32.559  -12.452 1.0000000000
28301  22.635  -32.694  -14.215 0.8999999762
29200  22.782  -31.783  -14.056 1.0000000000
29212  22.433  -31.847  -14.975 0.8999999762
28311  22.360  -32.636  -15.267 0.8999999762
27419  22.283  -33.380  -15.627 0.8000000119
29149  22.353  -31.548  -10.233 0.8999999762
29150  21.527  -31.694  -9.892 0.8999999762
29151  20.410  -31.619  -9.976 0.8999999762
29152  19.529  -31.384  -10.365 0.8999999762
29160  22.855  -31.732  -10.921 0.8999999762
28254  22.662  -32.646  -11.368 0.8999999762
29189  23.160  -31.759  -13.071 1.0000000000
101070  22.044  -31.924  -15.804 0.8000000119
27431  22.016  -33.367  -16.415 0.8000000119
28331  21.421  -32.837  -17.386 0.8000000119
28332  21.001  -32.584  -17.899 0.8000000119
27452  20.549  -33.173  -18.384 0.8000000119
28339  20.377  -32.319  -18.496 0.8000000119
29957  20.934  -30.918  -9.625 0.8999999762
29972  18.921  -30.680  -10.632 0.8999999762
29973  18.299  -30.836  -11.226 0.8999999762
29956  21.990  -30.968  -9.778 0.8999999762
102369  18.369  -29.994  -11.103 0.8000000119
98859  17.700  -30.930  -11.619 0.8000000119
30879  18.400  -29.116  -11.203 0.6999999881
29974  17.830  -30.186  -11.542 0.6999999881
113042  17.364  -30.356  -11.781 0.6999999881
29971  23.297  -30.971  -11.427 0.8999999762
30891  17.308  -29.534  -11.963 0.6999999881
30892  16.472  -29.845  -12.351 0.6999999881
29970  23.570  -30.175  -11.895 1.0000000000
95660  16.654  -28.934  -12.584 0.6000000238
29985  23.402  -30.873  -12.652 1.0000000000
29999  23.332  -30.322  -13.466 1.0000000000
95983  23.066  -30.923  -13.862 1.0000000000
29201  22.514  -31.072  -14.733 1.0000000000
30017  22.179  -30.507  -15.164 0.8999999762
29213  21.913  -31.072  -15.535 0.8000000119
104802  21.704  -32.061  -16.501 0.8000000119
28319  21.326  -32.099  -17.198 0.8000000119
97251  20.755  -31.743  -17.877 0.8000000119
29254  20.168  -31.585  -18.485 0.8000000119
29239  20.201  -30.800  -17.908 0.8000000119
29255  19.509  -31.077  -18.791 0.8000000119
29947  21.473  -30.221  -9.528 0.8999999762
29948  20.491  -30.041  -9.556 0.8999999762
30866  19.726  -29.689  -9.840 0.8999999762
30878  19.007  -29.641  -10.466 0.8999999762
29955  22.852  -30.853  -10.418 0.8999999762
113598  17.965  -29.524  -11.538 0.6999999881
29954  23.383  -30.165  -10.925 0.8999999762
30880  17.888  -28.812  -11.730 0.6000000238
31744  17.349  -28.460  -12.243 0.6000000238
31746  16.053  -28.494  -13.143 0.5000000000
29984  23.563  -29.966  -12.851 1.0000000000
32550  16.494  -27.240  -13.150 0.5000000000
98948  23.073  -30.179  -14.092 1.0000000000
30016  22.626  -30.347  -14.630 1.0000000000
30031  21.739  -30.303  -15.602 0.8999999762
29224  21.544  -31.392  -16.310 0.8000000119
30950  21.467  -29.672  -15.916 0.8999999762
30042  21.295  -30.504  -16.296 0.8000000119
29225  21.062  -31.189  -17.080 0.8000000119
31810  21.268  -28.770  -16.298 0.8999999762
30951  20.899  -29.626  -16.615 0.8000000119
99509  20.759  -28.174  -16.736 0.8999999762
30057  19.981  -30.063  -17.492 0.8000000119
30059  19.123  -29.794  -18.530 0.8000000119
31828  19.344  -28.508  -17.685 0.8000000119
30966  18.798  -28.844  -18.571 0.8000000119
31726  19.463  -28.897  -10.032 0.8999999762
29946  22.407  -30.225  -9.804 0.8999999762
104500  22.229  -28.880  -9.537 0.8999999762
31735  18.880  -28.483  -10.744 0.6999999881
31736  18.372  -28.289  -11.425 0.8000000119
30865  23.403  -29.338  -10.453 0.8999999762
31725  23.039  -28.723  -9.811 0.8999999762
31737  17.905  -27.997  -11.886 0.6999999881
32537  17.459  -27.524  -12.343 0.6000000238
31745  16.757  -27.962  -12.807 0.6000000238
112513  17.964  -27.345  -11.927 0.6999999881
105072  17.348  -26.846  -12.533 0.6000000238
32538  17.008  -27.227  -12.751 0.5000000000
30890  23.760  -29.542  -12.249 1.0000000000
33321  16.891  -26.538  -12.915 0.5000000000
111726  16.185  -26.588  -13.429 0.5000000000
30901  23.737  -29.196  -13.008 1.0000000000
30902  23.350  -29.609  -13.785 1.0000000000
31757  23.041  -29.076  -14.404 1.0000000000
30919  22.780  -29.648  -14.554 1.0000000000
109147  21.803  -29.079  -15.622 0.8999999762
31777  23.609  -27.969  -14.072 1.0000000000
31778  23.048  -28.392  -14.596 0.8999999762
30931  22.419  -28.893  -15.030 0.8999999762
31792  21.925  -28.309  -15.730 0.8999999762
32605  21.368  -27.646  -16.355 0.8999999762
31827  19.897  -28.918  -17.279 0.8999999762
31813  19.386  -27.778  -17.560 0.8999999762
32606  20.521  -27.403  -16.910 0.8999999762
30860  21.037  -29.442  -9.426 0.8999999762
106558  20.188  -29.172  -9.578 0.8999999762
113001  19.428  -28.155  -10.274 0.8999999762
105272  19.994  -28.324  -9.743 0.8999999762
32515  19.814  -27.557  -10.130 1.0000000000
114132  19.186  -27.645  -10.702 0.8000000119
101356  22.398  -28.135  -9.507 0.8999999762
32525  18.371  -27.552  -11.563 0.6999999881
30877  23.757  -29.409  -11.349 0.8999999762
31724  23.729  -28.428  -10.374 0.8999999762
104359  18.326  -26.862  -11.715 0.6999999881
33319  18.116  -26.172  -11.955 0.6999999881
33320  17.501  -26.127  -12.470 0.5000000000
31743  23.987  -28.885  -12.133 1.0000000000
33337  16.530  -25.934  -13.252 0.5000000000
114441  15.858  -25.991  -13.716 0.5000000000
98106  23.993  -28.322  -13.072 1.0000000000
32549  24.118  -27.509  -13.502 1.0000000000
32571  23.131  -27.588  -14.788 1.0000000000
33354  23.696  -27.147  -14.298 1.0000000000
33335  24.279  -26.772  -13.730 1.0000000000
32589  22.141  -27.449  -15.756 0.8999999762
33369  21.756  -26.718  -16.145 0.8999999762
34190  21.098  -25.632  -18.811 0.6999999881
34195  20.302  -25.294  -19.639 0.8000000119
34196  20.098  -25.193  -19.751 0.8000000119
34197  19.816  -24.958  -19.791 0.8000000119
32514  23.222  -27.877  -9.737 0.8999999762
32505  21.679  -27.633  -9.481 1.0000000000
32506  20.728  -27.686  -9.633 1.0000000000
33296  20.315  -26.732  -10.104 1.0000000000
105964  19.547  -27.032  -10.608 0.6999999881
32524  18.928  -27.053  -11.173 0.6999999881
113115  23.787  -28.969  -10.812 0.8999999762
32513  23.844  -27.589  -10.105 0.8999999762
33307  18.732  -26.247  -11.400 0.6999999881
34104  17.309  -25.280  -12.581 0.6000000238
32535  24.250  -28.082  -11.959 1.0000000000
31734  24.042  -28.611  -11.203 0.8999999762
34121  16.034  -25.368  -13.561 0.4000000060
105798  24.366  -27.665  -12.681 1.0000000000
98344  23.798  -26.290  -14.408 1.0000000000
34131  23.260  -25.767  -15.045 1.0000000000
34973  18.786  -24.371  -19.047 0.8999999762
34188  23.610  -25.677  -18.207 0.6000000238
34972  21.625  -25.037  -18.347 0.6000000238
105875  21.093  -24.294  -18.774 0.8000000119
105003  20.128  -25.014  -19.811 0.8000000119
98160  19.808  -25.378  -19.688 0.8999999762
95725  18.921  -25.169  -18.994 0.8999999762
33294  23.395  -26.921  -9.721 0.8999999762
32504  22.449  -27.305  -9.516 0.8999999762
33297  19.521  -26.275  -10.737 0.8000000119
34093  18.402  -25.516  -11.626 0.6999999881
113396  17.599  -25.017  -12.257 0.6000000238
35725  16.683  -24.105  -12.802 0.4000000060
32522  24.694  -27.219  -11.842 1.0000000000
32523  24.309  -27.714  -10.877 0.8999999762
33318  24.974  -26.474  -12.402 1.0000000000
32534  24.603  -27.059  -12.918 1.0000000000
33334  24.732  -26.464  -13.196 1.0000000000
34119  24.480  -26.018  -13.793 1.0000000000
34130  23.967  -25.330  -14.463 1.0000000000
34909  23.757  -24.420  -14.690 1.0000000000
34960  19.258  -24.395  -18.047 0.8999999762
35793  19.512  -23.720  -17.703 0.8999999762
112492  18.913  -24.088  -18.572 0.8999999762
35830  19.187  -23.399  -19.517 0.8999999762
34983  18.960  -23.935  -19.342 0.8999999762
34969  24.570  -24.378  -18.849 0.6000000238
34970  23.909  -24.792  -18.165 0.6000000238
34971  22.876  -25.038  -17.858 0.6000000238
34981  20.341  -24.363  -19.595 0.8000000119
34990  19.471  -24.380  -19.647 0.8999999762
33289  21.431  -26.830  -9.633 0.8999999762
33295  20.984  -26.139  -9.879 0.8999999762
34079  20.360  -25.805  -10.222 0.6999999881
34072  21.662  -26.055  -9.670 0.8999999762
34092  19.049  -25.535  -10.994 0.6000000238
32512  24.258  -26.935  -10.256 1.0000000000
34076  23.968  -26.127  -9.860 1.0000000000
34872  18.647  -24.802  -11.175 0.6000000238
34882  17.942  -24.791  -11.847 0.6000000238
34883  17.342  -24.517  -12.367 0.5000000000
33305  25.065  -26.368  -11.392 1.0000000000
111501  24.723  -26.922  -10.910 1.0000000000
34090  25.279  -25.454  -10.930 1.0000000000
34102  25.279  -25.717  -12.049 1.0000000000
34118  25.075  -25.869  -13.036 1.0000000000
34129  24.777  -25.252  -13.717 1.0000000000
34908  24.411  -24.682  -14.256 1.0000000000
35744  24.409  -23.884  -14.420 1.0000000000
34910  23.216  -24.172  -15.184 1.0000000000
34924  22.561  -24.351  -15.591 1.0000000000
112331  22.166  -24.767  -15.837 1.0000000000
35763  21.338  -23.229  -16.336 1.0000000000
34941  21.017  -24.008  -16.573 0.8999999762
34925  21.720  -24.271  -16.142 0.8999999762
34943  19.814  -24.355  -17.467 0.8999999762
35808  18.749  -23.456  -18.880 0.8999999762
35820  19.605  -23.519  -19.657 0.8999999762
36738  24.534  -22.690  -20.319 0.6000000238
35817  24.672  -23.553  -19.535 0.6000000238
35805  23.992  -23.806  -18.056 0.6000000238
106058  23.192  -24.332  -17.800 0.6000000238
35819  20.118  -23.528  -19.617 0.8000000119
34077  22.315  -25.609  -9.579 0.8999999762
34080  19.725  -25.462  -10.528 0.6000000238
34861  19.375  -24.805  -10.551 0.6000000238
34091  24.477  -25.364  -10.077 0.8999999762
35714  18.236  -24.045  -11.336 0.6000000238
109857  17.650  -24.075  -11.861 0.5000000000
33306  24.753  -26.224  -10.506 1.0000000000
34089  25.453  -25.012  -11.781 1.0000000000
34117  25.380  -24.997  -12.820 1.0000000000
34898  25.070  -24.473  -13.768 1.0000000000
105539  24.756  -23.193  -14.385 1.0000000000
36655  24.013  -23.022  -14.772 1.0000000000
35746  22.873  -23.577  -15.424 1.0000000000
36673  21.912  -22.650  -15.875 1.0000000000
36690  20.216  -22.934  -17.150 0.8999999762
36706  19.565  -22.889  -17.600 0.8999999762
105570  19.086  -23.373  -18.215 0.8999999762
37636  18.710  -22.002  -19.040 0.8999999762
36727  24.659  -22.653  -19.041 0.6000000238
35804  24.557  -23.479  -18.753 0.6000000238
36716  23.487  -22.941  -17.825 0.6000000238
36717  22.320  -22.820  -17.828 0.6999999881
105007  21.004  -21.984  -18.848 0.6999999881
36729  20.412  -22.530  -19.358 0.6999999881
36730  19.752  -22.631  -19.626 0.8000000119
103741  19.400  -21.842  -19.592 0.8999999762
37656  24.430  -21.704  -20.744 0.6000000238
105906  20.374  -21.584  -19.369 0.6999999881
113614  19.896  -21.928  -19.622 0.8000000119
104606  19.792  -21.263  -19.615 0.8999999762
98979  19.763  -24.044  -10.088 0.6999999881
35713  18.917  -24.039  -10.611 0.6000000238
99045  23.101  -24.319  -9.653 0.8999999762
34858  22.158  -24.644  -9.616 0.8000000119
34859  21.179  -24.532  -9.756 0.6999999881
34871  23.996  -24.502  -9.856 0.8000000119
34869  25.454  -24.514  -11.118 1.0000000000
34870  24.884  -24.620  -10.392 0.8000000119
35710  25.616  -23.674  -11.391 0.8999999762
34881  25.625  -24.315  -12.109 1.0000000000
34897  25.557  -24.064  -13.100 1.0000000000
35736  25.253  -23.669  -13.918 1.0000000000
36645  25.372  -22.895  -14.076 1.0000000000
36654  24.625  -22.408  -14.616 1.0000000000
106143  23.712  -22.217  -15.089 1.0000000000
106635  23.050  -22.067  -15.394 1.0000000000
36672  22.492  -22.298  -15.584 1.0000000000
37603  21.272  -22.184  -16.289 1.0000000000
37604  20.568  -21.716  -16.687 0.8999999762
104895  20.040  -22.210  -17.199 0.8999999762
98410  19.345  -21.954  -17.784 0.8999999762
109566  18.848  -21.410  -18.938 0.8999999762
36728  24.147  -22.272  -18.207 0.6000000238
104737  21.850  -21.989  -18.018 0.6999999881
37635  19.033  -21.497  -19.333 0.8999999762
38591  24.471  -20.784  -21.119 0.6000000238
37646  24.585  -21.088  -19.772 0.6000000238
37634  21.302  -21.156  -18.636 0.6999999881
38572  20.308  -20.797  -19.437 0.6999999881
34860  20.323  -24.860  -10.091 0.6999999881
102815  21.045  -23.159  -9.628 0.6999999881
35700  20.667  -23.955  -9.774 0.6999999881
35712  24.411  -23.969  -10.159 0.6999999881
35697  23.576  -23.647  -9.831 0.8000000119
35711  25.090  -23.852  -10.593 0.6999999881
36630  26.130  -22.726  -12.815 0.8000000119
36643  26.303  -22.082  -13.087 0.8000000119
35735  25.750  -23.240  -13.370 0.8000000119
37558  26.207  -21.588  -13.587 0.8000000119
36644  25.933  -22.388  -13.650 0.8999999762
36653  25.400  -22.243  -14.264 0.8999999762
37571  23.314  -21.486  -15.335 1.0000000000
37590  21.891  -21.789  -15.818 1.0000000000
38514  21.621  -20.299  -16.093 1.0000000000
38497  22.810  -20.810  -15.488 1.0000000000
37589  22.571  -21.552  -15.542 1.0000000000
106254  21.275  -21.169  -16.284 1.0000000000
105886  20.535  -20.956  -16.713 1.0000000000
37605  19.896  -21.227  -17.339 0.8999999762
37620  19.189  -21.100  -18.349 0.8999999762
38570  24.605  -20.248  -19.407 0.6000000238
37647  24.554  -21.668  -18.852 0.6000000238
100906  23.003  -22.090  -17.682 0.6000000238
37633  22.500  -21.226  -17.765 0.6999999881
38559  19.131  -20.711  -19.168 0.8999999762
38574  19.456  -21.002  -19.456 0.8999999762
39420  21.360  -19.604  -18.834 0.6999999881
38558  20.995  -20.349  -19.002 0.6999999881
38573  19.791  -20.629  -19.583 0.8999999762
103391  19.606  -20.104  -19.387 0.8999999762
36603  22.894  -22.973  -9.683 0.6999999881
35699  21.574  -23.844  -9.636 0.6000000238
104528  19.308  -23.270  -10.108 0.6000000238
36602  24.419  -23.253  -10.186 0.6999999881
100663  22.353  -22.292  -9.594 0.6000000238
36617  26.179  -21.907  -11.486 0.6999999881
36618  25.942  -22.772  -11.711 0.6999999881
38482  26.498  -20.757  -13.514 0.8000000119
38483  25.989  -21.033  -14.177 0.8000000119
38494  25.445  -20.523  -14.674 0.8000000119
37569  24.987  -21.660  -14.617 0.8000000119
37570  24.138  -21.558  -15.024 1.0000000000
38495  24.620  -20.826  -14.962 0.8000000119
39370  22.604  -19.425  -15.668 1.0000000000
105068  22.043  -20.947  -15.746 1.0000000000
40203  22.151  -18.991  -15.928 1.0000000000
39371  21.909  -19.578  -15.965 1.0000000000
38528  20.902  -20.353  -16.510 1.0000000000
105298  20.497  -19.027  -17.063 1.0000000000
39389  20.091  -19.674  -17.467 1.0000000000
38530  19.646  -20.374  -17.842 0.8999999762
37632  23.748  -21.307  -17.953 0.6000000238
38545  19.289  -20.304  -18.640 0.8999999762
114325  24.609  -20.489  -20.228 0.6000000238
38571  24.412  -20.774  -18.682 0.6000000238
108159  23.072  -20.639  -17.715 0.6999999881
39421  19.350  -19.700  -19.089 0.8999999762
39419  22.498  -19.429  -18.064 0.6999999881
101139  20.523  -18.935  -19.442 0.6999999881
39434  19.864  -19.337  -19.563 0.8999999762
100760  20.506  -22.477  -9.631 0.5000000000
101992  23.286  -22.233  -9.772 0.6000000238
36601  24.422  -22.191  -10.124 0.6999999881
108082  23.716  -22.863  -9.902 0.6999999881
98481  25.569  -22.163  -10.774 0.6999999881
37531  25.866  -21.525  -10.920 0.6999999881
38469  26.692  -20.645  -12.599 0.6999999881
107737  26.771  -20.303  -13.182 0.6999999881
38493  26.226  -20.279  -14.320 0.8000000119
39357  25.552  -19.686  -14.878 0.8000000119
111546  24.817  -20.087  -15.026 0.8000000119
40200  25.153  -18.958  -15.157 0.8000000119
39358  24.538  -19.393  -15.207 0.8000000119
109688  23.518  -19.194  -15.455 0.8999999762
38512  23.128  -20.043  -15.450 1.0000000000
101624  24.348  -18.527  -15.440 0.8000000119
40201  23.468  -18.435  -15.683 0.8999999762
40202  22.767  -18.708  -15.788 1.0000000000
40217  22.062  -18.294  -16.267 1.0000000000
40218  21.568  -19.019  -16.278 1.0000000000
40219  20.398  -18.342  -17.379 1.0000000000
40220  19.944  -18.888  -17.874 0.8999999762
39406  19.576  -19.649  -18.323 0.8999999762
40232  19.481  -18.938  -18.766 0.8999999762
105260  19.694  -18.271  -18.382 0.8999999762
106076  19.476  -18.204  -19.159 0.8999999762
39432  24.620  -19.410  -19.278 0.6000000238
38555  24.168  -19.882  -18.414 0.6000000238
40243  21.833  -18.766  -18.610 0.6999999881
95795  20.319  -18.127  -19.616 0.8000000119
40256  19.813  -18.538  -19.528 0.8999999762
39446  24.921  -19.036  -20.182 0.6000000238
40255  22.461  -18.007  -18.535 0.6999999881
105779  21.192  -18.102  -19.278 0.6999999881
41035  19.945  -17.660  -19.668 0.8000000119
109159  19.703  -17.760  -19.460 0.8999999762
41036  19.683  -17.169  -19.567 0.8999999762
37522  23.600  -21.529  -9.855 0.5000000000
37524  21.819  -21.577  -9.577 0.5000000000
94904  24.291  -21.054  -10.048 0.6999999881
37523  22.754  -21.506  -9.683 0.5000000000
37532  25.202  -21.379  -10.448 0.6999999881
111527  26.236  -21.277  -11.341 0.6999999881
38458  25.880  -20.775  -10.803 0.6999999881
38457  26.479  -20.675  -11.587 0.6999999881
39347  26.778  -19.886  -13.672 0.6999999881
39356  26.454  -19.486  -14.459 0.8000000119
40189  26.001  -18.946  -15.030 0.8000000119
40967  24.782  -17.714  -15.649 0.8000000119
40968  23.850  -17.815  -15.836 0.8000000119
40969  22.975  -17.967  -16.039 0.8999999762
40988  21.533  -17.580  -16.763 1.0000000000
95872  21.089  -18.434  -16.722 1.0000000000
40986  23.376  -17.195  -16.309 0.8000000119
41733  21.044  -16.942  -17.191 1.0000000000
40989  20.748  -17.686  -17.194 1.0000000000
41732  21.907  -16.757  -16.966 0.8999999762
41734  20.400  -17.116  -17.558 1.0000000000
40990  20.045  -17.739  -17.830 1.0000000000
41003  19.524  -17.574  -18.673 1.0000000000
41017  19.496  -17.363  -19.293 0.8999999762
40242  23.005  -18.731  -18.180 0.6999999881
41757  19.274  -16.818  -18.909 0.8999999762
39433  24.041  -18.990  -18.501 0.6000000238
96013  23.688  -18.147  -18.549 0.6000000238
41773  19.418  -16.593  -19.338 0.8999999762
41033  23.137  -17.281  -18.658 0.6999999881
101738  21.884  -17.339  -18.935 0.6999999881
41034  20.711  -17.328  -19.562 0.6999999881
41772  20.038  -16.826  -19.751 0.6999999881
98268  19.673  -16.642  -19.611 0.8000000119
41790  20.436  -16.001  -19.793 0.6999999881
41792  19.457  -15.991  -19.499 0.8000000119
41774  19.075  -15.702  -19.203 0.8999999762
41791  20.116  -16.133  -19.928 0.6999999881
38447  25.603  -20.038  -10.536 0.6999999881
38448  25.039  -20.478  -10.275 0.5000000000
98779  26.782  -19.941  -11.944 0.6999999881
39328  26.707  -19.306  -11.441 0.6999999881
100261  27.456  -18.559  -12.795 0.6999999881
39346  27.188  -19.192  -13.231 0.6999999881
40180  27.390  -18.437  -13.726 0.6999999881
40181  26.979  -19.170  -13.964 0.6999999881
40188  27.137  -17.974  -14.671 0.6999999881
94893  26.753  -18.727  -14.552 0.6999999881
40198  26.321  -18.217  -15.155 0.8000000119
40966  25.750  -17.640  -15.583 0.8000000119
41710  26.132  -16.949  -15.847 0.8000000119
41711  25.218  -17.024  -15.939 0.8000000119
40985  24.310  -17.111  -16.130 0.8000000119
41728  25.681  -16.391  -16.274 0.8000000119
42483  24.413  -15.713  -16.757 0.8000000119
42486  22.196  -15.961  -17.235 0.8999999762
42502  21.370  -16.179  -17.345 0.8999999762
43322  24.076  -14.993  -17.163 0.8000000119
42484  23.545  -15.720  -16.962 0.8000000119
41745  19.818  -16.949  -18.162 1.0000000000
41744  20.469  -16.334  -17.694 1.0000000000
40269  24.529  -17.543  -19.057 0.6000000238
41746  19.554  -16.080  -18.413 1.0000000000
100563  21.772  -16.627  -19.258 0.6999999881
41758  18.811  -16.048  -18.821 0.8999999762
42505  19.027  -15.542  -18.757 1.0000000000
41771  20.832  -16.425  -19.671 0.6999999881
42547  20.277  -15.366  -19.876 0.8000000119
42548  19.623  -15.322  -19.712 0.8000000119
39327  27.161  -19.120  -12.232 0.6999999881
40172  27.392  -18.216  -12.021 0.6999999881
40953  27.764  -17.440  -13.859 0.6999999881
40964  27.372  -17.180  -14.831 0.6999999881
41709  26.940  -16.732  -15.518 0.6999999881
41708  27.579  -16.447  -14.958 0.6999999881
41727  26.494  -16.250  -16.086 0.8000000119
42482  25.332  -15.743  -16.608 0.8000000119
43320  26.030  -15.106  -16.760 0.8000000119
43321  25.045  -15.048  -17.044 0.8000000119
43324  22.435  -15.199  -17.482 0.8999999762
43323  23.217  -15.033  -17.348 0.8000000119
101444  21.875  -14.661  -17.794 0.8999999762
112165  20.965  -15.663  -17.602 0.8999999762
96460  21.479  -13.374  -18.232 0.8999999762
96180  21.162  -14.104  -18.143 0.8999999762
42504  19.512  -15.171  -18.381 1.0000000000
41769  23.788  -16.069  -19.240 0.6000000238
42537  21.156  -15.654  -19.725 0.6999999881
98383  18.544  -14.164  -18.749 0.8999999762
42549  19.001  -15.087  -19.354 0.8999999762
43364  18.525  -14.434  -19.123 0.8000000119
40935  27.739  -17.728  -12.784 0.6999999881
112202  27.939  -17.124  -13.106 0.6999999881
102640  27.841  -16.778  -14.292 0.6999999881
42465  27.290  -15.894  -15.654 0.6999999881
42481  26.686  -15.512  -16.291 0.6999999881
43339  23.646  -14.178  -17.555 0.8000000119
43340  22.712  -14.422  -17.677 0.8000000119
44171  22.937  -13.654  -17.907 0.8000000119
43341  20.279  -14.609  -18.165 0.8999999762
109931  22.923  -16.569  -18.958 0.6000000238
44172  22.096  -13.895  -18.020 0.8000000119
101789  21.597  -12.679  -18.337 0.8999999762
44173  20.195  -13.693  -18.314 0.8999999762
107682  19.309  -14.288  -18.458 0.8999999762
42535  23.227  -15.320  -19.380 0.6000000238
110061  21.599  -16.017  -19.522 0.6999999881
112487  18.743  -13.863  -18.584 0.8999999762
43375  20.829  -14.583  -19.998 0.6999999881
44183  18.143  -13.681  -18.973 0.8000000119
44199  19.482  -13.793  -19.972 0.6999999881
45020  17.767  -12.899  -19.354 0.8000000119
41680  28.090  -16.545  -13.425 0.6999999881
42448  28.228  -15.431  -14.420 0.6999999881
104440  27.888  -15.226  -15.268 0.6999999881
43338  24.685  -14.258  -17.386 0.8000000119
104519  24.310  -13.520  -17.710 0.8000000119
44170  23.617  -13.444  -17.860 0.8000000119
44988  22.290  -13.140  -18.170 0.8000000119
114327  20.916  -13.517  -18.288 0.8999999762
44990  20.109  -12.280  -18.434 0.8999999762
42536  22.113  -15.360  -19.502 0.6000000238
101273  19.661  -12.931  -18.371 0.8999999762
43363  21.628  -14.702  -19.799 0.6999999881
101973  18.653  -12.860  -18.469 0.8999999762
44198  19.951  -13.122  -20.299 0.6999999881
45019  18.319  -12.671  -19.837 0.8000000119
44993  17.479  -12.228  -18.761 0.8000000119
45018  19.155  -12.422  -20.292 0.6999999881
45871  17.576  -12.122  -19.558 0.8000000119
44190  17.550  -12.914  -19.028 0.8000000119
45870  18.196  -11.810  -20.153 0.8000000119
42434  28.423  -14.904  -13.705 0.6999999881
43281  28.362  -14.666  -14.640 0.6000000238
43362  22.846  -14.556  -19.619 0.6000000238
45841  21.708  -11.964  -18.488 0.8000000119
45842  20.471  -11.639  -18.538 0.8999999762
45843  19.530  -11.630  -18.542 0.8999999762
43374  22.536  -13.770  -20.048 0.6000000238
46650  18.854  -10.962  -18.760 0.8999999762
95729  20.703  -13.682  -20.241 0.8000000119
109345  17.692  -11.723  -18.696 0.8999999762
45858  17.224  -11.772  -19.227 0.8000000119
45869  19.222  -11.552  -20.553 0.6999999881
46685  17.559  -11.243  -19.739 0.8000000119
46673  17.785  -10.177  -19.547 0.8000000119
100211  21.558  -13.810  -20.180 0.6999999881
113220  21.157  -11.631  -18.552 0.8000000119
108513  21.691  -12.373  -20.646 0.5000000000
44197  21.432  -13.124  -20.422 0.6000000238
45867  21.053  -11.859  -20.768 0.6000000238
45017  20.124  -12.183  -20.579 0.6999999881
46666  18.097  -10.261  -19.174 0.8000000119
45868  20.260  -11.305  -20.826 0.6000000238
46683  19.317  -10.683  -20.794 0.6000000238
95936  18.170  -10.865  -20.377 0.6999999881
46684  17.608  -10.182  -20.005 0.8000000119
46667  17.550  -10.821  -19.079 0.8000000119
98648  18.375  -9.990  -20.608 0.6000000238
45852  20.892  -11.067  -18.697 0.8000000119
46664  20.470  -10.387  -18.948 0.8000000119
46665  19.371  -10.281  -19.024 0.8999999762
45866  21.995  -11.494  -21.002 0.6000000238
47482  17.984  -9.308  -19.587 0.8000000119
47481  18.730  -9.458  -19.396 0.8000000119
46702  17.901  -9.203  -20.360 0.6000000238
47479  21.632  -9.642  -19.269 0.8000000119
47480  19.958  -9.605  -19.239 0.8000000119
45881  21.181  -11.019  -21.095 0.6000000238
46700  20.334  -10.461  -21.139 0.6000000238
48322  18.293  -8.692  -19.638 0.8000000119
46701  19.359  -9.864  -21.061 0.6000000238
48336  17.863  -8.455  -19.909 0.6999999881
48321  19.279  -8.730  -19.498 0.8000000119
102212  18.734  -7.886  -21.219 0.6000000238
48349  17.969  -7.687  -20.351 0.6000000238
49163  18.289  -6.887  -20.251 0.6999999881
97884  20.287  -9.595  -21.363 0.6000000238
47521  19.180  -9.003  -21.213 0.6000000238
48319  22.660  -8.663  -19.510 0.8000000119
113247  20.688  -8.863  -19.429 0.8000000119
109296  21.898  -10.764  -21.316 0.6000000238
48320  21.825  -8.862  -19.458 0.8000000119
107930  22.185  -10.270  -21.495 0.5000000000
48334  19.547  -7.993  -19.581 0.8000000119
47519  22.076  -9.564  -21.564 0.6000000238
46699  21.333  -10.151  -21.417 0.6000000238
49162  18.945  -6.992  -19.767 0.6000000238
47520  21.158  -9.195  -21.539 0.6000000238
97783  20.095  -8.680  -21.459 0.6000000238
49171  18.085  -6.917  -20.838 0.6000000238
48366  21.155  -7.712  -21.614 0.6000000238
110226  20.022  -7.769  -21.533 0.6000000238
48373  18.932  -6.848  -21.349 0.6000000238
50076  18.480  -6.035  -21.134 0.6000000238
102941  21.882  -7.998  -19.574 0.8000000119
113959  21.299  -8.376  -19.517 0.8000000119
105509  23.525  -8.405  -19.454 0.8000000119
110148  22.786  -7.987  -19.548 0.6999999881
48365  21.924  -8.563  -21.594 0.6000000238
50049  18.695  -6.096  -20.155 0.6000000238
49161  19.827  -6.420  -19.870 0.6000000238
49186  22.107  -7.574  -21.638 0.5000000000
50056  18.945  -5.432  -20.851 0.6000000238
49187  21.289  -6.833  -21.699 0.5000000000
50091  20.259  -6.007  -21.673 0.6000000238
50075  19.186  -5.334  -21.356 0.6000000238
50074  22.189  -6.669  -21.765 0.5000000000
49153  23.334  -7.518  -19.541 0.6999999881
50035  22.986  -6.708  -19.665 0.6000000238
50877  21.729  -5.625  -19.926 0.6000000238
102032  21.302  -6.949  -19.641 0.6000000238
50889  20.936  -4.920  -20.256 0.6000000238
50876  22.592  -5.900  -19.788 0.6000000238
50073  22.223  -5.776  -22.041 0.5000000000
50925  20.044  -4.779  -21.773 0.6000000238
51735  19.637  -4.023  -21.817 0.6000000238
50910  19.302  -4.296  -21.353 0.6000000238
50890  20.160  -4.994  -20.400 0.6000000238
50888  22.022  -4.952  -20.107 0.6000000238
50924  21.162  -4.768  -22.164 0.6000000238
51751  20.125  -3.864  -22.064 0.6000000238
50923  22.346  -4.883  -22.307 0.5000000000
51749  22.637  -3.982  -22.645 0.4000000060
50034  23.879  -6.881  -19.537 0.6000000238
50875  23.472  -6.107  -19.719 0.6000000238
50909  19.530  -3.821  -21.113 0.6000000238
51713  20.765  -4.002  -20.670 0.6000000238
104631  23.029  -5.462  -19.914 0.6000000238
51733  20.483  -3.222  -21.732 0.6000000238
52571  20.981  -2.337  -21.808 0.6000000238
51750  20.989  -3.439  -22.341 0.5000000000
52581  21.101  -2.334  -22.323 0.6000000238
52593  21.838  -2.697  -22.756 0.5000000000
52592  23.040  -3.237  -23.056 0.4000000060
52606  22.435  -2.204  -23.135 0.4000000060
51712  21.948  -4.076  -20.644 0.6000000238
51711  22.981  -4.797  -20.191 0.5000000000
98146  23.864  -5.402  -19.964 0.5000000000
50046  24.349  -6.205  -19.679 0.5000000000
51722  20.726  -3.244  -21.288 0.6000000238
52559  23.002  -4.052  -20.589 0.5000000000
53401  21.649  -1.821  -22.803 0.5000000000
53414  22.166  -1.470  -23.028 0.4000000060
50887  24.837  -5.560  -19.907 0.4000000060
110653  21.980  -3.267  -21.230 0.6000000238
52570  23.119  -3.294  -21.060 0.5000000000
53388  21.850  -2.302  -22.573 0.4000000060
53380  21.988  -2.303  -21.732 0.6000000238
52569  24.193  -3.336  -20.904 0.4000000060
53400  21.885  -1.520  -22.761 0.4000000060
54219  23.013  -1.412  -22.525 0.4000000060
53387  22.297  -1.621  -22.283 0.4000000060
53379  23.276  -2.477  -21.508 0.4000000060
54244  22.882  -1.312  -22.994 0.4000000060
54211  23.505  -1.723  -21.933 0.4000000060
51708  26.530  -4.881  -19.966 0.4000000060
51721  25.597  -4.066  -20.509 0.4000000060
53378  24.432  -2.513  -21.298 0.4000000060
54218  23.915  -1.222  -22.394 0.4000000060
54210  24.641  -1.680  -21.695 0.4000000060
51720  26.141  -4.316  -20.332 0.4000000060
52567  26.193  -3.529  -20.695 0.4000000060
52568  25.186  -3.365  -20.824 0.4000000060
54217  24.886  -0.973  -22.174 0.3000000119
53377  25.647  -2.531  -21.223 0.4000000060
52566  27.134  -3.400  -20.609 0.4000000060
53376  26.701  -2.731  -21.003 0.4000000060
110332  19.948  -26.306  -19.531 0.8000000119
33418  19.379  -25.681  -19.347 0.8999999762
33395  18.847  -26.569  -18.565 0.8999999762
32638  19.170  -26.679  -19.082 0.8999999762
32626  18.810  -27.335  -18.735 0.8999999762
104185  22.718  -26.090  -15.441 0.8999999762
34143  23.237  -24.886  -15.120 1.0000000000
32607  19.772  -27.248  -17.330 0.8999999762
34160  21.389  -25.871  -16.413 0.8999999762
34144  22.556  -25.286  -15.569 1.0000000000
33384  19.469  -26.507  -17.533 0.8999999762
33382  20.979  -26.665  -16.670 0.8999999762
103862  20.582  -25.809  -16.903 0.8999999762
34145  21.827  -25.174  -16.098 1.0000000000
34161  19.269  -25.831  -17.824 0.8999999762
34942  20.450  -24.223  -16.992 0.8999999762
106970  23.707  -4.671  -20.279 0.4000000060
52558  23.954  -4.094  -20.567 0.4000000060
51710  24.484  -4.823  -20.225 0.4000000060
114355  25.551  -5.654  -19.753 0.4000000060
28288  22.879  -32.423  -13.374 1.0000000000
27444  21.665  -33.423  -17.114 0.8000000119
28242  19.764  -32.373  -10.500 0.8999999762
29174  23.193  -31.807  -11.950 1.0000000000
28318  21.725  -32.726  -16.796 0.8000000119
103728  23.021  -30.046  -10.268 0.8999999762
30932  22.122  -29.774  -15.222 0.8999999762
30043  20.613  -30.291  -17.084 0.8000000119
30058  19.644  -30.118  -17.965 0.8000000119
31756  23.492  -28.771  -13.859 1.0000000000
31811  20.523  -28.879  -16.887 0.8999999762
30965  19.522  -29.421  -17.755 0.8000000119
32608  19.145  -27.150  -17.729 0.8999999762
31829  18.865  -27.829  -18.170 0.8000000119
31791  22.549  -27.991  -15.210 0.8999999762
33383  20.186  -26.568  -17.140 0.8999999762
31720  20.773  -28.635  -9.480 0.8999999762
34103  17.813  -25.483  -12.144 0.6000000238
34120  16.747  -25.299  -13.049 0.4000000060
105292  22.120  -25.974  -15.878 0.8999999762
108035  20.123  -27.420  -19.496 0.6999999881
34982  19.893  -24.475  -19.790 0.8000000119
33288  22.410  -26.452  -9.539 0.8999999762
34177  19.028  -25.760  -18.489 0.8999999762
33405  23.146  -26.510  -18.328 0.6000000238
34198  19.542  -25.020  -19.644 0.8999999762
34176  19.558  -25.123  -17.663 0.8999999762
36732  18.802  -22.668  -19.124 0.8999999762
37648  18.985  -22.195  -19.408 0.8999999762
35806  22.803  -23.633  -17.734 0.6999999881
35807  21.671  -23.544  -18.238 0.6999999881
34078  21.260  -25.366  -9.805 0.8000000119
34857  23.334  -25.215  -9.629 0.8999999762
36656  23.187  -22.826  -15.299 1.0000000000
97068  21.021  -24.911  -16.622 0.8999999762
35777  20.612  -23.426  -16.826 0.8999999762
35778  20.049  -23.588  -17.302 0.8999999762
100316  20.218  -25.044  -17.208 0.8999999762
36719  18.825  -22.624  -18.608 0.8999999762
35701  18.470  -23.150  -10.745 0.5000000000
37621  18.915  -21.914  -18.455 0.8999999762
35723  25.829  -23.495  -12.450 0.8999999762
38557  22.104  -20.299  -17.987 0.6999999881
99914  20.221  -19.968  -19.476 0.8000000119
36605  20.155  -23.262  -9.751 0.6000000238
103238  21.960  -23.063  -9.572 0.6000000238
36619  25.268  -23.000  -10.686 0.6999999881
36629  26.326  -22.083  -12.369 0.6999999881
37557  26.478  -21.446  -12.890 0.6999999881
38496  23.660  -20.781  -15.296 1.0000000000
38529  20.250  -20.373  -17.051 1.0000000000
40244  19.545  -18.917  -19.213 0.8999999762
36604  21.424  -22.372  -9.563 0.6000000238
36606  19.744  -22.642  -9.784 0.5000000000
37545  26.492  -21.374  -12.045 0.6999999881
39359  24.021  -20.031  -15.255 0.8999999762
95908  21.314  -20.882  -9.617 0.5000000000
39336  26.973  -19.875  -12.844 0.6999999881
38449  23.247  -20.628  -9.863 0.5000000000
39329  26.295  -19.906  -10.997 0.6999999881
40987  22.444  -17.370  -16.498 0.8999999762
41729  24.791  -16.396  -16.359 0.8000000119
41730  23.868  -16.428  -16.539 0.8000000119
43353  18.555  -14.637  -18.979 0.8999999762
94967  24.125  -20.062  -10.111 0.5000000000
39316  26.236  -19.044  -10.850 0.6999999881
101947  26.068  -15.823  -16.464 0.8000000119
41731  22.879  -16.444  -16.793 0.8999999762
109751  21.665  -15.436  -17.554 0.8999999762
43376  20.025  -14.475  -20.015 0.8000000119
43377  19.177  -14.482  -19.662 0.8000000119
42449  27.851  -15.849  -14.958 0.6999999881
44169  25.304  -13.426  -17.537 0.8000000119
44176  17.912  -12.722  -18.659 0.8999999762
101984  20.976  -12.202  -18.441 0.8999999762
42416  28.294  -15.148  -12.983 0.6000000238
46649  19.974  -10.992  -18.703 0.8999999762
48350  17.721  -8.409  -20.344 0.6999999881
108851  18.566  -9.319  -20.846 0.6000000238
102277  17.959  -7.812  -20.691 0.6000000238
48335  18.349  -7.797  -19.772 0.8000000119
50057  18.320  -6.246  -20.666 0.6000000238
49155  20.552  -7.670  -19.584 0.6999999881
49194  20.201  -6.915  -21.600 0.6000000238
50896  19.890  -4.057  -20.696 0.6000000238
50090  21.264  -5.850  -21.909 0.6000000238
51709  25.523  -4.882  -20.139 0.4000000060
52557  24.857  -4.130  -20.529 0.4000000060
51719  26.813  -4.140  -20.303 0.4000000060
54209  25.674  -1.569  -21.624 0.4000000060
32617  18.833  -27.077  -18.170 0.8999999762
21262  19.273  -40.308  -15.198 0.4000000060
21247  17.915  -40.400  -14.395 0.4000000060
22191  17.207  -39.756  -14.249 0.4000000060
22202  19.794  -39.724  -15.438 0.4000000060
22190  18.180  -39.639  -14.224 0.4000000060
23147  20.627  -38.434  -15.537 0.3000000119
22189  19.249  -39.609  -14.600 0.4000000060
24072  20.969  -37.770  -16.403 0.4000000060
98683  20.706  -38.069  -17.038 0.4000000060
24082  20.846  -37.431  -17.296 0.4000000060
25008  20.545  -36.163  -18.375 0.4000000060
23135  18.588  -38.986  -13.926 0.5000000000
23136  17.422  -38.869  -13.893 0.4000000060
23133  20.326  -38.511  -14.603 0.4000000060
23134  19.599  -38.864  -14.232 0.4000000060
24061  21.073  -37.629  -15.442 0.5000000000
24071  21.309  -37.003  -16.063 0.4000000060
24991  21.146  -37.041  -16.806 0.4000000060
24998  21.007  -36.533  -17.500 0.5000000000
25842  20.990  -35.629  -17.802 0.5000000000
25851  20.449  -35.170  -18.519 0.6000000238
114415  19.886  -35.146  -19.024 0.5000000000
25864  19.210  -35.095  -19.503 0.6000000238
26661  18.712  -34.227  -19.899 0.4000000060
23120  18.099  -38.268  -13.454 0.5000000000
23121  17.204  -37.961  -13.536 0.5000000000
114689  16.239  -37.816  -14.295 0.5000000000
24052  20.021  -38.265  -13.859 0.6000000238
23119  19.115  -38.394  -13.535 0.6000000238
24051  20.998  -37.530  -14.598 0.5000000000
24970  21.263  -36.936  -14.124 0.6000000238
24050  21.426  -36.836  -15.094 0.5000000000
24979  21.551  -36.222  -15.886 0.5000000000
24990  21.349  -36.392  -16.683 0.4000000060
25841  21.321  -35.880  -17.187 0.6000000238
26644  21.054  -34.873  -17.886 0.6000000238
26652  20.702  -34.142  -18.292 0.6000000238
27453  20.050  -33.662  -18.806 0.6000000238
100078  19.796  -32.902  -18.992 0.6000000238
26653  19.775  -34.445  -19.026 0.6000000238
27461  19.178  -33.581  -19.334 0.6000000238
97875  18.442  -33.436  -20.249 0.6000000238
112301  18.197  -32.248  -20.543 0.6000000238
24039  18.694  -37.772  -13.010 0.5000000000
24040  17.825  -37.487  -13.167 0.5000000000
24041  17.103  -37.157  -13.423 0.5000000000
102618  16.645  -36.854  -13.794 0.5000000000
24037  20.554  -37.550  -13.707 0.6000000238
24038  19.625  -37.794  -13.189 0.6000000238
108314  21.601  -36.345  -14.457 0.6000000238
24954  20.927  -36.803  -13.276 0.6000000238
106487  21.718  -35.981  -15.095 0.5000000000
24953  21.556  -36.279  -13.713 0.6000000238
25821  21.804  -35.461  -15.787 0.6000000238
26633  21.836  -34.773  -16.503 0.6000000238
27445  21.203  -33.402  -17.797 0.6000000238
27454  18.777  -32.679  -19.882 0.6000000238
28341  18.603  -31.855  -20.088 0.6999999881
24957  17.639  -36.686  -13.009 0.6000000238
24958  17.012  -36.320  -13.455 0.5000000000
98997  16.558  -36.108  -14.116 0.5000000000
24955  20.111  -37.180  -12.856 0.6000000238
24941  19.681  -36.730  -12.422 0.6000000238
24956  18.392  -37.052  -12.718 0.6000000238
25799  16.976  -35.346  -13.736 0.5000000000
25812  16.701  -35.079  -14.612 0.5000000000
24940  20.458  -36.508  -12.538 0.6000000238
98165  22.006  -35.367  -15.082 0.6000000238
29256  18.817  -31.200  -19.585 0.6999999881
24942  18.923  -36.548  -12.341 0.6000000238
24943  18.159  -36.345  -12.576 0.6000000238
25791  17.540  -35.684  -12.916 0.6000000238
25789  19.664  -36.024  -11.983 0.6000000238
25790  18.469  -35.599  -12.223 0.6000000238
26587  17.821  -34.791  -12.610 0.6000000238
26599  17.326  -34.662  -13.316 0.6000000238
26600  16.862  -34.402  -14.099 0.6000000238
25772  20.222  -35.309  -11.648 0.6000000238
26614  16.552  -34.159  -15.014 0.5000000000
25798  21.272  -36.131  -12.889 0.6000000238
96072  16.511  -33.836  -14.317 0.6000000238
110700  18.534  -30.690  -19.936 0.6999999881
26585  19.270  -35.108  -11.732 0.6000000238
26563  19.888  -34.596  -11.286 0.6000000238
26586  18.471  -34.630  -12.080 0.6000000238
97221  17.525  -34.128  -12.904 0.6000000238
27389  17.051  -33.819  -13.440 0.6000000238
26584  21.028  -35.298  -11.830 0.6000000238
25787  21.529  -35.456  -12.491 0.6000000238
26597  22.478  -34.179  -13.320 0.6000000238
30980  18.624  -29.522  -19.327 0.6999999881
110793  18.779  -28.362  -19.456 0.6999999881
26562  20.796  -34.754  -11.379 0.6000000238
110124  18.446  -33.964  -11.979 0.6999999881
105776  17.969  -34.044  -12.421 0.6999999881
26583  21.635  -34.823  -11.970 0.6000000238
103712  18.986  -27.730  -19.209 0.6999999881
26564  19.051  -34.280  -11.622 0.6999999881
27363  20.546  -34.004  -10.863 0.6999999881
27365  18.744  -33.512  -11.613 0.6999999881
27380  18.067  -33.409  -12.072 0.6999999881
27381  17.448  -33.456  -12.626 0.6000000238
28275  17.648  -32.807  -12.151 0.6999999881
28276  17.225  -32.240  -12.181 0.6000000238
95037  16.793  -33.149  -12.932 0.5000000000
33417  19.645  -26.204  -19.421 0.8000000119
111129  19.934  -33.309  -10.724 0.6999999881
28257  18.325  -32.695  -11.644 0.6999999881
28258  17.754  -32.215  -11.861 0.6999999881
28289  15.959  -32.884  -12.959 0.5000000000
29164  18.179  -31.720  -11.481 0.6999999881
29165  17.457  -31.602  -11.861 0.6000000238
29175  16.802  -31.603  -12.142 0.6000000238
44987  23.216  -12.855  -18.157 0.6999999881
108116  26.768  -14.854  -16.462 0.6999999881
43337  25.655  -14.308  -17.182 0.6999999881
95493  24.658  -12.807  -17.915 0.6999999881
42480  27.343  -15.044  -16.004 0.6000000238
44157  27.229  -14.312  -16.331 0.6000000238
44986  24.011  -12.333  -18.199 0.6999999881
45851  22.408  -11.588  -18.599 0.6999999881
43304  27.930  -14.335  -15.597 0.6000000238
98331  27.023  -13.590  -16.652 0.6000000238
44985  25.462  -12.507  -17.743 0.6999999881
44140  28.206  -13.440  -15.596 0.6000000238
45000  23.219  -11.948  -18.449 0.6999999881
45850  23.128  -11.109  -18.749 0.6999999881
113467  22.184  -10.183  -19.125 0.6999999881
109975  27.643  -13.725  -16.149 0.6000000238
44975  26.827  -12.744  -17.008 0.6000000238
45840  24.859  -11.991  -18.123 0.6999999881
46661  23.775  -10.501  -18.907 0.6999999881
47477  23.474  -9.761  -19.247 0.6999999881
44974  27.707  -12.930  -16.304 0.6000000238
111104  27.495  -12.206  -16.650 0.5000000000
44984  26.245  -12.190  -17.483 0.6000000238
103479  25.954  -10.966  -17.990 0.5000000000
46660  24.662  -10.509  -18.650 0.6999999881
105391  24.708  -9.162  -19.117 0.6999999881
104719  23.249  -9.116  -19.436 0.6999999881
54252  24.810  -0.554  -23.333 0.3000000119
55041  24.659  -0.553  -23.157 0.3000000119
54230  23.489  -1.122  -22.907 0.3000000119
100320  18.657  -40.186  -14.641 0.4000000060
21248  17.039  -40.608  -14.340 0.4000000060
114735  19.662  -40.091  -15.712 0.3000000119
21249  16.341  -39.960  -14.490 0.4000000060
22217  20.315  -39.174  -16.774 0.4000000060
22192  16.506  -39.103  -14.281 0.4000000060
23173  20.508  -38.583  -17.240 0.4000000060
24094  20.598  -37.156  -18.220 0.4000000060
108837  20.382  -37.428  -19.026 0.4000000060
25865  18.350  -34.869  -20.545 0.4000000060
23138  16.012  -38.439  -14.559 0.4000000060
26669  17.537  -33.853  -21.081 0.5000000000
24054  15.881  -37.669  -14.895 0.5000000000
28353  17.823  -31.797  -20.945 0.6000000238
24972  15.972  -36.880  -15.183 0.5000000000
24980  16.338  -35.924  -15.102 0.5000000000
25823  16.478  -35.136  -16.191 0.5000000000
104024  18.531  -30.670  -20.399 0.6000000238
25822  16.546  -34.691  -15.556 0.5000000000
26623  16.409  -33.726  -16.011 0.4000000060
30995  18.636  -29.400  -19.870 0.6999999881
27390  16.392  -33.427  -13.570 0.5000000000
31857  19.049  -28.255  -19.588 0.6999999881
32637  19.508  -27.273  -19.343 0.8000000119
32636  19.621  -28.154  -19.661 0.6999999881
28277  15.672  -32.152  -12.562 0.5000000000
29176  16.176  -31.639  -12.356 0.6000000238
40164  26.807  -18.490  -11.353 0.6000000238
44956  28.444  -12.677  -15.588 0.5000000000
45832  27.828  -11.417  -16.635 0.5000000000
45838  27.138  -11.036  -17.313 0.5000000000
108478  26.562  -10.794  -17.690 0.5000000000
47465  25.877  -9.694  -18.402 0.5000000000
103819  25.457  -9.070  -18.771 0.5000000000
49151  25.295  -7.703  -19.229 0.5000000000
55846  25.722  0.246  -23.493 0.3000000119
55053  25.319  0.148  -23.117 0.3000000119
55029  24.492  -0.654  -22.743 0.3000000119
99061  22.155  -34.890  -12.828 0.6000000238
111660  21.874  -35.586  -13.322 0.6000000238
25811  21.985  -35.662  -14.293 0.6000000238
28340  19.538  -31.960  -19.196 0.6999999881
30075  18.854  -30.390  -19.230 0.6999999881
31844  18.667  -28.122  -19.010 0.6999999881
105076  26.502  -14.293  -16.799 0.6999999881
46663  21.454  -10.469  -18.954 0.6999999881
49152  24.314  -7.791  -19.392 0.6000000238
31856  20.543  -28.230  -19.626 0.6999999881
23148  20.106  -39.159  -14.992 0.4000000060
22201  20.280  -39.180  -15.917 0.3000000119
110196  20.732  -38.034  -14.900 0.5000000000
23137  16.593  -38.310  -13.981 0.5000000000
25019  19.661  -36.521  -19.515 0.3000000119
103956  17.481  -34.630  -21.542 0.4000000060
23149  15.505  -38.407  -15.451 0.5000000000
104973  16.537  -32.388  -12.496 0.6000000238
44999  24.120  -11.371  -18.497 0.6999999881
46662  22.912  -10.339  -19.073 0.6999999881
44168  26.241  -13.563  -17.166 0.6999999881
111249  26.028  -12.906  -17.433 0.6999999881
45839  25.692  -11.708  -17.885 0.6999999881
111476  27.011  -11.843  -17.157 0.5000000000
102285  26.438  -11.419  -17.585 0.6000000238
45849  25.154  -11.171  -18.309 0.6999999881
47476  24.301  -9.840  -19.073 0.6999999881
48318  23.942  -9.157  -19.323 0.6999999881
44973  28.196  -12.146  -16.150 0.5000000000
46659  25.512  -10.403  -18.371 0.5000000000
47475  25.090  -9.775  -18.724 0.5000000000
48317  25.005  -8.463  -19.179 0.5000000000
109440  24.313  -8.594  -19.321 0.6999999881
102880  28.707  -12.037  -15.490 0.5000000000
46647  26.995  -10.297  -17.602 0.5000000000
47464  26.644  -9.633  -18.006 0.5000000000
48316  25.783  -8.350  -18.822 0.5000000000
31874  19.125  -28.767  -20.059 0.6000000238
105662  22.017  -27.850  -18.910 0.5000000000
31872  21.043  -28.953  -19.839 0.6000000238
32635  21.027  -27.659  -19.319 0.6000000238
32633  24.000  -27.698  -19.541 0.5000000000
33415  22.572  -27.233  -18.598 0.5000000000
104004  21.378  -27.112  -18.913 0.6000000238
30893  15.879  -29.350  -12.892 0.5000000000
98062  20.576  -26.140  -19.225 0.6000000238
95422  24.573  -25.907  -19.628 0.5000000000
33414  23.647  -27.124  -18.847 0.5000000000
97526  15.303  -28.842  -13.452 0.4000000060
31759  15.448  -28.005  -13.676 0.4000000060
33404  24.103  -26.292  -18.751 0.5000000000
34194  24.648  -25.193  -20.337 0.5000000000
109781  24.631  -25.071  -19.415 0.5000000000
32551  15.795  -27.255  -13.605 0.4000000060
34979  24.658  -24.417  -19.907 0.5000000000
33338  15.405  -26.531  -14.177 0.4000000060
35715  17.756  -23.356  -11.498 0.4000000060
35724  17.121  -23.541  -12.200 0.4000000060
95909  22.207  -20.764  -9.704 0.4000000060
36607  19.050  -22.425  -10.111 0.4000000060
95106  21.619  -20.090  -9.756 0.4000000060
37527  18.891  -21.508  -10.183 0.4000000060
36621  17.953  -22.641  -11.201 0.4000000060
38453  18.689  -20.597  -10.412 0.4000000060
36620  18.384  -22.161  -10.690 0.4000000060
36631  17.264  -22.582  -11.693 0.4000000060
37525  20.880  -21.667  -9.583 0.4000000060
38451  20.409  -20.910  -9.631 0.4000000060
37526  19.816  -21.776  -9.720 0.4000000060
38450  22.466  -19.904  -9.905 0.4000000060
95105  20.890  -20.283  -9.667 0.4000000060
39322  20.137  -20.055  -9.753 0.4000000060
38452  19.476  -20.767  -9.858 0.4000000060
39323  19.206  -19.738  -10.110 0.4000000060
104382  17.796  -21.929  -11.247 0.4000000060
40161  18.749  -19.005  -10.652 0.4000000060
101504  17.892  -19.899  -11.307 0.4000000060
101601  17.241  -21.744  -11.654 0.4000000060
39318  24.951  -19.509  -10.317 0.4000000060
39320  21.850  -19.248  -10.023 0.4000000060
40158  21.262  -18.638  -10.142 0.4000000060
114690  20.588  -18.772  -10.061 0.4000000060
39317  25.739  -19.473  -10.592 0.5000000000
40155  24.640  -18.587  -10.462 0.4000000060
96873  23.978  -19.110  -10.285 0.4000000060
40156  23.141  -18.687  -10.329 0.4000000060
97160  20.713  -18.246  -10.233 0.4000000060
40159  20.020  -19.191  -9.949 0.4000000060
40160  19.403  -18.875  -10.273 0.4000000060
40921  19.151  -18.158  -10.689 0.4000000060
39324  18.423  -19.803  -10.769 0.4000000060
40165  25.967  -18.264  -10.813 0.5000000000
101185  23.821  -18.217  -10.498 0.4000000060
114608  23.066  -17.795  -10.548 0.4000000060
40157  22.181  -18.250  -10.331 0.4000000060
99087  19.991  -18.338  -10.242 0.4000000060
40915  25.188  -18.186  -10.636 0.5000000000
114637  23.689  -17.476  -10.727 0.4000000060
40917  22.456  -17.289  -10.646 0.4000000060
114342  21.796  -17.393  -10.556 0.4000000060
114545  25.450  -17.004  -11.104 0.4000000060
40929  24.024  -16.822  -11.051 0.4000000060
41646  23.110  -16.928  -10.842 0.4000000060
41647  22.001  -16.645  -10.793 0.4000000060
41654  24.881  -16.381  -11.301 0.4000000060
42404  24.524  -15.525  -11.585 0.4000000060
110912  24.196  -14.880  -11.812 0.4000000060
42405  23.586  -15.347  -11.552 0.4000000060
43236  22.722  -14.735  -11.665 0.4000000060
40936  27.340  -17.344  -11.774 0.5000000000
100058  26.663  -16.097  -11.573 0.5000000000
42403  25.639  -15.646  -11.600 0.4000000060
107814  24.374  -14.238  -12.074 0.4000000060
43235  23.607  -14.451  -11.880 0.4000000060
43250  22.998  -13.869  -12.064 0.3000000119
41667  27.809  -16.697  -12.429 0.5000000000
110449  24.048  -16.040  -11.324 0.4000000060
41655  23.354  -16.164  -11.169 0.4000000060
41656  22.073  -15.874  -11.128 0.4000000060
42406  22.756  -15.613  -11.325 0.4000000060
42418  27.473  -15.755  -11.968 0.5000000000
109492  26.608  -15.324  -11.769 0.5000000000
43234  24.960  -14.854  -11.894 0.4000000060
43249  23.762  -13.734  -12.238 0.3000000119
43268  28.260  -14.345  -12.955 0.5000000000
96694  27.176  -14.882  -12.007 0.5000000000
108676  25.891  -14.805  -11.939 0.4000000060
43248  25.290  -14.035  -12.216 0.4000000060
44081  24.480  -13.541  -12.406 0.4000000060
44083  23.255  -13.288  -12.413 0.3000000119
44084  22.462  -13.159  -12.384 0.3000000119
42417  27.893  -15.031  -12.436 0.5000000000
43267  28.521  -14.112  -13.886 0.5000000000
44079  26.933  -13.489  -12.475 0.3000000119
44080  25.907  -13.395  -12.504 0.4000000060
114589  25.094  -13.295  -12.547 0.4000000060
44082  23.865  -13.087  -12.566 0.3000000119
44899  22.411  -12.388  -12.656 0.3000000119
44101  27.799  -13.537  -12.709 0.3000000119
111111  28.351  -13.497  -13.322 0.4000000060
44118  28.653  -13.348  -14.090 0.4000000060
43303  28.482  -13.846  -14.791 0.4000000060
44895  26.446  -12.726  -12.720 0.3000000119
98640  24.557  -12.889  -12.689 0.3000000119
44897  24.005  -12.412  -12.763 0.3000000119
44898  23.187  -12.582  -12.666 0.3000000119
45770  21.901  -11.757  -12.860 0.3000000119
45771  20.901  -11.976  -12.635 0.3000000119
44894  27.301  -12.941  -12.740 0.3000000119
45769  22.773  -11.844  -12.906 0.3000000119
111208  21.212  -11.275  -13.040 0.3000000119
44936  28.827  -12.647  -14.206 0.3000000119
99261  28.900  -12.341  -14.882 0.4000000060
45831  28.679  -11.467  -15.860 0.4000000060
101654  28.543  -10.859  -16.307 0.4000000060
46639  27.887  -10.437  -17.005 0.4000000060
46648  26.274  -10.297  -18.028 0.4000000060
44918  27.277  -12.158  -12.956 0.3000000119
44917  27.986  -12.829  -12.974 0.3000000119
44916  28.705  -12.251  -13.731 0.3000000119
45817  29.191  -11.510  -14.943 0.3000000119
46621  29.253  -10.695  -15.567 0.3000000119
46638  28.884  -10.177  -16.400 0.4000000060
47453  28.394  -9.614  -17.085 0.4000000060
47463  27.453  -9.636  -17.552 0.4000000060
48305  27.043  -8.937  -18.032 0.4000000060
48306  26.230  -8.990  -18.419 0.4000000060
110313  28.211  -12.187  -13.303 0.3000000119
46637  29.532  -9.844  -15.753 0.3000000119
47452  29.259  -9.411  -16.532 0.3000000119
48295  28.839  -8.933  -17.248 0.4000000060
48303  28.354  -8.431  -17.717 0.4000000060
48314  27.586  -8.193  -18.193 0.4000000060
102869  27.864  -7.300  -18.511 0.4000000060
102796  26.977  -7.492  -18.673 0.4000000060
50032  25.674  -6.938  -19.324 0.4000000060
50033  24.795  -6.974  -19.480 0.5000000000
47441  29.738  -9.389  -15.080 0.3000000119
48294  29.598  -8.653  -16.708 0.3000000119
48302  29.121  -8.245  -17.470 0.4000000060
49143  28.480  -7.826  -18.041 0.4000000060
112206  27.289  -6.723  -18.927 0.4000000060
50044  26.092  -6.141  -19.469 0.3000000119
50045  25.216  -6.254  -19.608 0.3000000119
50886  26.100  -5.429  -19.759 0.3000000119
97851  29.859  -8.686  -15.227 0.3000000119
49131  30.319  -7.499  -16.251 0.3000000119
49132  30.006  -7.894  -17.025 0.3000000119
49142  29.324  -7.580  -17.802 0.3000000119
49148  29.599  -6.956  -18.133 0.3000000119
50029  29.192  -6.387  -18.601 0.3000000119
50874  28.070  -5.686  -19.228 0.3000000119
111971  26.828  -6.269  -19.267 0.3000000119
50885  26.798  -5.572  -19.549 0.3000000119
50884  27.564  -5.224  -19.544 0.3000000119
49116  30.220  -7.398  -15.441 0.3000000119
50020  30.226  -6.716  -17.698 0.3000000119
50028  29.932  -6.382  -18.302 0.3000000119
50872  29.808  -5.644  -18.713 0.3000000119
50873  28.812  -5.714  -19.057 0.3000000119
50883  28.401  -5.079  -19.426 0.3000000119
51706  28.818  -4.370  -19.714 0.3000000119
51707  27.251  -4.643  -19.917 0.3000000119
112287  28.595  -3.175  -20.410 0.3000000119
40926  26.398  -17.475  -11.155 0.5000000000
31011  18.851  -29.375  -20.192 0.6000000238
31010  19.443  -29.409  -20.372 0.5000000000
31873  19.949  -28.786  -20.106 0.5000000000
31871  22.320  -29.055  -19.677 0.5000000000
31008  21.555  -29.634  -20.208 0.5000000000
33427  24.624  -26.519  -20.351 0.5000000000
31853  24.276  -28.133  -20.235 0.5000000000
111285  22.501  -28.376  -19.246 0.5000000000
97905  17.087  -30.920  -11.887 0.6000000238
29987  16.368  -30.811  -12.204 0.6000000238
29986  16.920  -30.280  -12.012 0.6000000238
29988  15.696  -30.240  -12.563 0.5000000000
114003  15.009  -30.580  -12.665 0.5000000000
30903  14.987  -29.741  -13.159 0.5000000000
109071  14.544  -29.032  -13.781 0.4000000060
31760  14.781  -28.382  -13.964 0.4000000060
32572  15.202  -27.349  -14.199 0.4000000060
33356  14.994  -26.838  -14.821 0.4000000060
35737  15.844  -23.850  -13.515 0.3000000119
100385  16.434  -23.247  -12.822 0.3000000119
36632  16.739  -22.744  -12.325 0.4000000060
38460  17.494  -20.412  -11.609 0.4000000060
94980  16.771  -21.967  -12.158 0.4000000060
40918  21.245  -17.845  -10.372 0.4000000060
40167  17.823  -18.112  -11.577 0.4000000060
40919  20.462  -17.643  -10.470 0.4000000060
40920  19.765  -17.639  -10.600 0.4000000060
41648  21.077  -16.954  -10.686 0.4000000060
40930  19.214  -17.250  -10.953 0.4000000060
43251  22.133  -13.953  -11.900 0.4000000060
107145  22.171  -15.260  -11.410 0.4000000060
44900  21.687  -12.588  -12.517 0.3000000119
44901  20.875  -12.850  -12.365 0.3000000119
111453  24.687  -25.901  -20.810 0.5000000000
34900  15.477  -24.691  -13.971 0.4000000060
39330  17.418  -19.652  -11.753 0.4000000060
103072  18.021  -19.107  -11.304 0.4000000060
41649  20.050  -16.857  -10.813 0.4000000060
33406  21.839  -26.493  -18.464 0.5000000000
39319  23.252  -19.589  -10.100 0.4000000060
41666  28.097  -15.805  -12.695 0.5000000000
49150  26.135  -7.611  -18.942 0.4000000060
48315  26.607  -8.262  -18.496 0.4000000060
31855  21.586  -28.366  -19.399 0.6000000238
31854  23.429  -28.513  -19.666 0.5000000000
32651  24.595  -27.318  -20.565 0.5000000000
37533  18.260  -21.302  -10.846 0.4000000060
38459  18.088  -20.520  -11.084 0.4000000060
37534  17.647  -21.151  -11.402 0.4000000060
40154  25.475  -18.847  -10.564 0.5000000000
40916  24.486  -17.691  -10.724 0.4000000060
110848  22.645  -16.315  -10.994 0.4000000060
41668  27.272  -16.532  -11.759 0.5000000000
41653  25.966  -16.550  -11.304 0.5000000000
99630  26.762  -16.789  -11.437 0.5000000000
43246  27.508  -14.240  -12.380 0.5000000000
43247  26.464  -14.220  -12.179 0.4000000060
44100  28.496  -12.800  -13.572 0.3000000119
45807  29.056  -11.957  -14.196 0.3000000119
95973  29.775  -9.063  -15.874 0.3000000119
50030  28.187  -6.411  -18.836 0.3000000119
50031  26.504  -6.878  -19.120 0.4000000060
48284  30.116  -8.220  -15.919 0.3000000119
109917  29.946  -7.285  -17.550 0.3000000119
109810  28.360  -3.829  -20.154 0.3000000119
40931  18.542  -17.679  -11.211 0.4000000060
27407  16.117  -33.508  -15.373 0.4000000060
98360  16.093  -33.557  -14.329 0.4000000060
27408  15.614  -33.459  -14.801 0.4000000060
27391  15.471  -33.295  -13.609 0.3000000119
28290  14.964  -32.641  -12.896 0.3000000119
98697  17.869  -32.615  -21.426 0.5000000000
28278  14.987  -31.894  -12.563 0.5000000000
101291  18.070  -31.728  -21.172 0.5000000000
30121  19.141  -30.721  -20.945 0.5000000000
28363  18.619  -31.953  -21.520 0.5000000000
29177  15.488  -31.229  -12.435 0.5000000000
30122  18.655  -30.693  -20.704 0.5000000000
29287  19.284  -31.391  -21.284 0.5000000000
30120  20.230  -30.928  -20.944 0.3000000119
30104  18.996  -30.051  -20.553 0.5000000000
30103  19.827  -30.121  -20.678 0.4000000060
30119  21.464  -30.913  -20.724 0.3000000119
30102  20.936  -30.227  -20.571 0.3000000119
30118  22.479  -30.956  -20.769 0.3000000119
31006  23.876  -29.583  -20.863 0.3000000119
31023  23.128  -30.333  -20.751 0.3000000119
30101  22.061  -30.303  -20.512 0.4000000060
31009  20.437  -29.497  -20.355 0.4000000060
112313  14.050  -29.100  -14.091 0.3000000119
31869  24.652  -28.062  -21.178 0.4000000060
31870  24.132  -28.776  -20.542 0.4000000060
31007  22.747  -29.765  -20.263 0.4000000060
31780  14.538  -28.080  -14.520 0.3000000119
34132  15.366  -25.574  -14.577 0.3000000119
37546  16.988  -21.066  -11.992 0.3000000119
37547  16.485  -21.338  -12.670 0.3000000119
38470  16.977  -20.206  -12.162 0.3000000119
38471  16.662  -20.656  -12.570 0.3000000119
39337  16.906  -19.438  -12.352 0.3000000119
41659  18.546  -16.847  -11.350 0.3000000119
40932  18.007  -17.307  -11.523 0.3000000119
40937  17.405  -17.341  -11.925 0.3000000119
40938  16.719  -17.374  -12.582 0.3000000119
41657  21.344  -16.107  -11.012 0.3000000119
41658  20.642  -16.278  -10.970 0.3000000119
95879  19.274  -16.400  -11.218 0.3000000119
42407  21.512  -15.388  -11.322 0.3000000119
42408  20.740  -15.589  -11.247 0.3000000119
43239  19.992  -15.041  -11.463 0.3000000119
105482  19.345  -15.631  -11.379 0.3000000119
42410  18.476  -15.867  -11.521 0.3000000119
43254  19.538  -14.232  -11.724 0.3000000119
43240  18.993  -14.968  -11.556 0.3000000119
43237  21.793  -14.694  -11.582 0.3000000119
43238  20.950  -14.815  -11.496 0.3000000119
43253  20.408  -14.200  -11.700 0.3000000119
96891  17.355  -33.312  -21.641 0.5000000000
108499  23.367  -29.217  -20.089 0.4000000060
32573  14.667  -27.455  -14.849 0.3000000119
42409  20.005  -15.947  -11.165 0.3000000119
29178  14.631  -31.275  -12.617 0.3000000119
30000  14.309  -30.501  -12.976 0.3000000119
30904  13.979  -29.690  -13.644 0.3000000119
103343  15.107  -38.785  -16.231 0.4000000060
23159  15.306  -37.898  -16.597 0.4000000060
114384  15.487  -37.188  -17.336 0.4000000060
24999  15.859  -35.993  -17.664 0.3000000119
24062  15.686  -37.344  -15.770 0.4000000060
24073  15.753  -36.750  -16.698 0.4000000060
24992  16.298  -35.475  -16.941 0.4000000060
105988  18.932  -35.882  -20.010 0.3000000119
24981  15.999  -36.282  -15.941 0.4000000060
25843  16.569  -34.357  -17.813 0.3000000119
26634  16.653  -33.166  -16.945 0.3000000119
27432  15.916  -31.983  -16.733 0.3000000119
26646  16.053  -32.419  -17.872 0.3000000119
27433  15.333  -32.412  -16.510 0.3000000119
25833  16.603  -34.180  -16.412 0.4000000060
27420  16.204  -32.681  -16.521 0.3000000119
27421  15.734  -32.898  -16.110 0.3000000119
22243  14.948  -38.769  -17.096 0.4000000060
27422  15.106  -33.433  -15.404 0.3000000119
22193  15.772  -39.254  -14.819 0.3000000119
21263  16.236  -40.813  -14.590 0.4000000060
21281  19.549  -40.489  -15.965 0.3000000119
23158  20.590  -38.550  -16.496 0.4000000060
24024  19.237  -37.246  -12.645 0.6000000238
24053  16.617  -37.544  -13.834 0.5000000000
24109  20.270  -36.735  -19.030 0.4000000060
24971  16.273  -37.006  -14.411 0.5000000000
25018  19.884  -35.831  -19.109 0.5000000000
25788  20.743  -35.853  -12.150 0.6000000238
25832  21.577  -35.649  -16.569 0.4000000060
25834  16.712  -34.173  -17.113 0.3000000119
26635  16.775  -33.055  -17.732 0.3000000119
26643  21.436  -35.180  -17.262 0.6000000238
26645  16.357  -32.143  -17.228 0.3000000119
27362  22.157  -33.504  -11.395 0.8999999762
27364  19.534  -33.809  -11.143 0.6999999881
27382  17.151  -32.806  -12.507 0.5000000000
27406  22.608  -33.560  -13.914 0.8000000119
27446  15.601  -31.947  -17.217 0.3000000119
27467  17.624  -32.739  -20.957 0.6000000238
28255  21.806  -33.024  -10.685 0.8999999762
28312  22.060  -32.664  -16.088 0.8000000119
29163  18.877  -31.551  -10.860 0.8000000119
29266  18.376  -31.188  -20.404 0.6999999881
29275  18.256  -31.223  -20.863 0.5000000000
29288  18.543  -31.250  -21.142 0.5000000000
29958  19.781  -30.615  -9.943 0.8999999762
30074  19.472  -30.441  -18.459 0.8000000119
30089  18.555  -30.093  -19.895 0.6999999881
30105  18.691  -30.044  -20.272 0.5000000000
30858  22.744  -29.492  -9.843 0.8999999762
30859  21.928  -29.554  -9.526 0.8999999762
30920  14.181  -28.628  -14.485 0.3000000119
30964  20.218  -29.555  -17.158 0.8000000119
31719  21.487  -28.960  -9.444 0.8999999762
31758  16.131  -27.805  -13.290 0.5000000000
31779  14.896  -27.857  -14.203 0.4000000060
31812  20.037  -28.135  -17.186 0.8999999762
31875  18.768  -28.808  -19.822 0.6999999881
32536  17.793  -26.808  -12.159 0.6999999881
32588  22.694  -27.292  -15.305 0.8999999762
32634  23.083  -27.870  -19.002 0.5000000000
33336  17.023  -25.822  -12.847 0.6000000238
33355  23.137  -26.705  -15.032 0.8999999762
33368  22.444  -26.708  -15.612 0.8999999762
33385  19.001  -26.486  -17.984 0.8999999762
33407  19.043  -25.979  -18.955 0.8999999762
33413  24.337  -26.841  -19.533 0.5000000000
33416  20.516  -26.936  -19.306 0.6000000238
34187  24.348  -25.380  -18.751 0.6000000238
34189  22.382  -25.806  -18.099 0.6000000238
34884  16.930  -24.773  -12.814 0.4000000060
34899  16.338  -24.679  -13.271 0.4000000060
34961  19.061  -24.838  -18.633 0.8999999762
34980  20.631  -24.948  -19.400 0.8000000119
35698  22.528  -23.735  -9.622 0.6999999881
35745  23.564  -23.641  -14.952 1.0000000000
35762  22.131  -23.500  -15.821 1.0000000000
35818  20.741  -23.504  -19.107 0.8000000119
35821  18.922  -23.214  -19.274 0.8999999762
36689  20.655  -22.607  -16.712 0.8999999762
36707  19.081  -22.527  -18.109 0.8999999762
36715  24.296  -23.021  -18.394 0.6000000238
36718  21.291  -22.722  -18.585 0.6999999881
36731  19.288  -22.681  -19.564 0.8999999762
36739  19.011  -22.781  -19.429 0.8999999762
37568  25.737  -21.711  -14.182 0.8000000119
38513  22.325  -20.160  -15.687 1.0000000000
38556  23.222  -19.988  -17.807 0.6999999881
39321  20.920  -19.463  -9.853 0.4000000060
39387  21.273  -19.681  -16.369 1.0000000000
39388  20.615  -19.703  -16.765 1.0000000000
39418  23.445  -19.383  -18.094 0.6999999881
39435  19.626  -19.278  -19.368 0.8999999762
40166  18.464  -18.411  -11.102 0.4000000060
40199  25.382  -18.328  -15.334 0.8000000119
40927  25.375  -17.602  -10.869 0.5000000000
40928  24.800  -17.090  -11.028 0.4000000060
40965  26.633  -17.479  -15.327 0.8000000119
41032  23.889  -16.794  -18.929 0.6000000238
41679  28.277  -15.669  -13.543 0.6999999881
41693  28.061  -16.144  -14.282 0.6999999881
41770  22.530  -15.984  -19.273 0.6000000238
42485  22.862  -15.690  -17.195 0.8999999762
42503  20.299  -15.469  -17.950 1.0000000000
42519  18.780  -15.352  -18.992 0.8999999762
42538  18.792  -15.049  -19.118 0.8999999762
43342  18.849  -14.905  -18.751 0.8999999762
43378  18.628  -14.299  -19.353 0.8999999762
44174  19.123  -13.515  -18.441 0.8999999762
44175  18.281  -13.387  -18.676 0.8999999762
44184  17.613  -12.823  -18.855 0.8000000119
44189  18.157  -13.631  -19.170 0.8000000119
44200  18.583  -13.593  -19.605 0.8000000119
44989  20.722  -12.951  -18.333 0.8999999762
44991  19.103  -12.269  -18.440 0.8999999762
44992  18.165  -12.239  -18.559 0.8999999762
45001  22.408  -12.372  -18.374 0.8000000119
45002  17.252  -12.280  -18.970 0.8000000119
45008  17.318  -12.390  -19.153 0.8000000119
45016  20.852  -12.742  -20.517 0.6000000238
45844  18.467  -11.631  -18.581 0.8999999762
45853  17.311  -11.557  -18.942 0.8000000119
46651  17.791  -11.099  -18.819 0.8999999762
46674  17.453  -11.002  -19.371 0.8000000119
47478  22.576  -9.527  -19.343 0.8000000119
47491  17.764  -9.224  -19.975 0.8000000119
47522  18.206  -8.547  -20.764 0.6000000238
48304  27.908  -8.956  -17.632 0.4000000060
49149  28.788  -7.117  -18.389 0.4000000060
49154  22.425  -7.285  -19.606 0.6000000238
50036  22.028  -6.409  -19.709 0.6000000238
50043  27.452  -5.988  -19.234 0.3000000119
50047  20.797  -5.833  -19.963 0.6000000238
50048  19.418  -5.475  -20.351 0.6000000238
50092  19.265  -6.150  -21.418 0.6000000238
50897  19.399  -4.501  -20.812 0.6000000238
51723  19.920  -3.481  -21.155 0.6000000238
51734  19.730  -3.640  -21.633 0.6000000238
52556  27.580  -3.984  -20.234 0.4000000060
54231  22.380  -1.306  -22.806 0.4000000060
55054  25.174  -0.139  -23.286 0.3000000119
94927  18.611  -28.798  -19.437 0.6999999881
94976  21.060  -14.972  -17.831 0.8999999762
95568  22.580  -19.138  -10.146 0.4000000060
96228  21.663  -11.262  -18.675 0.8000000119
96825  28.652  -13.068  -14.864 0.4000000060
98709  19.095  -13.131  -19.998 0.6999999881
100068  19.846  -25.817  -17.385 0.8999999762
100397  24.630  -12.320  -12.863 0.3000000119
101582  20.889  -9.819  -19.185 0.8000000119
101708  24.662  -21.958  -19.679 0.6000000238
102290  22.298  -10.831  -18.852 0.6999999881
104090  27.981  -4.516  -19.801 0.3000000119
104358  19.423  -31.850  -21.493 0.5000000000
104938  20.590  -37.962  -17.712 0.4000000060
105130  22.155  -24.322  -17.950 0.6999999881
106199  25.373  -21.162  -14.544 0.8000000119
106439  18.829  -32.263  -11.116 0.6999999881
106707  21.521  -28.306  -9.443 0.8999999762
107822  20.815  -15.297  -19.841 0.6999999881
108656  18.978  -24.559  -19.225 0.8999999762
109325  19.215  -25.212  -18.134 0.8999999762
109646  20.984  -19.165  -16.586 1.0000000000
111057  22.502  -22.963  -15.603 1.0000000000
111078  23.974  -13.011  -18.019 0.8000000119
111367  22.144  -34.077  -16.012 0.8000000119
112431  20.072  -13.784  -20.157 0.8000000119
112541  20.018  -18.302  -17.834 1.0000000000
112754  18.728  -27.790  -11.144 0.8000000119
113028  20.537  -37.991  -14.325 0.5000000000
113286  26.534  -14.799  -11.953 0.4000000060
113335  27.094  -17.902  -11.516 0.6000000238
113504  25.180  -0.275  -23.396 0.3000000119
113805  22.559  -16.772  -10.809 0.4000000060
113916  22.403  -16.909  -18.890 0.6999999881
114369  21.422  -31.667  -16.772 0.8000000119
114502  20.932  -8.422  -21.570 0.6000000238
114526  27.039  -5.087  -19.739 0.3000000119
114574  20.088  -3.403  -22.063 0.6000000238
114629  23.780  -20.509  -18.026 0.6000000238
114645  23.134  -26.065  -9.567 0.8999999762
