#!ascii label  , from subject sub-v1s12x0050136_ses-1 vox2ras=TkReg
850
62108  -16.577  -9.983  -33.160 0.4285714328
62767  -17.084  -8.833  -33.784 0.2857142985
109245  -17.090  -9.658  -33.569 0.4285714328
61479  -17.973  -10.919  -34.174 0.4285714328
61496  -18.752  -10.754  -34.374 0.4285714328
62782  -17.492  -8.512  -34.297 0.2857142985
61497  -20.408  -11.497  -33.695 0.4285714328
62795  -18.634  -8.524  -34.674 0.4285714328
62783  -19.218  -9.150  -34.557 0.4285714328
62796  -19.053  -7.824  -34.771 0.4285714328
63553  -19.913  -7.865  -34.555 0.4285714328
64381  -19.677  -6.307  -34.647 0.5714285970
107147  -20.190  -6.914  -34.452 0.5714285970
116837  -20.664  -8.378  -34.355 0.4285714328
62786  -21.399  -8.679  -34.206 0.2857142985
63554  -20.750  -7.523  -34.264 0.7142857313
63555  -21.232  -7.992  -34.148 0.7142857313
127751  -22.068  -7.600  -33.862 0.7142857313
123753  -22.958  -8.224  -32.431 0.4285714328
63539  -21.570  -7.332  -33.979 0.7142857313
62768  -21.831  -8.053  -33.994 0.5714285970
111829  -23.177  -7.788  -32.328 0.5714285970
64363  -21.791  -6.421  -33.861 0.5714285970
63540  -23.032  -7.233  -32.622 0.5714285970
123148  -23.260  -6.837  -32.598 0.5714285970
63541  -23.622  -8.184  -32.242 0.4285714328
107732  -24.693  -7.087  -32.890 0.5714285970
107731  -25.194  -7.142  -33.080 0.5714285970
107610  -23.678  -5.911  -32.435 0.7142857313
64365  -24.837  -6.296  -32.781 0.7142857313
120320  -24.037  -6.385  -32.232 0.5714285970
112308  -22.373  -4.702  -33.731 0.5714285970
107735  -24.935  -5.618  -32.577 0.8571428657
64366  -25.431  -6.286  -33.055 0.7142857313
63542  -26.125  -7.060  -33.128 0.5714285970
110884  -23.727  -5.403  -32.480 0.5714285970
107705  -26.272  -5.933  -32.997 0.7142857313
125186  -25.374  -5.564  -32.716 0.7142857313
107132  -27.314  -5.859  -32.655 0.5714285970
64367  -26.776  -6.666  -33.097 0.5714285970
65167  -26.131  -5.217  -32.672 0.7142857313
65169  -27.797  -5.428  -32.069 0.7142857313
65915  -26.476  -4.835  -32.291 0.7142857313
65168  -26.948  -5.359  -32.331 0.7142857313
65170  -28.252  -5.313  -32.441 0.7142857313
64383  -28.117  -5.853  -32.822 0.5714285970
65916  -27.460  -4.996  -31.755 0.7142857313
65914  -25.634  -4.838  -32.602 0.5714285970
65918  -28.767  -4.617  -33.201 0.5714285970
65171  -29.493  -5.058  -33.433 0.5714285970
65917  -28.118  -4.911  -31.976 0.8571428657
66625  -30.064  -3.345  -33.419 0.8571428657
65919  -29.732  -4.265  -33.459 0.5714285970
66624  -29.091  -3.674  -33.318 0.8571428657
67351  -28.764  -3.258  -32.990 0.8571428657
66622  -27.906  -4.490  -31.660 0.8571428657
66623  -28.458  -4.146  -32.486 0.8571428657
67353  -30.460  -1.927  -33.358 0.8571428657
67354  -31.335  -2.119  -33.561 0.8571428657
68143  -31.757  -1.434  -33.700 0.8571428657
67352  -29.274  -2.879  -33.248 0.8571428657
68141  -30.232  -1.146  -33.110 1.0000000000
68142  -30.971  -1.339  -33.460 1.0000000000
118244  -29.915  -2.489  -33.301 0.8571428657
68938  -31.390  -0.772  -33.595 1.0000000000
69745  -31.419  -0.010  -33.588 1.0000000000
116696  -31.863  0.769  -33.745 0.7142857313
68937  -30.787  -0.558  -33.292 1.0000000000
71866  -34.349  3.367  -35.743 1.0000000000
71865  -33.690  3.510  -35.133 0.8571428657
118694  -34.761  4.874  -35.481 0.8571428657
72550  -34.242  4.168  -35.523 1.0000000000
75251  -38.323  8.913  -37.318 0.8571428657
73893  -36.955  6.703  -36.065 0.8571428657
77378  -39.388  12.113  -39.071 0.8571428657
77373  -39.433  11.205  -38.785 0.8571428657
78714  -38.877  13.697  -40.761 0.7142857313
77372  -38.940  11.825  -38.177 0.5714285970
79420  -37.707  14.907  -40.699 0.7142857313
79431  -37.654  14.806  -41.570 0.5714285970
80107  -36.857  15.427  -39.851 0.5714285970
78706  -38.410  13.204  -39.015 0.5714285970
80768  -32.893  15.910  -41.134 0.4285714328
113973  -32.958  15.800  -41.638 0.4285714328
108429  -33.106  16.543  -39.862 0.2857142985
80752  -32.428  17.061  -39.531 0.2857142985
120362  -31.716  17.371  -39.527 0.2857142985
113926  -17.713  -9.304  -34.111 0.2857142985
66626  -30.772  -2.722  -33.472 0.8571428657
127309  -32.711  1.476  -34.397 0.8571428657
81377  -30.705  18.021  -37.670 0.1428571492
62781  -16.900  -8.101  -34.006 0.2857142985
62793  -17.337  -7.787  -34.496 0.2857142985
62124  -18.465  -9.318  -34.431 0.2857142985
61498  -20.857  -11.195  -33.536 0.4285714328
118556  -18.410  -7.832  -34.829 0.2857142985
62127  -20.762  -9.364  -34.422 0.4285714328
63574  -19.421  -7.092  -34.731 0.5714285970
64382  -20.403  -6.037  -34.343 0.2857142985
63538  -20.975  -6.660  -34.136 0.7142857313
65165  -22.035  -5.532  -33.787 0.5714285970
62771  -25.114  -8.761  -33.121 0.4285714328
65166  -22.925  -5.573  -33.028 0.7142857313
113089  -24.901  -7.785  -33.056 0.4285714328
65913  -23.316  -4.661  -33.022 0.5714285970
64368  -27.662  -6.689  -33.102 0.5714285970
110842  -24.085  -4.855  -32.371 0.5714285970
63543  -27.114  -7.429  -33.069 0.5714285970
68939  -32.006  -0.679  -33.867 1.0000000000
70487  -32.440  2.155  -34.213 0.7142857313
127237  -33.310  2.940  -34.858 0.7142857313
70488  -33.250  2.018  -34.837 1.0000000000
71196  -32.729  2.878  -34.447 0.7142857313
74568  -37.028  7.513  -36.348 0.8571428657
119140  -35.917  5.711  -35.519 1.0000000000
73209  -35.474  4.853  -35.650 1.0000000000
80760  -35.073  16.169  -40.190 0.7142857313
78060  -38.880  12.579  -38.575 0.5714285970
80126  -37.208  15.507  -40.807 0.7142857313
79412  -37.128  14.345  -39.033 0.4285714328
117725  -32.438  16.992  -40.347 0.2857142985
114564  -32.327  16.752  -40.956 0.4285714328
80133  -35.972  16.041  -40.699 0.4285714328
124705  -31.456  16.679  -42.021 0.4285714328
81396  -31.242  17.614  -39.985 0.2857142985
80758  -31.917  17.095  -40.849 0.4285714328
65164  -21.192  -5.756  -34.036 0.4285714328
65912  -21.425  -4.797  -33.982 0.4285714328
80759  -32.966  16.449  -40.417 0.4285714328
80762  -36.389  16.368  -40.915 0.7142857313
80751  -31.910  17.343  -40.227 0.2857142985
62106  -16.705  -9.014  -33.280 0.4285714328
123635  -17.496  -10.346  -33.882 0.4285714328
63537  -16.286  -7.689  -33.657 0.2857142985
62766  -16.530  -8.394  -33.413 0.2857142985
60847  -18.500  -11.523  -34.430 0.4285714328
61480  -18.159  -10.076  -34.192 0.4285714328
62125  -19.022  -9.963  -34.435 0.4285714328
63573  -18.596  -7.094  -34.886 0.2857142985
62784  -19.356  -8.452  -34.650 0.4285714328
62785  -19.962  -8.831  -34.521 0.4285714328
64364  -22.834  -6.392  -32.938 0.5714285970
113088  -25.530  -7.933  -33.143 0.5714285970
126148  -25.134  -5.043  -32.582 0.5714285970
68140  -29.583  -1.781  -33.076 1.0000000000
70482  -32.149  1.465  -33.964 0.8571428657
76692  -39.144  10.253  -37.697 0.8571428657
76702  -39.017  10.983  -37.843 0.8571428657
78709  -38.756  13.573  -39.881 0.7142857313
79421  -38.290  14.278  -41.230 0.7142857313
78713  -38.230  14.254  -40.320 0.5714285970
80116  -37.191  15.415  -40.362 0.5714285970
78708  -37.934  13.961  -39.475 0.5714285970
79414  -36.414  14.868  -39.243 0.4285714328
80113  -35.022  16.114  -39.952 0.4285714328
80123  -34.984  16.126  -40.992 0.4285714328
80753  -33.211  16.545  -39.093 0.2857142985
80112  -34.132  16.125  -40.003 0.2857142985
81389  -31.010  17.459  -38.953 0.2857142985
127773  -30.143  18.316  -37.862 0.1428571492
63572  -17.879  -7.445  -34.802 0.2857142985
120338  -36.231  16.437  -41.205 0.5714285970
82616  -31.377  19.538  -42.210 0.2857142985
83841  -30.262  20.887  -42.210 0.1428571492
82029  -31.593  18.079  -42.262 0.2857142985
82018  -32.595  18.502  -42.363 0.2857142985
115170  -29.369  20.459  -41.537 0.1428571492
83829  -29.608  21.373  -41.387 0.1428571492
82008  -30.086  18.518  -41.046 0.1428571492
104869  -31.222  17.941  -42.052 0.2857142985
82007  -29.316  19.266  -40.929 0.1428571492
120842  -33.696  16.515  -40.563 0.2857142985
81410  -32.083  17.686  -42.224 0.2857142985
77396  -35.930  11.551  -42.737 0.2857142985
78741  -34.603  13.605  -42.488 0.2857142985
84484  -27.882  22.083  -41.183 0.1428571492
105908  -30.773  16.024  -43.114 0.2857142985
78732  -37.361  13.392  -42.401 0.2857142985
80139  -33.207  16.381  -40.843 0.2857142985
104870  -31.886  17.377  -42.117 0.2857142985
127477  -40.144  11.368  -41.088 0.1428571492
113343  -35.540  12.727  -42.624 0.2857142985
78728  -34.331  14.594  -41.689 0.2857142985
83185  -29.011  19.925  -41.530 0.1428571492
79440  -33.911  15.074  -41.520 0.2857142985
109849  -32.070  16.095  -43.001 0.2857142985
74585  -41.133  7.859  -40.233 0.1428571492
76005  -40.648  9.292  -40.631 0.1428571492
78078  -38.615  12.482  -42.360 0.4285714328
124720  -36.590  15.024  -41.986 0.2857142985
73898  -39.507  6.637  -37.430 0.2857142985
76710  -40.003  10.621  -39.438 0.4285714328
78722  -38.808  13.529  -41.644 0.2857142985
80122  -33.921  15.426  -41.027 0.2857142985
73212  -38.844  5.143  -36.326 0.1428571492
75255  -40.667  8.599  -38.883 0.2857142985
78068  -39.734  12.558  -40.963 0.4285714328
75252  -39.531  8.866  -37.429 0.5714285970
78064  -39.723  12.407  -40.020 0.7142857313
71874  -37.261  3.606  -35.549 0.1428571492
126905  -38.252  5.056  -35.912 0.1428571492
77379  -39.880  11.514  -39.759 0.7142857313
73897  -38.588  6.678  -37.159 0.4285714328
70504  -36.096  2.064  -35.626 0.2857142985
118916  -35.836  2.964  -35.956 0.7142857313
75987  -39.656  9.667  -37.890 0.7142857313
72551  -34.993  4.039  -36.088 0.8571428657
116798  -37.474  5.303  -35.689 0.8571428657
73894  -37.728  6.846  -36.732 0.5714285970
118917  -35.728  1.135  -35.755 0.2857142985
118919  -37.491  6.140  -36.105 0.7142857313
74567  -36.260  7.258  -36.035 0.5714285970
118690  -36.786  5.902  -35.732 0.8571428657
69760  -35.291  0.370  -35.885 0.1428571492
68127  -28.549  -1.642  -32.208 0.5714285970
68925  -30.131  -0.378  -32.839 0.8571428657
69733  -30.658  0.173  -33.055 0.8571428657
71197  -33.840  2.713  -35.289 0.8571428657
111361  -33.201  0.981  -34.653 0.8571428657
68948  -34.368  -0.487  -35.108 0.2857142985
112288  -34.086  1.918  -35.468 0.8571428657
71867  -35.053  3.177  -36.118 0.8571428657
73211  -36.371  5.025  -35.534 0.8571428657
68156  -34.099  -1.335  -34.777 0.4285714328
70495  -34.468  1.283  -35.680 0.7142857313
71206  -35.282  2.379  -36.000 0.7142857313
105760  -28.259  -1.259  -31.685 0.2857142985
68129  -29.556  -0.936  -32.729 0.5714285970
68923  -28.973  -0.734  -32.340 0.5714285970
119196  -32.537  0.815  -34.218 0.8571428657
68947  -33.598  -0.566  -34.609 0.4285714328
69752  -33.023  0.165  -34.435 0.8571428657
70494  -33.851  1.153  -35.223 0.8571428657
68155  -33.303  -1.404  -34.390 0.4285714328
66620  -25.924  -3.883  -32.191 0.7142857313
127894  -26.453  -3.984  -31.775 0.4285714328
115298  -25.946  -4.259  -32.347 0.7142857313
66598  -27.604  -4.247  -31.356 0.8571428657
67330  -27.754  -3.670  -31.448 0.5714285970
68126  -28.036  -2.586  -31.636 0.5714285970
67310  -27.382  -3.817  -30.644 0.4285714328
66599  -28.215  -3.695  -32.085 0.8571428657
111529  -28.302  -2.767  -32.093 0.5714285970
128354  -29.348  -2.368  -33.176 0.8571428657
67331  -28.834  -2.430  -32.826 0.7142857313
68946  -32.762  -0.621  -34.242 0.7142857313
116861  -32.561  -2.786  -33.924 0.2857142985
67366  -32.947  -2.181  -34.157 0.4285714328
117355  -25.282  -4.419  -32.492 0.4285714328
115766  -25.401  -3.972  -32.362 0.4285714328
67328  -25.463  -2.854  -32.048 0.4285714328
66621  -27.025  -4.568  -31.647 0.7142857313
66627  -31.757  -2.978  -33.637 0.2857142985
66619  -23.983  -3.917  -32.354 0.4285714328
65920  -30.682  -4.125  -33.512 0.4285714328
123729  -31.007  -3.434  -33.535 0.4285714328
123674  -29.405  -5.659  -33.397 0.4285714328
65187  -28.796  -5.401  -33.283 0.4285714328
65188  -30.077  -5.608  -33.382 0.4285714328
65172  -30.359  -4.915  -33.456 0.4285714328
125183  -21.471  -10.755  -33.387 0.1428571492
124940  -28.487  -6.771  -33.196 0.4285714328
64384  -28.943  -6.086  -33.394 0.4285714328
62128  -22.057  -10.135  -33.217 0.1428571492
62129  -22.351  -9.971  -33.024 0.1428571492
62770  -24.332  -9.089  -31.821 0.2857142985
62772  -26.761  -9.025  -33.139 0.2857142985
115609  -28.296  -8.971  -33.152 0.2857142985
113042  -27.521  -8.388  -33.189 0.2857142985
117334  -25.867  -8.821  -33.115 0.4285714328
62773  -28.288  -8.187  -33.187 0.2857142985
113087  -26.499  -8.112  -33.109 0.2857142985
112279  -28.920  -7.620  -33.177 0.2857142985
63544  -27.992  -7.468  -33.091 0.4285714328
61499  -21.865  -10.686  -33.144 0.1428571492
62130  -23.377  -10.835  -31.938 0.2857142985
61483  -25.695  -10.400  -33.180 0.2857142985
61484  -26.541  -10.365  -33.229 0.2857142985
62113  -26.139  -9.623  -33.147 0.2857142985
61500  -22.802  -11.530  -32.436 0.1428571492
60854  -24.772  -11.588  -34.098 0.2857142985
61501  -24.051  -11.280  -33.156 0.2857142985
61482  -24.941  -10.445  -33.160 0.2857142985
61481  -24.231  -10.665  -32.865 0.2857142985
62109  -22.853  -9.493  -32.535 0.2857142985
60848  -19.165  -11.309  -34.530 0.2857142985
62126  -19.861  -9.729  -34.507 0.2857142985
60850  -21.329  -11.339  -33.348 0.1428571492
61478  -16.833  -10.450  -33.535 0.2857142985
60830  -16.329  -11.158  -33.601 0.2857142985
61470  -16.111  -9.882  -32.739 0.2857142985
60849  -20.588  -11.700  -33.573 0.2857142985
60048  -17.324  -12.507  -34.408 0.1428571492
61469  -15.608  -9.652  -32.273 0.2857142985
62102  -15.116  -9.281  -31.867 0.1428571492
60853  -24.219  -11.867  -34.142 0.2857142985
61503  -25.234  -11.031  -33.505 0.2857142985
115428  -26.904  -9.770  -33.200 0.2857142985
62112  -25.331  -9.619  -33.138 0.2857142985
62114  -27.639  -9.507  -33.224 0.2857142985
66597  -26.762  -4.272  -31.617 0.7142857313
64369  -29.354  -6.802  -33.411 0.4285714328
66640  -31.711  -3.996  -33.602 0.2857142985
66641  -32.524  -3.497  -33.884 0.2857142985
73208  -35.105  5.632  -35.481 0.7142857313
112560  -38.018  10.412  -37.678 0.4285714328
75985  -37.847  9.602  -37.493 0.5714285970
74570  -37.592  7.663  -36.901 0.7142857313
71872  -35.574  3.618  -36.033 0.8571428657
70496  -35.383  1.689  -35.874 0.5714285970
78720  -34.465  13.914  -41.867 0.2857142985
113331  -39.055  5.996  -37.065 0.4285714328
75254  -40.268  8.280  -37.960 0.4285714328
83182  -27.330  21.293  -40.699 0.1428571492
77399  -39.034  11.626  -42.400 0.2857142985
75999  -40.575  10.021  -40.023 0.1428571492
80140  -33.789  16.238  -40.834 0.2857142985
60846  -17.676  -11.703  -34.266 0.1428571492
63533  -15.917  -8.006  -33.019 0.2857142985
60064  -19.937  -13.166  -33.852 0.1428571492
60852  -23.074  -12.725  -34.209 0.1428571492
60053  -23.865  -12.423  -34.578 0.1428571492
62769  -23.156  -8.731  -32.182 0.2857142985
67350  -25.043  -2.918  -32.279 0.2857142985
126168  -28.812  -8.479  -33.105 0.2857142985
63545  -29.846  -7.506  -33.095 0.2857142985
105677  -27.192  -3.881  -30.514 0.4285714328
67329  -27.186  -4.010  -30.978 0.5714285970
64385  -29.753  -6.194  -33.343 0.2857142985
65934  -31.263  -4.841  -33.482 0.4285714328
69746  -32.256  0.079  -34.033 0.8571428657
67355  -32.169  -2.182  -33.788 0.5714285970
69753  -33.811  0.265  -34.881 0.7142857313
72553  -35.850  4.228  -35.839 0.8571428657
68955  -34.992  -0.443  -35.723 0.2857142985
82013  -30.875  17.815  -41.024 0.2857142985
119032  -35.020  1.098  -36.033 0.4285714328
72554  -36.807  4.345  -35.523 0.5714285970
71212  -36.721  2.870  -35.625 0.1428571492
72556  -38.596  4.376  -35.974 0.1428571492
82606  -28.403  19.858  -40.548 0.1428571492
116994  -38.294  5.913  -36.546 0.5714285970
71875  -38.196  3.611  -35.734 0.1428571492
121456  -38.899  5.642  -36.701 0.1428571492
78072  -39.308  12.695  -41.784 0.2857142985
76714  -40.280  10.914  -40.519 0.2857142985
74575  -40.116  7.311  -37.830 0.2857142985
74576  -40.784  7.672  -38.573 0.1428571492
74581  -41.073  7.824  -39.383 0.1428571492
75259  -40.927  8.410  -39.760 0.1428571492
77397  -36.906  11.637  -42.721 0.2857142985
76725  -37.463  10.950  -42.915 0.2857142985
76726  -38.467  10.541  -42.803 0.1428571492
110143  -39.397  10.162  -42.564 0.1428571492
58601  -19.739  -14.064  -35.078 0.1428571492
60863  -22.378  -12.776  -34.338 0.1428571492
66642  -33.324  -3.026  -34.288 0.2857142985
76010  -40.479  9.231  -41.430 0.1428571492
76732  -36.504  11.121  -43.064 0.2857142985
63532  -15.269  -7.647  -32.700 0.2857142985
60831  -17.195  -11.073  -33.926 0.2857142985
60049  -18.221  -12.342  -34.573 0.1428571492
120867  -19.628  -13.708  -34.508 0.1428571492
120182  -20.227  -12.116  -33.634 0.1428571492
60051  -20.217  -12.508  -33.701 0.1428571492
62787  -22.623  -9.235  -32.697 0.2857142985
75243  -37.158  8.265  -36.742 0.5714285970
76703  -39.572  10.390  -38.394 0.7142857313
78715  -39.355  13.183  -41.139 0.5714285970
79430  -37.319  15.002  -41.789 0.2857142985
78721  -38.034  14.055  -42.078 0.2857142985
79437  -31.603  15.872  -42.179 0.2857142985
62111  -24.896  -9.820  -33.059 0.2857142985
68128  -29.052  -1.482  -32.662 0.5714285970
81400  -31.344  17.537  -41.472 0.2857142985
79439  -33.751  15.111  -41.599 0.2857142985
126278  -31.699  17.199  -41.547 0.2857142985
104871  -30.778  18.057  -41.463 0.2857142985
82626  -31.402  18.827  -42.238 0.2857142985
83199  -30.912  20.293  -42.230 0.1428571492
82615  -30.726  19.462  -42.204 0.2857142985
83828  -28.640  21.322  -41.181 0.1428571492
128882  -30.094  19.338  -42.074 0.2857142985
81411  -32.581  17.816  -42.144 0.2857142985
83198  -29.592  19.607  -42.026 0.1428571492
82614  -29.965  19.001  -41.995 0.1428571492
118843  -32.569  17.338  -41.689 0.2857142985
113511  -35.935  11.990  -42.551 0.2857142985
79451  -34.682  14.783  -41.509 0.2857142985
78730  -34.990  13.201  -42.149 0.2857142985
83178  -27.692  20.659  -40.487 0.1428571492
78731  -36.172  13.463  -42.355 0.2857142985
78076  -36.542  12.540  -42.484 0.2857142985
78733  -38.290  13.225  -42.245 0.2857142985
79438  -32.793  16.081  -41.601 0.2857142985
78727  -33.767  15.188  -41.525 0.2857142985
77390  -39.815  11.746  -41.567 0.2857142985
77400  -39.405  10.824  -42.303 0.1428571492
76718  -40.039  10.661  -41.616 0.1428571492
75263  -40.852  8.581  -40.453 0.1428571492
76000  -40.724  9.142  -39.755 0.1428571492
76009  -40.061  9.680  -42.092 0.1428571492
77398  -37.855  11.330  -42.705 0.1428571492
75995  -40.266  9.658  -38.919 0.4285714328
77384  -40.038  11.803  -40.681 0.5714285970
73214  -39.568  5.266  -36.817 0.1428571492
72555  -37.820  4.397  -35.566 0.1428571492
119172  -40.202  9.051  -38.088 0.4285714328
118987  -39.634  8.013  -37.471 0.5714285970
118081  -38.786  8.126  -37.264 0.7142857313
71873  -36.312  3.601  -35.757 0.4285714328
115724  -34.595  0.455  -35.596 0.4285714328
71205  -34.523  2.556  -35.819 0.8571428657
114058  -30.049  0.380  -32.625 0.4285714328
117420  -34.784  1.810  -35.877 0.8571428657
68154  -32.502  -1.427  -34.012 0.5714285970
62110  -24.028  -10.008  -31.549 0.2857142985
60851  -22.327  -12.134  -32.940 0.1428571492
108637  -23.031  -12.133  -32.890 0.1428571492
61502  -24.644  -11.179  -34.012 0.2857142985
60845  -16.812  -11.846  -34.076 0.1428571492
59353  -17.831  -13.171  -34.707 0.1428571492
82605  -27.632  19.921  -39.597 0.1428571492
110368  -20.351  -13.596  -34.776 0.1428571492
82000  -28.192  18.864  -39.756 0.1428571492
73889  -35.381  6.391  -35.608 0.5714285970
72542  -33.500  4.278  -34.847 0.4285714328
118982  -34.035  4.950  -34.966 0.4285714328
73892  -36.177  6.504  -35.742 0.4285714328
71191  -31.836  2.179  -33.614 0.4285714328
71192  -32.084  2.933  -33.848 0.4285714328
71857  -33.071  3.604  -34.621 0.5714285970
69734  -31.151  0.788  -33.236 0.5714285970
62115  -28.529  -9.750  -33.259 0.1428571492
62774  -29.583  -8.253  -33.126 0.1428571492
60834  -29.452  -11.289  -33.087 0.1428571492
61487  -28.851  -10.613  -33.245 0.1428571492
119917  -29.828  -10.590  -33.222 0.1428571492
122382  -29.292  -9.986  -33.223 0.1428571492
65201  -19.128  -5.800  -34.804 0.2857142985
61485  -27.369  -10.305  -33.259 0.1428571492
118473  -27.930  -10.991  -33.245 0.1428571492
123931  -28.713  -11.342  -33.288 0.1428571492
60822  -29.812  -12.008  -32.333 0.1428571492
59330  -31.350  -13.659  -32.241 0.1428571492
60823  -30.666  -12.106  -32.307 0.1428571492
127446  -31.426  -12.344  -32.265 0.1428571492
128129  -19.071  -6.507  -34.847 0.2857142985
65200  -18.483  -5.402  -34.887 0.2857142985
60029  -25.813  -11.870  -33.306 0.1428571492
60832  -26.525  -11.652  -33.261 0.1428571492
114652  -26.946  -11.022  -33.267 0.1428571492
60031  -28.444  -12.668  -32.934 0.1428571492
117983  -27.605  -12.535  -33.321 0.1428571492
60020  -29.213  -12.706  -32.355 0.1428571492
110152  -28.174  -11.847  -33.261 0.1428571492
59328  -29.591  -13.432  -32.278 0.1428571492
59329  -30.479  -13.562  -32.246 0.1428571492
60022  -30.974  -12.889  -32.213 0.1428571492
64399  -18.497  -6.219  -34.919 0.2857142985
64380  -17.827  -5.831  -34.883 0.2857142985
64379  -17.175  -6.237  -34.715 0.2857142985
60055  -25.157  -12.464  -34.090 0.1428571492
60056  -25.898  -12.759  -33.938 0.1428571492
60030  -26.585  -12.474  -33.344 0.1428571492
60833  -27.285  -11.748  -33.247 0.1428571492
113363  -29.189  -14.130  -32.238 0.1428571492
59331  -32.286  -13.656  -32.296 0.1428571492
58570  -31.830  -14.441  -32.235 0.1428571492
59356  -25.475  -13.355  -34.203 0.1428571492
59358  -27.124  -13.917  -34.069 0.1428571492
59357  -26.360  -13.478  -33.967 0.1428571492
58578  -27.995  -14.672  -33.164 0.1428571492
58579  -28.567  -14.393  -32.517 0.1428571492
59338  -27.659  -13.929  -33.450 0.1428571492
59327  -28.724  -13.483  -32.376 0.1428571492
58569  -30.739  -14.442  -32.225 0.1428571492
58568  -29.759  -14.683  -32.306 0.1428571492
57664  -31.382  -15.367  -32.223 0.1428571492
59367  -25.033  -13.937  -34.741 0.1428571492
111551  -23.983  -11.900  -34.057 0.1428571492
57688  -26.691  -15.344  -34.309 0.1428571492
58598  -26.572  -14.424  -34.266 0.1428571492
58599  -27.316  -14.766  -33.841 0.1428571492
57674  -28.576  -15.193  -32.695 0.1428571492
109563  -28.364  -15.871  -33.278 0.1428571492
58567  -29.006  -14.770  -32.303 0.1428571492
57662  -29.389  -15.373  -32.335 0.1428571492
56763  -26.860  -16.307  -34.301 0.1428571492
58604  -26.095  -14.962  -34.743 0.1428571492
56745  -27.694  -16.353  -33.565 0.1428571492
57689  -27.283  -15.671  -33.914 0.1428571492
57673  -27.867  -15.496  -33.328 0.1428571492
57663  -30.322  -15.389  -32.236 0.1428571492
56747  -29.586  -16.659  -33.050 0.1428571492
109600  -28.038  -13.284  -33.257 0.1428571492
112479  -26.061  -11.091  -33.216 0.1428571492
64398  -17.858  -6.653  -34.871 0.2857142985
57665  -32.320  -15.175  -32.259 0.1428571492
58571  -32.807  -14.398  -32.276 0.1428571492
70481  -31.535  1.477  -33.401 0.4285714328
117519  -31.839  -12.917  -32.251 0.1428571492
115596  -29.195  -9.130  -33.145 0.1428571492
118302  -35.624  6.989  -35.819 0.4285714328
118131  -37.348  9.057  -37.181 0.4285714328
76733  -37.466  10.907  -43.245 0.1428571492
77413  -35.990  11.975  -43.758 0.1428571492
60054  -24.347  -12.416  -34.250 0.1428571492
63556  -30.145  -6.824  -33.238 0.1428571492
64386  -30.517  -6.230  -33.304 0.1428571492
61486  -28.058  -10.227  -33.248 0.1428571492
60032  -28.987  -11.966  -33.247 0.1428571492
60835  -30.460  -11.316  -32.629 0.1428571492
60021  -30.124  -12.799  -32.323 0.1428571492
113539  -29.956  -14.054  -32.284 0.1428571492
59337  -27.154  -13.174  -33.420 0.1428571492
59339  -28.232  -13.975  -33.078 0.1428571492
59355  -24.625  -13.230  -34.269 0.1428571492
58597  -25.731  -14.190  -34.291 0.1428571492
57675  -29.139  -15.910  -33.056 0.1428571492
56737  -29.952  -16.065  -32.345 0.1428571492
63521  -13.477  -7.849  -31.657 0.1428571492
62761  -14.945  -8.308  -31.950 0.1428571492
123544  -12.681  -6.784  -32.333 0.1428571492
64334  -13.837  -7.332  -32.176 0.1428571492
63523  -14.953  -7.904  -32.219 0.1428571492
63531  -14.593  -7.434  -32.428 0.1428571492
63535  -14.919  -7.047  -33.002 0.1428571492
65182  -14.978  -6.084  -33.686 0.1428571492
65183  -15.743  -6.127  -34.053 0.1428571492
64362  -16.024  -6.967  -33.891 0.1428571492
64378  -16.547  -6.601  -34.376 0.1428571492
65162  -14.325  -5.755  -33.517 0.1428571492
65163  -15.030  -5.385  -33.900 0.1428571492
118798  -16.502  -5.817  -34.488 0.1428571492
65928  -16.189  -4.589  -34.445 0.1428571492
66634  -16.470  -3.896  -34.542 0.1428571492
65199  -17.803  -5.014  -34.855 0.1428571492
65946  -18.427  -4.672  -34.843 0.2857142985
65947  -19.180  -4.879  -34.726 0.1428571492
65186  -19.818  -5.485  -34.561 0.1428571492
117104  -20.573  -5.108  -34.264 0.2857142985
114723  -22.922  -3.766  -33.053 0.4285714328
120883  -30.527  0.821  -32.799 0.2857142985
70475  -30.819  1.474  -32.856 0.2857142985
72536  -32.278  4.386  -33.650 0.2857142985
119069  -33.214  5.052  -34.579 0.2857142985
73207  -34.346  5.671  -35.303 0.2857142985
73888  -34.609  6.362  -35.527 0.4285714328
66649  -17.975  -3.298  -34.687 0.1428571492
65930  -18.771  -3.904  -34.715 0.2857142985
65931  -19.929  -4.787  -34.497 0.1428571492
64361  -14.549  -6.429  -33.277 0.1428571492
65911  -15.420  -4.635  -34.142 0.1428571492
65929  -17.036  -4.562  -34.699 0.1428571492
66648  -17.203  -3.655  -34.681 0.1428571492
65945  -17.874  -4.182  -34.795 0.1428571492
116764  -19.678  -4.125  -34.551 0.2857142985
65932  -20.397  -4.348  -34.332 0.2857142985
128401  -20.861  -4.551  -34.166 0.2857142985
66616  -21.913  -3.985  -33.879 0.4285714328
66617  -22.398  -3.073  -33.253 0.2857142985
68924  -29.537  -0.154  -32.440 0.2857142985
71184  -31.214  2.210  -33.008 0.2857142985
71853  -31.876  3.645  -33.443 0.2857142985
72541  -32.807  4.366  -34.306 0.2857142985
70474  -29.944  1.304  -32.391 0.2857142985
69732  -29.547  0.550  -32.297 0.2857142985
119226  -31.561  2.920  -33.190 0.2857142985
71856  -32.405  3.654  -34.076 0.2857142985
71183  -30.534  2.173  -32.491 0.2857142985
63552  -16.704  -7.370  -34.220 0.1428571492
63571  -17.230  -7.028  -34.640 0.1428571492
63536  -15.625  -7.327  -33.310 0.1428571492
65185  -17.148  -5.440  -34.740 0.1428571492
65184  -16.553  -5.147  -34.560 0.1428571492
64347  -14.155  -6.847  -32.737 0.1428571492
118867  -15.900  -5.294  -34.285 0.1428571492
65933  -21.057  -3.952  -34.135 0.4285714328
119225  -31.060  2.872  -32.580 0.2857142985
67348  -23.023  -2.475  -32.675 0.2857142985
66618  -22.938  -3.149  -32.987 0.2857142985
128742  -24.480  -3.010  -32.214 0.2857142985
80784  -37.164  16.062  -41.981 0.1428571492
80789  -37.174  15.701  -43.305 0.1428571492
80142  -36.500  15.127  -41.942 0.1428571492
79459  -35.279  14.327  -43.441 0.1428571492
78089  -35.117  13.125  -43.547 0.1428571492
81416  -37.475  17.287  -43.038 0.1428571492
80141  -35.780  15.001  -41.837 0.1428571492
108658  -34.030  17.046  -40.531 0.1428571492
83202  -34.057  19.587  -41.865 0.1428571492
67349  -24.015  -3.169  -32.274 0.2857142985
78091  -36.783  12.245  -43.976 0.1428571492
80150  -37.268  15.350  -43.900 0.1428571492
110498  -35.158  11.960  -42.873 0.1428571492
80148  -36.003  14.599  -43.231 0.1428571492
78747  -35.660  13.749  -43.960 0.1428571492
78075  -34.799  12.744  -42.793 0.1428571492
127662  -34.193  16.983  -40.629 0.1428571492
123255  -34.658  13.088  -43.034 0.1428571492
81413  -34.922  17.136  -40.401 0.1428571492
82618  -34.159  18.775  -41.429 0.1428571492
81412  -33.940  17.539  -40.653 0.1428571492
82617  -32.455  19.282  -42.314 0.1428571492
106088  -31.844  19.925  -42.247 0.1428571492
82019  -33.211  18.017  -41.896 0.1428571492
79458  -35.037  14.534  -41.692 0.1428571492
79452  -34.889  14.827  -41.394 0.1428571492
82032  -37.084  17.581  -41.410 0.1428571492
80149  -37.122  15.106  -42.443 0.1428571492
122431  -35.146  15.026  -41.616 0.1428571492
80783  -36.719  15.931  -41.992 0.1428571492
82033  -37.356  17.920  -42.767 0.1428571492
80782  -35.053  16.144  -41.002 0.1428571492
78748  -36.690  14.106  -44.111 0.1428571492
124789  -29.284  0.983  -32.034 0.1428571492
120844  -30.812  3.024  -31.673 0.1428571492
72527  -31.589  4.116  -32.294 0.1428571492
69714  -29.002  0.228  -31.968 0.1428571492
71852  -31.477  3.559  -32.734 0.1428571492
110609  -31.947  4.825  -32.411 0.1428571492
73192  -32.271  5.215  -33.064 0.1428571492
73193  -32.548  5.951  -33.694 0.2857142985
125056  -26.916  -4.326  -31.179 0.2857142985
105820  -25.546  -3.041  -30.254 0.1428571492
108911  -27.514  -1.331  -30.688 0.1428571492
68906  -28.510  -0.536  -31.808 0.1428571492
70462  -29.238  1.631  -31.859 0.1428571492
73200  -32.917  5.837  -34.457 0.1428571492
74559  -33.671  7.198  -35.373 0.2857142985
76678  -36.451  10.648  -36.397 0.2857142985
76669  -35.472  10.315  -35.924 0.2857142985
78704  -36.992  13.887  -38.063 0.2857142985
81395  -30.649  17.899  -40.596 0.1428571492
80747  -33.329  16.591  -38.167 0.1428571492
74561  -34.905  7.103  -35.731 0.2857142985
73883  -33.192  6.643  -34.871 0.2857142985
74565  -34.790  7.847  -35.977 0.2857142985
75984  -37.181  9.982  -37.471 0.2857142985
75970  -35.895  9.127  -36.366 0.2857142985
75969  -34.796  9.239  -36.145 0.2857142985
78055  -38.337  12.197  -37.997 0.2857142985
76679  -36.860  11.038  -36.888 0.2857142985
75958  -35.306  9.767  -36.179 0.2857142985
78705  -37.561  13.536  -38.588 0.2857142985
80106  -35.107  16.040  -39.698 0.1428571492
77356  -36.509  11.746  -35.504 0.2857142985
81380  -29.610  17.894  -39.034 0.1428571492
81991  -28.988  18.132  -38.223 0.1428571492
75957  -33.949  9.391  -35.736 0.1428571492
75949  -33.191  9.411  -35.315 0.1428571492
118585  -32.259  6.113  -32.958 0.2857142985
76670  -36.086  10.900  -35.779 0.2857142985
79410  -35.605  14.790  -38.911 0.1428571492
78700  -36.989  13.693  -37.103 0.2857142985
79406  -35.049  14.900  -38.317 0.1428571492
79402  -35.959  13.892  -36.892 0.1428571492
73183  -31.888  5.693  -32.306 0.2857142985
77355  -35.612  11.468  -35.312 0.1428571492
79401  -34.841  14.795  -36.802 0.1428571492
78690  -36.605  12.974  -35.668 0.1428571492
126748  -31.594  4.870  -30.470 0.1428571492
68162  -34.777  -1.283  -35.365 0.1428571492
69713  -28.368  0.417  -31.513 0.1428571492
67367  -34.514  -2.104  -35.039 0.1428571492
71182  -29.855  2.159  -31.992 0.1428571492
72535  -31.826  4.298  -32.959 0.1428571492
73182  -31.797  4.797  -31.875 0.1428571492
119070  -32.642  5.132  -33.990 0.1428571492
74553  -33.098  7.595  -34.992 0.1428571492
75231  -34.297  8.487  -35.871 0.2857142985
112486  -33.599  8.780  -35.478 0.1428571492
109053  -35.870  11.985  -35.068 0.1428571492
126561  -34.480  10.803  -35.494 0.2857142985
78696  -36.837  13.384  -36.316 0.1428571492
118560  -35.276  14.444  -37.450 0.1428571492
124314  -34.508  15.946  -39.155 0.1428571492
80097  -34.575  15.318  -37.452 0.1428571492
111285  -33.775  -2.160  -34.522 0.1428571492
77368  -38.035  11.401  -37.759 0.2857142985
78059  -37.923  12.774  -38.153 0.2857142985
80746  -32.587  16.977  -38.525 0.1428571492
119908  -37.799  12.876  -37.076 0.2857142985
79411  -36.202  14.332  -38.570 0.2857142985
106714  -35.980  15.744  -39.670 0.2857142985
80101  -34.498  15.653  -38.426 0.1428571492
74566  -35.469  7.640  -36.032 0.2857142985
104822  -27.589  -2.183  -30.840 0.1428571492
105436  -27.041  -3.253  -29.626 0.1428571492
75249  -36.678  8.832  -36.678 0.2857142985
121177  -32.499  -4.210  -33.849 0.1428571492
75242  -36.263  8.154  -36.300 0.2857142985
73201  -33.550  5.768  -34.961 0.1428571492
73887  -33.873  6.424  -35.363 0.1428571492
71169  -30.497  2.756  -32.069 0.1428571492
113162  -28.754  1.081  -31.682 0.1428571492
71845  -31.145  3.363  -32.149 0.1428571492
68905  -28.164  -0.210  -31.406 0.1428571492
73882  -32.717  6.493  -34.250 0.2857142985
74560  -34.232  7.587  -35.713 0.2857142985
117746  -34.212  6.922  -35.596 0.2857142985
78050  -37.584  12.519  -36.427 0.2857142985
78054  -37.880  12.231  -37.452 0.2857142985
116650  -34.521  10.165  -35.795 0.1428571492
78697  -37.521  13.169  -36.612 0.2857142985
80742  -33.372  16.596  -37.212 0.1428571492
75241  -35.191  8.429  -36.210 0.2857142985
75971  -36.649  9.550  -36.923 0.2857142985
76690  -36.686  10.269  -37.042 0.2857142985
76691  -37.222  10.728  -37.537 0.2857142985
79407  -35.589  14.435  -38.237 0.1428571492
78046  -37.046  12.389  -35.728 0.2857142985
115501  -28.041  18.474  -38.518 0.1428571492
79408  -36.084  14.044  -37.768 0.2857142985
74552  -32.694  7.214  -34.400 0.1428571492
75230  -33.635  8.041  -35.411 0.2857142985
115454  -35.269  14.231  -36.519 0.1428571492
66635  -17.979  -2.318  -34.503 0.1428571492
66637  -19.506  -3.280  -34.545 0.1428571492
67362  -18.868  -2.054  -34.467 0.1428571492
116740  -19.667  -1.875  -34.392 0.1428571492
115419  -20.454  -1.769  -34.264 0.1428571492
67363  -20.164  -2.633  -34.379 0.1428571492
126926  -20.720  -1.135  -34.124 0.1428571492
66638  -20.290  -3.566  -34.371 0.1428571492
68152  -21.246  -1.663  -34.033 0.1428571492
67365  -22.023  -2.570  -33.373 0.1428571492
66639  -21.566  -3.350  -34.009 0.1428571492
68137  -21.860  -1.476  -33.128 0.1428571492
67347  -22.342  -2.488  -33.105 0.1428571492
67327  -24.617  -2.024  -32.389 0.1428571492
68150  -18.302  -1.424  -34.323 0.1428571492
110607  -35.151  10.837  -35.578 0.1428571492
66636  -18.748  -2.902  -34.601 0.1428571492
116309  -20.938  -3.062  -34.199 0.1428571492
127300  -19.389  -2.551  -34.503 0.1428571492
68151  -19.125  -1.234  -34.327 0.1428571492
67364  -20.893  -2.331  -34.203 0.1428571492
68153  -21.965  -2.015  -33.111 0.1428571492
68945  -20.577  -0.552  -34.048 0.1428571492
124165  -17.208  -2.160  -34.403 0.1428571492
58596  -18.210  -13.895  -35.037 0.1428571492
60050  -20.036  -12.924  -33.803 0.1428571492
61474  -15.524  -10.388  -32.599 0.1428571492
62103  -15.646  -9.003  -32.238 0.1428571492
62105  -16.490  -9.441  -32.975 0.4285714328
62764  -16.159  -8.775  -32.792 0.4285714328
62794  -17.947  -8.170  -34.661 0.2857142985
63522  -14.338  -7.987  -31.880 0.1428571492
63551  -15.299  -6.667  -33.558 0.1428571492
64333  -13.037  -7.261  -31.995 0.1428571492
74571  -38.206  7.458  -37.178 0.7142857313
74572  -39.128  7.353  -37.361 0.4285714328
75250  -37.852  8.230  -37.171 0.8571428657
75267  -40.688  8.732  -41.086 0.1428571492
75986  -38.881  9.664  -37.436 0.8571428657
76004  -40.402  9.997  -41.022 0.1428571492
76015  -35.872  11.329  -43.045 0.1428571492
76016  -36.204  11.061  -42.959 0.2857142985
76677  -36.059  10.066  -36.374 0.2857142985
76723  -35.925  11.340  -42.842 0.2857142985
76724  -36.500  11.149  -42.899 0.2857142985
77361  -36.617  11.235  -36.065 0.2857142985
77362  -37.201  11.822  -36.069 0.2857142985
77367  -37.491  11.677  -37.059 0.2857142985
77395  -35.524  11.550  -42.900 0.2857142985
77407  -35.608  11.796  -43.185 0.1428571492
77408  -36.399  11.629  -43.314 0.1428571492
78063  -39.286  12.948  -39.371 0.7142857313
78067  -39.385  13.115  -40.344 0.5714285970
78077  -37.636  12.450  -42.520 0.2857142985
78085  -35.141  12.389  -43.266 0.1428571492
78090  -36.108  12.785  -44.009 0.1428571492
78691  -37.329  12.940  -36.001 0.2857142985
78701  -37.491  13.314  -37.503 0.2857142985
78719  -31.256  15.505  -43.009 0.2857142985
78726  -31.660  15.163  -42.878 0.2857142985
78729  -34.675  13.808  -41.995 0.2857142985
78740  -34.819  14.362  -41.746 0.2857142985
78746  -34.854  13.823  -43.203 0.1428571492
79415  -37.487  14.815  -39.870 0.5714285970
79425  -31.134  15.448  -43.113 0.2857142985
79426  -31.304  15.654  -42.248 0.2857142985
79427  -34.038  15.187  -41.186 0.2857142985
79428  -35.144  15.262  -40.935 0.4285714328
79429  -35.786  14.954  -41.709 0.4285714328
79441  -35.732  14.417  -42.296 0.2857142985
79442  -37.199  14.342  -42.263 0.2857142985
79449  -32.240  16.381  -42.055 0.2857142985
79450  -33.225  16.046  -41.019 0.2857142985
79460  -36.681  14.818  -44.011 0.1428571492
80096  -34.011  16.133  -37.797 0.1428571492
80100  -33.924  16.180  -38.717 0.1428571492
80102  -35.074  15.460  -39.065 0.1428571492
80105  -34.102  16.178  -39.575 0.1428571492
80114  -36.031  16.124  -40.106 0.4285714328
80115  -36.621  15.970  -40.484 0.7142857313
80119  -30.732  16.028  -42.765 0.2857142985
80120  -31.310  16.081  -41.804 0.4285714328
80121  -32.123  15.871  -41.889 0.4285714328
80124  -35.163  15.962  -41.085 0.5714285970
80125  -36.718  16.013  -40.994 0.5714285970
80132  -32.057  15.986  -41.844 0.4285714328
80138  -32.596  17.216  -41.862 0.2857142985
80745  -31.783  17.274  -38.731 0.1428571492
80761  -35.901  16.318  -40.445 0.7142857313
80766  -30.931  16.108  -43.026 0.2857142985
80767  -31.716  16.951  -41.027 0.4285714328
80769  -34.109  15.984  -40.893 0.4285714328
80781  -32.984  17.042  -41.288 0.2857142985
81388  -30.410  17.733  -39.491 0.1428571492
81415  -37.261  16.945  -42.444 0.1428571492
82009  -31.353  17.475  -40.826 0.2857142985
82030  -32.025  18.273  -42.523 0.2857142985
82627  -31.966  19.076  -42.544 0.2857142985
83183  -27.767  21.542  -41.103 0.1428571492
83184  -28.427  20.593  -41.107 0.1428571492
83842  -30.724  21.011  -42.202 0.1428571492
104867  -31.198  15.900  -43.137 0.2857142985
104868  -31.435  16.349  -43.085 0.2857142985
105544  -31.718  17.108  -42.157 0.2857142985
105803  -32.201  17.153  -41.881 0.2857142985
105910  -27.562  20.706  -39.912 0.1428571492
105973  -31.415  15.251  -43.114 0.2857142985
106056  -27.466  21.333  -40.385 0.1428571492
106117  -30.916  16.353  -43.096 0.2857142985
106151  -32.864  16.679  -41.262 0.2857142985
107192  -31.512  17.091  -41.916 0.4285714328
109874  -30.979  16.136  -43.192 0.2857142985
109894  -35.284  11.899  -42.816 0.2857142985
110638  -36.043  14.444  -43.977 0.1428571492
112796  -33.224  17.232  -41.097 0.2857142985
112977  -30.738  18.643  -42.097 0.2857142985
113362  -16.205  -10.461  -33.115 0.2857142985
113700  -35.947  17.007  -40.713 0.1428571492
116333  -36.925  10.972  -43.055 0.2857142985
116502  -33.914  16.629  -40.762 0.1428571492
119453  -15.195  -8.716  -31.946 0.1428571492
120151  -31.582  17.217  -41.036 0.4285714328
121630  -16.051  -9.348  -32.548 0.2857142985
122110  -30.525  18.480  -41.930 0.2857142985
122834  -15.478  -8.312  -32.361 0.1428571492
123970  -30.085  20.001  -42.137 0.2857142985
124875  -18.040  -8.787  -34.480 0.2857142985
125962  -33.411  19.919  -42.076 0.1428571492
127141  -26.385  -6.629  -33.051 0.5714285970
127947  -38.869  13.066  -42.067 0.2857142985
128367  -37.049  14.920  -39.489 0.5714285970
128412  -17.631  -9.856  -33.934 0.2857142985
