#!ascii label  , from subject sub-v1s12x0050136_ses-1 vox2ras=TkReg
1490
27180  28.446  -45.865  -32.120 0.8999999762
28021  29.071  -45.868  -32.856 0.8000000119
28020  29.725  -44.941  -33.176 0.8000000119
28029  30.678  -44.509  -34.532 0.6999999881
121369  31.252  -44.100  -34.891 0.8000000119
27181  27.464  -45.941  -32.302 0.8999999762
28010  29.348  -44.982  -32.250 1.0000000000
29658  31.518  -42.769  -35.101 0.8000000119
28841  31.244  -43.500  -34.432 0.8999999762
110024  31.527  -42.062  -35.806 0.8000000119
31477  31.835  -40.288  -37.196 0.6999999881
31491  32.072  -40.339  -37.972 0.6999999881
28011  26.620  -45.440  -32.140 0.8000000119
28806  26.306  -44.638  -30.640 0.8999999762
27996  26.076  -44.623  -31.685 0.8999999762
28821  24.623  -43.743  -32.685 0.8999999762
27994  28.682  -45.340  -31.397 0.8999999762
28832  30.335  -43.983  -33.642 0.8999999762
103648  30.200  -43.279  -32.969 1.0000000000
29651  30.824  -42.935  -33.621 0.8999999762
30502  31.384  -41.797  -34.851 0.8999999762
31465  31.478  -40.853  -36.169 0.8000000119
103694  32.572  -39.285  -39.268 0.6999999881
28807  25.562  -43.955  -31.237 0.8999999762
28808  24.792  -43.504  -31.823 0.8999999762
29629  24.091  -43.194  -32.463 0.8999999762
114717  26.852  -45.308  -31.089 0.8999999762
27995  27.921  -45.293  -30.661 0.8999999762
28819  29.306  -44.556  -31.516 1.0000000000
31454  31.369  -41.068  -35.518 0.8000000119
31464  31.584  -40.269  -36.385 0.8000000119
33155  32.733  -38.702  -39.799 0.8000000119
33160  32.867  -38.592  -40.534 0.8000000119
33167  33.336  -38.624  -42.501 0.8000000119
33944  33.838  -37.864  -44.756 0.8000000119
29617  24.175  -42.886  -31.495 0.8999999762
30476  22.920  -42.260  -32.901 0.8999999762
30491  22.272  -42.042  -33.868 0.8999999762
28795  25.749  -43.929  -30.112 0.8999999762
30477  22.306  -41.672  -32.561 0.8999999762
31450  20.421  -41.373  -34.952 0.8000000119
107678  21.257  -41.825  -34.695 0.8000000119
27981  27.125  -44.959  -30.226 0.8999999762
32302  20.038  -40.551  -34.315 0.6999999881
117422  19.725  -40.836  -34.791 0.6999999881
33098  19.916  -39.781  -34.943 0.6999999881
27980  27.800  -44.850  -30.023 0.8999999762
33859  20.020  -38.225  -36.576 0.6999999881
33875  21.012  -38.021  -36.901 0.6999999881
28783  28.540  -44.184  -29.545 1.0000000000
34790  19.721  -36.874  -37.609 0.6000000238
114089  28.879  -44.712  -30.809 1.0000000000
28805  29.440  -43.794  -31.141 1.0000000000
28818  29.753  -43.725  -32.120 1.0000000000
29643  30.876  -42.076  -33.518 1.0000000000
108016  31.376  -42.451  -34.193 0.8999999762
29628  30.064  -42.577  -32.448 1.0000000000
30497  31.011  -41.553  -34.090 0.8999999762
31447  31.088  -40.876  -34.627 0.8000000119
114079  31.398  -40.383  -35.781 0.8000000119
33143  32.323  -38.721  -38.634 0.8000000119
33934  33.128  -37.622  -41.650 0.8000000119
33939  33.567  -37.866  -42.893 0.8000000119
33942  33.724  -37.817  -43.775 0.8000000119
33946  33.862  -37.396  -45.749 0.8000000119
29616  24.939  -43.291  -30.805 0.8999999762
29630  23.468  -42.624  -32.182 0.8999999762
29604  24.102  -42.591  -30.307 0.8999999762
29618  23.439  -42.291  -31.185 0.8999999762
112039  22.917  -41.931  -31.899 0.8999999762
31441  21.129  -40.774  -33.855 0.8999999762
27971  26.544  -44.570  -29.574 0.8999999762
33091  18.938  -40.260  -35.000 0.6999999881
28785  26.882  -44.477  -28.534 0.8999999762
33860  18.391  -37.952  -35.504 0.6000000238
123680  18.951  -38.048  -36.228 0.6000000238
28784  27.857  -44.300  -28.784 1.0000000000
35726  21.068  -35.616  -37.950 0.5000000000
28794  28.982  -43.964  -30.339 1.0000000000
36700  21.279  -34.830  -38.446 0.5000000000
29615  29.373  -42.820  -30.648 1.0000000000
29614  29.714  -42.711  -31.630 1.0000000000
30489  30.809  -41.346  -33.435 1.0000000000
32313  31.155  -40.201  -35.146 0.8999999762
33121  31.969  -38.642  -37.929 0.8000000119
33103  31.480  -38.875  -36.174 0.8999999762
33102  31.664  -38.546  -36.956 0.8000000119
33921  32.752  -37.947  -39.928 0.8000000119
33908  32.165  -37.823  -38.469 0.8000000119
33922  32.528  -37.412  -39.275 0.8999999762
110196  33.384  -37.157  -42.332 0.8000000119
34884  33.508  -36.938  -46.686 0.8000000119
34875  34.408  -36.441  -45.892 0.8000000119
34891  32.521  -36.581  -47.609 0.8000000119
125728  22.290  -41.441  -31.606 0.8999999762
29603  25.021  -43.204  -29.579 0.8999999762
29595  24.209  -42.569  -28.944 0.8999999762
33084  18.848  -40.469  -34.727 0.6999999881
33092  18.516  -39.891  -34.664 0.8000000119
28773  26.349  -44.046  -27.518 0.8999999762
29594  24.882  -43.322  -28.144 0.8999999762
34770  18.862  -37.186  -36.747 0.6999999881
34791  18.404  -36.909  -36.635 0.6999999881
35708  19.273  -35.796  -37.288 0.6000000238
35727  20.258  -35.852  -37.588 0.5000000000
114302  28.596  -43.546  -28.947 1.0000000000
104233  20.518  -34.933  -37.855 0.5000000000
37636  21.465  -33.729  -38.535 0.5000000000
110219  28.931  -43.251  -29.824 1.0000000000
30475  29.926  -41.715  -32.027 1.0000000000
30490  30.526  -41.673  -32.800 1.0000000000
32309  30.897  -40.019  -34.307 0.8999999762
30460  29.650  -41.789  -31.186 1.0000000000
31439  30.639  -40.725  -33.032 0.8999999762
109007  30.992  -39.316  -34.868 0.8999999762
33891  31.802  -37.761  -37.574 0.8999999762
119854  32.876  -36.788  -40.739 0.8999999762
34867  33.472  -36.369  -42.912 0.8999999762
33873  31.329  -38.096  -36.112 0.8999999762
34848  32.494  -36.538  -39.439 0.8999999762
34872  34.223  -36.307  -44.822 0.8999999762
34855  32.902  -36.169  -41.162 0.8999999762
29605  23.307  -41.924  -30.303 0.8999999762
125398  21.248  -40.682  -32.701 0.8999999762
31423  21.733  -40.887  -31.936 0.8999999762
32303  19.793  -39.743  -33.581 1.0000000000
33085  18.774  -39.575  -33.833 0.8000000119
30449  23.472  -41.916  -29.421 0.8999999762
107472  17.945  -38.867  -35.188 0.6999999881
28772  27.274  -44.001  -27.645 0.8999999762
28774  25.502  -43.840  -27.398 0.8999999762
34771  17.557  -37.270  -36.623 0.6999999881
35698  17.845  -36.158  -37.123 0.6999999881
36663  19.677  -35.088  -37.494 0.5000000000
28771  28.105  -43.673  -28.183 1.0000000000
36679  19.934  -34.244  -37.678 0.5000000000
29585  28.547  -42.874  -28.357 1.0000000000
29593  28.878  -42.612  -29.277 1.0000000000
115788  28.979  -41.754  -29.637 1.0000000000
112561  29.348  -41.763  -30.381 1.0000000000
31422  30.253  -40.803  -32.280 1.0000000000
31403  29.869  -40.901  -31.516 1.0000000000
30448  29.172  -40.949  -29.942 1.0000000000
32301  30.382  -39.939  -32.597 0.8999999762
107947  30.701  -39.121  -33.953 0.8999999762
33122  31.511  -37.539  -36.753 0.8999999762
34905  37.078  -36.188  -51.980 0.6999999881
35854  36.258  -35.947  -53.073 0.8000000119
35855  34.947  -36.060  -54.024 0.8000000119
108001  34.377  -35.729  -54.636 0.8000000119
30451  22.023  -40.831  -30.025 1.0000000000
31405  21.188  -40.295  -30.771 1.0000000000
111739  19.632  -39.230  -33.148 1.0000000000
33849  18.093  -39.170  -34.342 0.6999999881
33850  17.652  -38.463  -34.940 0.6999999881
28763  25.826  -43.720  -26.323 0.8999999762
29588  23.959  -42.656  -27.336 0.8999999762
34772  17.082  -36.770  -35.986 0.6999999881
36664  19.126  -34.405  -37.362 0.6000000238
29586  27.899  -43.183  -27.438 1.0000000000
29578  27.193  -43.498  -26.724 0.8999999762
29587  24.774  -43.482  -26.309 0.8999999762
110157  21.514  -32.923  -38.594 0.4000000060
116310  28.774  -41.939  -28.723 1.0000000000
31404  29.709  -40.272  -31.060 1.0000000000
108259  29.936  -39.958  -31.759 1.0000000000
36796  31.419  -34.982  -48.172 0.8999999762
35851  39.743  -35.618  -49.705 0.6000000238
35867  37.353  -35.357  -51.279 0.6000000238
35868  36.749  -35.469  -52.202 0.8000000119
35857  31.675  -35.947  -52.193 0.8999999762
111977  30.912  -35.081  -49.201 0.8999999762
30439  23.383  -41.890  -28.217 0.8999999762
30440  22.731  -41.271  -28.591 0.8999999762
34732  17.481  -37.790  -34.263 0.8000000119
34750  17.351  -37.655  -35.573 0.6999999881
35709  17.890  -35.125  -36.615 0.6999999881
36665  18.259  -34.361  -37.107 0.6000000238
37626  20.957  -32.979  -38.079 0.4000000060
30420  27.528  -42.505  -26.206 1.0000000000
29579  26.559  -43.388  -25.824 0.8999999762
30427  28.301  -42.162  -27.702 1.0000000000
122384  28.586  -41.308  -28.177 1.0000000000
30438  28.868  -41.050  -29.031 1.0000000000
31388  29.408  -40.063  -30.269 1.0000000000
32269  29.657  -39.507  -30.944 1.0000000000
33076  29.908  -38.500  -32.202 1.0000000000
36789  34.326  -35.073  -46.286 0.8999999762
118663  33.472  -34.416  -46.754 0.8999999762
36790  32.237  -34.258  -47.558 0.8999999762
122249  31.678  -34.601  -51.491 0.8999999762
35862  42.475  -35.034  -49.870 0.6000000238
35863  41.412  -34.894  -49.664 0.6000000238
35866  38.259  -35.161  -50.467 0.6000000238
36818  37.685  -34.561  -50.773 0.8000000119
124213  36.528  -35.041  -53.430 0.8000000119
36806  32.223  -35.349  -53.500 0.8999999762
31391  21.366  -40.272  -29.883 0.8999999762
115698  20.520  -39.760  -31.816 0.8999999762
33080  18.979  -38.822  -33.440 0.6999999881
32273  20.249  -39.408  -31.519 0.8999999762
33079  19.818  -39.025  -32.433 0.8999999762
116678  17.274  -36.330  -35.049 0.6000000238
30430  23.742  -42.709  -24.836 1.0000000000
30431  22.653  -41.656  -26.110 1.0000000000
31378  22.010  -40.539  -28.243 1.0000000000
123983  17.402  -35.038  -35.799 0.6000000238
116662  18.670  -33.858  -37.310 0.5000000000
30421  26.450  -42.446  -24.522 1.0000000000
30429  25.449  -41.726  -23.691 1.0000000000
31371  23.998  -40.663  -24.885 1.0000000000
31365  27.175  -40.817  -24.711 1.0000000000
30428  28.051  -41.173  -27.048 1.0000000000
106141  28.595  -40.277  -28.067 1.0000000000
31376  28.944  -40.176  -29.313 1.0000000000
32268  29.805  -39.001  -31.558 1.0000000000
33848  30.578  -37.488  -34.024 1.0000000000
33847  30.747  -37.424  -34.688 1.0000000000
107278  30.940  -36.376  -35.949 1.0000000000
123231  31.503  -36.231  -37.152 1.0000000000
35780  31.943  -35.124  -39.328 1.0000000000
35803  32.457  -35.320  -40.085 0.8999999762
35723  31.726  -36.254  -37.993 0.8999999762
36785  34.633  -34.772  -45.198 0.8999999762
109823  31.010  -34.216  -48.554 0.8999999762
36797  32.196  -34.433  -53.164 0.8999999762
36812  43.897  -34.949  -50.338 0.6000000238
35861  43.465  -35.194  -50.217 0.6000000238
36815  40.806  -34.534  -49.666 0.6000000238
35865  39.296  -34.989  -50.003 0.6000000238
36819  36.739  -34.731  -51.807 0.8000000119
36805  36.001  -35.145  -54.384 0.8000000119
115938  21.018  -39.735  -29.307 0.8999999762
102652  18.676  -38.272  -33.324 0.6999999881
34751  17.219  -37.003  -34.705 0.6000000238
36636  17.233  -35.416  -34.733 0.6000000238
31377  22.165  -40.114  -27.434 0.8999999762
36648  17.271  -34.108  -36.613 0.6000000238
37620  17.919  -33.477  -37.171 0.5000000000
31370  26.204  -39.543  -23.989 1.0000000000
104379  23.883  -39.487  -25.923 0.8999999762
32232  27.378  -39.219  -25.087 1.0000000000
31369  27.920  -39.815  -26.416 1.0000000000
32244  28.767  -39.233  -28.562 1.0000000000
120800  29.006  -39.478  -29.606 1.0000000000
32254  29.340  -39.118  -30.185 1.0000000000
33058  29.676  -38.115  -31.395 1.0000000000
108536  30.065  -37.995  -32.824 1.0000000000
35749  31.720  -35.296  -38.352 1.0000000000
36748  32.507  -34.828  -40.574 1.0000000000
37712  33.770  -33.967  -43.763 0.8999999762
108745  34.190  -34.170  -45.901 0.8999999762
37729  31.535  -33.854  -50.901 0.8999999762
109667  43.393  -34.589  -50.067 0.6000000238
36814  41.690  -34.614  -49.598 0.6000000238
36816  39.959  -34.364  -49.919 0.6000000238
36817  38.815  -34.290  -50.187 0.6999999881
37736  36.368  -33.989  -52.446 0.6999999881
120136  36.361  -34.709  -53.072 0.6999999881
106719  33.849  -35.021  -54.528 0.8000000119
37735  45.391  -34.185  -50.305 0.6000000238
37737  35.906  -34.452  -54.459 0.8000000119
37738  33.453  -33.886  -54.422 0.8999999762
35689  17.520  -36.237  -34.083 0.6999999881
36649  16.702  -34.269  -35.305 0.6000000238
33063  20.319  -39.224  -30.390 0.8000000119
103001  18.495  -37.561  -32.835 0.6999999881
31372  22.689  -40.414  -26.339 0.8999999762
31389  21.658  -39.774  -28.379 0.8000000119
107433  25.226  -39.063  -25.164 1.0000000000
32241  23.316  -39.272  -26.946 0.8000000119
32240  25.161  -38.438  -26.477 0.8999999762
32238  27.739  -38.691  -26.295 1.0000000000
32237  28.325  -39.287  -27.493 1.0000000000
106695  28.922  -38.708  -29.359 1.0000000000
103427  29.309  -37.782  -30.599 1.0000000000
33836  29.906  -37.211  -32.694 1.0000000000
111535  30.765  -36.035  -35.333 1.0000000000
35707  31.175  -35.903  -36.580 1.0000000000
109272  33.245  -34.041  -42.871 0.8999999762
105026  34.285  -33.949  -44.843 0.8999999762
37718  33.217  -33.662  -46.797 0.8999999762
37725  31.086  -33.574  -49.084 0.8999999762
37746  40.735  -33.938  -49.613 0.6000000238
115202  37.072  -33.910  -51.161 0.6999999881
38636  31.975  -33.407  -52.537 0.8999999762
37742  44.426  -33.895  -50.122 0.6000000238
121785  43.928  -34.459  -50.222 0.6000000238
37749  36.502  -33.150  -51.530 0.6999999881
35661  18.095  -36.859  -33.060 0.6999999881
35680  17.207  -35.261  -33.732 0.6000000238
33077  19.933  -38.266  -29.950 0.8000000119
103641  19.282  -38.260  -31.542 0.8000000119
35678  17.641  -36.205  -32.588 0.6999999881
35679  17.535  -36.116  -33.107 0.6999999881
113138  22.690  -38.692  -28.715 0.6999999881
32270  20.855  -39.050  -29.091 0.8000000119
33018  24.306  -38.364  -27.723 0.6999999881
119029  25.645  -38.194  -27.698 0.6999999881
33025  27.724  -37.260  -27.126 0.8000000119
122274  28.157  -38.044  -27.733 0.8000000119
33024  28.297  -37.468  -28.176 0.8000000119
103367  28.789  -37.840  -29.103 0.8999999762
121411  29.775  -37.591  -32.070 1.0000000000
34749  30.175  -36.184  -33.955 1.0000000000
35724  31.467  -35.399  -37.317 1.0000000000
108178  31.704  -34.577  -38.702 1.0000000000
35697  30.594  -35.443  -35.076 1.0000000000
125259  31.000  -35.208  -36.586 1.0000000000
36749  31.991  -34.602  -40.053 1.0000000000
112552  32.718  -34.004  -41.999 1.0000000000
37714  34.082  -33.177  -45.630 0.8999999762
37719  31.535  -33.317  -47.807 0.8999999762
37744  42.812  -34.078  -49.680 0.6000000238
37745  41.854  -34.040  -49.495 0.6000000238
37747  39.674  -33.633  -49.924 0.6000000238
37748  38.690  -33.450  -50.128 0.6999999881
38637  31.469  -32.945  -50.244 0.8999999762
38659  36.348  -32.276  -51.859 0.6999999881
38644  36.350  -33.206  -53.849 0.6999999881
38646  32.261  -32.720  -53.684 0.8999999762
121841  19.493  -36.930  -30.782 0.6999999881
123642  18.559  -37.203  -31.579 0.6000000238
36637  16.679  -34.447  -34.230 0.6000000238
33061  22.029  -37.941  -29.869 0.6999999881
34716  19.890  -36.424  -31.169 0.6000000238
33041  22.445  -38.351  -29.305 0.6999999881
33794  24.904  -37.629  -28.940 0.6999999881
33784  25.102  -38.195  -28.439 0.6999999881
33792  27.913  -36.264  -28.236 0.8000000119
118686  28.893  -36.842  -30.206 0.8000000119
34699  28.975  -36.262  -31.089 0.8000000119
33827  29.441  -37.177  -31.234 0.8000000119
34731  29.902  -36.504  -33.136 1.0000000000
34715  29.611  -36.571  -32.057 0.8000000119
113123  31.186  -34.559  -36.923 1.0000000000
35750  31.474  -34.438  -37.838 1.0000000000
107478  32.452  -33.894  -41.277 1.0000000000
36697  31.568  -33.854  -38.585 1.0000000000
37666  31.795  -33.808  -40.106 1.0000000000
37707  32.867  -33.321  -42.390 1.0000000000
123354  34.056  -32.657  -44.864 1.0000000000
38629  33.148  -32.739  -46.862 0.8999999762
38633  31.184  -32.660  -48.552 0.8999999762
37743  43.604  -33.746  -49.843 0.6000000238
104127  42.181  -33.262  -49.183 0.6000000238
38655  40.261  -32.903  -49.543 0.6999999881
38657  38.307  -32.704  -50.102 0.6999999881
39531  36.124  -32.210  -53.982 0.6999999881
117089  33.293  -32.588  -54.282 0.8999999762
37584  17.864  -33.821  -34.473 0.5000000000
34704  21.135  -36.265  -31.095 0.6000000238
35659  19.788  -35.738  -31.607 0.5000000000
33831  22.503  -36.907  -30.754 0.6999999881
33060  23.470  -37.517  -29.844 0.6999999881
33813  24.496  -37.252  -29.615 0.6999999881
33811  27.329  -36.833  -29.105 0.6999999881
33810  27.338  -35.527  -28.477 0.6999999881
34666  28.361  -36.071  -29.256 0.8000000119
35655  29.155  -35.674  -31.762 0.8000000119
35654  29.593  -35.711  -32.550 0.8000000119
35677  29.455  -34.934  -32.836 0.8000000119
35676  29.821  -35.540  -33.414 0.8000000119
112521  30.387  -34.866  -34.942 0.8999999762
36661  30.763  -34.614  -36.097 1.0000000000
36635  29.934  -34.291  -34.566 0.8000000119
104560  30.891  -33.864  -36.571 0.8999999762
36677  31.231  -33.887  -37.230 1.0000000000
111172  31.685  -33.115  -40.145 1.0000000000
37691  32.488  -33.326  -41.612 1.0000000000
38625  33.843  -32.199  -45.587 1.0000000000
38630  31.742  -32.286  -47.622 0.8999999762
38638  31.473  -32.056  -49.514 0.8999999762
38647  31.746  -32.102  -51.809 0.8999999762
114313  42.961  -33.264  -49.312 0.6000000238
38658  37.127  -32.509  -50.637 0.6999999881
39533  31.963  -31.183  -53.862 0.8999999762
38652  43.475  -32.539  -49.267 0.6000000238
39546  38.706  -31.912  -49.637 0.6999999881
39532  34.367  -31.295  -54.188 0.8000000119
36607  19.690  -34.897  -32.223 0.5000000000
34703  22.476  -36.211  -31.326 0.6999999881
36606  20.923  -34.591  -32.190 0.5000000000
34702  23.425  -36.213  -31.225 0.6999999881
33829  24.369  -36.771  -30.291 0.6999999881
33828  25.168  -36.685  -29.987 0.6999999881
34687  26.312  -36.239  -29.932 0.6999999881
109818  26.978  -34.984  -28.835 0.6999999881
35625  28.817  -35.364  -30.964 0.8000000119
118449  28.969  -34.488  -32.274 0.8000000119
36620  29.714  -34.641  -33.632 0.8000000119
36662  30.544  -33.821  -35.842 0.8000000119
37634  31.395  -33.489  -37.833 0.8999999762
37645  31.551  -33.320  -39.353 1.0000000000
38592  32.561  -32.789  -41.970 1.0000000000
38610  32.961  -32.553  -42.600 1.0000000000
37607  30.049  -33.701  -35.214 0.8000000119
37625  31.065  -33.099  -37.052 0.8000000119
38574  31.740  -32.554  -40.592 0.8999999762
38621  33.936  -32.224  -44.288 1.0000000000
38611  32.433  -32.126  -41.933 0.8999999762
39520  33.143  -31.839  -46.892 1.0000000000
39521  31.288  -31.766  -48.133 1.0000000000
118634  31.697  -31.384  -50.517 0.8999999762
38656  39.293  -32.772  -49.744 0.6999999881
39524  31.555  -31.202  -48.978 0.8999999762
38642  41.741  -32.145  -48.823 0.6000000238
38643  40.836  -31.969  -49.135 0.6000000238
39534  31.388  -30.531  -52.483 0.8999999762
39545  39.772  -31.741  -49.326 0.6999999881
39548  36.927  -31.573  -50.741 0.6999999881
39549  36.286  -31.216  -51.942 0.6999999881
112696  32.816  -29.858  -54.134 0.8000000119
107647  35.804  -30.610  -53.328 0.6999999881
40407  31.396  -29.425  -53.694 0.8000000119
35629  22.267  -35.678  -31.707 0.6000000238
35658  21.375  -35.339  -31.705 0.5000000000
109822  23.214  -35.563  -31.820 0.5000000000
35602  26.211  -35.079  -29.795 0.6999999881
35627  24.909  -35.493  -30.702 0.6999999881
35626  25.542  -34.588  -30.369 0.6999999881
35601  27.928  -34.350  -29.544 0.6999999881
35600  28.556  -34.945  -30.311 0.6999999881
36577  28.480  -34.302  -30.591 0.6999999881
36586  28.713  -34.571  -31.026 0.6999999881
36601  28.831  -33.615  -32.250 0.8000000119
36621  29.562  -33.713  -33.743 0.8000000119
37577  28.984  -33.239  -33.059 0.8000000119
37596  29.759  -33.351  -34.518 0.8000000119
37618  30.637  -33.170  -36.245 0.8000000119
38523  29.790  -32.265  -35.122 0.8000000119
38531  30.673  -32.449  -36.558 0.8000000119
38549  31.205  -32.594  -37.937 0.8000000119
39511  33.733  -31.555  -43.631 0.8999999762
39514  33.895  -31.485  -44.634 1.0000000000
104224  30.888  -31.766  -37.678 0.8000000119
39446  30.989  -31.844  -38.559 0.8000000119
118146  31.867  -31.493  -47.550 1.0000000000
39517  33.673  -31.303  -45.871 1.0000000000
39543  42.266  -31.070  -48.782 0.6000000238
120604  38.939  -30.994  -49.436 0.6999999881
111067  37.988  -31.025  -49.993 0.6999999881
39535  31.769  -30.494  -50.374 0.8999999762
119541  36.965  -30.495  -50.817 0.6999999881
125218  36.397  -30.283  -52.015 0.8000000119
40406  34.470  -29.293  -53.744 0.8000000119
122616  26.154  -33.792  -30.190 0.6999999881
37546  26.034  -33.199  -30.405 0.6999999881
111095  27.095  -33.761  -29.352 0.6999999881
36578  27.956  -33.695  -30.254 0.6999999881
37535  28.177  -33.007  -31.091 0.6999999881
37544  28.523  -33.098  -31.544 0.6999999881
38489  28.680  -32.706  -32.267 0.6999999881
37597  29.386  -32.747  -33.865 0.8000000119
38515  29.683  -32.676  -34.601 0.8000000119
113949  30.294  -31.943  -36.245 0.8000000119
105452  29.922  -31.768  -35.696 0.8000000119
39440  30.633  -31.653  -36.864 0.8000000119
105307  31.823  -31.809  -41.161 0.8999999762
39499  32.944  -31.517  -42.705 0.8999999762
116435  31.286  -31.841  -39.396 0.8000000119
39500  32.290  -31.432  -41.840 0.8999999762
110399  40.515  -30.925  -48.991 0.6000000238
106161  33.384  -30.932  -43.336 0.8999999762
112744  33.823  -30.714  -44.916 0.8999999762
110966  32.903  -31.007  -46.912 1.0000000000
39544  41.341  -30.963  -48.851 0.6000000238
40400  31.726  -30.231  -48.714 0.8999999762
124887  37.810  -30.064  -50.211 0.6999999881
41285  32.474  -28.390  -53.819 0.8999999762
121813  31.446  -28.266  -53.034 0.8000000119
37545  27.373  -32.392  -30.045 0.6999999881
38474  27.752  -32.482  -30.637 0.6999999881
123643  28.347  -32.331  -31.754 0.6999999881
122657  28.978  -31.905  -33.791 0.6999999881
39393  28.831  -31.130  -33.601 0.6999999881
39407  29.244  -31.308  -34.301 0.6999999881
106072  30.998  -31.136  -39.005 0.8000000119
40369  31.886  -30.930  -41.343 0.8000000119
39461  31.392  -31.127  -39.769 0.8000000119
111983  31.946  -30.286  -41.558 0.8000000119
40418  39.707  -30.161  -49.363 0.6000000238
40378  32.412  -30.738  -42.071 0.8000000119
121114  32.808  -30.365  -42.898 0.8999999762
40391  33.490  -30.471  -46.029 0.8999999762
40393  32.599  -30.127  -46.899 0.8999999762
40417  40.839  -29.887  -49.313 0.6000000238
40419  38.624  -30.068  -49.864 0.6999999881
106980  31.716  -29.672  -47.640 0.8999999762
40404  36.778  -29.685  -51.400 0.6999999881
40409  31.948  -29.407  -50.119 0.8000000119
41284  35.519  -28.404  -52.369 0.6999999881
39376  27.623  -31.889  -30.921 0.6999999881
106326  27.999  -31.114  -32.188 0.6999999881
40297  28.568  -30.368  -33.349 0.6999999881
39439  30.841  -31.084  -38.163 0.8000000119
40353  31.170  -30.423  -39.420 0.8000000119
40363  31.670  -30.179  -40.777 0.8000000119
41242  32.278  -29.937  -42.108 0.8000000119
40388  33.576  -30.158  -44.250 0.8999999762
109173  33.277  -29.610  -46.073 0.8999999762
41296  39.110  -29.133  -50.267 0.6999999881
41298  37.417  -29.543  -50.748 0.6999999881
41269  31.927  -29.132  -48.642 0.8999999762
41283  36.635  -28.969  -51.691 0.6999999881
122029  33.984  -28.074  -52.891 0.8000000119
41268  32.203  -28.269  -49.811 0.8000000119
42159  36.114  -28.280  -50.456 0.6999999881
41267  32.569  -27.435  -52.240 0.8000000119
41286  31.895  -28.227  -51.605 0.8000000119
42160  34.379  -27.269  -51.360 0.8000000119
40286  27.403  -30.590  -31.395 0.6999999881
40298  27.970  -30.394  -32.522 0.6000000238
41295  40.221  -29.054  -50.099 0.6000000238
41251  33.033  -29.590  -43.604 0.8000000119
41259  33.476  -29.237  -45.313 0.8999999762
41262  32.211  -29.087  -46.841 0.8999999762
41264  31.702  -28.614  -47.520 0.8999999762
41282  37.133  -29.089  -51.185 0.8000000119
123780  32.509  -27.488  -50.836 0.8000000119
42158  36.655  -28.611  -51.345 0.6999999881
42142  33.140  -26.785  -50.608 0.8000000119
41280  38.565  -28.655  -51.268 0.6999999881
41255  33.461  -29.353  -44.518 0.8000000119
42155  38.921  -28.086  -51.834 0.5000000000
41281  37.852  -28.902  -51.386 0.6000000238
42156  37.986  -28.339  -51.813 0.6000000238
42157  37.333  -28.594  -51.678 0.6999999881
42144  32.032  -28.028  -48.482 0.8000000119
42138  37.274  -27.911  -52.021 0.6000000238
42977  36.198  -27.734  -51.035 0.6000000238
121911  35.629  -27.816  -49.793 0.6999999881
42141  34.845  -27.363  -49.425 0.8000000119
117059  35.846  -27.588  -49.954 0.6000000238
104048  33.118  -28.713  -45.955 0.8000000119
42131  32.076  -28.138  -46.674 0.8000000119
42134  31.709  -27.616  -47.359 0.8999999762
42991  38.883  -27.536  -52.223 0.6000000238
42979  33.214  -26.212  -49.356 0.8000000119
42143  32.523  -27.023  -49.437 0.8000000119
42981  32.064  -27.007  -48.088 0.8000000119
42978  34.923  -27.399  -49.562 0.6000000238
104371  32.977  -27.746  -45.810 0.8000000119
42975  37.226  -27.154  -52.371 0.6000000238
42976  36.433  -27.350  -52.217 0.6000000238
42980  32.539  -26.426  -48.623 0.8000000119
112884  35.345  -26.723  -51.828 0.6000000238
43792  32.996  -26.261  -48.598 0.6999999881
43793  32.346  -26.119  -47.789 0.8000000119
43780  34.402  -25.545  -51.480 0.6000000238
43781  33.253  -25.935  -50.279 0.6000000238
43782  32.701  -25.980  -48.953 0.6999999881
43790  36.393  -26.114  -52.500 0.6000000238
106407  35.344  -24.985  -52.470 0.6000000238
42961  32.889  -27.279  -44.112 0.8000000119
111947  32.188  -27.297  -46.588 0.8000000119
43788  38.565  -26.421  -52.287 0.6000000238
104441  33.101  -27.548  -44.921 0.8000000119
43787  39.098  -26.149  -52.041 0.5000000000
43783  33.010  -25.895  -47.682 0.8000000119
42971  32.013  -26.716  -47.024 0.8000000119
44575  38.324  -25.670  -52.255 0.6000000238
43789  37.674  -26.278  -52.431 0.6000000238
44569  32.638  -25.212  -48.077 0.6000000238
44590  39.358  -24.665  -51.147 0.5000000000
44576  37.307  -25.205  -52.463 0.6000000238
104184  36.254  -24.774  -52.453 0.6000000238
122922  33.737  -24.411  -50.920 0.6000000238
116288  37.027  -24.114  -52.011 0.6000000238
44577  35.614  -23.985  -52.091 0.6000000238
119574  34.712  -24.237  -51.923 0.6000000238
43770  32.903  -26.685  -44.794 0.8000000119
42967  32.843  -26.878  -46.074 0.8000000119
43765  32.751  -26.445  -43.907 0.8000000119
43773  32.842  -25.917  -45.129 0.6999999881
120804  33.301  -25.767  -46.294 0.6999999881
44585  38.232  -24.790  -51.479 0.6000000238
122737  32.540  -24.707  -49.703 0.6000000238
44570  33.241  -25.376  -47.336 0.6999999881
115437  39.056  -23.956  -50.741 0.5000000000
45401  33.439  -23.042  -50.064 0.6000000238
45398  37.901  -23.866  -50.702 0.5000000000
45400  35.875  -23.807  -50.529 0.6000000238
44578  34.581  -23.581  -51.105 0.6000000238
46304  38.568  -23.605  -49.651 0.5000000000
44554  32.645  -25.632  -43.903 0.6999999881
116749  33.362  -25.256  -46.103 0.6000000238
45402  33.234  -24.483  -47.607 0.6000000238
44572  33.492  -25.510  -46.604 0.6000000238
45391  33.436  -23.566  -48.072 0.6000000238
45393  33.592  -24.951  -46.562 0.6000000238
46294  37.618  -22.907  -49.739 0.5000000000
46295  36.607  -22.954  -49.702 0.6000000238
46296  35.154  -23.017  -49.779 0.6000000238
44579  32.752  -23.804  -48.767 0.6000000238
46299  33.649  -23.799  -47.435 0.6000000238
106163  37.490  -22.838  -48.807 0.6000000238
47239  36.436  -22.877  -48.738 0.6000000238
120529  38.403  -22.816  -48.889 0.5000000000
120317  38.340  -22.819  -47.788 0.4000000060
47224  37.936  -22.818  -46.662 0.5000000000
44562  32.731  -25.375  -44.649 0.6000000238
45380  33.045  -24.438  -45.390 0.6000000238
47240  35.521  -22.904  -48.491 0.6000000238
46286  34.065  -23.189  -48.159 0.6000000238
46281  33.502  -24.025  -46.006 0.6000000238
47233  35.576  -22.905  -47.351 0.6000000238
47231  37.313  -22.874  -47.685 0.5000000000
47232  36.351  -22.938  -47.639 0.6000000238
47234  34.252  -22.996  -47.305 0.6000000238
47228  33.731  -23.429  -46.496 0.5000000000
46276  32.991  -23.614  -45.203 0.5000000000
45379  32.747  -24.734  -44.838 0.5000000000
46298  34.847  -23.011  -47.950 0.6000000238
105343  33.996  -22.937  -46.499 0.5000000000
110849  36.112  -22.892  -46.770 0.6000000238
47225  36.848  -22.865  -46.584 0.5000000000
46270  32.666  -24.000  -44.560 0.4000000060
120973  34.853  -22.927  -47.052 0.6000000238
47227  34.473  -22.865  -46.331 0.5000000000
116605  36.109  -22.836  -46.056 0.4000000060
47226  35.401  -22.911  -46.242 0.6000000238
47218  33.914  -21.995  -45.884 0.4000000060
47215  36.610  -22.688  -45.524 0.4000000060
48085  36.338  -22.147  -44.840 0.4000000060
47216  35.812  -22.531  -45.515 0.4000000060
47217  34.835  -22.511  -45.510 0.4000000060
47210  37.027  -22.717  -44.702 0.4000000060
47206  32.072  -22.610  -43.439 0.4000000060
48089  32.960  -21.999  -44.637 0.4000000060
48092  34.109  -21.793  -45.085 0.4000000060
48091  35.531  -21.849  -44.995 0.4000000060
124544  34.841  -21.694  -45.035 0.4000000060
47211  32.564  -22.644  -44.262 0.4000000060
48093  33.577  -21.877  -45.031 0.4000000060
108500  35.904  -21.785  -44.124 0.3000000119
108954  34.454  -21.431  -44.421 0.4000000060
48090  32.519  -21.945  -43.836 0.4000000060
48088  33.365  -21.652  -44.316 0.4000000060
35856  33.042  -36.058  -53.872 0.8000000119
35842  30.727  -35.722  -48.811 0.8999999762
35841  30.856  -35.813  -49.986 0.8999999762
33090  30.819  -38.277  -34.556 1.0000000000
106492  30.388  -38.992  -32.959 1.0000000000
34862  33.158  -36.289  -42.041 0.8999999762
124856  31.856  -37.114  -38.030 0.8999999762
34803  31.655  -36.924  -37.336 0.8999999762
34788  31.080  -37.220  -36.005 1.0000000000
35823  34.704  -35.626  -45.496 0.8999999762
34856  32.711  -36.156  -40.238 0.8999999762
35810  32.902  -35.477  -41.723 0.8999999762
35802  32.731  -35.412  -40.822 0.8999999762
47220  33.374  -23.207  -45.610 0.4000000060
104038  33.799  -22.778  -45.906 0.4000000060
106047  32.935  -22.819  -44.977 0.4000000060
46271  32.367  -23.313  -43.997 0.4000000060
27176  27.640  -45.725  -31.536 0.8999999762
118068  29.884  -44.161  -32.832 1.0000000000
32355  32.274  -39.585  -38.399 0.8000000119
28820  25.365  -44.018  -32.204 0.8999999762
27979  28.394  -44.704  -30.126 1.0000000000
32337  31.904  -39.458  -37.507 0.8000000119
28786  25.857  -44.035  -28.670 0.8999999762
31438  30.850  -40.728  -33.814 0.8999999762
32322  31.393  -39.592  -35.760 0.8000000119
33929  32.917  -37.631  -40.830 0.8000000119
110284  33.819  -37.056  -44.243 0.8000000119
105611  33.004  -36.939  -41.460 0.8999999762
124728  34.595  -35.760  -46.208 0.8999999762
35828  33.697  -35.924  -46.838 0.8000000119
32300  30.695  -39.910  -33.414 0.8999999762
35818  33.594  -35.734  -43.389 0.8999999762
30462  22.633  -41.554  -30.790 0.8999999762
31424  21.012  -40.195  -31.776 1.0000000000
112449  18.894  -35.181  -36.969 0.6000000238
36680  19.387  -33.674  -37.441 0.4000000060
33858  30.938  -37.748  -35.357 0.8999999762
34907  33.830  -36.660  -53.869 0.6999999881
31390  21.619  -40.284  -29.113 0.8999999762
35829  32.851  -35.046  -47.209 0.8999999762
35852  38.728  -35.795  -50.145 0.6000000238
36798  31.406  -35.131  -50.877 0.8999999762
33838  18.045  -37.787  -33.620 0.6999999881
37627  20.197  -33.360  -37.658 0.4000000060
35821  33.954  -35.470  -44.281 0.8999999762
36799  31.127  -34.364  -49.820 0.8999999762
102937  19.258  -38.540  -32.772 0.8000000119
33842  30.252  -37.380  -33.330 1.0000000000
116042  32.397  -35.820  -39.591 0.8999999762
36776  32.936  -34.786  -42.332 0.8999999762
36779  33.563  -34.890  -43.346 0.8999999762
35816  33.265  -35.603  -42.629 0.8999999762
32247  22.851  -39.037  -27.906 0.8000000119
37598  16.201  -33.020  -35.203 0.5000000000
32239  26.919  -38.263  -25.403 1.0000000000
32246  26.734  -37.507  -26.710 0.8000000119
32245  27.718  -37.995  -26.676 0.8999999762
106888  37.613  -33.315  -50.539 0.6999999881
38645  35.363  -33.084  -54.958 0.8000000119
36624  16.657  -34.359  -33.969 0.6000000238
122486  21.190  -37.837  -30.124 0.8000000119
35660  18.044  -36.549  -31.857 0.6000000238
33040  23.695  -37.841  -29.206 0.6999999881
33026  26.556  -37.918  -28.388 0.6999999881
33793  27.608  -36.722  -27.510 0.6999999881
104771  33.980  -33.073  -44.216 1.0000000000
36622  18.540  -35.184  -32.621 0.6000000238
37585  16.393  -33.380  -34.550 0.5000000000
33812  25.718  -37.020  -29.364 0.6999999881
35688  30.128  -35.300  -34.333 0.8999999762
37583  18.684  -33.994  -33.364 0.5000000000
34686  28.675  -35.724  -30.010 0.8000000119
34701  24.254  -36.196  -30.841 0.6999999881
38559  31.512  -32.531  -39.775 0.8999999762
38532  30.172  -32.558  -35.833 0.8000000119
38541  30.916  -32.310  -37.200 0.8000000119
40408  31.452  -29.257  -52.257 0.8999999762
36605  21.975  -34.488  -32.386 0.5000000000
36589  24.015  -34.826  -31.757 0.6999999881
37543  28.755  -34.057  -31.580 0.6999999881
38516  29.501  -32.061  -34.421 0.8000000119
39460  31.563  -31.820  -40.203 0.8999999762
40405  36.065  -29.524  -52.645 0.8000000119
38479  28.072  -32.460  -31.324 0.6999999881
37558  28.471  -31.813  -32.345 0.6999999881
122250  30.683  -31.114  -37.425 0.8000000119
40274  27.231  -31.168  -30.884 0.6000000238
42140  36.266  -28.060  -50.320 0.6999999881
117424  34.051  -26.776  -49.081 0.6999999881
109239  34.398  -26.848  -50.457 0.6000000238
43784  33.254  -26.001  -46.631 0.6999999881
45399  36.804  -23.838  -50.632 0.6000000238
46297  34.393  -22.988  -49.026 0.6000000238
46287  33.860  -23.445  -47.676 0.6000000238
47219  33.450  -22.544  -45.276 0.4000000060
48086  35.154  -21.506  -44.455 0.4000000060
35838  32.146  -35.765  -47.793 0.8999999762
30563  31.057  -41.911  -40.345 0.4000000060
115378  30.037  -42.829  -39.426 0.4000000060
30535  29.221  -41.966  -39.278 0.4000000060
30545  31.019  -42.080  -39.743 0.4000000060
29696  29.667  -43.112  -39.087 0.4000000060
29675  28.926  -43.414  -38.827 0.4000000060
107958  31.240  -42.322  -38.979 0.3000000119
28873  30.506  -44.093  -38.576 0.4000000060
30534  31.984  -41.509  -38.989 0.4000000060
31514  32.397  -40.905  -40.159 0.4000000060
121495  32.902  -40.392  -41.576 0.4000000060
111658  33.058  -40.133  -42.438 0.4000000060
28065  29.092  -45.152  -37.919 0.5000000000
114545  28.241  -44.343  -37.829 0.4000000060
28064  30.306  -44.762  -38.228 0.4000000060
29674  31.302  -43.221  -37.676 0.5000000000
30523  31.658  -42.226  -37.731 0.4000000060
124265  32.137  -40.983  -38.371 0.4000000060
32373  32.657  -40.170  -39.743 0.5000000000
104528  33.118  -39.426  -42.014 0.5000000000
32389  33.308  -39.489  -43.043 0.6000000238
32391  33.381  -39.676  -44.591 0.5000000000
32393  33.279  -39.375  -45.419 0.6000000238
32402  32.281  -39.811  -47.108 0.4000000060
28052  29.097  -46.158  -37.605 0.5000000000
28066  28.126  -45.462  -37.610 0.5000000000
28067  27.393  -44.635  -37.523 0.5000000000
28875  27.049  -43.718  -37.485 0.5000000000
28051  30.230  -45.482  -37.283 0.6000000238
125669  30.690  -44.603  -37.056 0.5000000000
28050  30.711  -45.062  -36.474 0.6000000238
30522  31.920  -41.315  -37.990 0.4000000060
122483  32.333  -40.617  -38.649 0.6000000238
32365  32.806  -39.412  -40.144 0.6000000238
32372  32.944  -39.430  -41.052 0.6000000238
33174  33.635  -38.845  -44.755 0.6000000238
33177  33.577  -38.398  -45.620 0.6000000238
118018  33.533  -39.190  -43.968 0.6000000238
32401  32.886  -38.994  -46.474 0.6000000238
33195  31.230  -38.830  -48.444 0.6000000238
26416  28.260  -46.534  -37.392 0.5000000000
27210  27.276  -45.732  -37.206 0.5000000000
125565  26.858  -45.004  -37.232 0.5000000000
28861  26.553  -44.451  -37.201 0.5000000000
122507  29.868  -46.342  -37.202 0.6000000238
27209  29.224  -46.937  -37.166 0.6000000238
28860  31.070  -44.190  -36.353 0.6000000238
27199  30.514  -45.693  -35.711 0.6000000238
29665  31.445  -43.181  -36.324 0.5000000000
108343  31.616  -42.344  -36.766 0.6000000238
31478  31.689  -41.137  -36.917 0.6000000238
33163  33.043  -38.459  -41.531 0.6000000238
105348  32.488  -38.373  -47.394 0.6000000238
123891  31.711  -37.983  -48.149 0.6999999881
27211  26.682  -46.278  -36.593 0.6000000238
28053  26.287  -45.296  -36.824 0.5000000000
28862  25.704  -44.480  -36.742 0.5000000000
26383  29.557  -47.748  -35.698 0.6000000238
25580  28.920  -48.029  -36.256 0.6000000238
117112  27.559  -46.874  -36.870 0.6000000238
28055  25.005  -44.423  -36.185 0.5000000000
123744  24.562  -44.100  -36.331 0.5000000000
26384  29.115  -47.822  -34.792 0.6000000238
28848  31.401  -43.742  -35.354 0.6000000238
33959  32.595  -37.490  -47.470 0.6999999881
26396  27.161  -47.103  -36.171 0.6000000238
111399  26.001  -45.823  -36.190 0.6000000238
28054  25.494  -45.155  -36.183 0.6000000238
26395  27.785  -47.818  -35.765 0.6000000238
28039  25.766  -45.651  -35.257 0.6000000238
28040  25.085  -44.808  -35.427 0.6000000238
28850  24.330  -44.189  -35.663 0.6000000238
102682  23.985  -42.949  -36.708 0.6000000238
27193  27.246  -47.087  -35.171 0.6000000238
118138  24.000  -42.200  -36.936 0.5000000000
121925  29.669  -47.367  -34.965 0.6000000238
101557  23.514  -42.077  -36.674 0.6000000238
27194  26.576  -46.419  -34.590 0.6000000238
28842  24.662  -44.481  -34.679 0.6000000238
112308  26.926  -46.323  -33.635 0.6000000238
28030  26.069  -45.613  -33.956 0.6000000238
28031  25.369  -45.029  -34.608 0.6000000238
28851  23.653  -43.486  -35.884 0.6000000238
121860  23.194  -42.726  -36.344 0.6000000238
27188  27.680  -46.940  -34.045 0.6000000238
103257  22.797  -42.127  -36.032 0.6000000238
27187  28.823  -46.673  -33.503 0.6000000238
105964  30.097  -44.907  -33.906 0.6000000238
33963  30.790  -37.072  -48.630 0.6999999881
33962  30.183  -37.080  -50.028 0.6999999881
28833  24.567  -44.085  -33.798 0.6999999881
28843  23.881  -43.754  -34.669 0.6999999881
105513  27.893  -46.424  -32.928 0.6000000238
34894  30.427  -36.382  -49.340 0.6999999881
28023  25.363  -44.712  -33.697 0.6999999881
27182  26.785  -45.897  -32.961 0.6999999881
28022  26.141  -45.188  -33.095 0.6999999881
29644  24.011  -43.568  -33.442 0.6999999881
115836  23.247  -43.185  -34.125 0.6999999881
29652  23.155  -43.095  -35.167 0.6000000238
104994  22.345  -42.802  -35.676 0.6999999881
113519  21.667  -42.175  -35.595 0.6000000238
34908  32.007  -36.629  -53.374 0.8000000119
28012  25.769  -44.634  -32.647 0.6999999881
115632  25.089  -44.111  -33.051 0.6999999881
29653  22.603  -42.691  -34.651 0.6999999881
32323  22.138  -39.851  -36.718 0.5000000000
31448  21.525  -42.537  -35.386 0.6999999881
31449  20.910  -42.074  -35.761 0.6000000238
32315  21.300  -40.010  -36.295 0.6000000238
41234  31.858  -29.597  -41.422 0.6999999881
39420  29.825  -30.977  -35.561 0.6999999881
40333  30.396  -30.779  -36.865 0.6999999881
40340  30.875  -30.356  -38.603 0.6999999881
40321  29.510  -30.722  -34.843 0.6000000238
41228  31.350  -29.725  -39.915 0.6999999881
41227  31.579  -29.149  -40.627 0.6999999881
41241  32.568  -29.376  -42.656 0.6999999881
115665  32.682  -28.675  -43.184 0.6999999881
40310  28.942  -30.522  -34.192 0.6000000238
40320  29.692  -30.171  -35.432 0.6000000238
107731  30.948  -29.679  -39.101 0.6999999881
41167  28.660  -29.569  -34.010 0.6000000238
107295  32.052  -29.237  -42.030 0.6999999881
42115  32.193  -28.473  -42.298 0.6999999881
42126  33.018  -28.007  -44.333 0.6999999881
103815  29.279  -29.931  -34.768 0.6000000238
41184  29.776  -29.521  -36.077 0.6000000238
109708  29.976  -29.158  -36.812 0.6000000238
41204  30.756  -29.510  -38.241 0.6999999881
103498  31.270  -28.999  -39.965 0.6999999881
114494  31.810  -28.765  -41.446 0.6999999881
118984  32.486  -27.922  -42.922 0.6999999881
41176  29.007  -29.135  -34.881 0.6000000238
41185  29.456  -28.849  -35.563 0.6000000238
42061  30.107  -28.383  -37.226 0.5000000000
41205  30.620  -28.643  -38.023 0.6000000238
118468  30.961  -27.670  -39.494 0.5000000000
42107  31.522  -28.262  -40.786 0.6999999881
110065  31.654  -26.983  -41.633 0.6999999881
42957  32.532  -27.081  -43.196 0.6999999881
47205  37.500  -22.455  -43.071 0.3000000119
47209  37.474  -22.553  -43.869 0.3000000119
30564  29.995  -41.691  -40.202 0.4000000060
30546  29.596  -41.744  -39.818 0.3000000119
31502  29.054  -41.317  -40.245 0.4000000060
109220  31.151  -41.855  -40.835 0.3000000119
29697  29.158  -42.900  -38.957 0.4000000060
30544  31.941  -41.580  -39.838 0.4000000060
28874  28.333  -43.795  -38.316 0.4000000060
31524  32.410  -41.024  -40.948 0.4000000060
31532  32.835  -40.900  -42.420 0.4000000060
31541  33.044  -40.434  -43.142 0.4000000060
104443  33.273  -40.005  -43.851 0.5000000000
29677  27.677  -42.938  -37.808 0.4000000060
33187  32.192  -39.139  -47.493 0.5000000000
29678  26.655  -42.860  -37.520 0.5000000000
33200  29.756  -38.943  -50.483 0.6000000238
28876  26.170  -43.667  -37.113 0.5000000000
28849  25.155  -43.784  -36.699 0.5000000000
101554  25.848  -42.864  -37.118 0.5000000000
33201  30.445  -37.945  -49.413 0.6000000238
117804  24.733  -42.289  -36.931 0.5000000000
103302  24.457  -41.570  -36.997 0.4000000060
103063  23.221  -41.195  -36.919 0.5000000000
34893  31.366  -36.554  -50.872 0.6999999881
32314  22.159  -40.407  -36.367 0.5000000000
33104  22.569  -38.852  -37.444 0.5000000000
33105  21.513  -39.126  -36.579 0.6000000238
113895  24.637  -34.993  -31.120 0.6000000238
36588  24.966  -34.165  -31.064 0.6000000238
42047  29.354  -28.034  -35.799 0.5000000000
42046  29.744  -28.607  -36.337 0.5000000000
42922  30.561  -27.182  -38.218 0.5000000000
42074  30.802  -27.957  -38.693 0.5000000000
123721  31.104  -26.758  -40.576 0.5000000000
43747  31.239  -26.512  -41.048 0.5000000000
107109  31.858  -25.823  -42.347 0.5000000000
110921  38.059  -21.981  -41.814 0.3000000119
48079  37.261  -22.915  -42.263 0.3000000119
48084  36.857  -21.901  -44.065 0.3000000119
27186  29.597  -45.771  -33.694 0.6000000238
28038  30.208  -45.612  -34.590 0.6000000238
28028  30.971  -44.619  -35.458 0.6000000238
122353  22.882  -42.627  -33.712 0.8000000119
33953  33.337  -37.929  -46.589 0.6999999881
124246  31.309  -36.319  -48.426 0.6999999881
40325  29.945  -30.446  -36.204 0.6999999881
107818  33.129  -28.678  -44.011 0.6999999881
43766  32.376  -25.987  -43.108 0.6000000238
104373  34.590  -37.179  -53.448 0.6999999881
40332  30.633  -30.285  -37.630 0.6999999881
106765  30.232  -42.155  -39.607 0.4000000060
28892  30.832  -42.903  -38.688 0.4000000060
116365  30.947  -44.078  -37.498 0.5000000000
121263  27.768  -43.863  -37.746 0.5000000000
31548  32.990  -40.217  -45.146 0.3000000119
32410  31.394  -39.762  -48.270 0.4000000060
30525  27.084  -41.969  -37.896 0.5000000000
101564  21.469  -41.129  -35.551 0.6000000238
104248  30.160  -29.919  -36.847 0.6999999881
41195  30.438  -29.307  -37.440 0.6999999881
104150  30.897  -28.880  -38.820 0.6999999881
104463  30.462  -27.894  -37.901 0.5000000000
42099  31.360  -28.544  -40.212 0.6999999881
42938  31.753  -27.882  -41.546 0.6999999881
42947  32.030  -27.486  -42.355 0.6999999881
42910  29.709  -27.702  -36.573 0.5000000000
42915  30.042  -27.314  -37.419 0.5000000000
42933  31.203  -27.879  -40.149 0.5000000000
42939  31.336  -27.335  -40.825 0.5000000000
43746  31.606  -26.132  -41.696 0.5000000000
43754  31.962  -26.586  -42.411 0.6999999881
42034  28.948  -28.328  -35.081 0.5000000000
42928  30.872  -27.063  -39.018 0.5000000000
44542  31.187  -25.714  -41.074 0.5000000000
33978  31.465  -37.075  -51.997 0.6000000238
33977  32.918  -37.362  -53.605 0.6000000238
34904  37.571  -36.711  -51.283 0.5000000000
33976  35.608  -37.303  -53.019 0.6000000238
116196  36.382  -36.779  -52.690 0.6000000238
34901  40.245  -36.408  -49.428 0.5000000000
34903  38.294  -36.619  -50.547 0.5000000000
34789  21.034  -36.980  -37.246 0.5000000000
34899  42.433  -36.033  -49.843 0.5000000000
34902  39.137  -36.450  -49.821 0.5000000000
34913  43.011  -35.556  -50.103 0.5000000000
34807  20.859  -36.376  -37.697 0.4000000060
120612  21.916  -35.402  -38.756 0.4000000060
36699  22.197  -34.363  -38.967 0.4000000060
35850  40.875  -35.421  -49.531 0.5000000000
34912  43.962  -35.867  -50.478 0.5000000000
35849  41.995  -35.376  -49.716 0.5000000000
37648  22.758  -33.662  -39.643 0.4000000060
35860  44.350  -35.481  -50.528 0.5000000000
37635  22.077  -33.277  -38.955 0.4000000060
37608  17.149  -32.916  -36.660 0.4000000060
38535  18.047  -32.559  -36.844 0.4000000060
38544  19.649  -32.838  -37.202 0.4000000060
38543  20.326  -32.438  -37.533 0.3000000119
37565  19.615  -33.754  -32.861 0.4000000060
37566  18.635  -32.632  -34.057 0.4000000060
37599  16.156  -33.168  -34.396 0.4000000060
38526  16.463  -32.320  -35.812 0.4000000060
38492  19.409  -32.481  -33.337 0.4000000060
38517  16.899  -31.665  -34.961 0.4000000060
39424  18.067  -31.494  -35.166 0.4000000060
38525  17.472  -32.046  -36.014 0.4000000060
38534  19.093  -32.321  -36.615 0.4000000060
38533  19.851  -31.966  -36.802 0.4000000060
117529  18.248  -31.898  -34.458 0.4000000060
39402  16.584  -32.002  -34.822 0.4000000060
37564  20.235  -32.720  -32.944 0.4000000060
38507  18.873  -31.634  -33.886 0.4000000060
39401  18.414  -31.238  -34.816 0.4000000060
39410  17.696  -31.533  -34.881 0.4000000060
39409  18.184  -30.591  -34.106 0.4000000060
39423  18.676  -30.966  -35.080 0.4000000060
38524  18.495  -31.794  -35.981 0.4000000060
40322  19.379  -29.575  -34.941 0.4000000060
40327  20.022  -30.197  -36.002 0.4000000060
35657  22.531  -35.064  -32.091 0.4000000060
37582  20.330  -31.777  -32.868 0.4000000060
38506  19.451  -31.582  -33.195 0.4000000060
39400  19.062  -30.526  -34.052 0.4000000060
35656  23.268  -34.885  -32.191 0.5000000000
37562  22.434  -33.782  -32.702 0.4000000060
37563  21.401  -33.646  -32.718 0.4000000060
37581  21.201  -32.737  -32.855 0.4000000060
39399  19.399  -30.624  -33.045 0.4000000060
39408  18.616  -29.743  -33.333 0.4000000060
40312  18.731  -29.928  -34.263 0.4000000060
41170  20.023  -29.024  -34.628 0.4000000060
41179  20.220  -29.432  -35.789 0.4000000060
36602  24.238  -33.949  -31.844 0.5000000000
36603  23.589  -34.286  -32.254 0.5000000000
37561  23.235  -33.767  -32.582 0.5000000000
37579  22.939  -33.124  -32.812 0.4000000060
38505  21.568  -32.169  -32.819 0.4000000060
39398  20.562  -30.983  -32.722 0.4000000060
40311  19.134  -29.208  -33.669 0.4000000060
104721  23.811  -33.690  -32.305 0.5000000000
38504  22.591  -32.384  -32.862 0.4000000060
107974  21.019  -30.258  -32.590 0.4000000060
106641  19.682  -29.828  -32.871 0.4000000060
115190  23.424  -32.422  -32.719 0.4000000060
114641  23.059  -31.615  -32.741 0.4000000060
39397  22.444  -30.610  -32.580 0.4000000060
114646  22.001  -31.462  -32.725 0.4000000060
41155  20.974  -28.549  -32.786 0.4000000060
40299  23.987  -29.873  -32.058 0.4000000060
42011  24.072  -28.100  -31.219 0.4000000060
41154  23.474  -29.115  -31.954 0.4000000060
106303  22.794  -28.219  -31.990 0.4000000060
42012  23.248  -27.203  -31.551 0.4000000060
37559  25.806  -32.456  -30.257 0.5000000000
39386  25.355  -30.452  -31.204 0.5000000000
40288  24.874  -29.653  -31.436 0.4000000060
42887  22.599  -25.318  -32.279 0.3000000119
38480  27.284  -32.045  -30.233 0.5000000000
39395  24.345  -30.562  -32.072 0.5000000000
38503  23.852  -31.585  -32.482 0.4000000060
40300  22.949  -29.896  -32.403 0.4000000060
41140  21.779  -28.129  -32.576 0.4000000060
39396  23.517  -30.683  -32.494 0.4000000060
112397  22.203  -28.961  -32.399 0.4000000060
39378  26.316  -30.575  -30.259 0.5000000000
40277  25.633  -29.457  -30.835 0.5000000000
41153  24.580  -28.925  -31.302 0.4000000060
41999  24.451  -27.071  -30.653 0.4000000060
42873  23.670  -26.115  -31.365 0.3000000119
40287  26.844  -29.819  -31.247 0.5000000000
41127  26.033  -29.142  -30.534 0.5000000000
41998  25.252  -28.073  -30.426 0.4000000060
106694  25.233  -27.460  -30.845 0.4000000060
42857  24.451  -26.347  -30.873 0.4000000060
42872  23.520  -25.096  -31.073 0.3000000119
44510  22.256  -24.138  -31.073 0.3000000119
43708  22.144  -24.419  -31.618 0.3000000119
41996  26.904  -28.668  -32.046 0.5000000000
41138  27.354  -29.585  -32.010 0.4000000060
41168  28.096  -28.821  -33.452 0.5000000000
43692  26.655  -26.610  -32.691 0.3000000119
43674  24.744  -25.750  -31.663 0.4000000060
43693  23.923  -25.060  -31.411 0.3000000119
43707  23.078  -24.440  -31.182 0.3000000119
45338  21.462  -23.709  -31.623 0.3000000119
42010  26.510  -27.633  -32.090 0.3000000119
42009  27.532  -28.195  -32.813 0.4000000060
121330  27.656  -28.945  -32.626 0.4000000060
42025  28.607  -28.580  -34.258 0.4000000060
119675  25.809  -26.038  -32.436 0.3000000119
44519  22.870  -23.909  -31.687 0.3000000119
103191  20.582  -24.119  -32.750 0.3000000119
115737  23.361  -23.287  -32.484 0.3000000119
101588  21.765  -23.237  -32.256 0.3000000119
117651  20.757  -23.424  -32.802 0.3000000119
42871  27.448  -27.307  -33.124 0.3000000119
42885  28.578  -27.730  -34.493 0.3000000119
102551  20.749  -23.051  -33.447 0.3000000119
43691  27.417  -26.420  -33.532 0.3000000119
43705  28.564  -26.935  -34.719 0.3000000119
42900  28.928  -27.509  -35.248 0.3000000119
42911  29.237  -27.171  -35.954 0.4000000060
43726  29.612  -26.695  -36.736 0.4000000060
123661  29.912  -26.664  -37.339 0.4000000060
43736  30.624  -26.354  -38.574 0.4000000060
43740  30.834  -26.280  -39.450 0.4000000060
110826  30.950  -27.026  -40.015 0.4000000060
43743  30.957  -26.180  -40.374 0.4000000060
42886  27.989  -27.141  -34.031 0.3000000119
116645  29.807  -26.081  -37.342 0.3000000119
44534  30.607  -25.452  -39.050 0.4000000060
109269  30.852  -25.615  -39.812 0.4000000060
106560  31.187  -24.915  -41.017 0.4000000060
44545  31.957  -25.172  -42.664 0.4000000060
44555  32.345  -25.191  -43.373 0.5000000000
43732  29.296  -25.733  -36.700 0.3000000119
43731  30.093  -25.604  -38.109 0.3000000119
44533  30.813  -24.869  -39.784 0.4000000060
44538  30.970  -25.322  -40.435 0.4000000060
45357  30.978  -24.669  -40.439 0.3000000119
45360  31.454  -24.472  -41.473 0.4000000060
45362  31.690  -24.430  -42.190 0.3000000119
45365  32.077  -24.356  -43.114 0.3000000119
45372  32.554  -24.739  -44.022 0.4000000060
45373  32.346  -23.967  -43.785 0.3000000119
44527  29.575  -25.238  -37.359 0.3000000119
110502  30.231  -24.864  -38.564 0.3000000119
45353  30.514  -24.555  -39.172 0.3000000119
123287  30.705  -24.343  -39.608 0.3000000119
122547  30.841  -24.190  -40.064 0.3000000119
106693  31.162  -24.081  -40.841 0.3000000119
46260  31.503  -23.762  -41.636 0.3000000119
46263  31.751  -23.628  -42.476 0.3000000119
45350  29.758  -24.671  -37.944 0.3000000119
46254  30.505  -23.767  -39.458 0.3000000119
46257  30.824  -23.419  -40.253 0.3000000119
46261  31.179  -23.150  -41.045 0.3000000119
47196  31.553  -22.863  -41.912 0.3000000119
111118  31.775  -22.951  -42.759 0.3000000119
46266  31.974  -23.452  -43.295 0.3000000119
48083  32.102  -21.767  -43.097 0.3000000119
37560  24.258  -33.198  -32.001 0.5000000000
104072  24.907  -32.552  -31.383 0.5000000000
33984  34.597  -37.723  -53.269 0.5000000000
107700  37.847  -37.508  -51.092 0.5000000000
33975  36.549  -37.814  -52.581 0.5000000000
33982  43.296  -36.577  -50.060 0.5000000000
109180  41.133  -37.070  -49.242 0.5000000000
105549  38.710  -37.283  -50.150 0.5000000000
31455  20.837  -41.125  -35.442 0.6000000238
33097  21.284  -39.075  -36.522 0.6000000238
33106  21.111  -38.986  -36.580 0.6000000238
33893  21.572  -37.619  -37.503 0.5000000000
34805  22.011  -37.212  -38.061 0.5000000000
35725  21.578  -36.300  -38.417 0.5000000000
36698  22.626  -35.238  -39.300 0.5000000000
36719  22.926  -34.509  -39.544 0.4000000060
118649  23.382  -33.543  -40.405 0.4000000060
37647  23.058  -32.882  -40.261 0.4000000060
38576  23.376  -32.128  -41.178 0.4000000060
38550  21.784  -32.251  -38.907 0.3000000119
38542  20.898  -32.014  -37.887 0.3000000119
40335  21.026  -30.203  -37.411 0.4000000060
39442  20.395  -31.520  -37.291 0.4000000060
41187  21.043  -29.386  -36.612 0.4000000060
40302  19.330  -28.961  -32.966 0.4000000060
42049  22.019  -28.424  -36.710 0.4000000060
41157  19.835  -28.536  -33.271 0.4000000060
41169  20.552  -28.392  -34.196 0.4000000060
41156  19.965  -28.475  -32.810 0.4000000060
104179  22.227  -26.391  -32.288 0.4000000060
122273  22.050  -25.090  -32.763 0.4000000060
42014  21.183  -27.684  -32.823 0.4000000060
42874  21.369  -26.919  -32.848 0.4000000060
44520  21.431  -24.129  -31.596 0.3000000119
44524  20.838  -24.472  -32.457 0.3000000119
33981  44.418  -36.861  -50.415 0.5000000000
39478  23.057  -31.210  -40.785 0.4000000060
40334  21.415  -29.562  -37.480 0.4000000060
105444  21.804  -29.124  -37.029 0.4000000060
119586  20.622  -28.171  -33.406 0.4000000060
38562  22.338  -32.684  -39.611 0.4000000060
35853  37.864  -35.975  -50.926 0.5000000000
113809  20.491  -33.911  -32.610 0.4000000060
39377  26.866  -31.247  -30.300 0.5000000000
44541  31.565  -25.227  -41.766 0.4000000060
33974  37.171  -37.161  -52.038 0.6000000238
121167  39.454  -37.078  -49.615 0.5000000000
33969  42.206  -36.978  -49.484 0.5000000000
39422  19.181  -30.351  -35.432 0.4000000060
39434  19.213  -31.394  -36.046 0.4000000060
39433  19.916  -31.048  -36.406 0.4000000060
36604  22.853  -34.423  -32.465 0.5000000000
37580  22.086  -33.038  -32.874 0.4000000060
122173  24.204  -32.358  -32.216 0.5000000000
40301  21.595  -29.574  -32.513 0.4000000060
38490  25.922  -31.950  -30.724 0.5000000000
39385  25.825  -31.272  -30.767 0.5000000000
38502  24.484  -31.414  -32.024 0.5000000000
38491  24.996  -31.753  -31.492 0.5000000000
41126  26.358  -29.444  -30.667 0.5000000000
40275  26.673  -30.369  -30.531 0.5000000000
41997  26.036  -28.387  -31.102 0.4000000060
42026  27.991  -27.992  -33.778 0.3000000119
106596  30.198  -26.535  -37.824 0.4000000060
43706  28.014  -26.319  -34.343 0.3000000119
45354  29.990  -24.022  -38.605 0.3000000119
47201  31.728  -22.264  -42.583 0.3000000119
41178  20.748  -28.817  -35.469 0.4000000060
117711  24.041  -40.769  -36.927 0.4000000060
117797  23.021  -40.283  -36.933 0.4000000060
101570  23.810  -38.506  -38.671 0.4000000060
102882  23.083  -37.971  -38.337 0.3000000119
102736  23.110  -39.423  -37.194 0.4000000060
33909  23.140  -37.540  -38.890 0.3000000119
32425  30.226  -40.070  -51.877 0.5000000000
33892  22.310  -37.946  -37.766 0.5000000000
33910  22.490  -37.460  -38.646 0.3000000119
123660  30.539  -38.966  -52.251 0.5000000000
33214  31.871  -39.605  -53.671 0.5000000000
33874  21.773  -38.701  -37.032 0.5000000000
33215  30.608  -37.836  -51.072 0.5000000000
120129  33.944  -39.266  -53.588 0.3000000119
105077  31.601  -38.213  -53.312 0.5000000000
33219  33.177  -38.424  -53.890 0.4000000060
33218  34.873  -38.547  -53.273 0.4000000060
33213  36.934  -38.817  -52.078 0.3000000119
33217  36.047  -38.741  -52.870 0.3000000119
33212  37.731  -38.495  -51.210 0.3000000119
103757  40.057  -38.372  -49.447 0.3000000119
33973  38.493  -38.201  -50.422 0.3000000119
33983  35.623  -38.001  -52.982 0.4000000060
37667  24.221  -33.246  -42.145 0.3000000119
33970  41.643  -37.755  -49.310 0.4000000060
104667  40.867  -38.032  -49.218 0.4000000060
37694  23.625  -32.585  -42.823 0.3000000119
39487  23.565  -31.378  -41.974 0.3000000119
39441  20.878  -31.106  -37.750 0.3000000119
39432  20.484  -30.676  -36.956 0.3000000119
40341  21.857  -30.183  -38.602 0.3000000119
114368  21.541  -30.028  -37.950 0.3000000119
41207  22.324  -29.439  -38.498 0.3000000119
41206  22.702  -29.045  -37.975 0.3000000119
42916  23.344  -27.839  -37.841 0.3000000119
105319  22.044  -28.064  -35.668 0.3000000119
42048  22.338  -28.046  -36.117 0.3000000119
104628  23.066  -28.091  -37.332 0.3000000119
43733  23.088  -27.569  -37.847 0.3000000119
42063  21.350  -28.289  -37.635 0.3000000119
42027  21.171  -27.720  -33.324 0.3000000119
42889  21.487  -27.142  -33.500 0.3000000119
42035  22.152  -27.545  -35.229 0.3000000119
42912  22.137  -27.460  -36.551 0.3000000119
43734  22.219  -27.633  -37.113 0.3000000119
118149  22.266  -27.205  -35.380 0.3000000119
43722  21.914  -26.139  -34.574 0.3000000119
43728  22.230  -26.889  -36.085 0.3000000119
43709  21.137  -25.404  -32.589 0.3000000119
44521  21.641  -25.251  -33.954 0.3000000119
123446  21.722  -25.764  -35.315 0.3000000119
32409  30.697  -39.742  -49.961 0.5000000000
33972  39.315  -37.866  -49.773 0.4000000060
38594  23.554  -31.949  -42.480 0.3000000119
42036  21.683  -27.629  -34.550 0.3000000119
42917  21.857  -27.896  -37.372 0.3000000119
42901  21.781  -26.654  -33.995 0.3000000119
34828  22.187  -36.875  -38.728 0.3000000119
35751  22.431  -36.072  -38.918 0.3000000119
36751  24.061  -33.828  -41.291 0.3000000119
30524  28.022  -42.053  -38.401 0.4000000060
30537  27.426  -41.397  -38.690 0.4000000060
32366  26.810  -40.121  -39.777 0.4000000060
103190  26.153  -40.565  -38.858 0.3000000119
101556  26.140  -42.168  -37.737 0.4000000060
30538  26.185  -41.155  -38.329 0.4000000060
117899  25.038  -41.945  -37.800 0.4000000060
31557  32.797  -40.049  -46.120 0.3000000119
103075  25.889  -43.025  -37.149 0.4000000060
102628  25.063  -40.334  -38.132 0.3000000119
117710  24.761  -39.700  -38.694 0.3000000119
101555  25.130  -41.986  -37.077 0.4000000060
101562  24.390  -38.858  -39.042 0.3000000119
101560  24.907  -38.782  -39.761 0.3000000119
102648  24.360  -37.892  -39.716 0.3000000119
117712  24.775  -40.994  -37.427 0.4000000060
102591  24.582  -40.022  -37.800 0.3000000119
117805  24.078  -38.988  -38.097 0.3000000119
31492  27.062  -40.743  -39.055 0.4000000060
102920  23.782  -37.947  -38.982 0.3000000119
29676  28.480  -42.938  -38.605 0.3000000119
102958  25.046  -37.338  -40.610 0.3000000119
25590  28.272  -47.952  -36.229 0.6000000238
26375  28.642  -47.320  -34.153 0.6000000238
26385  28.114  -47.742  -34.857 0.6000000238
26394  28.625  -48.123  -35.592 0.6000000238
26408  29.347  -47.596  -36.566 0.6000000238
26409  28.455  -47.504  -36.831 0.6000000238
26410  27.773  -47.613  -36.452 0.6000000238
27192  29.553  -46.822  -34.308 0.6000000238
27200  30.054  -46.737  -35.262 0.6000000238
27201  26.418  -46.480  -35.706 0.6000000238
27208  29.985  -46.825  -36.414 0.6000000238
27969  28.027  -44.608  -29.557 0.8999999762
27970  27.386  -44.690  -29.425 0.8999999762
28762  26.640  -43.744  -26.766 0.8999999762
28834  24.553  -43.885  -33.245 0.6999999881
29580  25.355  -43.184  -24.760 0.8999999762
29602  29.047  -42.401  -30.019 1.0000000000
29645  23.403  -42.935  -33.135 0.8999999762
30432  22.369  -40.930  -27.324 1.0000000000
30450  22.549  -41.193  -29.530 1.0000000000
30461  29.589  -40.946  -30.726 1.0000000000
30463  21.924  -40.889  -30.850 1.0000000000
31392  20.944  -39.824  -30.043 0.8999999762
31440  21.754  -41.249  -33.255 0.8999999762
31501  32.383  -40.868  -39.394 0.4000000060
31513  32.794  -40.259  -40.578 0.4000000060
32271  20.549  -39.440  -29.789 0.8999999762
32272  20.575  -39.688  -30.714 0.8999999762
32288  30.007  -39.280  -32.245 1.0000000000
32289  20.664  -40.093  -32.893 0.8999999762
32290  20.191  -39.516  -32.507 1.0000000000
32316  21.111  -40.408  -35.960 0.6000000238
32321  31.656  -39.488  -36.648 0.8000000119
33017  28.289  -38.594  -27.627 0.8000000119
33023  28.639  -38.287  -28.420 0.8999999762
33027  23.943  -38.154  -28.550 0.6999999881
33039  29.119  -38.298  -30.030 1.0000000000
33059  29.557  -38.637  -30.782 1.0000000000
33062  20.311  -38.785  -29.504 0.8000000119
33078  19.928  -38.843  -31.213 0.8000000119
33083  30.526  -38.202  -33.588 1.0000000000
33096  31.192  -38.655  -35.465 0.8999999762
33099  18.794  -39.080  -34.589 0.6000000238
33156  32.541  -38.307  -39.209 0.8000000119
33171  33.565  -38.579  -43.384 0.6000000238
33210  39.267  -38.788  -49.896 0.3000000119
33791  28.629  -37.028  -29.132 0.8000000119
33830  23.451  -36.842  -30.557 0.6999999881
33837  21.313  -36.976  -30.663 0.8000000119
33861  17.652  -37.942  -35.961 0.6999999881
33876  20.082  -37.712  -36.528 0.6000000238
33971  40.172  -37.441  -49.361 0.5000000000
34700  25.115  -36.120  -30.287 0.6999999881
34733  17.817  -36.937  -33.812 0.6999999881
34748  30.577  -36.802  -34.354 1.0000000000
34768  30.784  -36.814  -35.195 1.0000000000
34769  30.566  -36.081  -34.677 1.0000000000
34804  31.348  -36.698  -36.618 1.0000000000
34806  21.370  -36.871  -37.837 0.5000000000
34826  32.103  -36.845  -38.691 0.8999999762
34827  23.014  -36.805  -38.991 0.3000000119
34847  32.733  -37.074  -40.058 0.8999999762
34870  33.742  -36.331  -43.816 0.8999999762
34900  41.472  -36.122  -49.490 0.5000000000
34906  35.432  -36.610  -53.533 0.6000000238
35582  28.090  -35.229  -29.407 0.6999999881
35628  24.098  -35.602  -31.351 0.6999999881
35696  30.821  -35.505  -35.876 1.0000000000
35699  17.399  -35.826  -35.864 0.6000000238
35864  40.343  -34.886  -49.720 0.6000000238
36587  28.469  -33.703  -31.004 0.6999999881
36623  17.171  -35.234  -33.064 0.6000000238
36625  16.298  -33.533  -34.162 0.6000000238
36646  30.629  -34.949  -35.442 1.0000000000
36647  30.431  -34.371  -35.332 0.8999999762
36678  20.753  -34.000  -38.035 0.5000000000
36716  31.756  -34.210  -39.365 1.0000000000
36718  23.538  -34.227  -40.194 0.4000000060
36768  32.675  -34.634  -41.317 1.0000000000
36769  32.234  -34.186  -40.698 1.0000000000
36783  33.960  -34.616  -44.243 0.8999999762
36804  36.470  -35.191  -52.722 0.8000000119
36811  44.716  -34.863  -50.472 0.6000000238
36813  42.676  -34.682  -49.831 0.6000000238
37536  27.892  -33.066  -30.584 0.6999999881
37547  24.914  -33.298  -31.206 0.5000000000
37567  16.147  -33.024  -34.129 0.5000000000
37578  23.664  -33.125  -32.521 0.5000000000
37586  16.136  -32.997  -34.175 0.4000000060
37609  16.608  -33.318  -36.060 0.4000000060
37619  18.883  -33.177  -36.985 0.4000000060
37646  31.409  -33.162  -38.512 0.8999999762
37668  23.696  -32.997  -41.221 0.3000000119
37692  31.962  -33.380  -40.859 1.0000000000
37693  24.103  -33.268  -42.815 0.3000000119
37710  33.504  -33.216  -43.187 1.0000000000
38493  16.142  -32.601  -34.223 0.4000000060
38501  28.832  -32.341  -33.080 0.6999999881
38508  17.388  -32.476  -35.135 0.4000000060
38509  16.289  -32.728  -34.359 0.4000000060
38510  16.126  -32.546  -34.213 0.4000000060
38518  16.280  -31.940  -34.902 0.4000000060
38519  16.191  -32.869  -35.186 0.4000000060
38551  21.285  -32.357  -38.400 0.4000000060
38560  31.208  -32.565  -38.955 0.8000000119
38561  22.727  -32.160  -40.229 0.4000000060
38575  24.030  -32.288  -42.293 0.3000000119
38593  32.108  -32.667  -41.365 1.0000000000
38618  33.647  -32.357  -43.374 1.0000000000
38641  45.059  -33.189  -50.035 0.6000000238
38654  41.208  -33.118  -49.263 0.6000000238
39384  27.884  -31.635  -31.530 0.6999999881
39387  16.171  -32.053  -34.255 0.4000000060
39394  28.491  -31.061  -32.842 0.6999999881
39411  16.445  -31.939  -34.752 0.4000000060
39412  16.202  -31.943  -34.348 0.4000000060
39421  29.663  -31.508  -34.968 0.6999999881
39431  30.139  -31.268  -36.253 0.6999999881
39477  31.625  -31.062  -40.555 0.8000000119
39547  37.826  -31.982  -50.090 0.6999999881
40276  26.216  -29.784  -30.277 0.5000000000
40326  20.546  -29.943  -36.615 0.4000000060
40342  21.315  -30.698  -38.239 0.3000000119
40364  31.473  -30.496  -40.075 0.8000000119
40385  33.338  -30.390  -43.600 0.8999999762
40397  31.569  -30.801  -47.734 1.0000000000
41128  25.378  -28.938  -30.473 0.5000000000
41139  26.571  -29.078  -31.208 0.5000000000
41152  28.025  -29.633  -33.057 0.6000000238
41177  21.296  -28.249  -35.029 0.3000000119
41186  21.426  -28.626  -36.100 0.4000000060
41197  22.032  -29.470  -37.868 0.3000000119
41217  31.099  -29.139  -39.467 0.6999999881
41218  23.021  -29.112  -38.875 0.3000000119
41297  38.205  -29.281  -50.568 0.6999999881
41984  26.011  -28.799  -30.751 0.5000000000
42013  22.004  -27.351  -32.424 0.4000000060
42015  20.541  -28.198  -33.051 0.3000000119
42076  23.104  -28.738  -38.292 0.3000000119
42090  31.052  -28.435  -39.551 0.6999999881
42124  32.772  -27.938  -43.625 0.6999999881
42137  38.073  -27.703  -52.149 0.6000000238
42139  36.682  -28.164  -51.582 0.6999999881
42856  25.584  -26.694  -31.804 0.4000000060
42888  21.299  -26.019  -32.682 0.3000000119
42968  32.806  -26.375  -46.567 0.8000000119
42974  38.298  -27.034  -52.321 0.6000000238
43776  32.965  -26.451  -45.594 0.8000000119
43777  33.094  -26.228  -46.219 0.6999999881
43791  34.309  -27.010  -48.795 0.6000000238
44509  24.033  -24.501  -31.926 0.3000000119
44564  32.963  -25.184  -45.394 0.6000000238
44571  33.600  -25.148  -47.018 0.6000000238
44584  38.970  -25.392  -51.812 0.6000000238
45385  33.438  -24.682  -46.080 0.6000000238
45390  33.452  -23.115  -48.963 0.6000000238
45392  33.635  -24.474  -47.011 0.6000000238
46288  33.640  -23.960  -46.787 0.6000000238
46289  33.579  -24.448  -46.501 0.6000000238
47235  33.884  -23.403  -47.179 0.6000000238
47236  33.757  -23.644  -47.067 0.6000000238
101581  18.982  -37.870  -32.189 0.6999999881
102636  23.990  -39.933  -37.278 0.4000000060
102745  24.991  -42.999  -36.783 0.5000000000
104403  31.976  -35.990  -38.928 0.8999999762
104455  42.412  -38.072  -49.495 0.4000000060
104661  22.096  -27.761  -37.303 0.3000000119
104786  33.334  -28.478  -44.976 0.6999999881
105136  20.283  -29.187  -32.725 0.4000000060
105207  21.221  -27.930  -34.005 0.3000000119
105214  33.325  -37.940  -42.166 0.8000000119
105500  17.954  -38.537  -33.832 0.6999999881
106061  22.430  -28.223  -37.153 0.3000000119
106741  29.886  -32.993  -35.191 0.8000000119
109761  33.744  -30.869  -43.991 0.8999999762
109877  33.644  -29.942  -45.136 0.8999999762
109984  17.433  -31.656  -34.916 0.4000000060
110037  34.075  -36.994  -45.092 0.8000000119
110778  33.636  -37.095  -43.315 0.8000000119
111646  32.508  -40.125  -39.067 0.6000000238
112008  29.220  -34.114  -32.970 0.8000000119
112863  33.021  -27.079  -45.464 0.8000000119
113032  28.894  -34.913  -31.645 0.8000000119
113553  33.379  -25.736  -46.992 0.6999999881
114713  16.329  -33.766  -34.575 0.6000000238
114778  27.413  -33.004  -29.626 0.6999999881
114909  38.033  -33.905  -50.503 0.6999999881
114982  33.106  -40.340  -44.433 0.3000000119
115671  31.547  -41.520  -36.324 0.8000000119
115958  36.200  -35.517  -53.969 0.8000000119
116863  32.763  -26.018  -44.477 0.6999999881
117790  25.009  -41.678  -37.823 0.4000000060
117855  24.291  -43.676  -36.460 0.6000000238
117894  23.457  -38.761  -37.924 0.4000000060
119260  30.548  -42.498  -33.055 1.0000000000
119313  29.029  -43.947  -38.364 0.4000000060
119951  32.934  -26.146  -47.010 0.6999999881
120477  30.288  -33.250  -35.659 0.8000000119
120516  29.196  -35.145  -32.213 0.8000000119
121272  28.726  -31.643  -33.121 0.6999999881
121348  32.675  -23.263  -44.615 0.4000000060
121453  28.932  -37.591  -29.874 0.8999999762
122125  33.102  -25.794  -45.792 0.6999999881
122401  29.510  -29.512  -35.320 0.6000000238
122445  19.268  -33.237  -33.347 0.4000000060
122544  30.263  -45.867  -36.696 0.6000000238
122581  19.843  -37.320  -30.359 0.6999999881
122877  37.300  -37.956  -51.916 0.5000000000
123068  33.691  -38.468  -44.133 0.6000000238
123085  33.210  -24.879  -45.697 0.6000000238
123165  25.089  -39.832  -38.714 0.3000000119
123168  32.422  -26.795  -46.519 0.8000000119
123191  23.081  -27.691  -37.494 0.3000000119
123222  22.798  -29.115  -38.415 0.3000000119
123355  35.501  -27.925  -49.783 0.6999999881
123580  30.683  -45.100  -35.021 0.6999999881
123729  21.392  -35.590  -38.495 0.4000000060
124586  30.344  -36.871  -33.745 1.0000000000
124671  31.691  -41.808  -36.908 0.6000000238
124823  21.661  -39.213  -28.971 0.8000000119
