#!ascii label  , from subject sub-v1s12x0050104_ses-1 vox2ras=TkReg
1463
8053  -24.309  -85.782  -43.190 0.5000000000
8052  -23.442  -85.830  -43.668 0.6000000238
10391  -32.931  -82.200  -38.484 0.3000000119
7286  -21.694  -86.175  -43.090 0.5000000000
8802  -30.935  -83.790  -40.077 0.4000000060
9575  -32.614  -82.715  -39.428 0.4000000060
10405  -33.643  -81.891  -39.062 0.4000000060
10404  -33.275  -82.350  -39.066 0.3000000119
9588  -32.490  -82.785  -40.076 0.4000000060
9647  -23.746  -84.299  -44.331 0.5000000000
8848  -24.184  -84.804  -44.961 0.5000000000
7297  -24.230  -85.712  -44.021 0.5000000000
9645  -22.004  -83.904  -44.548 0.6000000238
8846  -23.038  -84.899  -45.079 0.5000000000
8061  -22.697  -85.717  -44.387 0.6000000238
11227  -32.561  -81.748  -37.412 0.3000000119
140722  -21.943  -85.495  -44.865 0.5000000000
9600  -30.762  -83.548  -40.832 0.5000000000
8810  -30.198  -84.170  -40.604 0.5000000000
11228  -33.543  -81.468  -37.735 0.3000000119
139764  -21.462  -84.661  -45.235 0.6000000238
7296  -21.845  -85.860  -44.053 0.5000000000
9618  -31.125  -82.729  -41.208 0.5000000000
9601  -31.611  -83.193  -40.404 0.4000000060
11255  -33.082  -81.381  -39.916 0.4000000060
144471  -34.059  -80.689  -38.295 0.3000000119
11229  -34.078  -81.008  -37.927 0.3000000119
11277  -30.557  -81.917  -41.511 0.4000000060
11270  -31.853  -81.564  -40.893 0.4000000060
12043  -32.470  -80.580  -39.834 0.4000000060
12055  -31.542  -80.972  -40.802 0.4000000060
9628  -23.198  -83.894  -42.186 0.6999999881
8824  -23.696  -84.056  -42.842 0.6999999881
8825  -24.615  -84.206  -42.985 0.6999999881
7288  -25.529  -85.825  -43.106 0.5000000000
150715  -21.799  -83.548  -40.916 0.6999999881
9611  -21.420  -83.628  -41.777 0.6999999881
8823  -22.869  -83.971  -43.183 0.8000000119
8831  -22.599  -83.987  -43.887 0.5000000000
9637  -21.069  -83.806  -44.060 0.6999999881
8046  -26.921  -85.503  -42.659 0.5000000000
9626  -20.993  -83.681  -42.949 0.6999999881
8047  -28.082  -84.822  -42.318 0.4000000060
8048  -28.747  -84.683  -41.668 0.5000000000
11194  -33.778  -80.687  -36.229 0.3000000119
149277  -20.345  -83.677  -43.552 0.6000000238
8827  -29.172  -84.136  -41.798 0.5000000000
9617  -30.407  -83.073  -41.483 0.5000000000
11211  -34.032  -80.889  -37.072 0.3000000119
9644  -20.152  -83.936  -44.228 0.5000000000
10442  -29.933  -82.526  -41.753 0.5000000000
131564  -29.171  -81.477  -40.931 0.4000000060
11268  -30.133  -81.182  -41.109 0.4000000060
12042  -31.537  -80.537  -40.291 0.4000000060
12030  -32.769  -80.100  -39.040 0.4000000060
12031  -33.663  -80.382  -38.622 0.4000000060
12040  -29.500  -80.571  -39.790 0.3000000119
12054  -30.830  -80.790  -40.688 0.4000000060
11240  -22.036  -81.733  -38.030 0.5000000000
131241  -21.985  -82.348  -38.720 0.6000000238
10414  -22.483  -82.389  -39.184 0.6000000238
9598  -22.547  -83.337  -40.490 0.6000000238
9612  -22.573  -83.670  -41.408 0.6000000238
12012  -22.038  -80.992  -36.590 0.5000000000
11224  -21.753  -81.535  -37.253 0.5000000000
10385  -21.069  -82.050  -37.668 0.6000000238
9584  -21.797  -82.849  -39.400 0.6000000238
9597  -21.716  -83.290  -40.164 0.6999999881
9648  -24.923  -84.432  -43.925 0.6000000238
10337  -32.510  -82.860  -34.276 0.3000000119
11998  -20.264  -80.844  -35.413 0.6999999881
11204  -19.902  -81.473  -36.827 0.6000000238
11223  -19.519  -81.618  -37.577 0.6000000238
10398  -20.614  -82.375  -38.483 0.6000000238
10412  -20.276  -82.555  -39.325 0.6999999881
9596  -20.790  -83.306  -40.860 0.6999999881
9640  -26.423  -83.903  -43.532 0.6000000238
8833  -26.613  -84.126  -43.712 0.6000000238
138725  -26.680  -85.141  -43.400 0.5000000000
11984  -20.728  -80.474  -34.780 0.6999999881
12010  -19.244  -80.929  -36.200 0.6000000238
11203  -18.878  -81.252  -37.118 0.6000000238
11238  -19.179  -81.636  -38.369 0.6000000238
10411  -19.340  -82.065  -39.753 0.6999999881
10437  -19.632  -82.803  -41.261 0.6999999881
8055  -27.815  -84.330  -42.858 0.5000000000
11193  -33.208  -81.267  -35.691 0.3000000119
11983  -19.829  -80.293  -34.693 0.6999999881
11997  -18.888  -80.298  -35.437 0.6000000238
152239  -18.448  -80.443  -36.030 0.6999999881
11237  -18.341  -81.403  -38.598 0.6000000238
10410  -18.479  -81.679  -40.016 0.6000000238
9625  -19.919  -83.396  -42.870 0.6999999881
9631  -26.875  -83.663  -43.082 0.5000000000
10446  -28.507  -83.215  -42.035 0.5000000000
12009  -18.089  -80.752  -36.574 0.6000000238
142837  -17.795  -81.482  -38.617 0.6000000238
10436  -18.814  -82.501  -41.356 0.6000000238
9608  -18.696  -82.986  -42.029 0.6000000238
9624  -19.165  -83.354  -42.877 0.6000000238
10440  -27.598  -82.862  -41.624 0.5000000000
11212  -34.210  -80.487  -37.261 0.3000000119
11995  -17.415  -80.389  -35.709 0.6999999881
11994  -17.220  -80.806  -36.048 0.6000000238
11222  -18.201  -81.271  -37.698 0.6000000238
11246  -17.731  -81.633  -39.321 0.6000000238
151451  -17.737  -81.808  -39.810 0.5000000000
10420  -17.915  -81.996  -40.439 0.5000000000
9623  -18.459  -83.477  -42.665 0.5000000000
9643  -19.309  -83.859  -43.699 0.5000000000
10429  -28.685  -82.175  -41.380 0.5000000000
12883  -28.487  -79.755  -37.985 0.3000000119
12027  -29.018  -80.298  -38.754 0.3000000119
12028  -30.172  -80.180  -39.077 0.3000000119
12885  -30.796  -79.763  -38.382 0.4000000060
12886  -32.030  -79.716  -38.391 0.4000000060
9635  -18.179  -83.955  -43.282 0.5000000000
12039  -28.369  -80.882  -39.249 0.3000000119
11253  -28.760  -81.146  -40.144 0.3000000119
12041  -30.583  -80.354  -40.022 0.4000000060
12868  -22.746  -79.415  -37.120 0.5000000000
12019  -22.602  -80.261  -37.148 0.5000000000
12023  -22.746  -80.427  -37.880 0.5000000000
150453  -22.650  -81.142  -38.101 0.5000000000
13737  -22.855  -79.198  -35.248 0.5000000000
143497  -22.744  -79.456  -35.944 0.5000000000
140213  -21.930  -80.593  -35.856 0.5000000000
11225  -22.380  -81.058  -37.449 0.5000000000
10400  -22.735  -81.679  -38.738 0.5000000000
10424  -23.322  -82.700  -40.215 0.6000000238
9599  -23.921  -83.029  -40.783 0.6000000238
12852  -22.239  -79.986  -35.379 0.5000000000
9613  -23.629  -83.573  -41.359 0.6000000238
129685  -25.138  -83.774  -42.073 0.8000000119
9522  -32.025  -83.987  -33.235 0.3000000119
132222  -21.497  -79.823  -34.129 0.6000000238
11999  -21.348  -80.610  -35.272 0.6000000238
148080  -25.336  -82.218  -40.733 0.4000000060
10336  -31.984  -83.220  -33.411 0.3000000119
12842  -19.518  -79.818  -34.026 0.6999999881
9615  -26.159  -83.560  -42.302 0.5000000000
9630  -25.595  -83.981  -42.871 0.6000000238
11171  -32.550  -81.813  -34.319 0.3000000119
11986  -33.000  -80.672  -34.790 0.3000000119
12841  -18.518  -79.635  -33.880 0.6999999881
10439  -26.444  -82.931  -41.509 0.4000000060
12001  -33.482  -80.576  -35.478 0.3000000119
136785  -17.888  -79.759  -34.475 0.6000000238
131163  -17.556  -80.094  -35.112 0.6999999881
154578  -26.999  -82.912  -41.540 0.4000000060
12877  -34.168  -79.876  -37.264 0.3000000119
12840  -17.716  -79.758  -33.726 0.6000000238
11981  -17.421  -80.068  -34.302 0.6999999881
11202  -17.398  -81.196  -36.741 0.6000000238
10384  -17.071  -82.413  -37.831 0.5000000000
10396  -17.205  -82.177  -38.557 0.5000000000
9607  -18.081  -83.275  -41.958 0.6000000238
11266  -27.314  -81.879  -40.405 0.4000000060
10428  -27.827  -82.251  -41.124 0.4000000060
12881  -26.578  -79.555  -38.229 0.3000000119
12882  -27.442  -79.773  -37.963 0.3000000119
13755  -27.461  -78.443  -37.505 0.3000000119
12876  -33.622  -79.491  -37.180 0.3000000119
10357  -16.923  -82.062  -35.748 0.6000000238
129476  -16.994  -82.769  -37.076 0.5000000000
9557  -17.000  -83.413  -37.695 0.5000000000
9581  -17.325  -82.869  -39.361 0.5000000000
9594  -17.397  -83.504  -40.890 0.5000000000
8815  -17.327  -83.789  -41.849 0.6000000238
8821  -17.015  -84.208  -42.784 0.5000000000
11252  -27.774  -81.431  -39.760 0.3000000119
12038  -27.313  -81.114  -38.972 0.3000000119
10373  -16.948  -82.233  -36.562 0.5000000000
8783  -16.917  -84.095  -38.308 0.5000000000
131429  -17.085  -83.970  -40.092 0.5000000000
8795  -16.548  -84.757  -39.534 0.5000000000
13738  -23.393  -78.521  -35.671 0.5000000000
13747  -23.007  -78.881  -36.215 0.5000000000
12869  -22.812  -78.961  -37.886 0.5000000000
13764  -23.051  -78.913  -38.812 0.5000000000
12024  -22.996  -79.723  -38.497 0.5000000000
12035  -23.362  -80.295  -39.321 0.5000000000
13725  -22.706  -79.224  -34.246 0.5000000000
12859  -22.796  -79.254  -36.564 0.5000000000
12050  -23.819  -80.746  -40.063 0.4000000060
12843  -22.155  -79.657  -34.571 0.5000000000
11262  -23.710  -81.796  -39.940 0.4000000060
9513  -31.891  -84.116  -32.367 0.3000000119
147880  -31.579  -83.180  -31.160 0.3000000119
12832  -21.983  -79.526  -33.850 0.6000000238
133808  -24.050  -82.256  -40.473 0.4000000060
10425  -24.702  -82.640  -40.796 0.4000000060
12817  -21.376  -79.507  -32.875 0.6000000238
12830  -20.160  -79.750  -33.480 0.6000000238
141128  -32.035  -82.516  -33.660 0.3000000119
11170  -31.513  -81.793  -33.324 0.3000000119
153848  -19.847  -79.640  -33.068 0.6000000238
10426  -26.033  -82.230  -40.973 0.4000000060
12814  -18.697  -79.830  -32.266 0.6000000238
11250  -26.222  -81.381  -39.894 0.4000000060
11265  -26.461  -81.828  -40.400 0.4000000060
11987  -33.401  -79.757  -35.257 0.3000000119
12828  -18.352  -79.679  -33.073 0.6999999881
11251  -26.885  -81.542  -39.635 0.3000000119
12025  -26.892  -80.448  -38.517 0.3000000119
13748  -23.343  -78.299  -36.652 0.5000000000
13754  -23.146  -78.381  -37.583 0.5000000000
147373  -23.153  -78.461  -38.444 0.5000000000
13772  -23.182  -78.770  -39.613 0.4000000060
139829  -23.229  -79.448  -39.502 0.4000000060
143821  -23.543  -79.917  -40.106 0.4000000060
13726  -23.374  -78.738  -34.700 0.6000000238
12901  -24.258  -79.801  -41.113 0.4000000060
12051  -24.246  -80.578  -40.491 0.4000000060
11167  -30.833  -81.761  -32.069 0.3000000119
10317  -31.220  -82.561  -31.518 0.3000000119
12816  -20.513  -79.614  -32.798 0.6000000238
150103  -24.804  -81.191  -40.320 0.4000000060
11264  -25.576  -81.616  -40.389 0.4000000060
12036  -25.620  -80.893  -39.969 0.4000000060
135033  -26.033  -80.116  -39.282 0.4000000060
12037  -26.495  -81.019  -39.243 0.3000000119
13774  -25.941  -79.006  -39.054 0.3000000119
11961  -17.569  -80.233  -32.853 0.6000000238
14647  -23.852  -77.769  -36.634 0.5000000000
14666  -23.475  -77.943  -38.187 0.5000000000
14667  -23.974  -77.365  -38.700 0.4000000060
14676  -23.361  -78.053  -39.272 0.4000000060
13739  -24.006  -78.159  -35.077 0.5000000000
132425  -24.386  -77.328  -36.202 0.5000000000
132938  -23.293  -78.465  -40.428 0.4000000060
13716  -23.309  -78.859  -33.669 0.6000000238
13727  -24.078  -78.393  -34.150 0.6000000238
14630  -24.756  -77.709  -34.440 0.6000000238
13779  -23.499  -78.786  -41.380 0.4000000060
13715  -22.485  -79.258  -33.429 0.6000000238
146715  -23.561  -78.709  -32.921 0.6000000238
12909  -24.388  -79.121  -41.823 0.4000000060
12902  -24.850  -79.585  -41.168 0.4000000060
12818  -22.118  -79.343  -32.645 0.6000000238
12052  -24.782  -80.443  -40.580 0.4000000060
13780  -25.195  -78.725  -41.405 0.4000000060
12894  -25.441  -79.378  -40.257 0.4000000060
14686  -25.579  -77.757  -41.130 0.4000000060
11972  -32.050  -80.689  -33.926 0.3000000119
11963  -30.594  -80.309  -32.381 0.3000000119
12796  -20.275  -79.658  -31.882 0.6000000238
13773  -25.654  -78.379  -40.175 0.4000000060
12845  -32.773  -79.277  -34.745 0.3000000119
11971  -31.193  -80.042  -33.304 0.3000000119
12795  -19.341  -79.752  -31.657 0.6000000238
12813  -17.985  -80.075  -32.380 0.6000000238
12780  -19.138  -79.754  -30.714 0.6999999881
12769  -21.086  -79.401  -30.062 0.6999999881
12794  -18.520  -79.983  -31.443 0.6000000238
143730  -19.719  -79.617  -30.057 0.6999999881
12768  -20.307  -79.310  -29.441 0.6999999881
143838  -17.650  -80.160  -29.760 0.6000000238
13657  -21.192  -78.997  -29.324 0.6999999881
13644  -21.331  -78.296  -28.846 0.6000000238
152422  -18.845  -79.470  -29.288 0.6999999881
13643  -20.503  -78.679  -28.804 0.6999999881
14657  -24.061  -77.387  -37.813 0.5000000000
15553  -24.485  -76.716  -38.212 0.5000000000
14641  -25.114  -76.788  -35.668 0.5000000000
15536  -24.850  -76.718  -36.580 0.5000000000
14648  -24.199  -77.327  -36.993 0.5000000000
15561  -24.387  -76.547  -39.091 0.5000000000
14677  -23.836  -77.215  -39.663 0.4000000060
142635  -23.464  -77.779  -40.256 0.4000000060
14620  -24.763  -77.937  -33.547 0.6000000238
14631  -25.299  -76.962  -34.731 0.6000000238
15537  -25.496  -75.959  -36.096 0.6000000238
14692  -23.744  -77.873  -42.061 0.4000000060
13703  -22.952  -79.028  -32.836 0.6000000238
14621  -25.428  -77.079  -33.696 0.6000000238
145817  -25.567  -76.350  -34.215 0.6000000238
13785  -23.988  -78.338  -42.249 0.4000000060
12798  -22.097  -79.347  -31.864 0.6000000238
13704  -23.460  -78.708  -32.234 0.6000000238
142669  -24.716  -77.906  -32.179 0.6000000238
14596  -25.167  -77.113  -31.998 0.6000000238
15520  -25.570  -76.098  -33.496 0.6000000238
13787  -24.759  -78.543  -42.128 0.4000000060
15587  -25.967  -76.376  -42.380 0.4000000060
13673  -22.492  -79.128  -31.100 0.6000000238
13689  -23.349  -78.696  -31.353 0.6000000238
14595  -24.598  -77.554  -31.364 0.6000000238
15510  -25.057  -76.150  -32.010 0.6000000238
17195  -24.139  -74.423  -32.519 0.6000000238
14693  -25.237  -77.890  -42.038 0.4000000060
15579  -25.896  -76.938  -40.974 0.4000000060
12782  -20.962  -79.569  -31.042 0.6000000238
13674  -23.142  -78.603  -30.405 0.5000000000
14578  -23.961  -78.039  -30.694 0.6000000238
15496  -24.755  -76.591  -31.249 0.6000000238
16371  -24.396  -75.555  -31.308 0.6000000238
135463  -19.988  -79.670  -30.942 0.6999999881
147745  -21.747  -79.312  -30.595 0.6000000238
13659  -23.503  -77.973  -29.843 0.6000000238
14579  -24.394  -77.107  -30.568 0.6000000238
17190  -24.011  -74.690  -31.758 0.6000000238
18811  -23.723  -73.309  -31.917 0.6000000238
139868  -24.378  -71.825  -32.928 0.6000000238
15477  -24.027  -75.993  -29.890 0.6000000238
16354  -23.954  -75.338  -30.436 0.6000000238
17972  -23.680  -73.717  -31.110 0.6000000238
155553  -23.894  -72.860  -31.947 0.6000000238
13658  -22.772  -78.343  -29.613 0.6000000238
14559  -23.581  -77.226  -29.482 0.6000000238
153028  -23.729  -74.947  -30.058 0.5000000000
18800  -23.886  -72.967  -31.158 0.6000000238
15463  -23.606  -76.326  -29.280 0.5000000000
12757  -18.782  -79.140  -28.862 0.6999999881
135578  -20.604  -77.895  -28.503 0.6999999881
14536  -22.051  -77.051  -28.549 0.5000000000
15451  -23.094  -76.065  -28.630 0.6000000238
16334  -23.296  -75.238  -28.738 0.5000000000
17177  -23.618  -73.884  -30.125 0.5000000000
16333  -22.573  -75.513  -28.169 0.6000000238
18834  -17.017  -72.770  -34.050 0.6000000238
19648  -16.921  -72.208  -33.189 0.6000000238
141099  -17.257  -73.728  -34.018 0.6000000238
154455  -24.975  -76.225  -37.816 0.5000000000
16420  -25.304  -75.499  -37.757 0.5000000000
150769  -24.890  -75.924  -38.488 0.5000000000
15577  -23.982  -76.356  -41.251 0.5000000000
15585  -23.735  -77.208  -41.685 0.4000000060
16397  -25.553  -75.457  -34.253 0.5000000000
16404  -25.606  -75.276  -35.288 0.5000000000
18009  -25.099  -73.703  -36.151 0.5000000000
15586  -24.023  -76.619  -42.120 0.4000000060
16454  -24.736  -75.842  -42.711 0.4000000060
17207  -25.313  -74.522  -34.708 0.5000000000
17206  -24.878  -73.779  -35.185 0.5000000000
13790  -24.443  -78.138  -42.330 0.4000000060
134091  -24.923  -77.149  -42.638 0.4000000060
15591  -25.908  -76.022  -42.587 0.4000000060
130016  -24.314  -74.164  -33.266 0.5000000000
152673  -24.462  -74.018  -33.763 0.5000000000
137316  -24.636  -73.929  -34.303 0.5000000000
15578  -25.421  -77.105  -42.416 0.4000000060
17982  -23.860  -73.722  -32.897 0.6000000238
17988  -24.027  -73.535  -33.774 0.6000000238
17981  -23.754  -73.389  -32.552 0.6000000238
19649  -24.019  -71.982  -34.020 0.5000000000
20462  -24.977  -71.083  -32.704 0.4000000060
20471  -25.137  -70.337  -33.376 0.4000000060
21339  -25.012  -69.836  -34.197 0.4000000060
19632  -24.856  -71.656  -31.127 0.6000000238
20450  -25.336  -70.880  -31.701 0.6000000238
21327  -25.914  -69.498  -32.322 0.5000000000
132642  -25.531  -69.744  -32.944 0.4000000060
21340  -25.417  -69.435  -33.564 0.4000000060
22193  -25.673  -68.530  -33.522 0.4000000060
12756  -17.866  -79.047  -28.802 0.6999999881
150884  -23.946  -72.767  -30.322 0.6000000238
145524  -26.151  -69.537  -31.441 0.5000000000
22184  -26.053  -68.674  -32.642 0.4000000060
14535  -20.686  -77.159  -28.343 0.6000000238
17921  -23.513  -73.921  -29.209 0.5000000000
18786  -23.737  -72.884  -29.642 0.5000000000
20451  -25.812  -70.210  -31.031 0.5000000000
21316  -26.413  -68.942  -31.108 0.5000000000
21328  -26.315  -68.852  -31.850 0.4000000060
23148  -26.285  -67.278  -32.397 0.4000000060
15450  -22.319  -76.341  -28.330 0.6000000238
152154  -24.471  -71.558  -29.392 0.5000000000
19661  -16.730  -70.717  -34.346 0.6999999881
135159  -16.799  -71.227  -33.274 0.6000000238
20469  -17.071  -70.204  -33.305 0.6999999881
20461  -17.078  -70.870  -32.516 0.6000000238
21326  -18.048  -68.844  -32.545 0.6000000238
18822  -17.215  -72.567  -32.351 0.6000000238
20449  -17.371  -70.709  -31.723 0.6000000238
155317  -18.086  -69.281  -31.325 0.6000000238
22175  -18.492  -68.609  -31.743 0.6000000238
23128  -19.741  -67.591  -30.634 0.6000000238
135300  -17.188  -73.999  -33.206 0.5000000000
18810  -17.408  -72.352  -31.469 0.6000000238
20432  -17.543  -70.619  -30.934 0.6000000238
21307  -17.929  -69.801  -30.667 0.6000000238
22168  -19.087  -68.182  -31.013 0.6000000238
16437  -24.325  -75.498  -40.621 0.5000000000
17193  -17.016  -74.335  -32.367 0.5000000000
17971  -17.384  -73.193  -31.676 0.5000000000
20433  -18.053  -70.142  -29.815 0.5000000000
22167  -18.850  -68.724  -30.291 0.5000000000
17219  -25.497  -75.261  -36.888 0.4000000060
17229  -25.346  -74.496  -37.586 0.5000000000
16445  -24.192  -75.593  -41.584 0.4000000060
152919  -17.450  -73.629  -31.150 0.5000000000
18799  -17.526  -72.176  -30.665 0.5000000000
132275  -18.308  -70.415  -29.042 0.5000000000
21289  -18.932  -68.995  -29.389 0.5000000000
18042  -24.808  -73.618  -37.767 0.5000000000
17267  -24.337  -75.033  -42.164 0.4000000060
17275  -24.888  -75.018  -42.705 0.4000000060
18093  -25.923  -74.262  -42.575 0.4000000060
153916  -17.033  -74.471  -31.592 0.5000000000
137263  -17.652  -72.846  -30.159 0.5000000000
18784  -17.670  -72.012  -29.844 0.6000000238
20399  -18.794  -70.647  -28.308 0.6000000238
16455  -25.407  -75.664  -42.776 0.4000000060
17158  -17.636  -74.300  -29.947 0.6000000238
17934  -17.832  -73.530  -29.663 0.6000000238
144508  -18.026  -71.929  -29.082 0.6999999881
17996  -24.064  -73.326  -34.723 0.4000000060
18842  -23.679  -72.713  -34.933 0.5000000000
15475  -14.774  -76.781  -30.008 0.6000000238
18835  -23.720  -72.672  -34.182 0.5000000000
20483  -24.539  -70.272  -34.898 0.4000000060
14557  -15.585  -77.543  -28.980 0.6000000238
20470  -24.722  -70.589  -34.104 0.4000000060
13638  -16.035  -78.046  -28.738 0.6000000238
14532  -18.320  -77.795  -28.383 0.6000000238
21352  -25.253  -68.966  -34.301 0.4000000060
147348  -19.455  -76.460  -28.214 0.6000000238
13642  -19.017  -78.464  -28.538 0.6999999881
16320  -22.012  -74.943  -27.733 0.6000000238
17914  -22.585  -73.784  -27.900 0.6000000238
154434  -23.132  -73.900  -28.455 0.5000000000
132150  -23.449  -73.218  -28.846 0.5000000000
149131  -17.234  -69.519  -34.206 0.6999999881
21338  -18.126  -68.393  -33.307 0.6999999881
22183  -18.661  -67.958  -32.692 0.6000000238
22176  -19.043  -67.879  -31.876 0.6000000238
137602  -19.684  -66.782  -31.894 0.6000000238
23139  -19.517  -67.444  -31.504 0.6000000238
24105  -20.409  -66.417  -30.625 0.6999999881
24097  -20.643  -66.661  -29.891 0.6000000238
23118  -20.034  -67.693  -29.745 0.6000000238
17228  -25.001  -74.143  -38.408 0.5000000000
17238  -24.703  -74.310  -39.250 0.5000000000
16429  -24.645  -75.463  -39.471 0.5000000000
17249  -24.412  -74.535  -40.215 0.5000000000
22156  -20.294  -67.766  -28.945 0.6000000238
23119  -20.626  -67.157  -29.320 0.5000000000
132686  -23.823  -73.846  -40.648 0.5000000000
139964  -25.033  -73.709  -42.315 0.4000000060
20400  -19.365  -70.067  -27.959 0.6000000238
21272  -19.414  -69.198  -28.407 0.6000000238
23120  -21.146  -66.962  -28.576 0.5000000000
18026  -24.350  -73.190  -36.823 0.5000000000
15476  -15.215  -76.096  -30.131 0.6000000238
16339  -16.722  -75.579  -29.570 0.4000000060
133227  -17.257  -75.005  -30.136 0.6000000238
18778  -18.957  -72.443  -28.063 0.6000000238
19597  -19.417  -70.977  -27.750 0.6000000238
22122  -20.008  -68.770  -28.077 0.6000000238
18855  -23.662  -72.341  -35.922 0.4000000060
131019  -23.609  -72.692  -37.130 0.4000000060
16327  -17.028  -75.874  -28.835 0.5000000000
16340  -17.410  -75.363  -29.300 0.5000000000
17159  -18.177  -74.243  -29.049 0.6000000238
17935  -18.246  -73.355  -28.941 0.6999999881
135996  -19.754  -72.677  -27.640 0.6000000238
18769  -19.519  -71.854  -27.663 0.6000000238
20385  -20.055  -70.479  -27.515 0.6000000238
135369  -15.858  -76.800  -28.942 0.6000000238
17143  -18.867  -74.587  -28.405 0.6000000238
17918  -18.791  -73.832  -28.420 0.6000000238
149901  -20.198  -72.127  -27.465 0.6000000238
20386  -20.798  -70.900  -27.379 0.6000000238
21258  -21.021  -69.460  -27.374 0.6000000238
19662  -23.804  -72.010  -35.027 0.4000000060
15445  -17.533  -76.434  -28.476 0.5000000000
16328  -17.972  -75.652  -28.726 0.6000000238
17144  -19.565  -74.248  -27.891 0.6000000238
18770  -21.059  -71.915  -27.377 0.6000000238
153036  -21.465  -71.170  -27.391 0.6000000238
14531  -17.281  -77.366  -28.374 0.6000000238
144501  -18.058  -76.984  -28.292 0.6000000238
152312  -18.927  -76.400  -28.317 0.6000000238
17130  -20.564  -74.302  -27.580 0.6000000238
17912  -21.026  -73.573  -27.467 0.6000000238
16319  -21.117  -75.044  -27.648 0.6000000238
16331  -20.728  -75.794  -27.888 0.6000000238
18779  -23.136  -72.611  -28.119 0.5000000000
19607  -24.113  -71.567  -28.755 0.5000000000
21350  -17.319  -68.961  -34.930 0.6999999881
22192  -17.797  -68.401  -34.305 0.6999999881
22222  -16.840  -67.946  -36.008 0.6999999881
23187  -17.184  -67.430  -35.572 0.6999999881
23173  -18.106  -67.298  -34.550 0.6999999881
138774  -18.427  -67.656  -33.715 0.6999999881
24129  -19.301  -66.382  -32.886 0.6000000238
24115  -19.728  -65.976  -32.090 0.6000000238
25945  -20.105  -64.670  -31.355 0.5000000000
25021  -20.195  -65.639  -31.242 0.6999999881
25010  -20.425  -65.035  -30.661 0.5000000000
25933  -20.806  -64.828  -29.882 0.5000000000
24996  -21.034  -65.585  -29.488 0.5000000000
18072  -24.038  -73.615  -39.871 0.4000000060
18081  -23.598  -73.639  -41.047 0.5000000000
18899  -24.091  -72.663  -41.437 0.5000000000
143975  -24.215  -73.402  -41.768 0.5000000000
18900  -24.979  -72.920  -41.811 0.4000000060
132951  -23.880  -72.984  -37.829 0.4000000060
18071  -23.271  -73.079  -40.384 0.4000000060
23101  -21.515  -67.264  -27.890 0.6000000238
22123  -20.647  -68.767  -27.667 0.6000000238
23086  -21.068  -68.052  -27.764 0.6000000238
21259  -22.032  -69.464  -27.315 0.6000000238
143575  -22.541  -67.833  -27.431 0.6000000238
18771  -21.882  -72.341  -27.488 0.6000000238
133886  -22.125  -70.986  -27.435 0.6000000238
22125  -23.191  -68.160  -27.393 0.6000000238
17913  -21.899  -73.630  -27.569 0.6000000238
133012  -22.910  -69.948  -27.430 0.5000000000
132087  -22.390  -72.975  -27.703 0.6000000238
154191  -23.187  -71.352  -27.819 0.5000000000
18773  -23.408  -71.849  -28.124 0.5000000000
23185  -15.958  -67.472  -35.469 0.6999999881
24167  -16.906  -66.840  -35.383 0.6999999881
137947  -17.530  -66.003  -34.815 0.6999999881
24156  -18.109  -66.360  -34.673 0.6999999881
25044  -18.258  -65.072  -34.283 0.6000000238
25045  -18.838  -65.625  -33.738 0.6999999881
25031  -19.310  -65.370  -33.017 0.4000000060
22203  -15.298  -67.835  -35.056 0.6999999881
24141  -16.033  -66.834  -34.351 0.6999999881
25056  -17.122  -65.895  -34.611 0.6000000238
25057  -17.510  -65.450  -34.437 0.6000000238
25944  -19.680  -64.094  -32.233 0.5000000000
22189  -14.212  -68.815  -34.139 0.6999999881
23155  -15.116  -67.837  -34.212 0.6999999881
27750  -19.946  -62.891  -31.150 0.5000000000
21337  -14.112  -69.011  -33.517 0.6999999881
26861  -20.371  -63.463  -30.423 0.5000000000
21323  -13.418  -69.882  -32.310 0.6000000238
20448  -12.802  -70.260  -31.742 0.6000000238
143968  -12.100  -70.553  -31.385 0.6000000238
129366  -10.146  -70.676  -30.633 0.5000000000
21284  -10.919  -69.962  -29.433 0.5000000000
18894  -23.410  -72.326  -40.852 0.4000000060
153071  -24.930  -72.267  -41.432 0.4000000060
21260  -22.947  -69.069  -27.410 0.6000000238
25967  -18.061  -64.254  -34.256 0.5000000000
25968  -18.617  -64.723  -33.825 0.5000000000
23156  -15.608  -67.337  -33.811 0.6000000238
24126  -16.188  -66.748  -33.569 0.6000000238
25029  -17.020  -65.553  -34.203 0.6000000238
26895  -17.884  -64.078  -34.200 0.6000000238
26878  -18.983  -63.452  -33.184 0.5000000000
25953  -19.150  -64.407  -33.111 0.5000000000
26869  -19.584  -63.169  -32.194 0.5000000000
22181  -14.557  -68.655  -33.011 0.6999999881
22191  -15.117  -68.011  -33.336 0.6000000238
23145  -16.558  -66.662  -32.536 0.6000000238
24127  -16.743  -66.013  -33.482 0.6000000238
142124  -17.452  -65.148  -32.222 0.6000000238
27745  -19.952  -62.041  -31.051 0.5000000000
21324  -14.044  -69.358  -32.722 0.6999999881
22182  -15.258  -68.400  -32.308 0.6000000238
23137  -15.869  -68.049  -31.469 0.6000000238
23138  -16.439  -67.280  -31.556 0.6000000238
24114  -17.292  -65.771  -31.392 0.6000000238
132470  -14.019  -69.675  -31.899 0.6000000238
22174  -15.341  -68.801  -31.237 0.6000000238
133590  -15.628  -68.276  -30.491 0.6000000238
23126  -16.167  -67.601  -30.607 0.6000000238
21312  -13.566  -70.062  -31.325 0.6000000238
21287  -13.811  -69.331  -29.843 0.6000000238
21288  -14.508  -68.798  -29.831 0.6000000238
23117  -15.625  -67.603  -29.902 0.6000000238
20431  -12.835  -70.365  -30.643 0.5000000000
20408  -11.428  -70.413  -29.819 0.5000000000
22153  -13.044  -69.113  -29.529 0.5000000000
22154  -13.714  -68.412  -29.491 0.6000000238
23116  -14.875  -67.512  -29.565 0.6000000238
19718  -24.392  -71.892  -41.080 0.4000000060
130618  -8.701  -70.735  -30.170 0.5000000000
21285  -11.757  -69.790  -29.488 0.5000000000
154461  -12.807  -68.249  -29.422 0.6000000238
23115  -13.976  -67.492  -29.460 0.6000000238
21282  -9.005  -69.851  -29.507 0.5000000000
22149  -9.727  -68.949  -29.391 0.5000000000
22151  -11.167  -69.041  -29.359 0.4000000060
23113  -12.041  -67.437  -29.584 0.5000000000
24093  -12.456  -66.710  -29.698 0.6000000238
134432  -17.913  -63.469  -34.064 0.6000000238
27758  -18.901  -62.530  -33.191 0.5000000000
27749  -19.523  -62.280  -32.101 0.5000000000
26876  -17.737  -63.089  -33.764 0.6000000238
27767  -17.994  -62.244  -33.810 0.5000000000
28599  -19.523  -61.336  -32.016 0.5000000000
155605  -17.551  -63.765  -31.983 0.6999999881
26868  -17.563  -63.072  -32.690 0.6999999881
25009  -17.049  -65.559  -30.601 0.6000000238
25943  -17.466  -64.201  -31.162 0.6999999881
24103  -16.326  -66.182  -30.110 0.6000000238
25931  -17.061  -64.699  -30.533 0.6999999881
24096  -15.361  -66.685  -29.682 0.6000000238
128340  -16.309  -65.161  -30.117 0.6999999881
24995  -14.522  -65.989  -29.670 0.6000000238
154755  -14.665  -64.898  -30.009 0.6999999881
22147  -7.163  -68.128  -29.797 0.5000000000
147625  -8.777  -68.431  -29.523 0.5000000000
144245  -11.206  -67.904  -29.511 0.4000000060
24092  -11.679  -66.363  -29.947 0.6000000238
24994  -13.524  -65.864  -29.779 0.6000000238
144246  -7.932  -67.883  -29.719 0.5000000000
145921  -10.392  -67.237  -29.717 0.4000000060
23112  -11.075  -66.848  -29.855 0.5000000000
28607  -18.922  -61.673  -33.143 0.5000000000
28606  -18.291  -61.060  -33.728 0.5000000000
27756  -17.666  -62.279  -33.283 0.6000000238
142082  -17.764  -61.420  -33.539 0.5000000000
30380  -17.927  -60.161  -33.803 0.5000000000
147421  -17.432  -63.355  -31.390 0.6999999881
26859  -16.920  -63.722  -30.521 0.6999999881
134187  -16.139  -62.930  -30.417 0.6000000238
25007  -14.002  -65.155  -30.008 0.6999999881
26858  -15.698  -63.718  -30.282 0.6000000238
24102  -12.395  -65.835  -30.004 0.6000000238
25928  -13.210  -64.448  -30.373 0.6000000238
23110  -8.452  -67.047  -29.814 0.5000000000
132498  -10.239  -66.286  -29.997 0.4000000060
24101  -11.388  -65.573  -30.264 0.6000000238
24089  -8.021  -66.105  -29.778 0.4000000060
24090  -9.264  -66.334  -29.864 0.4000000060
24091  -10.493  -65.488  -30.169 0.5000000000
148731  -10.947  -66.073  -30.141 0.5000000000
142351  -17.540  -61.702  -32.446 0.6000000238
29492  -17.574  -60.424  -33.172 0.5000000000
27744  -17.246  -61.974  -31.208 0.6000000238
28592  -17.371  -61.208  -31.626 0.5000000000
27743  -16.491  -62.157  -30.481 0.6000000238
27742  -15.449  -62.251  -30.334 0.6000000238
29475  -16.453  -60.841  -30.046 0.5000000000
133476  -14.972  -62.993  -30.396 0.6000000238
148496  -13.470  -63.813  -30.489 0.6999999881
27741  -14.397  -62.282  -30.394 0.5000000000
129837  -12.357  -64.399  -30.513 0.6000000238
25927  -11.610  -64.345  -30.476 0.5000000000
25003  -9.802  -65.277  -29.887 0.4000000060
25926  -10.975  -64.299  -30.292 0.5000000000
23066  -12.617  -68.439  -25.387 0.4000000060
151365  -12.536  -67.729  -24.767 0.3000000119
23067  -13.209  -67.720  -25.425 0.4000000060
134561  -17.405  -59.996  -31.059 0.5000000000
23077  -12.100  -68.504  -26.714 0.3000000119
155685  -13.010  -68.276  -25.816 0.4000000060
29474  -15.388  -60.885  -29.874 0.5000000000
30351  -17.034  -60.005  -30.026 0.5000000000
23076  -10.920  -68.021  -27.325 0.3000000119
23078  -12.919  -68.169  -26.332 0.4000000060
28589  -14.893  -61.584  -30.164 0.5000000000
24052  -10.368  -66.822  -27.530 0.3000000119
139349  -13.530  -62.236  -30.515 0.6000000238
26855  -12.056  -63.698  -30.576 0.6999999881
27740  -12.834  -62.613  -30.586 0.6000000238
25925  -10.493  -64.280  -29.894 0.5000000000
26854  -11.397  -63.806  -30.386 0.5000000000
129971  -10.996  -63.685  -30.048 0.4000000060
27738  -11.706  -62.206  -29.830 0.4000000060
24944  -11.747  -65.907  -24.319 0.3000000119
24038  -12.539  -66.681  -24.510 0.3000000119
24039  -13.327  -66.464  -24.660 0.3000000119
24043  -13.710  -66.958  -25.170 0.3000000119
29464  -15.896  -60.139  -29.669 0.5000000000
24054  -12.507  -67.588  -27.070 0.4000000060
24055  -13.811  -67.190  -25.933 0.4000000060
30339  -15.219  -59.455  -29.513 0.5000000000
24064  -11.852  -66.618  -27.513 0.4000000060
24065  -12.696  -66.762  -27.352 0.4000000060
28588  -13.889  -61.584  -30.346 0.5000000000
29463  -14.784  -60.160  -29.690 0.5000000000
24971  -10.861  -66.184  -27.613 0.4000000060
150305  -13.358  -60.886  -30.212 0.5000000000
141307  -12.154  -62.304  -30.348 0.5000000000
153767  -12.702  -60.923  -30.101 0.5000000000
25915  -9.485  -64.777  -29.227 0.3000000119
26842  -10.635  -63.578  -29.253 0.4000000060
27732  -11.507  -62.156  -29.269 0.4000000060
29470  -12.157  -60.866  -29.506 0.4000000060
25864  -10.992  -65.107  -24.222 0.3000000119
24945  -12.624  -65.763  -24.366 0.3000000119
24040  -14.073  -66.236  -24.899 0.4000000060
31178  -17.559  -58.534  -29.966 0.4000000060
24044  -14.267  -66.491  -25.541 0.4000000060
139463  -17.366  -57.904  -29.501 0.4000000060
131135  -13.330  -67.370  -26.683 0.4000000060
24056  -14.325  -66.522  -26.175 0.4000000060
31176  -15.393  -58.708  -29.420 0.4000000060
24961  -13.961  -66.696  -26.712 0.4000000060
30350  -13.720  -60.162  -29.935 0.5000000000
140652  -12.157  -66.197  -27.582 0.4000000060
131496  -10.895  -64.664  -27.863 0.3000000119
30349  -13.212  -59.557  -29.793 0.5000000000
27724  -11.266  -62.933  -28.605 0.3000000119
150889  -11.891  -65.058  -24.214 0.3000000119
25865  -12.735  -64.893  -24.205 0.3000000119
24946  -13.492  -65.616  -24.482 0.3000000119
25866  -13.648  -64.747  -24.297 0.4000000060
137620  -14.333  -65.430  -24.689 0.4000000060
24948  -15.156  -65.211  -25.022 0.3000000119
24947  -14.655  -65.837  -25.267 0.4000000060
31996  -18.178  -56.779  -29.880 0.4000000060
32930  -18.445  -56.063  -29.995 0.4000000060
24951  -14.847  -65.923  -25.973 0.4000000060
31993  -15.546  -57.949  -29.400 0.4000000060
152948  -14.739  -58.981  -29.519 0.4000000060
24974  -13.815  -65.866  -27.416 0.3000000119
30338  -14.105  -59.331  -29.729 0.4000000060
24972  -11.470  -65.571  -27.681 0.3000000119
25889  -12.908  -64.829  -27.710 0.3000000119
26813  -12.258  -63.832  -27.741 0.3000000119
29462  -11.951  -60.847  -29.021 0.4000000060
145037  -12.041  -62.865  -23.692 0.3000000119
26792  -13.801  -63.875  -24.086 0.4000000060
25867  -14.575  -64.602  -24.471 0.4000000060
34888  -18.449  -54.631  -29.686 0.4000000060
32929  -17.591  -56.224  -29.418 0.4000000060
149333  -15.731  -64.722  -25.247 0.4000000060
31994  -16.441  -57.440  -29.329 0.4000000060
24962  -14.584  -66.078  -26.746 0.4000000060
154649  -14.876  -58.153  -29.510 0.4000000060
151521  -15.320  -57.225  -29.501 0.4000000060
24975  -14.595  -65.390  -27.294 0.3000000119
130516  -14.453  -57.564  -29.576 0.4000000060
25890  -13.843  -64.778  -27.645 0.3000000119
30337  -13.392  -58.758  -29.624 0.5000000000
25888  -11.751  -64.592  -27.769 0.3000000119
132749  -12.760  -63.209  -27.714 0.3000000119
31174  -12.634  -58.746  -29.103 0.5000000000
28565  -11.878  -61.358  -28.671 0.3000000119
30328  -12.188  -59.972  -29.008 0.4000000060
27725  -11.501  -62.098  -28.838 0.4000000060
27675  -12.567  -62.423  -23.625 0.3000000119
26794  -15.692  -63.540  -24.396 0.3000000119
33917  -18.106  -55.394  -29.498 0.4000000060
24952  -15.481  -65.215  -25.798 0.3000000119
142343  -16.493  -55.924  -29.364 0.4000000060
33916  -17.141  -55.294  -29.318 0.3000000119
24963  -15.202  -65.391  -26.701 0.3000000119
134185  -14.522  -56.669  -29.624 0.4000000060
153934  -15.547  -55.668  -29.578 0.4000000060
26815  -14.820  -63.820  -27.594 0.3000000119
26814  -13.824  -63.720  -27.663 0.3000000119
31982  -12.751  -57.082  -28.688 0.4000000060
28566  -12.189  -61.403  -28.176 0.3000000119
29447  -12.250  -60.674  -28.484 0.3000000119
30319  -12.590  -59.127  -28.496 0.3000000119
26801  -16.258  -64.092  -25.044 0.3000000119
26795  -16.446  -63.352  -24.636 0.3000000119
25873  -16.122  -64.552  -25.762 0.3000000119
146863  -15.978  -55.063  -29.552 0.3000000119
144350  -14.658  -55.822  -29.659 0.4000000060
139675  -14.408  -54.450  -29.435 0.4000000060
142227  -15.086  -63.215  -27.551 0.3000000119
138694  -13.749  -56.974  -29.502 0.4000000060
33913  -13.305  -55.431  -29.093 0.4000000060
148255  -13.343  -62.624  -27.662 0.3000000119
28567  -12.984  -61.645  -27.766 0.3000000119
31973  -12.685  -57.384  -28.268 0.3000000119
29448  -12.629  -59.959  -28.225 0.3000000119
27713  -16.589  -62.651  -27.176 0.3000000119
27711  -14.913  -62.488  -27.552 0.3000000119
33904  -13.146  -55.317  -28.613 0.3000000119
34867  -13.598  -54.707  -28.396 0.3000000119
27710  -13.990  -62.048  -27.595 0.3000000119
134446  -12.805  -56.567  -28.271 0.3000000119
30321  -13.300  -60.070  -27.700 0.3000000119
31151  -12.947  -57.903  -27.868 0.3000000119
28559  -17.078  -61.832  -27.023 0.3000000119
28560  -17.683  -61.849  -26.418 0.3000000119
155036  -15.416  -61.386  -27.452 0.3000000119
32903  -13.033  -55.872  -28.311 0.3000000119
29443  -16.648  -60.983  -27.224 0.3000000119
29444  -17.416  -61.131  -26.840 0.3000000119
28577  -11.721  -61.367  -29.022 0.4000000060
130864  -11.834  -62.907  -27.961 0.3000000119
27708  -11.750  -62.105  -28.370 0.3000000119
138003  -24.419  -84.317  -43.792 0.6000000238
8064  -25.539  -85.082  -44.120 0.5000000000
8063  -24.205  -85.236  -44.600 0.5000000000
148673  -22.780  -85.194  -45.064 0.5000000000
7299  -25.605  -85.598  -43.811 0.5000000000
8035  -29.050  -84.944  -40.987 0.5000000000
9627  -22.162  -83.827  -42.525 0.6999999881
9629  -24.163  -83.889  -42.057 0.6999999881
9610  -20.293  -83.319  -42.011 0.6999999881
8034  -28.238  -85.200  -41.583 0.4000000060
9609  -19.349  -82.990  -42.118 0.6999999881
9633  -28.623  -83.664  -42.141 0.5000000000
139890  -33.689  -79.477  -35.833 0.3000000119
10441  -29.116  -82.578  -41.787 0.5000000000
11267  -28.244  -81.721  -40.622 0.3000000119
135627  -23.085  -82.123  -39.482 0.6000000238
9585  -22.548  -82.844  -39.769 0.6000000238
11249  -23.365  -81.247  -39.306 0.5000000000
12011  -20.387  -81.264  -36.173 0.6000000238
10423  -19.968  -82.669  -40.283 0.6999999881
10349  -32.755  -82.407  -34.797 0.3000000119
134815  -18.743  -81.416  -37.884 0.6000000238
10397  -19.702  -82.067  -38.844 0.6000000238
10422  -19.020  -82.140  -40.643 0.6999999881
8834  -27.225  -84.123  -43.357 0.6000000238
8066  -26.785  -84.651  -43.805 0.5000000000
10421  -18.336  -81.976  -40.638 0.6000000238
11235  -17.212  -81.856  -37.851 0.5000000000
9595  -17.762  -82.693  -40.700 0.5000000000
12861  -33.372  -79.159  -36.114 0.3000000119
11980  -17.221  -80.590  -35.107 0.6000000238
134981  -17.473  -83.065  -40.187 0.5000000000
12884  -29.627  -79.775  -38.166 0.3000000119
10438  -25.519  -82.991  -41.305 0.5000000000
129095  -17.021  -83.940  -39.096 0.5000000000
12900  -23.826  -79.349  -41.450 0.4000000060
11166  -30.583  -80.973  -32.020 0.3000000119
13705  -24.104  -78.403  -32.522 0.6000000238
12781  -20.429  -79.549  -30.293 0.6999999881
151210  -22.358  -78.945  -30.134 0.6000000238
15462  -22.894  -76.961  -28.865 0.6000000238
14612  -25.188  -77.527  -32.797 0.6000000238
141571  -25.476  -74.425  -36.583 0.5000000000
15588  -24.017  -77.312  -42.374 0.4000000060
16382  -25.262  -75.713  -32.783 0.6000000238
17200  -25.024  -74.560  -33.782 0.5000000000
15478  -24.332  -76.198  -30.525 0.6000000238
154039  -24.183  -71.915  -33.468 0.4000000060
13640  -17.574  -78.324  -28.513 0.6000000238
136648  -19.851  -77.308  -28.310 0.6999999881
19638  -17.253  -71.625  -31.963 0.6000000238
16430  -25.147  -74.963  -38.523 0.4000000060
18025  -23.759  -72.725  -36.254 0.4000000060
21351  -24.777  -69.374  -34.909 0.4000000060
19626  -24.754  -71.492  -30.066 0.4000000060
12754  -16.164  -78.745  -28.784 0.6000000238
21325  -17.511  -69.840  -32.374 0.6000000238
19625  -17.557  -71.326  -30.390 0.6000000238
138474  -24.087  -74.214  -41.598 0.5000000000
17959  -17.608  -73.622  -30.483 0.5000000000
132858  -19.732  -68.358  -28.972 0.6000000238
16369  -16.821  -74.866  -31.075 0.4000000060
16330  -19.817  -75.764  -28.016 0.5000000000
18866  -23.220  -71.794  -36.948 0.5000000000
132991  -20.590  -72.784  -27.455 0.6000000238
131309  -19.372  -75.071  -28.115 0.5000000000
21335  -12.187  -70.134  -33.418 0.6000000238
21283  -10.070  -69.995  -29.427 0.5000000000
25952  -17.466  -64.444  -33.279 0.5000000000
23144  -15.879  -67.526  -32.677 0.6000000238
129059  -17.522  -63.728  -33.101 0.6000000238
21305  -14.432  -69.379  -30.398 0.6000000238
22148  -8.055  -69.118  -29.556 0.5000000000
28616  -17.979  -61.210  -33.880 0.5000000000
26857  -14.515  -63.748  -30.341 0.6000000238
23111  -9.548  -67.560  -29.630 0.5000000000
147053  -12.720  -63.932  -30.582 0.6000000238
149808  -12.568  -68.797  -25.926 0.3000000119
28591  -16.903  -61.441  -30.593 0.5000000000
26852  -10.193  -64.265  -29.438 0.3000000119
30341  -17.145  -59.187  -29.783 0.4000000060
31177  -16.629  -58.485  -29.427 0.4000000060
26853  -10.673  -63.754  -29.637 0.4000000060
26830  -10.641  -63.527  -28.897 0.3000000119
30336  -12.488  -59.539  -29.196 0.5000000000
31995  -17.477  -57.150  -29.461 0.4000000060
26776  -12.250  -63.522  -23.832 0.3000000119
130497  -13.423  -57.809  -29.488 0.4000000060
30318  -12.313  -59.998  -28.706 0.3000000119
25892  -15.385  -64.603  -27.228 0.3000000119
31168  -12.528  -58.435  -28.766 0.4000000060
28533  -12.707  -61.641  -23.469 0.3000000119
26816  -15.593  -63.775  -27.374 0.3000000119
32915  -12.952  -56.118  -28.815 0.4000000060
144749  -15.613  -62.124  -27.478 0.3000000119
6565  -15.317  -87.864  -35.974 0.5000000000
6572  -15.299  -87.232  -36.667 0.5000000000
7230  -15.547  -86.691  -37.252 0.5000000000
7977  -16.185  -85.736  -38.199 0.4000000060
6554  -16.105  -87.751  -34.697 0.5000000000
153833  -15.827  -87.608  -35.377 0.5000000000
153743  -15.808  -86.762  -36.444 0.5000000000
7231  -16.206  -86.226  -36.674 0.5000000000
7978  -16.550  -85.296  -37.507 0.5000000000
141725  -16.686  -84.647  -38.815 0.4000000060
5890  -16.283  -87.860  -33.866 0.4000000060
137496  -16.322  -87.152  -34.253 0.5000000000
7970  -16.569  -85.599  -36.184 0.5000000000
8773  -16.827  -84.406  -37.548 0.4000000060
7204  -16.422  -86.619  -33.629 0.5000000000
139100  -16.498  -86.328  -34.596 0.5000000000
7226  -16.285  -86.402  -35.741 0.5000000000
7939  -16.596  -85.798  -33.666 0.5000000000
135424  -16.671  -85.593  -35.285 0.5000000000
139400  -16.907  -84.814  -34.900 0.5000000000
8757  -17.002  -84.029  -35.459 0.5000000000
153437  -16.925  -84.147  -36.195 0.4000000060
7195  -16.345  -86.211  -32.730 0.5000000000
8732  -16.905  -84.826  -33.841 0.5000000000
8742  -17.095  -84.006  -34.547 0.5000000000
128504  -17.020  -83.161  -36.163 0.5000000000
141777  -14.998  -83.958  -30.305 0.5000000000
7913  -16.270  -85.746  -32.031 0.5000000000
143759  -16.301  -85.141  -31.709 0.5000000000
148128  -16.651  -84.605  -32.127 0.5000000000
9497  -17.008  -83.806  -31.980 0.5000000000
135297  -17.107  -83.949  -33.707 0.5000000000
9508  -17.240  -83.299  -33.085 0.5000000000
9528  -17.177  -83.161  -34.177 0.5000000000
9539  -17.072  -83.115  -35.150 0.5000000000
8682  -15.791  -84.196  -30.640 0.5000000000
9483  -15.544  -83.361  -30.417 0.5000000000
10287  -14.799  -81.718  -29.740 0.5000000000
9484  -16.410  -83.492  -31.003 0.5000000000
129375  -16.297  -82.215  -30.316 0.5000000000
10288  -15.737  -81.719  -29.737 0.5000000000
10326  -17.240  -82.983  -32.235 0.5000000000
10316  -17.295  -82.283  -31.810 0.5000000000
11150  -17.030  -81.851  -30.967 0.5000000000
10327  -17.396  -82.300  -32.797 0.5000000000
11165  -17.447  -81.427  -32.522 0.5000000000
10341  -17.089  -82.227  -34.749 0.5000000000
11187  -17.008  -81.159  -35.775 0.5000000000
131301  -14.671  -78.742  -29.404 0.5000000000
12765  -16.396  -79.527  -28.972 0.6000000238
11122  -15.994  -81.082  -29.519 0.5000000000
11135  -17.367  -80.945  -31.157 0.5000000000
11929  -16.798  -80.185  -29.349 0.5000000000
12778  -17.861  -80.375  -31.060 0.5000000000
10332  -17.318  -81.358  -33.446 0.5000000000
11164  -17.413  -80.565  -33.155 0.5000000000
11176  -17.150  -81.349  -34.386 0.5000000000
14577  -14.269  -77.564  -30.256 0.5000000000
13656  -15.409  -78.368  -28.999 0.5000000000
142791  -17.299  -79.574  -29.088 0.6000000238
18024  -17.505  -73.907  -36.427 0.5000000000
18854  -17.124  -73.297  -35.592 0.6000000238
18023  -16.851  -73.157  -37.305 0.5000000000
18865  -16.804  -72.781  -36.465 0.5000000000
18841  -16.687  -71.877  -34.633 0.6000000238
19660  -16.623  -71.192  -35.237 0.6000000238
133334  -16.570  -71.692  -36.775 0.5000000000
19673  -16.650  -70.851  -36.254 0.6000000238
20502  -16.576  -70.109  -36.980 0.5000000000
20481  -16.957  -69.688  -35.135 0.6000000238
20490  -16.832  -69.787  -36.129 0.6000000238
21386  -15.882  -69.508  -37.312 0.5000000000
21373  -16.686  -69.172  -36.630 0.6000000238
22223  -17.243  -68.153  -35.700 0.6000000238
21385  -15.374  -69.494  -37.009 0.5000000000
22236  -15.997  -68.427  -36.518 0.5000000000
21349  -13.989  -69.545  -34.408 0.5000000000
153656  -13.799  -69.358  -33.803 0.6000000238
21334  -11.002  -70.021  -33.447 0.6000000238
21347  -12.371  -70.420  -34.024 0.5000000000
132973  -14.539  -68.903  -34.909 0.6000000238
22220  -15.355  -68.622  -36.149 0.5000000000
21336  -13.207  -69.935  -33.811 0.5000000000
20460  -11.272  -70.213  -32.158 0.6000000238
129273  -11.616  -70.020  -32.873 0.6000000238
20447  -11.415  -70.656  -31.149 0.6000000238
13750  -32.173  -78.883  -36.056 0.3000000119
14651  -29.860  -77.629  -35.598 0.3000000119
12874  -31.320  -79.446  -37.607 0.3000000119
16405  -28.868  -75.394  -35.529 0.3000000119
12873  -30.206  -79.351  -37.560 0.3000000119
12875  -32.511  -79.413  -37.510 0.3000000119
9549  -16.977  -83.793  -36.898 0.4000000060
11151  -17.394  -81.448  -31.720 0.5000000000
12779  -18.369  -79.989  -30.339 0.5000000000
17994  -17.241  -73.554  -34.808 0.5000000000
152044  -16.494  -85.626  -36.911 0.4000000060
8766  -16.777  -84.835  -36.712 0.5000000000
7930  -16.544  -85.237  -32.734 0.5000000000
8681  -15.232  -84.834  -30.497 0.5000000000
8703  -16.383  -84.394  -31.328 0.5000000000
9482  -14.695  -83.120  -30.230 0.5000000000
10299  -15.350  -82.501  -30.057 0.5000000000
10300  -16.685  -82.641  -31.049 0.5000000000
11941  -17.214  -80.703  -30.063 0.5000000000
13759  -31.788  -79.149  -36.866 0.3000000119
139802  -29.193  -78.281  -36.829 0.3000000119
134566  -29.153  -76.964  -35.636 0.3000000119
13758  -30.724  -79.023  -36.937 0.3000000119
13757  -29.862  -78.781  -37.018 0.3000000119
14650  -29.234  -77.626  -36.224 0.3000000119
34885  -13.923  -54.403  -29.149 0.3000000119
5889  -16.045  -88.547  -34.307 0.5000000000
6566  -15.766  -87.157  -35.883 0.5000000000
7237  -16.156  -86.066  -37.458 0.5000000000
7287  -24.942  -85.854  -42.922 0.5000000000
7289  -26.168  -85.551  -43.256 0.5000000000
7298  -24.932  -85.740  -43.526 0.5000000000
7307  -24.866  -85.395  -44.097 0.5000000000
7947  -16.741  -85.479  -34.470 0.5000000000
7960  -16.819  -84.850  -35.785 0.5000000000
7987  -16.605  -84.942  -38.217 0.4000000060
7998  -16.303  -85.332  -38.920 0.5000000000
8033  -27.389  -85.495  -41.829 0.4000000060
8041  -22.504  -85.974  -43.436 0.5000000000
8045  -26.098  -85.767  -42.483 0.5000000000
8054  -27.352  -84.832  -43.041 0.5000000000
8062  -23.527  -85.560  -44.626 0.6000000238
8065  -26.211  -85.135  -43.983 0.5000000000
8073  -21.167  -85.269  -45.134 0.5000000000
8074  -23.565  -85.065  -45.057 0.5000000000
8702  -15.917  -85.048  -30.896 0.5000000000
8721  -16.923  -84.313  -32.915 0.5000000000
8727  -32.256  -84.690  -33.100 0.3000000119
8809  -29.659  -84.578  -40.440 0.5000000000
8816  -29.481  -84.444  -41.121 0.5000000000
8817  -29.966  -83.804  -41.411 0.5000000000
8822  -17.776  -83.791  -42.635 0.5000000000
8826  -28.363  -84.254  -42.267 0.5000000000
8832  -23.564  -84.155  -43.756 0.5000000000
8839  -21.058  -83.981  -44.781 0.5000000000
8840  -24.843  -85.001  -44.708 0.5000000000
8841  -25.267  -84.737  -44.123 0.5000000000
8842  -26.117  -84.679  -44.039 0.5000000000
8845  -20.697  -84.804  -45.235 0.6000000238
8847  -23.664  -84.693  -45.022 0.5000000000
8849  -24.509  -84.650  -44.510 0.6000000238
9568  -17.121  -83.109  -38.478 0.5000000000
9582  -17.586  -82.290  -39.976 0.5000000000
9583  -20.922  -83.038  -39.783 0.6999999881
9587  -31.866  -83.241  -39.795 0.4000000060
9614  -24.537  -83.357  -41.329 0.6999999881
9616  -26.915  -83.308  -41.935 0.4000000060
9632  -27.709  -83.384  -42.399 0.5000000000
9634  -29.422  -83.562  -41.826 0.5000000000
9636  -19.751  -83.649  -43.443 0.6000000238
9638  -21.946  -83.864  -43.617 0.8000000119
9639  -25.517  -84.172  -43.489 0.6000000238
9641  -27.411  -83.713  -43.124 0.6000000238
9642  -27.988  -83.943  -42.941 0.6000000238
9646  -22.953  -84.134  -44.413 0.5000000000
9649  -25.867  -84.204  -43.782 0.6000000238
9651  -22.554  -84.216  -44.849 0.5000000000
9652  -23.321  -84.372  -44.672 0.5000000000
9653  -23.957  -84.501  -44.664 0.5000000000
10328  -31.565  -83.389  -32.186 0.3000000119
10331  -17.269  -82.291  -33.783 0.5000000000
10392  -33.647  -81.733  -38.600 0.3000000119
10399  -21.384  -82.305  -38.341 0.5000000000
10409  -17.421  -81.959  -39.284 0.5000000000
10413  -21.142  -82.697  -38.962 0.6000000238
10415  -33.203  -82.183  -39.572 0.4000000060
10427  -26.944  -82.402  -41.096 0.4000000060
10430  -31.937  -82.431  -40.737 0.4000000060
10435  -18.238  -82.589  -41.198 0.5000000000
10447  -29.270  -83.068  -41.880 0.5000000000
10448  -29.852  -83.186  -41.774 0.5000000000
10450  -27.991  -83.562  -42.600 0.5000000000
11134  -16.674  -81.396  -30.070 0.5000000000
11177  -33.005  -81.447  -35.077 0.3000000119
11201  -17.065  -81.498  -36.507 0.6000000238
11205  -21.018  -81.593  -36.742 0.5000000000
11210  -33.214  -81.331  -36.635 0.3000000119
11220  -16.992  -82.120  -37.101 0.5000000000
11221  -17.657  -81.098  -36.929 0.6000000238
11236  -17.431  -81.756  -38.568 0.6000000238
11239  -20.066  -82.054  -37.990 0.6000000238
11241  -23.049  -80.754  -38.584 0.5000000000
11242  -33.843  -81.333  -38.714 0.3000000119
11247  -18.084  -81.442  -39.393 0.6000000238
11248  -18.778  -81.596  -39.226 0.6000000238
11254  -29.528  -80.960  -40.523 0.3000000119
11256  -33.673  -81.516  -39.256 0.4000000060
11261  -17.992  -81.624  -39.993 0.5000000000
11263  -24.764  -81.888  -40.493 0.4000000060
11269  -31.056  -81.316  -41.109 0.4000000060
11271  -32.591  -81.948  -40.364 0.4000000060
11276  -29.629  -81.885  -41.562 0.4000000060
11278  -31.354  -81.943  -41.198 0.5000000000
11940  -16.504  -80.746  -29.575 0.5000000000
11969  -17.252  -80.494  -33.997 0.6999999881
11970  -17.429  -80.089  -33.543 0.6000000238
11982  -18.775  -79.870  -34.619 0.6999999881
11985  -21.473  -80.150  -34.662 0.6000000238
11996  -17.872  -80.227  -35.810 0.6999999881
12000  -22.550  -80.020  -36.340 0.5000000000
12002  -33.920  -79.981  -35.956 0.3000000119
12008  -17.514  -80.657  -36.298 0.6000000238
12013  -34.143  -80.286  -36.700 0.3000000119
12020  -34.212  -80.323  -37.601 0.3000000119
12026  -27.899  -80.438  -38.480 0.3000000119
12029  -31.474  -80.055  -39.372 0.4000000060
12044  -33.405  -80.822  -39.335 0.4000000060
12053  -30.112  -80.729  -40.452 0.4000000060
12056  -32.270  -81.089  -40.512 0.4000000060
12755  -16.996  -78.902  -28.745 0.6999999881
12758  -19.651  -78.954  -28.802 0.6999999881
12764  -15.435  -79.349  -29.036 0.6000000238
12766  -18.236  -79.601  -29.357 0.6999999881
12767  -19.391  -79.404  -29.310 0.6999999881
12783  -21.735  -79.411  -31.359 0.6000000238
12797  -21.314  -79.551  -32.091 0.6000000238
12815  -19.456  -79.677  -32.605 0.6000000238
12827  -17.679  -79.936  -33.175 0.6999999881
12829  -19.280  -79.656  -33.356 0.6000000238
12831  -21.144  -79.699  -33.500 0.6000000238
12844  -31.915  -78.913  -34.268 0.3000000119
12853  -33.218  -79.191  -35.373 0.3000000119
12860  -32.822  -79.148  -36.727 0.3000000119
12862  -34.022  -79.701  -36.563 0.3000000119
12863  -34.278  -80.093  -37.083 0.3000000119
12871  -27.975  -79.081  -37.630 0.3000000119
12880  -22.780  -79.693  -37.687 0.5000000000
12887  -33.236  -79.745  -38.165 0.3000000119
12888  -34.038  -79.970  -37.900 0.3000000119
12893  -23.378  -79.296  -40.599 0.4000000060
12908  -23.917  -78.830  -41.964 0.4000000060
13639  -16.720  -78.140  -28.560 0.6000000238
13641  -18.317  -78.592  -28.591 0.6000000238
13688  -22.751  -79.066  -32.019 0.6000000238
13690  -24.079  -78.294  -31.710 0.6000000238
13717  -24.083  -78.455  -33.284 0.6000000238
13749  -30.189  -78.366  -36.259 0.3000000119
13753  -22.875  -78.786  -37.026 0.5000000000
13765  -26.527  -78.497  -37.993 0.3000000119
13786  -24.305  -78.629  -42.169 0.4000000060
14530  -16.321  -77.396  -28.605 0.6000000238
14533  -19.179  -77.774  -28.385 0.6999999881
14534  -19.821  -78.234  -28.502 0.6999999881
14556  -14.814  -77.734  -29.502 0.5000000000
14558  -22.245  -77.822  -28.945 0.6000000238
14560  -24.084  -76.724  -29.903 0.6000000238
14611  -24.634  -78.112  -32.849 0.6000000238
14639  -23.888  -77.920  -35.949 0.5000000000
14640  -24.606  -77.482  -35.351 0.5000000000
14656  -23.618  -77.880  -37.313 0.5000000000
14685  -23.457  -77.974  -41.258 0.4000000060
14695  -24.122  -77.864  -42.371 0.4000000060
14696  -24.506  -77.515  -42.483 0.4000000060
14697  -24.873  -77.746  -42.392 0.4000000060
15444  -16.651  -76.600  -28.601 0.6000000238
15446  -18.389  -76.364  -28.384 0.6000000238
15447  -18.884  -77.024  -28.272 0.6000000238
15448  -20.297  -76.517  -28.141 0.6000000238
15449  -21.318  -76.590  -28.215 0.6000000238
15461  -16.225  -76.108  -29.117 0.5000000000
15511  -25.440  -76.632  -32.756 0.6000000238
15529  -25.569  -76.166  -35.039 0.6000000238
15545  -24.609  -76.744  -37.424 0.5000000000
15546  -25.227  -76.101  -37.097 0.5000000000
15569  -23.687  -77.128  -40.697 0.4000000060
15570  -24.169  -76.379  -40.103 0.5000000000
15589  -24.512  -76.730  -42.623 0.4000000060
15590  -25.241  -76.453  -42.714 0.4000000060
16329  -18.928  -75.719  -28.352 0.6000000238
16332  -21.702  -75.737  -27.902 0.6000000238
16338  -15.887  -75.795  -29.837 0.6000000238
16341  -23.708  -75.447  -29.552 0.5000000000
16370  -23.889  -74.853  -31.108 0.6000000238
16380  -16.682  -74.810  -31.900 0.5000000000
16381  -24.612  -75.228  -32.212 0.6000000238
16389  -24.789  -74.895  -32.988 0.6000000238
16390  -25.327  -75.342  -33.442 0.5000000000
16450  -24.307  -76.003  -42.281 0.4000000060
17131  -21.482  -74.305  -27.569 0.6000000238
17132  -22.173  -74.266  -27.714 0.6000000238
17145  -20.167  -75.049  -27.761 0.5000000000
17146  -22.755  -74.603  -28.150 0.5000000000
17147  -23.328  -74.470  -28.757 0.5000000000
17160  -23.595  -74.618  -29.574 0.5000000000
17176  -17.330  -74.302  -30.893 0.5000000000
17188  -17.261  -73.939  -31.685 0.5000000000
17189  -23.727  -74.310  -31.341 0.6000000238
17194  -23.697  -73.923  -32.033 0.6000000238
17212  -25.426  -74.426  -35.644 0.5000000000
17259  -24.146  -74.615  -41.146 0.5000000000
17276  -25.683  -75.000  -42.779 0.4000000060
17911  -20.109  -73.501  -27.586 0.6000000238
17919  -19.304  -73.318  -27.963 0.6000000238
17920  -23.000  -73.309  -28.155 0.5000000000
17936  -23.613  -73.424  -29.658 0.5000000000
17960  -23.714  -73.271  -30.377 0.6000000238
17980  -17.223  -73.557  -32.404 0.5000000000
17986  -17.181  -73.171  -33.182 0.6000000238
17987  -23.737  -73.125  -33.373 0.6000000238
17995  -23.636  -73.054  -34.371 0.5000000000
18007  -23.702  -72.891  -35.265 0.4000000060
18008  -24.206  -73.207  -35.692 0.5000000000
18027  -25.210  -73.815  -36.998 0.5000000000
18059  -24.250  -73.408  -38.783 0.5000000000
18080  -23.460  -73.107  -41.143 0.5000000000
18087  -24.470  -74.186  -42.170 0.4000000060
18092  -25.125  -74.419  -42.609 0.4000000060
18772  -22.518  -72.222  -27.667 0.6000000238
18777  -18.355  -72.591  -28.708 0.6000000238
18785  -17.914  -72.711  -29.388 0.6000000238
18787  -24.187  -72.180  -29.649 0.5000000000
18801  -24.338  -72.282  -30.660 0.6000000238
18812  -24.314  -72.365  -31.574 0.6000000238
18823  -23.911  -72.490  -33.300 0.6000000238
18824  -24.149  -72.426  -32.414 0.6000000238
18853  -16.673  -72.081  -35.656 0.5000000000
18893  -22.983  -72.586  -40.407 0.4000000060
19598  -20.155  -71.374  -27.458 0.6000000238
19599  -21.958  -71.705  -27.453 0.6000000238
19600  -22.736  -71.576  -27.668 0.5000000000
19606  -18.869  -71.513  -28.083 0.6000000238
19611  -17.840  -71.080  -29.548 0.6000000238
19612  -18.329  -71.244  -28.717 0.6000000238
19613  -23.715  -72.409  -28.839 0.5000000000
19631  -17.401  -71.471  -31.182 0.6000000238
19639  -24.698  -71.733  -32.081 0.6000000238
19650  -24.546  -71.282  -33.591 0.4000000060
19663  -24.298  -71.214  -34.520 0.4000000060
19681  -16.540  -70.856  -37.194 0.6000000238
20387  -22.269  -70.305  -27.383 0.5000000000
20388  -22.929  -70.818  -27.613 0.6000000238
20401  -23.617  -71.128  -28.038 0.5000000000
20407  -10.556  -70.494  -29.817 0.5000000000
20409  -12.287  -70.265  -29.872 0.5000000000
20410  -18.457  -69.716  -29.386 0.5000000000
20429  -11.037  -70.682  -30.458 0.5000000000
20430  -11.887  -70.641  -30.459 0.6000000238
20434  -25.324  -70.894  -30.644 0.5000000000
20463  -25.474  -70.286  -32.479 0.4000000060
20479  -14.053  -70.225  -34.897 0.5000000000
20480  -16.733  -70.421  -35.424 0.6000000238
20482  -24.073  -70.971  -35.480 0.4000000060
20501  -14.820  -70.011  -36.800 0.5000000000
20513  -15.445  -69.915  -37.383 0.5000000000
20514  -15.891  -70.163  -37.690 0.5000000000
21257  -20.124  -69.524  -27.663 0.6000000238
21271  -18.797  -69.793  -28.689 0.6000000238
21286  -13.091  -69.897  -29.864 0.5000000000
21304  -13.710  -69.863  -30.475 0.6000000238
21306  -14.886  -69.337  -30.981 0.6000000238
21308  -18.434  -69.377  -30.077 0.5000000000
21313  -14.297  -69.710  -31.126 0.6000000238
21314  -17.679  -69.899  -31.473 0.6000000238
21315  -18.464  -68.967  -30.860 0.6000000238
21322  -12.563  -70.067  -32.694 0.6000000238
21346  -11.310  -70.287  -33.936 0.6000000238
21348  -13.387  -70.303  -34.325 0.6000000238
21371  -15.069  -69.242  -36.378 0.5000000000
21372  -15.675  -68.968  -36.857 0.5000000000
21374  -16.926  -68.511  -36.188 0.6000000238
21387  -16.209  -68.985  -36.977 0.6000000238
22124  -21.444  -68.679  -27.441 0.6000000238
22138  -20.408  -68.203  -28.243 0.6000000238
22150  -10.480  -69.309  -29.365 0.4000000060
22152  -12.098  -68.764  -29.388 0.5000000000
22155  -15.112  -68.254  -29.827 0.6000000238
22166  -15.068  -68.891  -30.390 0.6000000238
22173  -14.689  -69.204  -31.923 0.6000000238
22177  -26.480  -68.245  -31.315 0.5000000000
22185  -26.343  -68.073  -32.150 0.4000000060
22190  -14.565  -68.387  -33.808 0.6999999881
22202  -14.745  -68.328  -34.558 0.6000000238
22204  -17.623  -67.751  -35.111 0.6999999881
22206  -25.325  -68.038  -34.424 0.4000000060
22221  -15.643  -68.064  -35.812 0.6999999881
22237  -16.524  -68.487  -36.428 0.6000000238
23064  -13.159  -67.200  -24.839 0.3000000119
23079  -13.363  -67.870  -26.026 0.4000000060
23087  -21.809  -67.920  -27.529 0.6000000238
23100  -20.819  -67.553  -28.397 0.6000000238
23114  -13.043  -67.473  -29.462 0.6000000238
23127  -16.616  -66.883  -30.694 0.6000000238
23129  -20.306  -67.108  -30.274 0.6000000238
23140  -20.017  -66.989  -31.094 0.6000000238
23146  -19.257  -67.272  -32.368 0.6000000238
23147  -26.043  -67.857  -32.939 0.4000000060
23157  -18.916  -67.081  -33.258 0.6999999881
23158  -18.862  -66.362  -33.683 0.6999999881
23159  -25.685  -67.537  -33.739 0.4000000060
23171  -15.684  -67.302  -34.711 0.6999999881
23172  -16.390  -66.840  -35.062 0.6999999881
23186  -16.601  -67.378  -35.601 0.6999999881
23200  -16.295  -67.960  -36.008 0.6999999881
24053  -11.456  -67.332  -27.398 0.4000000060
24066  -13.384  -66.595  -27.214 0.4000000060
24067  -22.289  -67.292  -27.563 0.6000000238
24094  -13.260  -66.644  -29.593 0.6000000238
24095  -14.290  -66.707  -29.531 0.6000000238
24098  -21.097  -66.370  -29.155 0.5000000000
24104  -16.978  -66.241  -30.801 0.6000000238
24106  -20.754  -66.158  -29.911 0.6000000238
24113  -16.914  -66.491  -31.522 0.6000000238
24116  -20.020  -66.407  -31.386 0.6999999881
24128  -17.138  -65.901  -32.407 0.6000000238
24130  -26.188  -66.410  -32.541 0.4000000060
24142  -16.574  -66.245  -34.383 0.6000000238
24143  -18.478  -65.922  -34.285 0.6000000238
24154  -16.970  -66.334  -35.005 0.6999999881
24155  -17.549  -66.825  -35.098 0.6999999881
24973  -12.631  -65.819  -27.617 0.4000000060
24992  -9.067  -65.603  -29.659 0.4000000060
24993  -9.760  -65.731  -29.946 0.4000000060
25002  -9.779  -64.850  -29.703 0.3000000119
25004  -11.107  -64.906  -30.385 0.5000000000
25005  -11.910  -65.003  -30.432 0.5000000000
25006  -12.854  -65.084  -30.218 0.6000000238
25008  -15.266  -65.520  -29.829 0.6000000238
25011  -20.618  -65.644  -30.315 0.5000000000
25019  -17.453  -65.014  -31.231 0.6000000238
25020  -19.736  -65.048  -32.171 0.6000000238
25030  -17.240  -65.201  -33.512 0.5000000000
25043  -17.422  -65.059  -34.172 0.6000000238
25058  -17.967  -65.522  -34.599 0.6000000238
25868  -15.446  -64.384  -24.689 0.3000000119
25881  -15.823  -64.754  -26.488 0.3000000119
25891  -14.606  -64.595  -27.519 0.3000000119
25917  -21.320  -64.869  -29.052 0.5000000000
25929  -14.152  -64.416  -30.225 0.6999999881
25930  -15.280  -64.542  -30.091 0.6999999881
25932  -20.418  -64.301  -30.559 0.5000000000
25966  -17.517  -64.601  -34.003 0.6000000238
25977  -17.823  -64.692  -34.289 0.6000000238
26791  -12.877  -64.049  -24.026 0.3000000119
26812  -11.358  -63.581  -28.042 0.3000000119
26829  -10.091  -64.190  -29.071 0.3000000119
26856  -12.785  -63.356  -30.612 0.6000000238
26860  -17.139  -62.769  -30.802 0.6999999881
26870  -20.047  -63.775  -31.299 0.5000000000
26877  -18.252  -62.829  -33.848 0.6000000238
26888  -18.369  -63.809  -33.906 0.5000000000
27709  -12.358  -62.256  -27.879 0.3000000119
27712  -15.730  -62.995  -27.453 0.3000000119
27731  -11.096  -62.857  -29.063 0.4000000060
27737  -11.161  -63.043  -29.597 0.4000000060
27739  -12.231  -63.018  -30.561 0.6999999881
27748  -17.497  -62.516  -31.885 0.6999999881
27757  -18.220  -61.865  -33.751 0.5000000000
28569  -14.742  -61.633  -27.526 0.3000000119
28570  -16.210  -61.624  -27.359 0.3000000119
28582  -11.849  -61.428  -29.422 0.4000000060
28586  -12.193  -61.388  -29.945 0.4000000060
28587  -12.881  -61.675  -30.418 0.6000000238
28590  -15.916  -61.551  -30.171 0.5000000000
28598  -17.529  -60.939  -32.897 0.5000000000
28605  -17.820  -60.599  -33.661 0.5000000000
29457  -12.045  -60.676  -28.886 0.3000000119
29471  -12.465  -60.586  -29.743 0.4000000060
29472  -13.089  -60.241  -30.032 0.5000000000
29473  -14.334  -60.877  -30.057 0.5000000000
29476  -17.182  -60.674  -30.844 0.5000000000
29482  -17.508  -60.387  -32.140 0.5000000000
30307  -12.841  -58.575  -28.011 0.3000000119
30320  -13.047  -59.257  -27.864 0.3000000119
30329  -12.432  -59.219  -28.892 0.4000000060
30335  -12.306  -60.266  -29.330 0.4000000060
30340  -16.297  -59.357  -29.532 0.4000000060
30348  -12.680  -59.877  -29.613 0.5000000000
30370  -17.723  -59.801  -33.336 0.5000000000
31161  -12.662  -58.166  -28.370 0.3000000119
31175  -14.257  -58.434  -29.617 0.4000000060
31185  -12.869  -59.144  -29.458 0.5000000000
31981  -12.581  -57.751  -28.640 0.3000000119
31992  -12.759  -57.846  -29.043 0.4000000060
32008  -12.959  -58.439  -29.377 0.5000000000
32927  -13.607  -56.095  -29.440 0.4000000060
32928  -16.788  -56.676  -29.321 0.4000000060
33914  -13.943  -55.099  -29.435 0.3000000119
33915  -14.917  -55.017  -29.657 0.4000000060
33926  -18.610  -55.268  -30.324 0.4000000060
34878  -13.515  -54.800  -28.956 0.3000000119
34887  -17.679  -54.589  -29.339 0.4000000060
128697  -10.426  -64.843  -30.113 0.5000000000
128739  -31.004  -80.969  -32.878 0.3000000119
128869  -23.341  -72.292  -36.966 0.5000000000
129537  -21.214  -81.113  -35.925 0.6000000238
129654  -19.417  -68.248  -30.046 0.5000000000
129882  -16.326  -87.813  -32.928 0.4000000060
130019  -21.970  -78.636  -29.409 0.6999999881
130404  -25.726  -69.178  -32.999 0.4000000060
130433  -13.113  -64.062  -27.685 0.3000000119
130696  -17.715  -63.948  -34.012 0.6000000238
131002  -13.121  -56.940  -29.161 0.4000000060
131178  -17.526  -80.786  -32.278 0.5000000000
131428  -23.822  -79.956  -40.775 0.4000000060
131768  -31.382  -82.599  -32.669 0.3000000119
132469  -11.573  -63.078  -30.265 0.5000000000
132672  -23.033  -77.700  -29.313 0.6000000238
132935  -17.009  -81.412  -35.186 0.5000000000
132986  -23.236  -83.328  -40.774 0.6000000238
133187  -16.158  -87.073  -35.101 0.5000000000
133477  -13.757  -63.015  -30.546 0.6999999881
133540  -21.479  -72.871  -27.469 0.6000000238
133617  -17.702  -80.484  -32.044 0.5000000000
133898  -16.736  -71.748  -33.858 0.6000000238
134661  -25.595  -75.097  -36.089 0.5000000000
134742  -25.370  -80.143  -40.270 0.4000000060
134995  -32.561  -83.266  -34.694 0.3000000119
135100  -14.318  -62.974  -27.605 0.3000000119
135679  -15.025  -68.402  -35.352 0.5000000000
135810  -18.564  -66.777  -34.083 0.6999999881
135937  -26.228  -83.848  -43.265 0.5000000000
136043  -21.385  -77.472  -28.552 0.5000000000
136117  -27.639  -85.240  -42.299 0.4000000060
136899  -13.379  -69.736  -33.237 0.5000000000
137332  -22.294  -84.683  -45.160 0.5000000000
137440  -15.702  -56.502  -29.477 0.4000000060
138050  -28.370  -82.832  -41.814 0.5000000000
138646  -17.119  -68.915  -35.774 0.6000000238
139385  -23.706  -74.493  -30.574 0.6000000238
139805  -16.293  -69.741  -37.301 0.5000000000
140010  -24.099  -76.136  -41.868 0.4000000060
140030  -16.956  -83.054  -31.616 0.5000000000
140253  -18.912  -60.961  -33.140 0.5000000000
140363  -12.720  -60.750  -27.954 0.3000000119
140506  -21.459  -70.336  -27.345 0.6000000238
140619  -31.181  -78.830  -36.374 0.3000000119
141396  -17.556  -72.985  -30.953 0.5000000000
141460  -17.796  -83.151  -41.334 0.6000000238
141550  -17.520  -81.539  -37.643 0.6000000238
141605  -10.429  -68.315  -29.455 0.5000000000
141652  -23.907  -73.705  -41.515 0.5000000000
141732  -22.329  -68.505  -27.387 0.6000000238
142249  -16.132  -67.048  -30.038 0.6000000238
142598  -16.931  -72.769  -34.906 0.6000000238
142971  -17.850  -74.935  -29.343 0.5000000000
143668  -26.009  -76.681  -41.875 0.4000000060
144069  -17.965  -69.278  -31.894 0.6000000238
144711  -20.340  -81.806  -37.333 0.6000000238
144803  -20.667  -70.128  -27.394 0.6000000238
144959  -16.575  -72.275  -37.300 0.5000000000
145112  -33.897  -80.998  -38.886 0.4000000060
145600  -25.778  -70.099  -31.801 0.5000000000
146937  -24.197  -81.447  -40.314 0.4000000060
146954  -18.478  -75.034  -28.726 0.6000000238
146981  -12.085  -70.246  -32.228 0.6000000238
147251  -23.992  -77.451  -30.034 0.6000000238
147304  -23.758  -72.978  -32.594 0.6000000238
147426  -16.325  -64.380  -30.247 0.6000000238
147569  -17.726  -70.585  -30.259 0.5000000000
147734  -18.720  -73.120  -28.412 0.6999999881
147830  -17.548  -64.407  -32.059 0.6999999881
147879  -23.478  -75.795  -28.978 0.5000000000
148222  -12.488  -69.644  -29.567 0.5000000000
148242  -12.377  -59.572  -28.839 0.4000000060
148354  -17.455  -68.427  -35.186 0.6000000238
149121  -16.058  -82.861  -30.519 0.5000000000
149209  -18.117  -79.929  -35.128 0.6999999881
149244  -14.849  -68.920  -35.676 0.5000000000
149442  -21.820  -79.464  -33.265 0.6000000238
149552  -25.633  -77.275  -41.805 0.4000000060
150881  -23.661  -78.397  -41.863 0.4000000060
150886  -16.357  -87.273  -33.538 0.4000000060
151154  -18.950  -79.667  -29.818 0.6999999881
151297  -14.490  -68.122  -29.571 0.6000000238
151534  -16.998  -71.705  -32.633 0.6000000238
151781  -18.762  -83.720  -43.268 0.6000000238
151959  -15.494  -76.419  -29.538 0.6000000238
151964  -20.632  -80.049  -34.141 0.6000000238
152028  -17.625  -69.197  -33.320 0.6999999881
152113  -28.151  -82.538  -41.509 0.5000000000
152150  -18.914  -75.088  -28.397 0.5000000000
152581  -15.057  -65.565  -25.515 0.4000000060
153103  -15.026  -65.078  -27.244 0.3000000119
153310  -21.708  -79.136  -29.875 0.6000000238
153584  -9.385  -65.248  -29.656 0.4000000060
153751  -21.936  -85.099  -45.202 0.6000000238
153805  -9.851  -66.781  -29.834 0.4000000060
153863  -23.263  -73.058  -40.749 0.5000000000
153946  -30.532  -82.533  -41.557 0.4000000060
153993  -24.793  -79.054  -41.801 0.4000000060
154117  -15.252  -77.029  -29.337 0.6000000238
154169  -23.196  -78.533  -39.014 0.5000000000
154453  -26.907  -83.828  -43.496 0.5000000000
154719  -18.475  -71.944  -28.481 0.6999999881
155006  -22.981  -72.081  -27.852 0.6000000238
155083  -24.260  -84.426  -44.301 0.6000000238
155255  -17.264  -81.625  -37.197 0.6000000238
