#!ascii label  , from subject sub-v1s12x0050104_ses-1 vox2ras=TkReg
1181
105368  49.274  27.354  17.768 0.0000000000
107121  53.095  30.537  26.135 0.0000000000
102167  54.726  22.431  12.601 0.0000000000
104801  44.699  25.986  15.075 0.0000000000
102876  47.666  23.279  13.041 0.0000000000
109720  50.862  34.823  20.631 0.0000000000
107834  46.790  31.145  24.751 0.0000000000
112043  47.777  38.295  19.513 0.0000000000
98786  56.525  17.238  16.877 0.0000000000
97241  56.427  16.060  10.591 0.0000000000
105936  52.152  28.996  22.513 0.0000000000
105411  52.945  27.548  13.257 0.0000000000
104157  56.326  25.115  18.833 0.0000000000
102146  50.345  22.252  16.857 0.0000000000
114301  48.767  42.416  14.622 0.0000000000
136512  51.938  37.236  21.721 0.0000000000
100834  52.466  20.794  11.969 0.0000000000
105385  46.942  26.933  16.716 0.0000000000
104201  46.140  24.941  14.173 0.0000000000
146566  48.131  26.470  14.233 0.0000000000
107168  49.371  30.823  20.253 0.0000000000
128939  47.127  29.045  18.734 0.0000000000
110337  44.601  35.616  21.591 0.0000000000
97146  56.962  16.066  20.310 0.0000000000
96363  55.858  14.957  17.723 0.0000000000
95525  53.560  13.838  20.249 0.0000000000
112117  50.633  38.254  12.410 0.0000000000
106501  54.333  29.907  24.705 0.0000000000
105324  54.689  26.722  20.978 0.0000000000
104727  55.126  26.038  23.751 0.0000000000
101412  49.749  21.222  23.224 0.0000000000
102819  50.775  23.443  20.288 0.0000000000
134547  48.422  21.214  18.818 0.0000000000
99467  50.554  18.585  17.367 0.0000000000
154299  49.162  35.036  23.951 0.0000000000
112034  49.728  38.963  21.027 0.0000000000
109686  52.594  35.012  25.194 0.0000000000
109082  53.718  33.653  23.990 0.0000000000
104204  55.260  26.300  11.599 0.0000000000
103557  52.112  24.204  10.297 0.0000000000
101504  54.734  22.347  9.952 0.0000000000
101468  46.593  21.634  14.523 0.0000000000
135382  48.290  19.330  14.592 0.0000000000
110992  54.542  36.273  17.946 0.0000000000
150954  50.593  35.928  17.385 0.0000000000
107124  49.271  30.883  25.481 0.0000000000
131997  52.738  26.587  24.523 0.0000000000
113756  42.606  42.675  15.587 0.0000000000
114287  45.777  43.078  15.964 0.0000000000
110328  46.876  35.620  22.455 0.0000000000
100143  54.929  19.457  14.383 0.0000000000
100168  57.206  19.692  11.219 0.0000000000
98042  57.134  16.676  14.244 0.0000000000
144693  53.898  14.736  14.591 0.0000000000
130482  51.229  28.706  19.502 0.0000000000
105383  50.850  27.127  16.302 0.0000000000
105366  53.430  27.676  17.550 0.0000000000
105380  56.214  27.210  15.950 0.0000000000
104184  53.891  25.422  14.933 0.0000000000
102804  55.262  23.442  22.244 0.0000000000
103495  52.728  24.644  18.511 0.0000000000
102159  52.740  22.761  14.685 0.0000000000
100137  52.589  19.281  15.717 0.0000000000
98003  53.087  16.898  18.777 0.0000000000
112685  47.578  39.500  12.662 0.0000000000
141488  50.953  40.027  14.955 0.0000000000
136721  51.184  41.753  17.544 0.0000000000
112065  53.461  38.816  17.626 0.0000000000
110334  53.897  35.472  21.872 0.0000000000
107851  50.595  31.941  22.302 0.0000000000
104206  49.432  25.552  12.473 0.0000000000
101489  49.805  21.652  12.644 0.0000000000
99510  50.660  18.138  13.908 0.0000000000
130786  54.431  18.560  11.770 0.0000000000
130668  47.728  26.854  16.832 0.0000000000
104790  46.969  26.627  15.044 0.0000000000
105384  48.475  26.732  16.437 0.0000000000
106543  49.424  29.456  19.234 0.0000000000
106544  48.632  29.847  19.143 0.0000000000
131533  48.209  28.320  18.622 0.0000000000
105353  46.858  27.715  18.190 0.0000000000
97133  56.697  15.995  22.047 0.0000000000
143609  56.068  14.951  20.956 0.0000000000
95517  54.819  14.290  22.442 0.0000000000
98809  47.701  17.235  15.187 0.0000000000
106490  54.220  30.218  26.061 0.0000000000
105923  54.596  28.151  24.700 0.0000000000
105287  54.014  28.237  25.606 0.0000000000
101414  47.849  21.098  22.230 0.0000000000
102115  48.868  22.199  21.078 0.0000000000
108459  50.456  32.797  25.916 0.0000000000
109687  50.485  34.941  25.003 0.0000000000
109062  52.512  32.927  26.236 0.0000000000
108456  53.900  32.578  25.772 0.0000000000
103537  54.470  24.621  12.090 0.0000000000
102881  54.566  23.746  10.186 0.0000000000
102184  55.490  22.347  10.473 0.0000000000
104186  43.561  25.312  15.275 0.0000000000
102859  44.339  23.942  14.805 0.0000000000
145939  46.588  23.750  13.723 0.0000000000
102160  46.290  22.575  14.271 0.0000000000
101480  47.075  22.133  13.902 0.0000000000
100817  47.544  20.515  14.472 0.0000000000
101479  47.775  21.742  13.646 0.0000000000
135661  52.389  35.586  19.839 0.0000000000
110981  52.783  36.160  18.268 0.0000000000
110375  50.981  35.625  18.939 0.0000000000
104781  44.502  26.810  16.228 0.0000000000
153274  43.761  26.168  15.643 0.0000000000
107131  48.544  30.677  25.230 0.0000000000
106505  49.850  29.101  24.493 0.0000000000
149853  48.464  28.499  23.770 0.0000000000
153863  46.215  32.840  22.697 0.0000000000
110329  45.914  35.362  22.135 0.0000000000
109085  47.454  33.153  23.364 0.0000000000
108474  48.008  32.835  24.319 0.0000000000
99489  55.201  18.209  15.504 0.0000000000
99498  56.985  18.297  13.637 0.0000000000
98800  57.369  17.147  15.276 0.0000000000
96365  53.659  14.363  17.058 0.0000000000
96371  54.424  14.743  16.028 0.0000000000
96382  52.852  14.191  15.790 0.0000000000
149688  51.550  29.048  20.621 0.0000000000
105340  52.251  28.147  19.021 0.0000000000
153115  52.773  28.276  20.194 0.0000000000
104750  56.557  25.580  19.698 0.0000000000
146211  55.513  27.450  18.319 0.0000000000
104769  56.274  26.616  17.174 0.0000000000
104789  56.483  26.828  14.780 0.0000000000
104170  55.581  25.891  17.444 0.0000000000
104123  52.330  24.957  24.213 0.0000000000
103447  54.420  24.039  23.975 0.0000000000
102091  53.595  22.661  23.833 0.0000000000
102828  50.376  23.509  18.409 0.0000000000
103491  52.017  24.316  19.101 0.0000000000
153721  51.442  23.661  16.930 0.0000000000
130970  52.382  24.008  16.035 0.0000000000
102153  51.533  22.665  15.935 0.0000000000
100807  52.489  20.569  15.211 0.0000000000
100808  51.730  20.830  15.591 0.0000000000
98005  51.195  17.067  18.750 0.0000000000
98771  51.923  17.715  17.649 0.0000000000
113229  47.787  40.686  13.695 0.0000000000
113227  49.363  40.000  14.276 0.0000000000
113218  49.386  41.336  14.751 0.0000000000
113191  47.173  41.174  16.564 0.0000000000
114276  47.759  43.244  16.667 0.0000000000
113180  48.518  40.913  17.692 0.0000000000
111478  50.639  37.886  22.056 0.0000000000
112613  50.273  39.737  19.747 0.0000000000
112612  51.028  39.361  19.195 0.0000000000
112634  52.423  40.074  17.172 0.0000000000
112038  52.741  38.004  19.195 0.0000000000
111486  54.355  36.757  20.366 0.0000000000
111477  53.555  36.772  21.455 0.0000000000
144260  52.317  31.277  23.729 0.0000000000
108473  52.489  33.007  23.588 0.0000000000
107156  51.171  30.650  22.704 0.0000000000
107164  50.802  30.022  21.870 0.0000000000
105394  51.406  27.376  14.911 0.0000000000
128393  50.107  27.259  13.936 0.0000000000
105420  51.436  27.262  12.395 0.0000000000
101497  52.023  22.375  11.092 0.0000000000
142578  51.039  22.997  11.229 0.0000000000
153492  50.995  21.816  12.022 0.0000000000
100825  50.135  19.988  13.404 0.0000000000
100156  51.402  19.511  13.096 0.0000000000
154221  57.072  17.307  11.214 0.0000000000
99526  56.621  18.531  10.922 0.0000000000
98064  55.954  16.498  10.284 0.0000000000
105398  45.835  26.819  15.886 0.0000000000
132688  45.032  25.416  14.663 0.0000000000
104799  46.554  26.229  14.689 0.0000000000
104808  46.903  25.876  14.259 0.0000000000
103531  47.425  24.777  13.422 0.0000000000
109102  49.744  33.036  21.073 0.0000000000
105371  46.429  27.299  17.538 0.0000000000
98001  56.603  16.427  19.061 0.0000000000
97161  57.209  15.954  17.325 0.0000000000
97159  57.089  15.716  18.828 0.0000000000
96353  54.948  14.554  19.451 0.0000000000
105925  53.033  29.031  23.549 0.0000000000
105940  53.219  27.866  21.816 0.0000000000
105322  53.886  27.477  22.564 0.0000000000
104745  55.623  25.923  21.642 0.0000000000
104744  56.381  25.224  21.723 0.0000000000
101410  51.552  21.420  24.080 0.0000000000
102111  52.693  22.440  22.647 0.0000000000
102113  50.681  22.479  21.964 0.0000000000
102125  49.246  22.711  19.465 0.0000000000
102139  49.762  22.212  17.500 0.0000000000
142136  50.632  19.919  16.584 0.0000000000
141807  49.344  19.603  17.664 0.0000000000
131928  49.696  17.804  18.354 0.0000000000
136159  49.946  16.554  19.509 0.0000000000
114811  47.318  43.658  14.085 0.0000000000
111481  48.032  37.740  21.891 0.0000000000
112042  48.749  38.872  19.953 0.0000000000
111471  49.377  37.794  22.747 0.0000000000
110928  50.531  36.746  23.676 0.0000000000
110317  52.503  36.000  24.115 0.0000000000
109697  54.111  34.988  23.428 0.0000000000
109678  53.901  34.348  24.780 0.0000000000
107831  53.829  31.326  24.616 0.0000000000
104812  54.732  27.039  11.613 0.0000000000
104822  51.849  26.337  11.376 0.0000000000
103548  53.280  25.508  10.440 0.0000000000
141302  53.253  23.175  9.953 0.0000000000
100842  53.358  20.955  11.391 0.0000000000
96414  54.503  14.733  10.262 0.0000000000
98073  55.593  16.008  9.625 0.0000000000
100811  44.844  20.938  16.025 0.0000000000
102858  45.127  23.965  14.450 0.0000000000
101469  45.864  21.920  14.889 0.0000000000
100810  45.572  20.421  15.781 0.0000000000
143532  46.531  19.277  15.610 0.0000000000
99492  47.270  18.846  15.333 0.0000000000
98808  48.437  17.464  14.855 0.0000000000
111006  54.572  35.929  16.857 0.0000000000
111008  51.961  36.238  16.388 0.0000000000
107123  50.836  30.398  25.532 0.0000000000
105906  52.858  28.484  25.362 0.0000000000
105907  50.905  28.769  24.672 0.0000000000
104728  51.657  26.510  24.061 0.0000000000
103456  51.385  24.567  24.026 0.0000000000
102769  50.957  22.354  24.768 0.0000000000
102081  50.419  21.283  25.069 0.0000000000
113754  44.464  42.244  15.608 0.0000000000
113193  45.976  40.179  16.276 0.0000000000
112056  46.858  38.315  18.205 0.0000000000
111482  47.139  37.344  21.576 0.0000000000
110321  48.586  35.229  23.431 0.0000000000
109077  49.223  33.427  25.046 0.0000000000
101475  54.963  21.577  12.986 0.0000000000
101486  56.167  21.491  11.314 0.0000000000
128150  56.587  19.735  13.025 0.0000000000
98817  57.331  17.918  12.367 0.0000000000
97214  56.573  16.209  12.553 0.0000000000
97182  56.498  15.761  15.579 0.0000000000
136182  55.225  15.418  14.035 0.0000000000
141713  55.405  15.295  12.497 0.0000000000
133613  50.515  28.227  18.749 0.0000000000
129578  50.110  26.890  16.633 0.0000000000
134171  51.135  27.511  17.651 0.0000000000
129777  52.149  27.617  17.638 0.0000000000
128568  52.922  27.565  15.827 0.0000000000
105338  54.279  27.694  19.449 0.0000000000
105365  54.479  27.621  17.056 0.0000000000
105402  54.654  27.558  14.512 0.0000000000
104804  56.337  27.066  13.655 0.0000000000
104197  55.603  26.334  13.110 0.0000000000
103530  54.122  24.769  13.221 0.0000000000
104719  54.387  26.049  24.534 0.0000000000
104128  55.574  24.649  23.095 0.0000000000
103484  55.527  23.956  20.562 0.0000000000
102817  52.912  23.518  20.936 0.0000000000
103485  53.766  24.040  20.317 0.0000000000
104161  54.635  25.387  18.156 0.0000000000
104178  53.713  25.430  16.532 0.0000000000
103519  52.963  24.304  15.262 0.0000000000
135715  53.232  23.100  14.151 0.0000000000
100814  53.784  20.662  14.394 0.0000000000
100135  54.301  18.941  15.057 0.0000000000
98787  54.937  17.683  16.496 0.0000000000
99481  51.640  18.754  16.621 0.0000000000
98770  53.551  17.443  17.472 0.0000000000
98769  55.625  17.095  17.602 0.0000000000
147529  55.603  16.603  19.500 0.0000000000
112119  48.664  38.818  12.276 0.0000000000
112680  50.258  38.911  13.818 0.0000000000
112672  52.949  39.547  15.330 0.0000000000
113171  49.630  40.941  18.641 0.0000000000
114285  50.942  43.573  16.157 0.0000000000
113749  51.613  42.236  15.932 0.0000000000
112643  53.507  40.119  16.043 0.0000000000
112074  54.505  38.771  16.314 0.0000000000
111510  55.030  37.011  18.400 0.0000000000
110363  54.660  35.855  20.130 0.0000000000
110351  52.781  35.181  21.344 0.0000000000
109698  53.989  34.773  22.991 0.0000000000
109089  51.725  33.768  22.491 0.0000000000
109090  50.863  33.437  21.952 0.0000000000
107863  50.039  31.460  21.610 0.0000000000
106535  50.361  29.831  20.074 0.0000000000
105395  49.527  26.858  14.820 0.0000000000
104198  48.840  26.028  13.181 0.0000000000
103539  48.587  24.286  12.572 0.0000000000
104215  50.796  25.285  11.494 0.0000000000
102874  49.295  23.718  12.123 0.0000000000
101490  48.963  22.065  12.824 0.0000000000
100827  48.769  20.704  13.657 0.0000000000
99501  49.425  18.601  14.307 0.0000000000
101502  56.290  21.127  10.404 0.0000000000
100170  54.868  20.058  11.029 0.0000000000
100172  53.243  19.887  12.086 0.0000000000
98066  54.316  16.574  10.289 0.0000000000
99518  52.708  18.027  12.843 0.0000000000
95511  52.834  13.227  22.402 0.0000000000
95523  51.903  12.929  20.327 0.0000000000
105369  48.371  27.137  17.492 0.0000000000
105960  49.133  28.510  18.774 0.0000000000
105351  48.750  27.743  18.269 0.0000000000
105352  47.786  27.678  18.195 0.0000000000
138692  55.854  14.851  22.315 0.0000000000
106491  53.831  30.102  26.212 0.0000000000
106495  54.173  29.425  26.075 0.0000000000
105900  53.687  28.924  25.889 0.0000000000
107823  51.907  31.604  26.176 0.0000000000
109068  51.506  33.464  26.030 0.0000000000
107817  52.727  31.774  26.296 0.0000000000
107117  53.555  31.402  26.269 0.0000000000
102864  54.670  23.374  12.035 0.0000000000
102185  55.052  23.223  10.636 0.0000000000
102176  55.277  22.610  11.385 0.0000000000
104185  43.964  25.858  15.351 0.0000000000
102860  43.932  24.643  15.001 0.0000000000
104194  44.289  25.346  14.960 0.0000000000
102865  47.131  23.886  13.321 0.0000000000
130792  46.900  23.052  13.565 0.0000000000
102170  47.633  22.499  13.333 0.0000000000
110352  51.764  35.248  20.566 0.0000000000
152028  51.081  35.380  19.780 0.0000000000
109722  50.550  34.999  20.075 0.0000000000
104792  44.276  26.328  15.611 0.0000000000
107833  47.680  31.415  25.000 0.0000000000
106506  48.051  30.097  24.825 0.0000000000
107132  47.279  30.656  24.969 0.0000000000
107839  46.522  31.708  23.977 0.0000000000
108476  46.727  32.535  23.258 0.0000000000
107838  47.195  31.690  24.509 0.0000000000
108469  47.672  32.080  24.657 0.0000000000
98801  56.259  17.612  15.972 0.0000000000
140462  56.980  17.446  15.484 0.0000000000
98785  57.242  17.094  16.257 0.0000000000
96372  53.564  14.447  16.257 0.0000000000
105942  51.801  28.950  21.373 0.0000000000
105947  52.251  28.571  20.558 0.0000000000
105941  52.552  28.410  21.622 0.0000000000
104757  56.512  25.930  18.766 0.0000000000
104159  56.402  25.576  18.452 0.0000000000
148619  56.101  26.269  17.320 0.0000000000
104160  55.983  25.442  18.226 0.0000000000
102767  52.955  23.028  24.452 0.0000000000
102766  53.742  23.407  24.251 0.0000000000
102092  52.873  22.455  24.200 0.0000000000
102138  50.175  22.717  17.387 0.0000000000
102837  51.010  23.850  17.903 0.0000000000
102845  50.655  22.952  16.984 0.0000000000
102844  51.300  23.234  16.595 0.0000000000
102145  50.910  22.002  16.229 0.0000000000
101457  51.553  21.736  15.659 0.0000000000
101448  51.025  21.150  16.088 0.0000000000
97995  51.486  16.698  19.325 0.0000000000
114305  47.434  42.561  13.970 0.0000000000
113769  47.568  41.591  13.867 0.0000000000
143068  48.025  42.219  14.233 0.0000000000
113768  48.304  41.399  14.248 0.0000000000
114300  49.676  42.816  15.174 0.0000000000
112636  47.482  39.612  17.523 0.0000000000
113181  47.702  40.645  17.145 0.0000000000
112627  47.955  39.372  18.237 0.0000000000
111489  50.982  37.995  21.253 0.0000000000
112040  50.691  38.959  20.070 0.0000000000
112032  51.309  38.093  20.393 0.0000000000
112039  51.604  38.378  19.521 0.0000000000
111488  52.212  37.353  20.877 0.0000000000
111487  53.640  37.073  20.665 0.0000000000
110943  53.239  36.660  22.297 0.0000000000
106527  52.282  29.611  23.273 0.0000000000
106522  52.053  30.474  23.418 0.0000000000
106528  51.549  29.817  22.663 0.0000000000
105937  51.418  29.403  21.931 0.0000000000
105404  52.071  27.504  14.116 0.0000000000
105412  51.724  27.512  13.200 0.0000000000
101488  51.660  21.581  11.829 0.0000000000
134418  51.511  20.519  12.563 0.0000000000
149640  52.220  19.766  12.616 0.0000000000
98063  56.838  16.689  11.247 0.0000000000
98072  56.540  16.690  10.830 0.0000000000
145143  56.167  16.063  10.092 0.0000000000
128511  46.102  26.560  15.239 0.0000000000
128070  46.561  26.790  15.832 0.0000000000
104798  47.853  26.587  14.828 0.0000000000
132303  47.403  26.283  14.365 0.0000000000
136175  47.439  25.661  13.849 0.0000000000
107870  49.254  31.545  20.603 0.0000000000
108502  48.909  32.140  20.307 0.0000000000
107871  48.860  31.316  20.049 0.0000000000
140689  47.803  28.849  18.798 0.0000000000
107174  48.199  30.451  19.160 0.0000000000
105386  46.075  27.011  16.665 0.0000000000
97991  56.569  16.347  19.948 0.0000000000
154496  57.301  16.033  18.773 0.0000000000
97155  56.878  15.711  19.737 0.0000000000
96350  54.497  14.249  20.812 0.0000000000
96349  55.226  14.576  20.250 0.0000000000
129401  54.342  14.272  20.036 0.0000000000
137623  53.941  14.253  18.758 0.0000000000
96354  53.743  14.066  19.521 0.0000000000
112123  49.334  38.519  11.818 0.0000000000
112128  50.032  38.260  10.880 0.0000000000
130141  53.898  29.258  24.273 0.0000000000
105935  53.231  28.228  22.870 0.0000000000
105924  54.050  28.537  24.101 0.0000000000
133041  54.782  26.655  24.186 0.0000000000
134584  54.878  26.581  23.602 0.0000000000
104740  55.330  25.977  22.882 0.0000000000
104739  55.914  25.448  22.384 0.0000000000
101411  50.788  21.090  23.828 0.0000000000
102104  51.264  21.732  23.091 0.0000000000
102105  50.234  21.808  22.624 0.0000000000
102123  48.638  22.288  19.992 0.0000000000
102122  49.399  22.698  20.491 0.0000000000
102126  48.749  22.094  18.973 0.0000000000
102128  49.339  22.610  18.703 0.0000000000
152936  48.899  21.570  18.337 0.0000000000
101442  49.387  21.417  17.646 0.0000000000
100792  48.834  20.827  18.115 0.0000000000
99469  49.011  19.153  18.023 0.0000000000
98758  48.994  17.850  18.585 0.0000000000
98750  49.614  17.184  18.867 0.0000000000
97997  49.062  16.681  19.442 0.0000000000
110326  48.567  36.307  23.191 0.0000000000
111472  48.505  37.571  22.571 0.0000000000
110320  49.303  35.834  23.735 0.0000000000
141662  51.534  34.893  25.328 0.0000000000
110311  50.615  35.761  24.545 0.0000000000
110318  51.151  36.274  24.240 0.0000000000
110927  51.782  36.529  23.637 0.0000000000
110309  53.119  35.386  24.540 0.0000000000
109685  53.520  34.824  24.839 0.0000000000
107829  54.426  30.991  25.340 0.0000000000
107830  54.250  31.638  24.979 0.0000000000
107128  54.305  30.792  24.900 0.0000000000
107129  53.770  30.561  24.475 0.0000000000
104819  55.045  26.558  11.370 0.0000000000
104820  54.227  26.382  10.917 0.0000000000
104212  54.764  25.902  10.924 0.0000000000
102887  54.365  23.499  9.850 0.0000000000
102888  53.759  23.640  9.753 0.0000000000
102194  54.191  23.067  9.826 0.0000000000
101505  53.664  22.514  10.146 0.0000000000
101495  54.181  21.579  10.464 0.0000000000
101460  44.654  21.716  15.740 0.0000000000
103525  45.420  24.745  14.387 0.0000000000
102161  45.573  22.623  14.693 0.0000000000
101459  45.369  21.373  15.461 0.0000000000
101458  46.136  21.062  15.148 0.0000000000
100809  46.465  20.162  15.337 0.0000000000
100146  47.646  19.652  14.802 0.0000000000
149943  47.952  18.910  14.925 0.0000000000
99503  47.873  18.140  15.109 0.0000000000
99502  48.598  18.510  14.686 0.0000000000
132482  55.107  36.363  17.365 0.0000000000
110383  51.407  36.056  17.965 0.0000000000
110994  52.348  36.272  17.272 0.0000000000
110995  51.246  36.208  16.959 0.0000000000
110394  50.386  35.981  16.704 0.0000000000
137076  50.117  30.856  25.601 0.0000000000
106504  50.798  29.542  25.069 0.0000000000
107130  49.964  30.148  25.191 0.0000000000
105299  50.529  28.121  24.177 0.0000000000
104130  51.430  25.621  23.914 0.0000000000
102783  50.318  23.303  24.339 0.0000000000
153854  50.774  21.758  24.934 0.0000000000
114290  43.280  43.318  15.666 0.0000000000
113755  43.595  42.362  15.560 0.0000000000
112659  45.133  39.940  15.928 0.0000000000
112646  45.524  39.317  16.449 0.0000000000
112645  46.353  39.538  16.726 0.0000000000
110335  46.176  36.205  22.104 0.0000000000
110954  46.302  37.008  21.191 0.0000000000
110939  46.903  36.519  22.295 0.0000000000
136131  47.615  36.404  22.681 0.0000000000
110327  47.831  35.445  22.895 0.0000000000
108461  48.884  32.025  25.495 0.0000000000
131125  48.637  32.927  24.881 0.0000000000
107826  49.182  31.625  25.597 0.0000000000
140305  50.363  32.072  25.966 0.0000000000
100823  55.261  20.735  13.286 0.0000000000
100822  56.196  20.414  12.712 0.0000000000
100154  55.670  19.850  13.637 0.0000000000
146659  57.197  17.415  14.145 0.0000000000
99497  57.236  18.032  13.121 0.0000000000
98812  57.184  17.532  13.291 0.0000000000
98056  57.134  17.271  12.772 0.0000000000
98050  56.964  16.795  13.204 0.0000000000
143584  56.431  15.350  17.287 0.0000000000
97170  57.181  16.272  16.282 0.0000000000
97171  56.474  15.529  16.531 0.0000000000
96380  54.523  14.936  15.222 0.0000000000
97195  55.423  15.369  14.937 0.0000000000
151850  54.605  15.115  14.517 0.0000000000
97205  55.058  15.254  13.220 0.0000000000
96389  54.281  14.966  13.741 0.0000000000
96398  54.583  14.879  12.529 0.0000000000
96399  53.588  14.567  13.124 0.0000000000
105953  50.668  28.693  19.229 0.0000000000
105349  50.761  27.794  18.284 0.0000000000
105959  51.289  28.264  18.946 0.0000000000
105347  52.775  27.823  18.379 0.0000000000
129248  52.520  27.554  16.758 0.0000000000
105325  53.819  27.375  21.436 0.0000000000
105330  54.000  27.548  20.363 0.0000000000
105345  56.102  27.180  17.608 0.0000000000
105364  55.609  27.446  16.919 0.0000000000
105381  54.937  27.547  16.238 0.0000000000
105392  55.490  27.459  15.289 0.0000000000
134340  55.636  27.387  13.690 0.0000000000
149934  56.436  27.159  15.056 0.0000000000
104183  55.288  26.266  15.313 0.0000000000
104190  55.562  26.327  14.197 0.0000000000
104191  54.396  25.463  13.806 0.0000000000
105297  53.172  27.523  25.016 0.0000000000
140605  53.904  26.722  24.824 0.0000000000
129752  54.775  23.755  23.443 0.0000000000
103455  55.005  24.472  23.547 0.0000000000
102797  55.287  23.754  22.778 0.0000000000
103475  56.394  23.985  21.771 0.0000000000
146025  55.970  23.644  21.486 0.0000000000
102808  51.178  23.075  21.294 0.0000000000
102807  52.222  23.055  21.623 0.0000000000
102818  51.775  23.551  20.639 0.0000000000
134871  53.181  24.466  19.426 0.0000000000
103490  54.608  24.564  19.616 0.0000000000
103505  53.401  25.051  18.005 0.0000000000
142592  53.977  25.474  17.323 0.0000000000
152174  53.174  24.992  17.467 0.0000000000
102851  52.331  23.303  15.416 0.0000000000
102857  53.004  23.643  14.645 0.0000000000
102158  53.337  22.366  14.122 0.0000000000
101465  53.567  21.507  14.222 0.0000000000
101466  52.785  21.884  14.648 0.0000000000
141040  52.722  19.915  15.314 0.0000000000
100806  53.198  20.237  14.894 0.0000000000
100136  53.339  19.487  15.194 0.0000000000
99478  54.230  18.342  15.741 0.0000000000
99490  53.424  18.783  15.631 0.0000000000
100128  50.377  19.333  16.990 0.0000000000
138168  51.086  19.397  16.534 0.0000000000
99482  50.956  18.850  16.893 0.0000000000
98789  52.749  17.841  17.162 0.0000000000
136479  54.367  17.376  17.305 0.0000000000
98754  54.186  17.037  18.100 0.0000000000
98002  55.552  16.734  18.592 0.0000000000
131638  46.713  39.724  12.454 0.0000000000
113244  44.996  39.966  11.014 0.0000000000
153018  46.292  39.367  11.574 0.0000000000
112684  48.374  39.246  12.808 0.0000000000
113217  50.132  40.477  14.834 0.0000000000
112674  50.164  39.541  14.350 0.0000000000
112109  51.040  39.000  14.398 0.0000000000
112673  51.905  39.720  15.171 0.0000000000
112041  49.590  39.275  20.381 0.0000000000
112615  49.298  39.632  19.595 0.0000000000
112614  49.921  39.818  19.879 0.0000000000
113169  50.891  40.985  18.152 0.0000000000
113178  50.534  41.845  18.047 0.0000000000
113731  51.055  42.616  17.410 0.0000000000
114274  51.404  42.933  16.629 0.0000000000
114284  51.388  42.949  16.151 0.0000000000
113730  51.615  42.084  16.757 0.0000000000
112623  52.570  39.242  17.745 0.0000000000
113189  52.814  40.589  16.360 0.0000000000
112633  53.370  39.650  16.852 0.0000000000
112632  53.996  39.458  16.331 0.0000000000
112064  54.303  38.674  17.163 0.0000000000
112063  54.882  37.626  17.906 0.0000000000
112051  54.133  38.134  18.173 0.0000000000
110953  54.299  36.416  20.922 0.0000000000
110349  54.607  36.199  20.490 0.0000000000
110350  54.524  35.891  20.716 0.0000000000
110365  53.774  35.495  20.920 0.0000000000
109691  54.017  34.457  23.647 0.0000000000
110325  54.130  35.474  22.975 0.0000000000
107850  51.413  32.278  23.047 0.0000000000
108483  51.828  33.202  22.966 0.0000000000
108484  51.003  32.876  22.422 0.0000000000
109100  51.445  34.270  21.786 0.0000000000
108493  50.125  32.551  21.643 0.0000000000
106534  50.967  29.372  20.360 0.0000000000
106531  50.532  29.911  20.859 0.0000000000
106542  50.737  29.208  19.740 0.0000000000
104780  49.372  26.672  16.015 0.0000000000
128249  50.220  26.859  15.693 0.0000000000
104816  49.648  26.434  12.749 0.0000000000
130075  49.268  26.643  13.360 0.0000000000
104207  48.704  25.123  12.777 0.0000000000
103538  49.306  24.627  12.230 0.0000000000
104222  52.263  25.045  10.485 0.0000000000
104214  51.585  25.554  11.137 0.0000000000
103549  51.456  24.672  10.914 0.0000000000
102188  50.452  22.738  11.711 0.0000000000
143323  50.558  23.272  11.422 0.0000000000
102189  49.843  23.108  11.879 0.0000000000
130876  49.083  22.914  12.406 0.0000000000
101477  49.238  21.229  13.165 0.0000000000
100157  50.568  19.225  13.553 0.0000000000
100158  49.663  19.488  13.826 0.0000000000
152169  50.061  18.673  13.975 0.0000000000
99511  49.975  17.861  14.261 0.0000000000
100840  56.935  20.373  11.156 0.0000000000
101485  56.590  21.005  10.803 0.0000000000
100848  56.745  20.435  10.750 0.0000000000
99527  55.401  18.170  11.289 0.0000000000
100179  55.870  20.142  10.539 0.0000000000
140783  55.105  19.212  11.264 0.0000000000
100171  54.196  19.449  11.710 0.0000000000
98074  54.740  16.096  9.367 0.0000000000
98065  55.256  16.417  9.935 0.0000000000
105397  47.548  26.725  15.812 0.0000000000
106536  49.645  30.203  19.764 0.0000000000
107169  49.041  30.689  19.798 0.0000000000
128820  48.533  29.111  18.968 0.0000000000
105961  47.345  28.294  18.526 0.0000000000
105370  47.340  27.242  17.566 0.0000000000
97132  56.819  16.054  21.137 0.0000000000
97147  56.717  15.691  20.611 0.0000000000
96340  56.348  15.352  21.838 0.0000000000
96341  55.272  14.529  21.672 0.0000000000
107120  54.434  30.424  25.674 0.0000000000
105905  54.613  29.040  24.782 0.0000000000
105898  54.557  29.049  25.543 0.0000000000
105286  54.461  28.305  25.245 0.0000000000
105295  54.487  27.265  24.661 0.0000000000
101413  48.754  21.234  22.726 0.0000000000
101420  49.236  21.846  22.145 0.0000000000
101421  48.360  21.659  21.661 0.0000000000
101429  48.167  21.580  19.625 0.0000000000
109076  49.976  33.950  25.317 0.0000000000
109692  49.826  35.391  24.320 0.0000000000
109681  50.962  34.209  25.564 0.0000000000
109680  52.153  34.377  25.702 0.0000000000
109067  52.958  33.755  25.993 0.0000000000
108457  53.442  33.099  25.989 0.0000000000
107115  54.194  31.090  25.999 0.0000000000
103536  54.775  25.378  11.255 0.0000000000
103546  54.366  24.802  10.483 0.0000000000
102873  54.671  24.184  11.101 0.0000000000
102193  54.970  22.909  9.933 0.0000000000
103532  46.673  24.436  13.767 0.0000000000
103533  45.985  24.063  14.110 0.0000000000
102866  46.291  23.345  13.995 0.0000000000
100818  46.856  20.808  14.754 0.0000000000
101467  47.319  21.309  14.214 0.0000000000
100828  48.031  20.982  13.944 0.0000000000
110373  53.397  35.766  19.244 0.0000000000
110980  54.040  35.962  18.642 0.0000000000
110374  52.100  35.902  18.876 0.0000000000
110384  50.345  35.669  17.995 0.0000000000
129328  44.743  27.173  16.923 0.0000000000
105388  44.021  27.116  16.904 0.0000000000
104793  43.218  25.946  15.648 0.0000000000
148791  42.826  25.261  15.545 0.0000000000
107832  48.501  31.392  25.403 0.0000000000
129431  49.064  30.070  24.907 0.0000000000
105908  49.166  28.573  23.951 0.0000000000
109701  45.559  34.479  22.044 0.0000000000
142762  45.131  35.252  21.870 0.0000000000
149578  45.940  33.572  22.320 0.0000000000
109700  46.520  34.437  22.424 0.0000000000
109091  47.313  33.948  22.842 0.0000000000
147761  47.731  33.764  23.202 0.0000000000
108468  48.308  32.192  25.114 0.0000000000
99500  55.404  18.690  14.731 0.0000000000
131625  55.740  19.124  14.154 0.0000000000
99499  56.335  18.492  14.344 0.0000000000
99487  56.940  17.704  14.688 0.0000000000
98028  57.440  16.964  14.853 0.0000000000
96364  54.643  14.613  17.422 0.0000000000
97172  55.354  14.922  16.783 0.0000000000
130477  54.282  14.594  16.701 0.0000000000
96381  53.587  14.515  15.374 0.0000000000
106541  51.585  28.846  19.974 0.0000000000
105952  51.785  28.472  19.454 0.0000000000
105951  52.471  28.327  19.740 0.0000000000
105339  53.361  27.975  19.090 0.0000000000
104751  55.915  26.245  20.366 0.0000000000
105329  55.049  27.063  19.899 0.0000000000
104758  56.105  26.596  19.312 0.0000000000
105336  56.159  26.898  18.455 0.0000000000
105363  56.292  27.080  16.748 0.0000000000
104788  56.611  26.995  15.326 0.0000000000
104770  56.071  26.447  16.768 0.0000000000
104779  56.274  26.669  15.811 0.0000000000
104177  54.966  26.070  16.460 0.0000000000
104720  52.269  25.878  24.239 0.0000000000
104122  53.349  25.637  24.440 0.0000000000
103448  53.299  24.218  24.338 0.0000000000
102781  54.145  23.137  23.963 0.0000000000
139852  54.477  23.155  23.155 0.0000000000
102824  50.497  23.582  19.312 0.0000000000
102823  51.388  23.864  19.680 0.0000000000
102827  51.101  24.006  18.754 0.0000000000
103496  51.776  24.289  18.177 0.0000000000
103507  51.654  24.021  17.343 0.0000000000
103513  52.455  24.406  16.707 0.0000000000
102843  51.867  23.837  16.676 0.0000000000
137287  51.855  23.402  16.119 0.0000000000
102152  52.159  22.294  15.226 0.0000000000
101456  52.263  21.387  15.156 0.0000000000
130784  52.047  20.008  15.613 0.0000000000
98772  50.954  17.921  17.770 0.0000000000
99466  51.320  18.331  17.218 0.0000000000
98756  51.457  17.396  18.274 0.0000000000
98004  51.988  16.957  18.819 0.0000000000
113238  45.830  41.035  12.809 0.0000000000
113237  46.508  40.485  12.918 0.0000000000
113236  47.260  40.142  13.125 0.0000000000
112682  48.052  39.884  13.328 0.0000000000
113228  48.570  40.412  14.026 0.0000000000
113767  50.342  41.352  15.188 0.0000000000
113742  47.043  42.019  16.321 0.0000000000
114277  46.663  43.071  16.318 0.0000000000
113741  47.824  41.893  16.803 0.0000000000
112026  50.126  38.654  21.455 0.0000000000
112033  50.096  39.272  20.576 0.0000000000
147373  50.529  38.673  20.801 0.0000000000
112625  50.530  40.277  18.977 0.0000000000
112624  51.495  39.887  18.082 0.0000000000
113177  51.844  40.997  17.132 0.0000000000
112053  51.974  38.790  18.602 0.0000000000
112052  53.087  38.429  18.367 0.0000000000
111512  53.839  37.691  19.000 0.0000000000
111499  53.691  37.356  19.866 0.0000000000
142041  54.216  36.045  21.717 0.0000000000
108472  53.224  32.669  24.238 0.0000000000
107837  52.250  32.051  23.713 0.0000000000
134902  51.594  31.346  23.264 0.0000000000
138010  50.980  31.434  22.716 0.0000000000
107157  50.521  30.984  22.138 0.0000000000
106530  51.153  29.438  21.142 0.0000000000
128768  50.513  27.168  14.810 0.0000000000
131876  51.029  27.470  14.007 0.0000000000
105413  50.704  27.386  13.145 0.0000000000
104815  50.531  26.833  12.393 0.0000000000
102890  51.946  23.547  10.419 0.0000000000
102882  51.267  23.409  10.994 0.0000000000
102187  51.757  22.976  10.726 0.0000000000
101498  51.193  22.396  11.525 0.0000000000
102177  50.468  22.046  12.129 0.0000000000
100835  49.897  21.030  13.023 0.0000000000
135111  50.649  21.178  12.569 0.0000000000
100164  50.741  20.182  13.079 0.0000000000
98824  57.296  18.158  11.478 0.0000000000
99525  57.175  19.015  11.032 0.0000000000
98825  56.985  17.816  11.059 0.0000000000
98826  56.265  17.366  10.909 0.0000000000
104791  45.173  26.554  15.530 0.0000000000
104800  45.622  26.054  14.811 0.0000000000
104192  46.288  25.674  14.408 0.0000000000
103540  47.849  24.067  12.927 0.0000000000
109114  49.839  33.693  20.749 0.0000000000
128184  50.083  34.394  20.371 0.0000000000
109116  48.676  32.809  19.886 0.0000000000
107173  48.924  30.290  19.424 0.0000000000
105354  45.950  27.772  18.131 0.0000000000
105387  45.284  26.991  16.438 0.0000000000
109103  44.811  34.650  21.775 0.0000000000
108485  45.572  32.728  22.425 0.0000000000
108477  46.018  32.147  23.110 0.0000000000
98009  56.615  16.638  18.190 0.0000000000
98767  57.119  16.844  17.076 0.0000000000
98008  57.174  16.454  17.714 0.0000000000
97158  57.329  15.979  18.265 0.0000000000
96358  56.359  15.141  18.441 0.0000000000
96348  56.175  15.037  20.050 0.0000000000
96352  56.267  15.074  19.178 0.0000000000
96359  55.102  14.674  18.411 0.0000000000
96360  53.863  14.313  17.899 0.0000000000
96361  53.059  13.996  18.304 0.0000000000
105309  54.264  27.736  23.742 0.0000000000
105321  54.614  26.699  22.332 0.0000000000
140506  56.509  25.382  20.810 0.0000000000
104150  56.709  24.751  20.240 0.0000000000
102093  52.199  21.970  24.275 0.0000000000
102102  52.897  22.262  23.647 0.0000000000
102103  52.123  21.916  23.422 0.0000000000
102112  51.693  22.447  22.333 0.0000000000
102114  49.727  22.429  21.546 0.0000000000
102121  50.215  23.011  20.943 0.0000000000
102820  49.926  23.179  19.903 0.0000000000
102825  49.778  23.154  18.946 0.0000000000
152482  49.787  22.873  18.059 0.0000000000
101450  49.930  21.676  17.096 0.0000000000
101449  50.408  21.461  16.607 0.0000000000
100800  49.921  20.953  17.016 0.0000000000
100129  50.077  20.129  16.945 0.0000000000
99468  49.744  18.947  17.562 0.0000000000
99455  50.099  18.168  17.889 0.0000000000
98757  50.499  17.486  18.400 0.0000000000
97996  50.586  16.861  19.055 0.0000000000
97984  50.857  16.436  19.781 0.0000000000
114302  48.174  43.318  14.441 0.0000000000
111491  47.709  37.826  21.040 0.0000000000
112054  48.400  39.090  19.049 0.0000000000
111490  48.539  38.250  21.352 0.0000000000
111480  48.916  38.169  22.181 0.0000000000
112027  49.380  38.614  21.599 0.0000000000
110319  50.142  36.224  24.067 0.0000000000
110937  49.905  37.276  23.201 0.0000000000
111470  50.252  37.627  22.708 0.0000000000
111469  51.505  37.190  22.531 0.0000000000
110935  52.518  36.671  23.013 0.0000000000
110926  53.302  36.120  23.404 0.0000000000
110308  54.033  34.798  24.155 0.0000000000
109075  54.006  34.060  24.378 0.0000000000
109066  53.887  33.536  25.296 0.0000000000
135006  53.851  33.164  24.695 0.0000000000
108466  53.893  32.206  24.720 0.0000000000
107143  52.971  30.859  24.098 0.0000000000
106502  53.133  29.919  23.984 0.0000000000
105418  53.884  27.373  12.366 0.0000000000
105419  52.547  27.375  12.386 0.0000000000
104813  53.447  27.060  11.560 0.0000000000
104821  52.889  26.409  11.078 0.0000000000
103556  52.978  24.587  9.920 0.0000000000
103547  53.807  24.778  9.975 0.0000000000
142588  53.544  24.185  9.737 0.0000000000
102889  52.834  23.780  9.896 0.0000000000
102186  52.640  22.732  10.421 0.0000000000
101496  52.858  21.848  11.036 0.0000000000
97229  55.374  15.044  10.495 0.0000000000
147146  55.838  15.578  9.896 0.0000000000
97242  55.166  15.157  9.750 0.0000000000
154160  44.378  20.660  16.454 0.0000000000
103526  44.655  24.677  14.645 0.0000000000
102162  44.895  23.125  14.853 0.0000000000
143878  45.688  23.282  14.370 0.0000000000
102154  45.130  22.211  15.176 0.0000000000
100130  45.375  19.562  16.268 0.0000000000
140538  45.971  19.671  15.824 0.0000000000
100147  47.104  20.166  14.906 0.0000000000
110993  53.690  36.143  17.605 0.0000000000
111007  53.299  36.062  16.626 0.0000000000
109723  49.680  34.571  19.708 0.0000000000
110366  50.200  35.169  19.369 0.0000000000
107122  51.871  30.698  25.902 0.0000000000
105901  52.619  29.296  25.633 0.0000000000
106497  51.671  29.802  25.525 0.0000000000
106503  51.719  28.973  25.161 0.0000000000
141380  52.036  27.199  24.404 0.0000000000
105298  51.079  27.281  23.978 0.0000000000
103449  52.271  23.747  24.392 0.0000000000
128850  51.601  22.231  24.686 0.0000000000
101388  51.390  21.578  24.553 0.0000000000
151206  51.049  21.191  24.494 0.0000000000
101404  50.142  20.742  24.137 0.0000000000
113753  45.310  42.113  15.709 0.0000000000
142293  44.818  41.397  15.599 0.0000000000
113203  45.546  41.005  15.779 0.0000000000
113752  46.181  42.012  15.931 0.0000000000
112644  46.801  40.356  16.619 0.0000000000
154383  47.037  39.795  16.999 0.0000000000
112055  47.529  38.620  18.575 0.0000000000
110955  45.479  36.684  20.887 0.0000000000
128167  46.271  37.501  19.147 0.0000000000
111501  46.956  37.658  19.725 0.0000000000
151240  47.536  37.851  20.241 0.0000000000
110944  47.518  37.145  22.322 0.0000000000
134121  48.202  37.039  22.834 0.0000000000
109084  48.120  33.652  23.644 0.0000000000
109693  48.671  34.361  23.808 0.0000000000
109688  49.393  34.385  24.552 0.0000000000
109070  49.749  33.100  25.573 0.0000000000
107824  50.847  31.358  25.910 0.0000000000
101487  55.456  21.903  11.937 0.0000000000
101474  55.787  21.178  12.352 0.0000000000
100833  56.542  20.769  11.666 0.0000000000
100163  57.078  19.925  12.045 0.0000000000
100142  56.474  19.128  13.641 0.0000000000
99508  57.273  18.588  12.796 0.0000000000
99516  57.470  18.541  11.897 0.0000000000
98818  57.168  17.349  11.777 0.0000000000
97227  56.572  16.116  11.458 0.0000000000
98017  57.223  16.602  16.783 0.0000000000
98029  57.362  16.816  15.843 0.0000000000
97181  57.191  16.506  15.284 0.0000000000
97183  55.470  15.151  15.847 0.0000000000
97194  56.397  15.948  14.430 0.0000000000
97203  56.641  16.311  13.545 0.0000000000
97215  56.034  15.652  11.977 0.0000000000
97216  55.381  15.133  11.589 0.0000000000
105350  49.800  27.863  18.383 0.0000000000
129209  49.299  26.878  17.026 0.0000000000
151042  50.149  27.315  17.560 0.0000000000
146630  50.732  27.200  17.035 0.0000000000
105348  51.718  27.829  18.349 0.0000000000
105367  51.492  27.376  16.913 0.0000000000
105393  51.749  27.389  15.913 0.0000000000
128567  52.411  27.503  15.022 0.0000000000
105403  53.275  27.567  14.220 0.0000000000
105946  53.084  28.021  20.778 0.0000000000
105331  53.312  28.023  19.887 0.0000000000
151566  53.789  27.765  18.345 0.0000000000
105337  55.407  27.393  19.012 0.0000000000
139684  54.820  27.624  17.817 0.0000000000
105382  53.683  27.625  16.548 0.0000000000
128569  54.131  27.599  15.598 0.0000000000
105410  54.505  27.503  13.289 0.0000000000
105409  55.737  27.201  12.926 0.0000000000
104811  55.508  26.879  12.115 0.0000000000
104797  56.429  26.892  13.806 0.0000000000
139906  55.607  26.583  12.347 0.0000000000
103529  55.033  25.690  12.276 0.0000000000
145987  54.121  23.904  12.838 0.0000000000
105296  54.336  27.492  25.115 0.0000000000
104718  54.784  26.298  24.307 0.0000000000
104120  54.719  24.914  23.925 0.0000000000
143311  54.735  25.575  24.186 0.0000000000
104726  55.637  25.353  23.122 0.0000000000
104140  56.233  24.699  22.337 0.0000000000
103483  56.518  24.089  20.838 0.0000000000
103488  56.472  24.478  20.052 0.0000000000
102798  53.646  22.590  22.950 0.0000000000
102816  54.164  23.512  21.253 0.0000000000
102822  52.449  24.011  20.025 0.0000000000
103489  56.067  24.635  19.500 0.0000000000
103493  55.300  25.069  18.892 0.0000000000
142135  54.043  25.640  15.830 0.0000000000
103518  53.103  24.868  16.033 0.0000000000
103524  53.525  24.580  14.331 0.0000000000
102856  53.536  23.822  13.810 0.0000000000
102168  53.904  22.980  13.369 0.0000000000
101476  54.100  21.986  13.541 0.0000000000
100824  54.383  21.121  13.773 0.0000000000
100155  54.655  20.277  14.037 0.0000000000
100815  52.995  21.035  14.737 0.0000000000
100144  53.981  19.816  14.623 0.0000000000
100798  51.239  20.188  16.124 0.0000000000
100127  51.781  19.409  16.116 0.0000000000
100126  52.217  18.881  16.219 0.0000000000
99465  51.981  18.187  17.042 0.0000000000
99480  52.382  18.399  16.620 0.0000000000
99491  52.832  18.605  16.133 0.0000000000
98788  53.667  17.751  16.860 0.0000000000
97979  56.486  16.297  20.797 0.0000000000
151528  49.856  38.493  12.376 0.0000000000
131353  48.829  39.560  13.513 0.0000000000
112114  50.015  38.649  13.095 0.0000000000
112113  50.771  38.488  13.409 0.0000000000
112112  51.667  38.252  13.744 0.0000000000
112108  52.157  38.800  14.688 0.0000000000
112107  53.262  38.521  14.887 0.0000000000
114800  48.593  44.484  15.010 0.0000000000
114799  49.158  43.666  15.024 0.0000000000
132408  48.912  40.061  18.723 0.0000000000
113172  48.910  40.737  18.202 0.0000000000
113163  50.068  40.310  19.404 0.0000000000
114782  50.241  44.239  16.134 0.0000000000
136779  49.901  43.874  15.553 0.0000000000
113751  50.365  42.269  15.357 0.0000000000
113750  51.029  41.876  15.570 0.0000000000
113202  51.573  41.517  15.695 0.0000000000
113190  52.188  41.412  16.196 0.0000000000
113200  52.831  40.686  15.954 0.0000000000
112658  52.631  40.445  15.669 0.0000000000
112657  53.354  40.008  15.759 0.0000000000
112093  53.736  39.246  15.522 0.0000000000
112092  54.398  38.721  15.732 0.0000000000
112073  55.058  37.852  17.009 0.0000000000
110991  54.960  36.555  18.276 0.0000000000
111498  54.446  37.038  19.616 0.0000000000
110978  54.660  36.585  19.141 0.0000000000
110969  54.395  35.799  19.525 0.0000000000
110364  54.123  35.565  20.090 0.0000000000
109719  51.614  34.846  21.192 0.0000000000
110934  53.949  36.140  22.684 0.0000000000
110333  54.114  35.673  22.382 0.0000000000
109707  53.912  35.157  22.436 0.0000000000
109083  52.971  33.966  23.199 0.0000000000
130315  52.799  34.528  22.494 0.0000000000
109708  52.739  34.936  21.874 0.0000000000
130067  50.643  34.314  21.016 0.0000000000
109101  50.381  33.576  21.387 0.0000000000
107864  49.625  31.764  21.161 0.0000000000
107166  49.652  31.054  20.928 0.0000000000
107165  50.198  30.601  21.314 0.0000000000
107167  49.980  30.413  20.479 0.0000000000
130873  50.100  29.619  19.604 0.0000000000
105954  49.973  28.652  18.962 0.0000000000
105396  48.546  26.675  15.345 0.0000000000
105405  48.664  26.686  14.444 0.0000000000
105414  49.321  26.920  13.892 0.0000000000
104807  48.698  26.535  13.786 0.0000000000
129955  48.091  26.115  13.796 0.0000000000
104199  48.104  25.417  13.356 0.0000000000
104208  48.127  24.717  13.012 0.0000000000
130500  51.353  26.799  11.896 0.0000000000
104823  51.000  26.185  11.697 0.0000000000
104216  50.035  24.978  11.862 0.0000000000
102883  50.658  23.728  11.296 0.0000000000
103551  49.945  24.128  11.661 0.0000000000
102875  48.433  23.493  12.610 0.0000000000
102179  48.300  22.713  12.846 0.0000000000
102169  48.209  22.096  13.193 0.0000000000
101478  48.484  21.472  13.406 0.0000000000
100826  49.558  20.441  13.442 0.0000000000
100159  49.046  20.039  13.894 0.0000000000
100145  48.899  19.371  14.276 0.0000000000
102175  55.836  22.065  11.030 0.0000000000
101494  56.025  21.613  10.567 0.0000000000
101503  55.548  21.893  10.195 0.0000000000
100178  56.697  19.648  10.742 0.0000000000
100850  55.876  21.154  10.270 0.0000000000
100841  55.091  20.920  10.438 0.0000000000
135879  54.134  20.500  11.217 0.0000000000
98827  55.113  17.086  10.929 0.0000000000
141050  53.455  16.652  11.107 0.0000000000
98828  53.900  16.970  11.574 0.0000000000
99528  54.219  17.740  11.793 0.0000000000
99517  53.556  18.527  12.308 0.0000000000
147386  52.746  18.995  12.644 0.0000000000
130618  52.069  18.755  13.060 0.0000000000
99509  51.334  18.475  13.478 0.0000000000
95510  53.784  13.643  22.777 0.0000000000
95518  53.883  13.795  21.754 0.0000000000
95519  52.757  13.286  21.481 0.0000000000
95522  52.705  13.356  20.629 0.0000000000
95521  53.466  13.670  20.949 0.0000000000
96329  56.369  15.540  22.602 0.0000000000
96406  54.611  14.728  11.355 0.0000000000
97154  57.144  16.106  19.352 0.0000000000
97162  56.898  15.520  18.014 0.0000000000
97204  55.957  15.682  13.185 0.0000000000
97228  56.073  15.509  10.873 0.0000000000
98049  57.268  17.118  13.825 0.0000000000
98057  56.926  16.746  12.110 0.0000000000
98755  52.924  17.337  17.907 0.0000000000
98768  56.767  16.879  17.520 0.0000000000
99456  49.350  18.412  18.145 0.0000000000
99479  53.635  18.204  16.222 0.0000000000
99488  56.213  18.013  15.124 0.0000000000
99507  57.375  18.443  12.418 0.0000000000
99524  57.427  18.945  11.480 0.0000000000
100120  49.780  19.658  17.309 0.0000000000
100138  47.005  19.632  15.199 0.0000000000
100152  57.491  19.075  12.045 0.0000000000
100153  57.117  19.133  12.858 0.0000000000
100169  56.017  19.102  10.873 0.0000000000
100745  50.177  20.830  25.044 0.0000000000
100791  49.425  20.365  17.501 0.0000000000
100799  50.524  20.630  16.531 0.0000000000
100816  48.322  20.110  14.250 0.0000000000
100849  56.486  20.487  10.563 0.0000000000
100851  55.190  21.674  10.148 0.0000000000
101389  50.815  21.199  24.787 0.0000000000
101403  50.551  20.882  24.625 0.0000000000
101431  49.276  22.162  18.184 0.0000000000
102079  51.897  21.986  24.591 0.0000000000
102080  51.188  21.633  24.773 0.0000000000
102178  49.763  22.433  12.272 0.0000000000
102780  55.333  24.141  23.089 0.0000000000
102782  53.317  22.748  24.254 0.0000000000
102803  55.896  23.694  22.179 0.0000000000
102805  54.365  23.156  22.212 0.0000000000
102806  53.335  22.993  21.929 0.0000000000
102815  55.133  23.496  21.559 0.0000000000
102838  50.459  23.269  17.629 0.0000000000
103470  55.928  24.080  22.596 0.0000000000
103494  53.907  24.929  18.817 0.0000000000
103506  52.500  24.570  17.518 0.0000000000
103550  50.695  24.388  11.330 0.0000000000
103555  54.123  24.115  9.858 0.0000000000
103558  51.354  23.909  10.822 0.0000000000
104121  54.183  24.955  24.215 0.0000000000
104129  55.092  25.354  23.737 0.0000000000
104144  56.614  24.612  21.272 0.0000000000
104156  56.707  25.008  19.245 0.0000000000
104169  56.184  26.003  17.770 0.0000000000
104171  53.078  24.944  16.944 0.0000000000
104193  45.686  25.398  14.471 0.0000000000
104200  46.828  25.231  14.010 0.0000000000
104205  50.194  25.935  12.075 0.0000000000
104213  54.175  25.465  10.505 0.0000000000
104761  56.333  26.338  17.972 0.0000000000
104778  56.357  26.879  16.250 0.0000000000
104782  43.637  26.543  16.164 0.0000000000
104796  56.588  27.010  14.479 0.0000000000
104805  55.961  26.973  13.022 0.0000000000
104806  49.857  27.060  13.191 0.0000000000
104814  52.192  26.984  11.717 0.0000000000
105308  54.670  27.224  24.208 0.0000000000
105346  54.553  27.689  18.683 0.0000000000
105401  56.070  27.310  14.409 0.0000000000
105417  55.071  27.281  12.332 0.0000000000
105899  54.284  28.761  25.797 0.0000000000
105904  54.721  28.828  25.114 0.0000000000
106494  54.519  29.759  25.610 0.0000000000
106496  53.326  29.680  26.030 0.0000000000
106500  54.751  29.467  25.163 0.0000000000
107116  53.901  30.676  26.247 0.0000000000
107127  54.617  30.221  25.201 0.0000000000
107821  54.095  31.790  25.573 0.0000000000
107822  52.598  31.208  26.187 0.0000000000
107825  49.854  31.518  25.739 0.0000000000
107836  53.065  31.732  24.213 0.0000000000
108449  54.016  31.901  26.112 0.0000000000
108450  53.282  32.317  26.170 0.0000000000
108451  52.332  32.223  26.291 0.0000000000
108458  51.358  32.362  26.173 0.0000000000
108460  49.604  32.259  25.703 0.0000000000
108465  54.061  32.531  25.146 0.0000000000
108467  49.053  32.635  25.340 0.0000000000
108475  47.296  32.274  23.970 0.0000000000
108501  49.437  32.323  20.894 0.0000000000
109069  50.478  33.504  25.713 0.0000000000
109078  48.676  33.585  24.373 0.0000000000
109092  46.719  33.383  22.731 0.0000000000
109093  45.043  33.589  21.866 0.0000000000
109679  53.297  34.379  25.363 0.0000000000
109694  47.983  34.412  23.133 0.0000000000
109699  47.318  34.748  22.711 0.0000000000
110310  51.694  35.595  24.818 0.0000000000
110316  53.798  35.509  23.780 0.0000000000
110336  45.382  35.921  21.845 0.0000000000
110929  49.557  36.703  23.553 0.0000000000
110936  50.980  37.033  23.174 0.0000000000
110938  48.984  37.248  23.126 0.0000000000
110945  46.588  36.827  21.914 0.0000000000
110947  44.979  36.186  21.385 0.0000000000
110967  54.629  36.336  19.985 0.0000000000
110968  54.697  36.022  19.639 0.0000000000
110979  54.541  36.193  18.961 0.0000000000
111479  49.769  38.249  22.229 0.0000000000
111492  46.940  37.472  20.661 0.0000000000
111500  52.436  37.583  20.023 0.0000000000
111511  54.617  37.323  18.748 0.0000000000
112035  49.070  38.780  20.857 0.0000000000
112044  46.959  38.003  18.878 0.0000000000
112066  47.181  38.835  17.825 0.0000000000
112075  45.940  38.787  16.935 0.0000000000
112091  55.018  37.920  16.127 0.0000000000
112118  49.209  38.864  12.814 0.0000000000
112120  47.969  38.972  12.181 0.0000000000
112122  50.146  38.296  11.763 0.0000000000
112626  49.778  40.380  19.298 0.0000000000
112635  48.272  40.169  17.861 0.0000000000
112637  46.731  39.114  17.233 0.0000000000
112642  53.973  39.526  15.897 0.0000000000
112681  49.596  39.209  13.658 0.0000000000
113170  50.164  40.972  18.793 0.0000000000
113192  46.472  41.100  16.193 0.0000000000
113201  52.105  41.407  15.963 0.0000000000
113215  51.745  40.728  15.518 0.0000000000
113216  50.951  40.982  15.322 0.0000000000
113230  47.073  40.965  13.430 0.0000000000
113740  51.746  42.254  16.160 0.0000000000
113773  46.474  41.263  13.225 0.0000000000
114286  50.514  43.399  15.675 0.0000000000
114288  44.904  43.180  15.770 0.0000000000
114289  44.034  43.270  15.701 0.0000000000
114801  47.864  44.326  14.533 0.0000000000
128861  53.408  27.571  15.059 0.0000000000
129140  52.487  29.990  25.854 0.0000000000
131458  50.195  29.163  19.348 0.0000000000
132342  51.727  28.042  24.649 0.0000000000
135273  47.972  30.862  25.199 0.0000000000
138099  50.928  22.612  16.508 0.0000000000
139332  57.172  16.206  18.585 0.0000000000
141052  51.125  42.823  15.806 0.0000000000
141530  48.749  29.271  24.306 0.0000000000
141893  54.544  27.126  23.357 0.0000000000
144863  52.263  17.241  18.303 0.0000000000
146457  52.470  23.249  10.226 0.0000000000
147168  50.924  27.180  15.533 0.0000000000
148023  51.053  23.515  17.207 0.0000000000
148140  54.519  26.819  24.729 0.0000000000
148191  48.236  38.274  20.462 0.0000000000
148685  45.517  39.738  11.459 0.0000000000
149064  56.958  19.918  10.772 0.0000000000
150281  44.674  35.196  21.731 0.0000000000
150323  52.336  25.803  10.851 0.0000000000
150677  56.661  15.730  21.325 0.0000000000
151143  50.196  20.572  13.121 0.0000000000
151224  50.042  23.567  11.633 0.0000000000
152814  53.952  24.110  24.209 0.0000000000
153979  53.024  18.166  16.604 0.0000000000
154228  54.427  24.000  12.049 0.0000000000
154334  52.093  24.226  17.054 0.0000000000
154529  54.738  25.515  13.088 0.0000000000
