#!ascii label  , from subject sub-v1s12x0050104_ses-1 vox2ras=TkReg
1023
48991  18.661  -39.112  48.789 0.0000000000
151562  30.616  -36.720  55.109 0.0000000000
66660  39.516  -20.064  32.618 0.0000000000
55581  29.384  -31.657  41.762 0.0000000000
53565  33.574  -34.426  48.529 0.0000000000
72084  53.813  -14.776  26.864 0.0000000000
65664  38.064  -20.614  37.615 0.0000000000
61916  33.102  -25.166  36.019 0.0000000000
129824  14.736  -42.324  47.009 0.0000000000
50821  24.846  -36.155  52.936 0.0000000000
50856  27.820  -36.966  49.102 0.0000000000
51789  21.967  -36.465  47.328 0.0000000000
71173  46.751  -15.192  29.454 0.0000000000
129396  21.183  -38.962  54.310 0.0000000000
46981  17.648  -40.887  52.719 0.0000000000
68453  44.410  -18.411  32.667 0.0000000000
45137  12.395  -43.608  51.628 0.0000000000
39938  8.954  -48.016  49.676 0.0000000000
135339  33.263  -28.889  39.636 0.0000000000
55547  31.818  -33.545  44.917 0.0000000000
50950  33.138  -37.674  43.041 0.0000000000
49986  30.392  -39.002  46.277 0.0000000000
64750  37.746  -22.501  39.379 0.0000000000
63856  35.547  -22.728  37.024 0.0000000000
62858  35.746  -24.994  38.680 0.0000000000
65647  40.209  -20.980  39.549 0.0000000000
48033  17.788  -39.742  46.499 0.0000000000
140312  16.380  -41.344  45.754 0.0000000000
47063  16.568  -40.645  47.966 0.0000000000
50837  21.623  -37.143  51.591 0.0000000000
51750  23.760  -36.094  50.318 0.0000000000
50874  20.307  -37.196  48.288 0.0000000000
50003  19.293  -38.292  45.409 0.0000000000
67588  40.071  -18.960  30.642 0.0000000000
66633  41.762  -20.847  34.358 0.0000000000
67569  42.366  -19.390  32.706 0.0000000000
68469  42.784  -17.745  31.115 0.0000000000
45973  17.028  -42.758  54.727 0.0000000000
46015  14.890  -41.591  52.564 0.0000000000
45103  14.582  -42.744  54.278 0.0000000000
39869  9.410  -48.345  53.573 0.0000000000
41030  9.986  -46.929  51.884 0.0000000000
38873  8.207  -49.309  50.607 0.0000000000
36134  6.693  -51.788  49.813 0.0000000000
36128  5.970  -52.196  51.471 0.0000000000
56480  31.668  -30.912  47.956 0.0000000000
54499  32.673  -33.822  46.635 0.0000000000
53629  33.016  -35.336  43.401 0.0000000000
138106  33.103  -35.602  45.702 0.0000000000
51783  26.679  -36.981  46.648 0.0000000000
140680  29.384  -38.208  47.702 0.0000000000
50911  27.690  -37.452  45.264 0.0000000000
50936  28.890  -38.197  43.845 0.0000000000
58303  31.475  -29.422  40.199 0.0000000000
58327  31.671  -28.802  37.779 0.0000000000
57422  28.562  -30.970  38.426 0.0000000000
75572  48.395  -10.929  25.919 0.0000000000
73023  51.039  -14.058  26.080 0.0000000000
66623  38.874  -20.546  35.373 0.0000000000
65701  35.600  -21.224  34.743 0.0000000000
66587  41.279  -20.725  37.205 0.0000000000
48941  28.081  -37.210  54.194 0.0000000000
48967  29.522  -37.737  52.297 0.0000000000
128485  26.307  -35.983  51.509 0.0000000000
51773  25.427  -36.256  48.385 0.0000000000
52712  23.841  -35.440  45.490 0.0000000000
71151  47.380  -14.853  31.214 0.0000000000
128177  49.523  -14.859  29.620 0.0000000000
70293  51.618  -16.910  28.154 0.0000000000
69383  52.985  -17.350  27.040 0.0000000000
48956  20.742  -38.931  52.252 0.0000000000
132254  18.455  -40.063  50.985 0.0000000000
47962  20.273  -40.680  52.940 0.0000000000
49898  23.205  -36.849  54.032 0.0000000000
69347  44.882  -16.461  31.205 0.0000000000
47005  16.149  -40.561  50.563 0.0000000000
46055  13.221  -42.574  49.430 0.0000000000
44242  11.637  -44.927  47.849 0.0000000000
43178  11.818  -44.867  53.306 0.0000000000
43196  10.585  -45.731  50.507 0.0000000000
135537  3.692  -55.578  51.899 0.0000000000
60012  35.733  -27.127  40.128 0.0000000000
146123  31.339  -29.176  43.139 0.0000000000
57337  30.983  -30.394  45.628 0.0000000000
55557  30.411  -32.527  43.699 0.0000000000
54556  32.418  -34.403  42.876 0.0000000000
51872  33.661  -36.035  41.742 0.0000000000
50970  31.516  -38.242  40.877 0.0000000000
49931  30.644  -38.502  50.462 0.0000000000
129462  32.387  -38.022  49.285 0.0000000000
50880  33.379  -36.652  48.015 0.0000000000
49998  32.155  -38.031  45.055 0.0000000000
50043  30.725  -38.359  42.237 0.0000000000
59219  33.510  -27.691  37.939 0.0000000000
59230  31.310  -27.847  35.877 0.0000000000
63817  37.928  -23.592  40.313 0.0000000000
62856  36.837  -23.819  39.338 0.0000000000
62841  36.562  -24.753  39.627 0.0000000000
64741  38.920  -22.538  40.238 0.0000000000
48990  18.760  -38.820  47.774 0.0000000000
48017  17.783  -39.764  47.455 0.0000000000
48000  17.862  -39.824  48.458 0.0000000000
49935  20.356  -37.725  49.752 0.0000000000
50861  21.107  -36.953  49.796 0.0000000000
49946  19.952  -37.829  48.920 0.0000000000
49974  19.290  -38.089  47.462 0.0000000000
66669  39.953  -19.584  32.065 0.0000000000
135621  40.671  -20.331  33.396 0.0000000000
66657  41.977  -19.957  33.113 0.0000000000
66658  41.154  -19.895  32.940 0.0000000000
67579  41.207  -19.005  31.794 0.0000000000
38846  8.420  -49.406  53.411 0.0000000000
38856  8.875  -48.601  52.276 0.0000000000
37927  7.809  -49.897  51.975 0.0000000000
37942  7.339  -50.558  50.583 0.0000000000
37026  6.906  -51.122  50.974 0.0000000000
132660  6.238  -52.044  50.836 0.0000000000
54482  33.262  -33.492  48.289 0.0000000000
53581  33.325  -34.193  47.929 0.0000000000
53610  32.939  -34.757  46.054 0.0000000000
52704  33.339  -34.898  47.273 0.0000000000
49865  31.445  -36.681  54.589 0.0000000000
52710  25.657  -36.114  45.605 0.0000000000
51798  27.032  -37.105  45.834 0.0000000000
51828  26.603  -36.293  44.444 0.0000000000
51827  27.297  -36.594  44.074 0.0000000000
57397  29.802  -30.051  40.697 0.0000000000
57411  29.713  -29.916  39.638 0.0000000000
72075  54.654  -14.886  27.733 0.0000000000
73003  53.989  -13.568  27.401 0.0000000000
149961  52.513  -13.427  26.864 0.0000000000
73907  50.505  -12.690  26.606 0.0000000000
72086  51.902  -14.230  26.358 0.0000000000
135869  38.379  -20.505  36.049 0.0000000000
65699  37.151  -20.636  34.845 0.0000000000
65680  37.112  -20.916  36.473 0.0000000000
62895  34.348  -24.047  36.604 0.0000000000
63869  34.551  -22.660  35.644 0.0000000000
63871  33.362  -23.803  35.214 0.0000000000
66578  39.115  -20.812  38.561 0.0000000000
66589  39.868  -20.710  37.474 0.0000000000
136012  40.303  -20.790  35.966 0.0000000000
46090  15.884  -41.601  46.358 0.0000000000
45178  14.080  -43.074  47.038 0.0000000000
49909  26.884  -36.526  53.466 0.0000000000
132159  27.649  -36.655  52.881 0.0000000000
50834  25.625  -35.957  52.347 0.0000000000
51764  22.801  -36.433  48.779 0.0000000000
51762  24.239  -36.168  49.467 0.0000000000
130346  23.360  -36.237  47.962 0.0000000000
51786  24.697  -36.139  47.305 0.0000000000
133665  22.473  -35.850  45.885 0.0000000000
50912  20.903  -36.558  45.920 0.0000000000
53646  31.914  -34.575  41.137 0.0000000000
141894  46.861  -15.092  30.790 0.0000000000
71150  48.302  -14.596  30.801 0.0000000000
71172  47.803  -14.864  29.386 0.0000000000
70295  49.707  -16.363  27.623 0.0000000000
69372  51.123  -17.117  27.316 0.0000000000
69371  52.107  -17.332  27.533 0.0000000000
129424  20.912  -38.980  52.931 0.0000000000
130364  20.529  -39.862  52.733 0.0000000000
47954  20.573  -40.334  53.557 0.0000000000
147744  21.683  -38.106  54.236 0.0000000000
49912  21.250  -38.181  52.645 0.0000000000
70247  45.715  -16.463  32.370 0.0000000000
69342  44.407  -17.190  31.655 0.0000000000
69355  42.987  -16.860  29.635 0.0000000000
47970  18.209  -40.423  51.537 0.0000000000
47978  16.827  -40.487  50.172 0.0000000000
47004  16.872  -40.521  51.168 0.0000000000
46017  13.395  -42.530  51.569 0.0000000000
46033  13.694  -42.049  50.995 0.0000000000
45165  12.703  -43.116  50.108 0.0000000000
45172  12.365  -43.809  48.813 0.0000000000
44218  11.803  -44.328  49.238 0.0000000000
42068  11.622  -45.772  54.514 0.0000000000
41031  9.555  -47.422  51.219 0.0000000000
42089  10.364  -46.288  51.667 0.0000000000
41076  9.745  -46.751  49.411 0.0000000000
42130  10.131  -46.184  49.113 0.0000000000
132761  32.318  -28.840  42.460 0.0000000000
56490  31.660  -32.164  46.348 0.0000000000
56491  31.255  -30.996  46.425 0.0000000000
139086  30.818  -31.705  45.324 0.0000000000
56502  30.481  -31.752  44.647 0.0000000000
55556  30.896  -33.006  44.153 0.0000000000
55568  30.954  -33.357  43.339 0.0000000000
54542  32.239  -34.377  43.688 0.0000000000
148831  33.593  -35.830  43.095 0.0000000000
52744  33.724  -35.619  42.592 0.0000000000
51855  33.372  -37.112  42.165 0.0000000000
129034  32.789  -37.591  41.482 0.0000000000
50951  32.669  -38.025  42.305 0.0000000000
49933  28.762  -37.381  51.311 0.0000000000
48978  29.972  -38.151  51.739 0.0000000000
128133  29.307  -37.759  50.444 0.0000000000
148853  30.297  -38.984  47.031 0.0000000000
49956  30.824  -38.687  48.511 0.0000000000
49969  32.032  -38.606  47.636 0.0000000000
49953  33.268  -37.295  48.274 0.0000000000
131284  32.210  -38.494  46.849 0.0000000000
50894  33.184  -37.238  46.382 0.0000000000
49999  31.535  -38.527  45.438 0.0000000000
151876  28.635  -37.842  42.542 0.0000000000
140002  30.141  -38.303  42.955 0.0000000000
129621  35.053  -27.928  39.923 0.0000000000
60966  34.736  -27.032  38.586 0.0000000000
59213  33.248  -28.414  38.439 0.0000000000
58335  30.273  -29.528  36.201 0.0000000000
59226  31.432  -28.580  36.917 0.0000000000
76454  48.524  -9.966  24.804 0.0000000000
64756  38.035  -21.673  38.982 0.0000000000
65666  36.841  -21.726  37.926 0.0000000000
145877  36.609  -22.600  38.323 0.0000000000
63845  35.967  -23.147  37.886 0.0000000000
62878  34.679  -24.754  37.330 0.0000000000
65637  40.140  -21.546  40.293 0.0000000000
65648  39.379  -21.635  39.817 0.0000000000
48034  17.341  -40.317  45.836 0.0000000000
148726  16.723  -40.689  47.120 0.0000000000
47064  16.064  -41.158  47.274 0.0000000000
50835  23.350  -36.098  51.928 0.0000000000
50846  24.244  -35.840  51.186 0.0000000000
50848  22.221  -36.512  51.044 0.0000000000
50872  21.898  -36.569  49.278 0.0000000000
50884  21.046  -36.696  47.856 0.0000000000
50898  20.283  -37.018  46.397 0.0000000000
49973  19.735  -37.523  46.869 0.0000000000
49013  18.794  -38.712  45.860 0.0000000000
71195  45.956  -15.713  27.422 0.0000000000
47934  21.140  -39.374  55.169 0.0000000000
66643  43.187  -20.518  34.035 0.0000000000
67561  43.639  -19.935  33.527 0.0000000000
68454  43.556  -18.621  32.479 0.0000000000
68462  43.128  -18.127  31.869 0.0000000000
68463  42.309  -18.296  31.644 0.0000000000
68471  41.148  -18.126  30.465 0.0000000000
45995  17.087  -41.351  53.600 0.0000000000
46014  15.788  -41.082  52.609 0.0000000000
45997  15.354  -41.761  53.334 0.0000000000
45119  14.985  -42.181  53.852 0.0000000000
45121  13.309  -43.097  53.003 0.0000000000
42070  10.583  -46.725  53.371 0.0000000000
39894  9.466  -47.935  52.495 0.0000000000
39915  9.139  -48.112  51.609 0.0000000000
38872  8.568  -48.695  50.150 0.0000000000
37949  7.756  -50.088  49.277 0.0000000000
55529  32.176  -32.582  47.038 0.0000000000
55546  32.161  -33.742  45.363 0.0000000000
53621  32.532  -34.801  43.890 0.0000000000
54528  32.624  -34.869  45.087 0.0000000000
51824  33.272  -35.821  43.622 0.0000000000
51825  33.209  -36.078  44.003 0.0000000000
151872  27.323  -37.089  47.967 0.0000000000
49957  29.023  -37.715  48.484 0.0000000000
50882  27.668  -37.363  47.519 0.0000000000
50895  28.717  -38.277  46.133 0.0000000000
50909  28.817  -38.263  45.342 0.0000000000
50001  29.500  -38.556  45.009 0.0000000000
50925  28.293  -37.677  44.169 0.0000000000
51839  27.878  -36.989  42.981 0.0000000000
138979  32.533  -29.149  39.929 0.0000000000
58320  32.272  -28.974  38.582 0.0000000000
58321  31.337  -29.271  38.603 0.0000000000
145199  29.910  -29.718  37.905 0.0000000000
74749  49.778  -11.172  27.446 0.0000000000
134577  49.400  -12.299  26.312 0.0000000000
66647  39.541  -20.504  33.927 0.0000000000
147952  38.024  -20.146  32.505 0.0000000000
66649  37.739  -20.350  33.714 0.0000000000
64795  35.757  -21.544  35.696 0.0000000000
64806  34.860  -21.673  34.222 0.0000000000
66570  42.317  -20.538  39.308 0.0000000000
66575  42.395  -20.362  38.498 0.0000000000
152042  42.622  -20.223  36.909 0.0000000000
136013  41.193  -20.880  35.755 0.0000000000
66634  40.179  -20.756  34.588 0.0000000000
48928  29.107  -37.332  54.657 0.0000000000
48938  30.221  -37.423  53.494 0.0000000000
147716  28.649  -37.301  53.716 0.0000000000
140274  28.281  -36.918  52.135 0.0000000000
50844  27.187  -36.458  50.813 0.0000000000
146893  25.384  -35.710  50.888 0.0000000000
50857  25.583  -35.832  50.112 0.0000000000
155001  26.669  -36.323  49.184 0.0000000000
51785  25.440  -36.358  47.554 0.0000000000
51800  25.331  -36.178  46.584 0.0000000000
52720  24.445  -35.433  44.867 0.0000000000
148699  50.870  -15.377  30.009 0.0000000000
70281  49.235  -15.779  28.110 0.0000000000
70269  50.627  -15.901  28.862 0.0000000000
71169  51.861  -16.283  29.486 0.0000000000
70277  52.582  -16.968  28.628 0.0000000000
70292  53.245  -16.856  28.149 0.0000000000
71199  54.204  -15.944  27.030 0.0000000000
71200  53.998  -15.641  26.669 0.0000000000
48979  19.786  -38.943  50.899 0.0000000000
48984  18.830  -39.255  49.706 0.0000000000
130492  19.272  -39.758  51.161 0.0000000000
48969  19.641  -40.296  52.005 0.0000000000
47964  19.102  -40.755  52.408 0.0000000000
153739  20.574  -40.566  54.228 0.0000000000
46970  18.739  -41.333  53.609 0.0000000000
45981  18.108  -41.781  54.282 0.0000000000
48903  29.372  -37.187  55.632 0.0000000000
48916  28.271  -37.292  55.593 0.0000000000
49894  27.468  -37.010  54.742 0.0000000000
50812  25.237  -36.334  53.749 0.0000000000
49897  24.401  -36.515  54.324 0.0000000000
50813  24.033  -36.400  53.494 0.0000000000
49923  21.761  -37.324  52.277 0.0000000000
49924  21.146  -38.047  51.939 0.0000000000
71136  46.993  -15.303  32.843 0.0000000000
70260  46.167  -15.544  31.182 0.0000000000
70261  45.547  -15.808  30.620 0.0000000000
69348  44.137  -16.874  30.848 0.0000000000
70262  44.693  -16.251  30.286 0.0000000000
70282  45.124  -15.711  28.666 0.0000000000
47986  17.481  -40.265  49.668 0.0000000000
47043  16.335  -40.596  48.744 0.0000000000
47044  15.258  -41.211  48.335 0.0000000000
46993  14.952  -41.176  51.670 0.0000000000
47026  14.321  -41.338  49.707 0.0000000000
46082  14.293  -42.374  47.798 0.0000000000
45179  13.301  -43.583  47.475 0.0000000000
147424  12.203  -44.566  47.668 0.0000000000
44174  13.154  -43.784  54.314 0.0000000000
44200  11.853  -44.219  52.028 0.0000000000
43186  11.258  -45.110  51.867 0.0000000000
44201  11.460  -44.609  51.130 0.0000000000
138008  10.900  -45.245  49.342 0.0000000000
129366  4.803  -53.865  51.827 0.0000000000
61881  36.592  -25.473  40.125 0.0000000000
58301  33.668  -28.888  40.935 0.0000000000
58291  32.174  -28.886  41.437 0.0000000000
58292  31.369  -29.299  41.196 0.0000000000
144326  29.662  -30.669  42.094 0.0000000000
58259  30.903  -29.552  44.051 0.0000000000
57353  30.085  -30.533  43.519 0.0000000000
56513  29.691  -31.616  42.708 0.0000000000
54558  30.732  -33.452  42.580 0.0000000000
54568  31.415  -34.086  41.864 0.0000000000
149312  32.769  -34.931  41.086 0.0000000000
54555  32.826  -34.926  43.140 0.0000000000
53645  33.615  -35.296  42.077 0.0000000000
52759  33.293  -35.423  41.324 0.0000000000
51891  32.511  -36.611  39.984 0.0000000000
50984  31.679  -38.150  40.018 0.0000000000
52677  33.923  -35.007  49.944 0.0000000000
48953  30.469  -37.815  52.733 0.0000000000
49907  31.861  -37.657  52.607 0.0000000000
49918  32.541  -37.734  51.404 0.0000000000
130980  30.147  -38.344  48.787 0.0000000000
149751  31.211  -38.508  49.988 0.0000000000
49930  32.932  -37.527  50.759 0.0000000000
50855  33.397  -36.959  49.698 0.0000000000
50879  33.514  -36.223  48.626 0.0000000000
51782  33.466  -35.650  48.275 0.0000000000
50906  33.402  -36.062  46.631 0.0000000000
50922  32.973  -36.634  44.747 0.0000000000
50935  32.768  -37.841  43.736 0.0000000000
50014  30.114  -38.593  44.478 0.0000000000
50026  31.513  -38.471  43.569 0.0000000000
50042  31.684  -38.434  42.513 0.0000000000
50058  31.326  -38.360  41.669 0.0000000000
61891  35.743  -25.815  38.999 0.0000000000
147501  34.500  -26.140  37.752 0.0000000000
60992  33.276  -26.640  37.082 0.0000000000
59214  32.633  -28.488  38.009 0.0000000000
60054  32.078  -27.599  36.857 0.0000000000
61917  32.146  -26.165  35.783 0.0000000000
71208  52.712  -15.781  25.541 0.0000000000
136275  38.330  -23.844  40.777 0.0000000000
62840  37.223  -24.039  40.023 0.0000000000
62829  37.730  -24.364  40.623 0.0000000000
63816  38.611  -23.277  40.547 0.0000000000
149472  18.302  -39.380  47.928 0.0000000000
49947  19.534  -38.559  49.678 0.0000000000
49959  19.299  -38.356  48.475 0.0000000000
66670  39.087  -19.924  31.773 0.0000000000
66661  38.721  -20.163  32.526 0.0000000000
148755  39.896  -20.316  33.286 0.0000000000
66659  40.332  -19.926  32.773 0.0000000000
133211  7.869  -49.969  52.901 0.0000000000
38857  8.388  -49.325  52.538 0.0000000000
37935  7.334  -50.540  51.464 0.0000000000
37928  7.342  -50.554  52.384 0.0000000000
37020  6.882  -51.152  51.862 0.0000000000
53566  33.653  -34.080  48.715 0.0000000000
54487  33.343  -33.845  48.153 0.0000000000
53580  33.314  -34.542  47.678 0.0000000000
49866  31.064  -36.518  55.408 0.0000000000
49878  30.646  -36.854  54.528 0.0000000000
143594  25.982  -36.070  44.855 0.0000000000
51815  26.408  -36.559  45.278 0.0000000000
147968  25.931  -35.689  44.059 0.0000000000
52731  26.799  -36.006  43.597 0.0000000000
57383  29.487  -30.712  41.253 0.0000000000
57398  29.220  -30.687  40.380 0.0000000000
72083  54.329  -15.200  27.209 0.0000000000
72076  54.332  -14.255  27.379 0.0000000000
73013  53.565  -13.906  27.017 0.0000000000
72085  52.888  -14.450  26.608 0.0000000000
66607  37.811  -20.562  36.727 0.0000000000
152775  37.641  -20.594  36.021 0.0000000000
65665  37.260  -21.010  37.364 0.0000000000
62896  33.687  -24.659  36.291 0.0000000000
62912  33.762  -23.878  35.833 0.0000000000
62913  33.232  -24.412  35.596 0.0000000000
62934  32.862  -24.188  34.843 0.0000000000
62914  32.658  -24.891  35.279 0.0000000000
65654  38.412  -20.951  38.444 0.0000000000
66577  39.742  -20.738  38.232 0.0000000000
66590  39.027  -20.570  37.762 0.0000000000
66606  38.676  -20.503  36.868 0.0000000000
47065  15.366  -41.715  47.014 0.0000000000
46091  15.259  -42.356  46.124 0.0000000000
46092  14.650  -42.890  46.401 0.0000000000
50820  25.976  -36.202  53.168 0.0000000000
146474  22.601  -36.356  47.937 0.0000000000
51788  22.916  -36.177  47.270 0.0000000000
135824  22.478  -36.179  46.679 0.0000000000
128281  21.544  -36.103  45.456 0.0000000000
51802  21.733  -36.333  46.370 0.0000000000
53655  32.039  -34.946  40.291 0.0000000000
149865  47.077  -15.042  30.051 0.0000000000
69384  51.515  -17.587  26.567 0.0000000000
48943  20.861  -39.440  53.572 0.0000000000
48942  21.345  -38.352  53.507 0.0000000000
68452  45.169  -18.086  32.972 0.0000000000
69333  45.440  -17.257  32.675 0.0000000000
69334  44.752  -17.600  32.348 0.0000000000
46990  18.372  -40.715  52.157 0.0000000000
46991  17.648  -40.604  51.764 0.0000000000
46992  16.819  -40.710  52.151 0.0000000000
45136  13.031  -43.101  52.103 0.0000000000
45152  12.825  -43.093  51.111 0.0000000000
45166  12.252  -43.748  49.713 0.0000000000
45153  12.295  -43.656  50.669 0.0000000000
41056  9.514  -47.224  50.172 0.0000000000
41077  9.384  -47.388  49.120 0.0000000000
55536  31.576  -32.791  45.566 0.0000000000
55548  31.204  -32.896  44.871 0.0000000000
55555  31.719  -33.733  44.286 0.0000000000
153836  33.544  -36.936  42.999 0.0000000000
51854  33.705  -36.297  42.672 0.0000000000
145958  28.615  -37.288  50.397 0.0000000000
154110  28.988  -37.531  49.876 0.0000000000
129060  31.220  -38.885  46.919 0.0000000000
49985  31.385  -38.714  46.136 0.0000000000
133760  34.436  -28.247  39.537 0.0000000000
129553  33.856  -28.322  38.912 0.0000000000
58311  33.294  -28.723  39.002 0.0000000000
64757  37.292  -22.124  38.682 0.0000000000
62857  36.270  -24.395  38.954 0.0000000000
63837  36.446  -23.513  38.651 0.0000000000
62876  35.823  -24.093  38.282 0.0000000000
62894  35.202  -23.786  37.387 0.0000000000
62877  35.271  -24.800  38.011 0.0000000000
65636  40.822  -21.516  40.743 0.0000000000
64749  38.507  -22.080  39.634 0.0000000000
65649  38.829  -21.299  39.131 0.0000000000
140596  17.226  -40.240  47.773 0.0000000000
48018  17.284  -40.253  46.838 0.0000000000
50836  22.415  -36.594  51.799 0.0000000000
50862  20.539  -37.284  49.122 0.0000000000
50873  21.084  -36.780  48.801 0.0000000000
50885  20.319  -37.026  47.344 0.0000000000
154145  19.830  -37.487  47.644 0.0000000000
49001  18.732  -38.673  46.811 0.0000000000
49014  18.299  -39.223  46.181 0.0000000000
66620  41.926  -20.904  35.202 0.0000000000
66632  42.595  -20.772  34.656 0.0000000000
67562  42.807  -20.002  33.303 0.0000000000
67568  43.182  -19.337  32.891 0.0000000000
67577  42.706  -18.734  32.338 0.0000000000
67578  41.940  -18.866  32.091 0.0000000000
67580  40.436  -19.158  31.513 0.0000000000
67587  40.802  -18.671  31.003 0.0000000000
45982  17.409  -41.938  54.263 0.0000000000
45996  16.228  -41.561  53.498 0.0000000000
45983  16.605  -42.057  54.194 0.0000000000
45120  14.072  -42.543  53.470 0.0000000000
44187  13.638  -43.110  53.888 0.0000000000
39868  9.950  -47.868  54.088 0.0000000000
40989  10.297  -47.305  53.690 0.0000000000
38865  8.342  -49.183  51.585 0.0000000000
154867  8.729  -48.625  51.622 0.0000000000
38864  8.649  -48.649  51.032 0.0000000000
38881  8.155  -49.414  49.704 0.0000000000
37941  7.743  -49.977  50.140 0.0000000000
37032  6.977  -51.169  50.166 0.0000000000
37950  7.388  -50.645  49.733 0.0000000000
129439  5.859  -52.632  50.783 0.0000000000
35221  5.437  -52.987  51.610 0.0000000000
54488  32.950  -33.597  47.513 0.0000000000
55525  32.763  -33.041  47.683 0.0000000000
55528  32.612  -33.325  46.854 0.0000000000
55535  32.398  -33.661  46.150 0.0000000000
54515  32.474  -34.157  45.664 0.0000000000
51810  33.120  -35.143  46.079 0.0000000000
135323  32.725  -35.110  45.112 0.0000000000
52718  32.948  -35.726  44.714 0.0000000000
137466  33.019  -35.789  44.607 0.0000000000
50883  26.870  -37.002  47.528 0.0000000000
142523  27.364  -37.361  46.712 0.0000000000
50896  27.843  -37.704  46.031 0.0000000000
137698  28.244  -37.906  45.532 0.0000000000
50910  28.271  -37.740  44.921 0.0000000000
51826  27.811  -37.073  43.731 0.0000000000
58313  31.951  -29.334  39.301 0.0000000000
58314  30.875  -29.504  39.432 0.0000000000
57421  29.238  -30.098  38.470 0.0000000000
151014  28.814  -30.544  37.741 0.0000000000
73015  50.799  -13.381  26.320 0.0000000000
73024  50.322  -13.759  25.724 0.0000000000
73025  49.596  -13.502  25.365 0.0000000000
72095  50.585  -14.412  25.350 0.0000000000
66635  39.251  -20.586  34.673 0.0000000000
66648  38.623  -20.439  33.990 0.0000000000
131541  38.510  -20.491  34.755 0.0000000000
131505  36.385  -20.959  35.242 0.0000000000
65700  36.390  -20.722  34.209 0.0000000000
65711  35.467  -21.084  33.716 0.0000000000
64767  36.224  -22.252  37.496 0.0000000000
64782  35.957  -21.915  36.600 0.0000000000
63870  33.842  -23.160  35.173 0.0000000000
64807  34.336  -22.369  34.700 0.0000000000
64816  34.223  -22.217  33.682 0.0000000000
65646  40.854  -20.980  40.007 0.0000000000
66571  41.627  -20.776  39.619 0.0000000000
66572  41.026  -20.793  39.172 0.0000000000
128439  40.947  -20.839  37.890 0.0000000000
129946  41.729  -20.592  37.949 0.0000000000
66586  42.515  -20.231  37.644 0.0000000000
133710  42.014  -20.480  37.086 0.0000000000
66603  41.606  -20.697  36.464 0.0000000000
66622  39.743  -20.722  35.338 0.0000000000
48929  28.599  -37.328  54.418 0.0000000000
152896  29.095  -37.374  54.191 0.0000000000
49922  27.239  -36.445  51.623 0.0000000000
137019  27.655  -36.591  52.065 0.0000000000
49921  28.018  -36.825  51.195 0.0000000000
51774  24.617  -36.287  48.640 0.0000000000
51761  25.264  -36.069  49.314 0.0000000000
153100  26.240  -36.019  49.627 0.0000000000
51760  26.194  -36.171  48.821 0.0000000000
51772  26.192  -36.477  47.983 0.0000000000
52706  23.905  -35.641  46.275 0.0000000000
52705  24.496  -35.875  46.626 0.0000000000
52711  24.717  -35.695  45.788 0.0000000000
49988  19.708  -37.585  45.893 0.0000000000
50913  20.263  -37.066  45.372 0.0000000000
50002  19.795  -37.821  44.827 0.0000000000
72039  47.615  -14.763  32.588 0.0000000000
71162  48.693  -14.632  29.929 0.0000000000
72056  49.468  -14.578  30.321 0.0000000000
72055  50.499  -14.878  30.320 0.0000000000
71161  50.404  -15.198  29.729 0.0000000000
149747  47.975  -15.939  27.196 0.0000000000
71192  48.148  -15.465  27.917 0.0000000000
70294  50.699  -16.634  27.928 0.0000000000
70280  50.237  -16.122  28.350 0.0000000000
70279  51.254  -16.452  28.648 0.0000000000
70268  51.349  -16.137  29.154 0.0000000000
70267  51.805  -16.523  29.069 0.0000000000
137296  52.395  -16.661  29.211 0.0000000000
70278  51.997  -16.825  28.743 0.0000000000
69370  52.697  -17.128  27.950 0.0000000000
154184  53.292  -17.007  27.543 0.0000000000
129046  54.116  -16.180  27.362 0.0000000000
69369  53.656  -16.998  26.892 0.0000000000
48968  20.119  -39.610  51.856 0.0000000000
48957  20.103  -40.347  52.383 0.0000000000
47963  19.752  -40.754  52.530 0.0000000000
151334  19.423  -40.565  52.170 0.0000000000
46959  19.958  -41.304  53.999 0.0000000000
131502  19.395  -41.393  53.683 0.0000000000
46961  18.738  -41.642  54.270 0.0000000000
48915  28.855  -37.322  55.381 0.0000000000
49895  26.837  -36.706  54.336 0.0000000000
49910  22.860  -36.738  53.235 0.0000000000
50823  22.584  -36.663  52.488 0.0000000000
49925  20.516  -38.605  51.489 0.0000000000
66662  37.512  -20.260  32.926 0.0000000000
70255  45.554  -16.089  31.602 0.0000000000
70254  46.090  -15.774  32.011 0.0000000000
69343  43.624  -17.511  31.362 0.0000000000
69349  43.310  -17.162  30.556 0.0000000000
70272  43.547  -16.378  28.914 0.0000000000
69354  43.851  -16.575  29.952 0.0000000000
70271  44.440  -16.067  29.306 0.0000000000
70283  44.230  -16.093  28.219 0.0000000000
152249  18.666  -39.685  50.301 0.0000000000
47985  18.173  -39.767  49.449 0.0000000000
132167  18.071  -40.026  50.236 0.0000000000
48002  16.763  -40.467  49.362 0.0000000000
47024  15.981  -40.607  49.583 0.0000000000
154589  15.686  -40.787  48.779 0.0000000000
47025  15.068  -40.928  49.202 0.0000000000
46054  13.701  -41.923  50.098 0.0000000000
135011  13.841  -41.926  49.249 0.0000000000
46068  14.455  -41.654  48.618 0.0000000000
46069  13.743  -42.419  48.531 0.0000000000
46083  13.698  -42.926  47.843 0.0000000000
45171  13.049  -43.198  48.449 0.0000000000
44227  11.986  -44.430  48.366 0.0000000000
45180  12.597  -43.994  47.960 0.0000000000
43169  12.073  -45.117  54.120 0.0000000000
44175  12.455  -44.346  53.778 0.0000000000
44189  12.176  -44.201  52.957 0.0000000000
42080  10.448  -46.514  52.517 0.0000000000
137859  10.345  -46.149  50.932 0.0000000000
43187  10.703  -45.704  51.360 0.0000000000
43195  10.984  -45.198  50.903 0.0000000000
44211  11.275  -44.857  50.413 0.0000000000
43211  10.516  -45.712  49.631 0.0000000000
35216  5.136  -53.268  52.573 0.0000000000
34357  4.174  -54.801  52.111 0.0000000000
146601  35.383  -28.099  40.752 0.0000000000
58302  32.846  -28.909  40.756 0.0000000000
58290  33.155  -28.832  41.628 0.0000000000
58277  31.368  -29.189  42.145 0.0000000000
58278  30.445  -29.748  41.968 0.0000000000
57367  30.552  -29.688  42.843 0.0000000000
58242  31.263  -29.537  44.820 0.0000000000
56508  30.218  -31.688  44.036 0.0000000000
57352  30.308  -30.497  44.131 0.0000000000
56509  29.946  -31.612  43.436 0.0000000000
55569  30.197  -32.589  43.125 0.0000000000
54557  31.709  -33.991  42.678 0.0000000000
54567  32.505  -34.494  41.938 0.0000000000
144097  33.171  -36.070  40.835 0.0000000000
51873  33.122  -36.827  41.038 0.0000000000
50969  32.313  -37.614  40.565 0.0000000000
48954  29.739  -37.580  53.044 0.0000000000
132014  30.055  -37.922  52.357 0.0000000000
48977  30.540  -38.424  51.348 0.0000000000
48966  30.546  -38.172  52.068 0.0000000000
48965  31.177  -38.295  51.724 0.0000000000
48951  31.848  -38.007  51.943 0.0000000000
48964  31.791  -38.227  51.301 0.0000000000
153466  29.696  -38.148  48.342 0.0000000000
49955  31.794  -38.614  48.429 0.0000000000
49942  31.474  -38.508  49.311 0.0000000000
131919  32.016  -38.240  50.063 0.0000000000
132928  32.880  -37.595  50.062 0.0000000000
49929  33.305  -37.037  50.443 0.0000000000
49941  33.204  -37.470  49.104 0.0000000000
50868  33.523  -36.855  48.894 0.0000000000
50892  33.390  -36.096  47.662 0.0000000000
51797  33.395  -35.623  47.270 0.0000000000
50893  33.381  -36.587  46.991 0.0000000000
50908  32.823  -37.327  45.421 0.0000000000
50923  32.695  -37.506  44.511 0.0000000000
50012  32.174  -38.292  44.142 0.0000000000
50015  29.388  -38.416  44.359 0.0000000000
50028  29.687  -38.387  43.730 0.0000000000
50027  30.588  -38.466  43.739 0.0000000000
149287  30.916  -38.372  43.025 0.0000000000
60949  36.042  -26.326  39.956 0.0000000000
61882  36.058  -25.688  39.495 0.0000000000
60964  35.706  -26.257  39.288 0.0000000000
60038  34.079  -27.447  38.255 0.0000000000
60981  34.345  -26.798  38.002 0.0000000000
60991  33.958  -26.349  37.453 0.0000000000
60982  33.712  -27.172  37.704 0.0000000000
59231  31.162  -28.426  36.115 0.0000000000
59225  31.725  -28.105  36.912 0.0000000000
60993  32.483  -26.840  36.627 0.0000000000
61002  31.690  -26.988  35.885 0.0000000000
76453  49.013  -9.328  24.398 0.0000000000
76457  49.196  -9.432  23.538 0.0000000000
77360  49.689  -8.822  24.017 0.0000000000
71207  53.628  -16.132  25.909 0.0000000000
63826  38.212  -22.888  39.988 0.0000000000
63836  37.069  -22.983  39.034 0.0000000000
63827  37.491  -23.289  39.704 0.0000000000
49002  18.289  -39.278  47.124 0.0000000000
152818  20.779  -37.483  50.435 0.0000000000
50849  21.400  -36.947  50.779 0.0000000000
49958  19.703  -37.767  48.176 0.0000000000
67581  39.649  -19.428  31.209 0.0000000000
134116  40.903  -20.750  34.074 0.0000000000
66645  41.487  -20.444  33.573 0.0000000000
67570  41.593  -19.422  32.491 0.0000000000
67571  40.793  -19.464  32.275 0.0000000000
45101  16.303  -42.767  54.622 0.0000000000
37934  7.766  -49.894  51.048 0.0000000000
37033  6.587  -51.664  50.550 0.0000000000
37027  6.480  -51.646  51.301 0.0000000000
37021  6.285  -51.763  52.293 0.0000000000
54479  33.387  -33.309  49.021 0.0000000000
54498  32.979  -33.982  47.299 0.0000000000
54514  32.750  -34.324  46.276 0.0000000000
53597  33.072  -34.403  47.022 0.0000000000
53596  33.177  -34.717  46.837 0.0000000000
51799  26.180  -36.616  46.161 0.0000000000
51814  27.089  -36.936  44.859 0.0000000000
51813  27.724  -37.247  44.497 0.0000000000
58293  30.585  -29.666  40.977 0.0000000000
58304  30.472  -29.671  40.210 0.0000000000
57412  28.832  -30.725  39.417 0.0000000000
71181  54.495  -15.494  28.263 0.0000000000
72071  54.921  -14.558  28.405 0.0000000000
134436  54.832  -14.149  27.843 0.0000000000
73899  51.180  -12.323  27.136 0.0000000000
73906  51.473  -12.994  26.757 0.0000000000
73014  51.563  -13.586  26.496 0.0000000000
66624  37.923  -20.511  35.302 0.0000000000
147823  37.097  -20.769  35.669 0.0000000000
63857  34.823  -23.108  36.492 0.0000000000
64783  35.253  -22.287  36.135 0.0000000000
63858  34.243  -23.347  35.973 0.0000000000
63887  33.249  -23.545  34.508 0.0000000000
65653  39.600  -20.907  39.055 0.0000000000
65652  40.451  -20.797  38.609 0.0000000000
128058  40.329  -20.808  37.882 0.0000000000
66588  40.555  -20.790  37.286 0.0000000000
66604  40.829  -20.795  36.570 0.0000000000
66605  40.068  -20.731  36.730 0.0000000000
137579  39.358  -20.617  36.160 0.0000000000
45189  14.274  -43.540  46.116 0.0000000000
45190  13.579  -43.920  46.569 0.0000000000
128259  27.577  -36.904  53.848 0.0000000000
50833  26.800  -36.316  52.461 0.0000000000
51763  23.373  -36.339  49.551 0.0000000000
51775  23.768  -36.273  48.727 0.0000000000
128363  24.180  -36.210  47.954 0.0000000000
133874  24.871  -36.306  47.977 0.0000000000
51787  23.819  -35.991  47.129 0.0000000000
51801  23.156  -35.854  46.544 0.0000000000
52707  23.289  -35.604  45.900 0.0000000000
52713  23.003  -35.488  45.220 0.0000000000
129404  31.015  -34.243  40.992 0.0000000000
71163  47.728  -14.746  30.248 0.0000000000
151702  48.266  -14.713  29.661 0.0000000000
71171  48.939  -14.937  29.232 0.0000000000
70296  48.743  -16.128  27.377 0.0000000000
139025  52.322  -17.655  26.628 0.0000000000
49899  22.135  -37.401  53.770 0.0000000000
49911  21.873  -37.374  52.980 0.0000000000
69341  45.101  -16.800  32.018 0.0000000000
69350  42.467  -17.418  30.241 0.0000000000
47977  17.645  -40.311  50.811 0.0000000000
46016  14.105  -41.869  51.942 0.0000000000
46034  13.229  -42.541  50.544 0.0000000000
134646  12.663  -43.249  49.275 0.0000000000
144548  9.959  -46.705  51.001 0.0000000000
42107  10.096  -46.340  50.110 0.0000000000
130081  33.506  -28.889  42.540 0.0000000000
146307  32.743  -28.883  43.285 0.0000000000
151297  32.047  -28.900  43.193 0.0000000000
56486  31.642  -31.576  47.164 0.0000000000
56494  31.188  -31.641  45.867 0.0000000000
57345  30.572  -30.418  44.817 0.0000000000
54543  31.706  -33.892  43.503 0.0000000000
52730  33.429  -35.614  43.150 0.0000000000
50952  32.112  -38.189  41.528 0.0000000000
49919  29.393  -37.814  51.475 0.0000000000
49932  29.918  -38.329  50.896 0.0000000000
49944  29.981  -38.258  49.874 0.0000000000
49971  29.702  -38.675  47.152 0.0000000000
130942  30.142  -38.722  47.782 0.0000000000
49970  31.022  -38.899  47.674 0.0000000000
49954  32.619  -37.947  48.389 0.0000000000
49968  32.774  -37.893  47.589 0.0000000000
49967  33.237  -37.198  47.374 0.0000000000
147387  32.868  -37.827  46.866 0.0000000000
49984  32.459  -38.172  45.999 0.0000000000
129429  29.105  -38.264  42.868 0.0000000000
50044  29.791  -38.314  41.989 0.0000000000
50060  29.621  -38.190  41.015 0.0000000000
60013  35.267  -27.415  39.615 0.0000000000
60023  35.060  -27.231  39.118 0.0000000000
59207  34.883  -27.708  39.360 0.0000000000
60024  34.454  -27.751  38.863 0.0000000000
59212  33.701  -27.948  38.386 0.0000000000
134263  30.927  -29.124  36.967 0.0000000000
58334  30.883  -28.947  36.078 0.0000000000
74759  48.313  -11.682  25.269 0.0000000000
76449  48.532  -10.139  25.662 0.0000000000
65655  37.579  -21.264  38.239 0.0000000000
147096  34.135  -24.920  36.838 0.0000000000
66559  41.525  -21.024  40.425 0.0000000000
64740  39.580  -22.272  40.529 0.0000000000
47097  16.881  -40.930  45.231 0.0000000000
47082  16.816  -40.764  46.230 0.0000000000
153378  16.379  -41.117  46.563 0.0000000000
129892  15.516  -41.355  47.688 0.0000000000
50822  23.662  -36.249  52.703 0.0000000000
130178  24.464  -35.910  52.141 0.0000000000
50847  23.088  -36.059  51.134 0.0000000000
50859  22.882  -36.324  50.336 0.0000000000
50860  21.994  -36.525  50.190 0.0000000000
150044  22.607  -36.468  49.639 0.0000000000
51776  21.897  -36.546  48.329 0.0000000000
50897  21.025  -36.670  46.878 0.0000000000
49989  19.209  -38.107  46.397 0.0000000000
71187  45.875  -15.465  28.161 0.0000000000
71186  46.665  -15.258  28.566 0.0000000000
71194  46.611  -15.425  27.753 0.0000000000
66631  43.347  -20.469  34.917 0.0000000000
67552  43.927  -20.194  34.354 0.0000000000
66644  42.347  -20.539  33.794 0.0000000000
67567  44.044  -19.213  33.045 0.0000000000
68461  43.979  -17.919  32.061 0.0000000000
68464  41.542  -18.465  31.346 0.0000000000
68470  41.954  -17.931  30.829 0.0000000000
46971  17.940  -41.237  53.622 0.0000000000
148847  16.729  -41.028  52.964 0.0000000000
45984  15.817  -42.125  54.057 0.0000000000
45998  14.453  -42.037  53.017 0.0000000000
45135  13.673  -42.509  52.573 0.0000000000
40988  10.714  -46.763  54.192 0.0000000000
41006  10.055  -47.263  52.769 0.0000000000
41007  9.619  -47.510  52.013 0.0000000000
39928  9.040  -48.014  50.643 0.0000000000
38880  8.521  -48.757  49.213 0.0000000000
55523  32.065  -32.072  48.079 0.0000000000
142906  32.117  -33.118  46.219 0.0000000000
54530  32.144  -34.180  44.479 0.0000000000
54529  32.398  -34.509  44.725 0.0000000000
147331  32.668  -35.091  44.135 0.0000000000
52729  32.960  -35.564  44.030 0.0000000000
51838  33.490  -36.260  43.284 0.0000000000
50934  33.218  -36.988  43.708 0.0000000000
49945  28.599  -37.342  49.405 0.0000000000
50870  27.788  -37.164  48.255 0.0000000000
50881  28.498  -37.685  47.745 0.0000000000
128272  28.159  -37.836  46.823 0.0000000000
49972  29.027  -38.277  46.969 0.0000000000
146622  29.586  -38.810  46.539 0.0000000000
49987  29.534  -38.774  45.771 0.0000000000
50000  30.488  -38.766  45.389 0.0000000000
50924  28.831  -38.162  44.629 0.0000000000
50937  28.351  -37.707  43.217 0.0000000000
58312  32.714  -29.030  39.154 0.0000000000
58322  30.270  -29.590  38.649 0.0000000000
135704  30.747  -29.354  37.829 0.0000000000
58328  30.143  -29.651  37.117 0.0000000000
75568  49.051  -10.671  27.095 0.0000000000
73900  50.143  -11.944  26.998 0.0000000000
74756  48.649  -11.589  26.124 0.0000000000
73026  48.969  -13.234  25.037 0.0000000000
131257  39.104  -20.336  33.237 0.0000000000
131886  38.291  -20.232  33.160 0.0000000000
131013  37.860  -20.461  34.466 0.0000000000
66636  37.225  -20.525  34.160 0.0000000000
65681  36.620  -21.511  37.005 0.0000000000
133976  36.478  -21.258  36.124 0.0000000000
64796  35.021  -21.906  35.215 0.0000000000
66576  41.209  -20.795  38.464 0.0000000000
143681  41.737  -20.677  38.823 0.0000000000
66602  42.301  -20.435  36.343 0.0000000000
143005  41.953  -20.715  35.858 0.0000000000
66621  40.517  -20.890  35.318 0.0000000000
137041  41.100  -20.959  34.902 0.0000000000
66646  40.232  -20.548  33.842 0.0000000000
48914  29.529  -37.189  54.996 0.0000000000
49879  30.089  -37.012  54.589 0.0000000000
48939  29.534  -37.340  53.885 0.0000000000
48940  29.126  -37.388  53.712 0.0000000000
48955  29.071  -37.413  53.013 0.0000000000
49908  28.359  -37.058  53.162 0.0000000000
49920  28.910  -37.418  52.226 0.0000000000
49934  27.969  -36.842  50.099 0.0000000000
50845  25.201  -35.764  51.642 0.0000000000
50858  24.708  -35.920  50.214 0.0000000000
128297  26.342  -35.980  50.492 0.0000000000
139274  27.065  -36.461  49.735 0.0000000000
50871  26.991  -36.762  48.575 0.0000000000
51784  26.102  -36.602  47.054 0.0000000000
52719  25.295  -35.705  44.898 0.0000000000
128984  24.969  -35.458  44.130 0.0000000000
54570  29.463  -32.646  41.617 0.0000000000
71148  51.707  -15.243  30.508 0.0000000000
71185  47.544  -15.095  28.690 0.0000000000
71184  48.588  -15.210  28.650 0.0000000000
71183  49.656  -15.568  28.711 0.0000000000
71170  50.020  -15.367  29.212 0.0000000000
152303  50.803  -15.721  29.296 0.0000000000
71160  51.247  -15.772  29.708 0.0000000000
138642  51.906  -15.852  30.068 0.0000000000
71168  52.403  -16.238  29.732 0.0000000000
145867  53.095  -16.271  29.571 0.0000000000
70276  53.203  -16.697  28.883 0.0000000000
69361  52.211  -17.038  28.292 0.0000000000
133650  53.928  -16.271  28.108 0.0000000000
71191  54.373  -15.674  27.598 0.0000000000
132103  19.203  -39.240  50.344 0.0000000000
47976  18.937  -40.355  51.813 0.0000000000
46980  18.562  -40.987  52.893 0.0000000000
47944  20.787  -39.919  54.326 0.0000000000
131739  20.394  -40.934  53.695 0.0000000000
47945  20.321  -40.890  54.498 0.0000000000
46969  19.928  -41.138  53.224 0.0000000000
46979  19.319  -41.127  53.001 0.0000000000
45972  17.646  -42.589  54.778 0.0000000000
50786  30.790  -36.459  56.128 0.0000000000
49854  30.097  -36.888  55.886 0.0000000000
139039  28.369  -37.302  55.155 0.0000000000
48930  27.950  -37.201  54.953 0.0000000000
151775  26.192  -36.436  53.897 0.0000000000
49896  25.751  -36.513  54.608 0.0000000000
133578  20.918  -37.714  51.194 0.0000000000
149250  20.301  -38.174  50.579 0.0000000000
131809  38.236  -20.155  31.854 0.0000000000
71140  47.133  -15.033  32.060 0.0000000000
70246  46.219  -16.146  32.714 0.0000000000
71141  46.574  -15.535  32.378 0.0000000000
71152  46.664  -15.277  31.619 0.0000000000
132848  46.380  -15.344  30.345 0.0000000000
71164  45.973  -15.475  29.856 0.0000000000
70270  45.286  -15.764  29.662 0.0000000000
71174  45.946  -15.453  29.084 0.0000000000
151335  17.666  -40.073  49.064 0.0000000000
48001  17.134  -40.315  48.716 0.0000000000
130764  15.913  -40.940  48.125 0.0000000000
46081  14.906  -41.734  47.719 0.0000000000
128737  15.910  -40.645  51.492 0.0000000000
47006  15.160  -40.817  50.437 0.0000000000
47007  14.232  -41.443  50.810 0.0000000000
44241  12.754  -44.409  47.023 0.0000000000
44188  12.859  -43.641  53.419 0.0000000000
44199  12.589  -43.621  52.553 0.0000000000
42069  11.034  -46.225  53.938 0.0000000000
43170  11.432  -45.574  53.620 0.0000000000
43179  11.306  -45.373  52.785 0.0000000000
42079  10.805  -45.832  52.233 0.0000000000
43185  11.655  -44.734  52.604 0.0000000000
137232  11.927  -44.076  51.168 0.0000000000
44210  11.740  -44.300  50.281 0.0000000000
44219  11.311  -44.824  49.667 0.0000000000
44228  11.289  -44.916  48.715 0.0000000000
43226  10.652  -45.597  48.687 0.0000000000
130475  11.117  -45.342  48.038 0.0000000000
142976  5.673  -52.487  52.356 0.0000000000
34365  4.551  -54.575  51.168 0.0000000000
34356  4.588  -54.057  52.824 0.0000000000
61871  37.284  -25.210  40.655 0.0000000000
59202  34.773  -28.444  40.432 0.0000000000
58300  33.980  -28.758  40.162 0.0000000000
153757  33.270  -28.917  40.260 0.0000000000
145838  32.087  -29.095  40.643 0.0000000000
57382  29.913  -30.083  41.458 0.0000000000
58258  31.855  -29.023  43.935 0.0000000000
155119  30.567  -29.747  43.516 0.0000000000
57368  29.890  -30.550  42.866 0.0000000000
55580  29.807  -32.640  42.362 0.0000000000
132724  33.444  -35.270  42.773 0.0000000000
53636  33.137  -34.841  42.420 0.0000000000
154891  33.232  -34.912  41.732 0.0000000000
52760  32.569  -35.574  40.274 0.0000000000
50983  32.184  -37.501  39.590 0.0000000000
52688  33.732  -34.821  49.109 0.0000000000
48926  30.534  -37.128  53.966 0.0000000000
128367  31.307  -37.065  53.904 0.0000000000
49893  31.947  -37.286  53.316 0.0000000000
48952  31.171  -37.992  52.381 0.0000000000
49917  33.057  -37.293  51.914 0.0000000000
144626  29.432  -37.795  49.294 0.0000000000
49943  30.641  -38.498  49.458 0.0000000000
48975  32.334  -37.970  50.749 0.0000000000
50843  33.256  -37.197  51.145 0.0000000000
50842  33.583  -36.590  50.890 0.0000000000
50867  33.589  -36.367  49.449 0.0000000000
51759  33.707  -35.923  49.950 0.0000000000
51758  33.763  -35.356  49.614 0.0000000000
51770  33.640  -35.226  48.758 0.0000000000
52698  33.519  -34.795  48.243 0.0000000000
51781  33.435  -35.187  47.815 0.0000000000
137758  33.306  -35.703  46.390 0.0000000000
51811  33.211  -36.081  45.780 0.0000000000
50907  33.239  -36.490  45.842 0.0000000000
51812  33.098  -36.024  45.002 0.0000000000
50013  31.196  -38.496  44.579 0.0000000000
50025  32.377  -38.277  43.240 0.0000000000
50059  30.598  -38.357  41.205 0.0000000000
149536  37.056  -24.754  40.237 0.0000000000
60965  35.364  -26.497  38.861 0.0000000000
61892  35.367  -25.707  38.427 0.0000000000
61903  34.847  -25.546  37.842 0.0000000000
61904  34.290  -25.547  37.320 0.0000000000
61915  33.595  -25.601  36.787 0.0000000000
58319  32.871  -28.775  38.604 0.0000000000
59220  33.130  -28.077  37.907 0.0000000000
130635  32.061  -28.341  37.469 0.0000000000
60040  32.516  -28.075  37.480 0.0000000000
60039  33.015  -27.560  37.395 0.0000000000
140599  32.832  -25.975  36.380 0.0000000000
154719  32.545  -25.517  35.711 0.0000000000
71201  53.269  -15.327  26.337 0.0000000000
72093  52.212  -15.089  26.096 0.0000000000
72094  51.319  -14.771  25.740 0.0000000000
71209  51.704  -15.423  25.230 0.0000000000
43210  10.938  -45.289  50.077 0.0000000000
48927  29.830  -37.178  54.261 0.0000000000
48937  31.093  -37.559  53.202 0.0000000000
48976  31.535  -38.426  50.654 0.0000000000
50869  28.354  -37.337  48.593 0.0000000000
51771  33.654  -35.782  49.165 0.0000000000
51796  33.307  -35.308  46.766 0.0000000000
53555  33.790  -34.385  49.299 0.0000000000
58310  33.789  -28.632  39.425 0.0000000000
60950  35.496  -26.811  39.418 0.0000000000
60980  34.901  -26.318  38.245 0.0000000000
66650  36.944  -20.454  33.478 0.0000000000
70291  53.765  -16.623  27.461 0.0000000000
71149  51.226  -15.354  30.240 0.0000000000
73016  49.921  -13.134  26.051 0.0000000000
73897  53.828  -13.027  27.651 0.0000000000
73912  49.112  -12.882  25.639 0.0000000000
74755  49.233  -11.454  26.775 0.0000000000
75569  48.697  -10.329  26.458 0.0000000000
75574  48.315  -10.765  25.104 0.0000000000
75576  48.323  -10.502  24.375 0.0000000000
134311  30.029  -36.977  55.154 0.0000000000
142053  36.052  -25.153  39.178 0.0000000000
147938  48.680  -10.988  26.513 0.0000000000
149354  39.425  -20.612  36.977 0.0000000000
149980  31.118  -38.458  51.117 0.0000000000
