#!ascii label  , from subject sub-v1s12x0050104_ses-1 vox2ras=TkReg
2058
35127  37.682  -54.913  -27.998 0.6000000238
34244  37.417  -55.178  -26.645 0.5000000000
37800  38.551  -51.792  -27.339 0.6999999881
138481  38.796  -52.054  -28.007 0.6000000238
37807  39.267  -51.605  -28.600 0.6000000238
149827  39.557  -50.068  -28.338 0.6000000238
36012  37.809  -53.781  -27.266 0.6999999881
36011  38.160  -53.329  -27.726 0.6000000238
36913  38.578  -52.824  -28.228 0.5000000000
36918  38.822  -53.003  -28.943 0.5000000000
36912  39.285  -52.347  -29.208 0.5000000000
128022  39.710  -50.826  -28.904 0.6000000238
36006  37.608  -53.884  -26.587 0.5000000000
35120  37.589  -54.572  -27.151 0.5000000000
35126  38.007  -54.468  -28.484 0.6000000238
38732  40.043  -50.052  -29.078 0.6000000238
33355  37.216  -56.602  -25.808 0.5000000000
132428  37.039  -57.170  -25.019 0.5000000000
41899  39.046  -47.360  -26.686 0.6000000238
135431  39.250  -47.888  -27.316 0.6999999881
37793  38.015  -51.416  -25.967 0.6000000238
130514  38.357  -50.713  -26.476 0.6999999881
39697  38.780  -49.121  -26.929 0.6000000238
141610  39.165  -48.730  -27.418 0.6000000238
128057  39.541  -49.132  -28.117 0.6000000238
36901  37.932  -52.265  -26.234 0.6000000238
36900  38.246  -52.239  -26.926 0.6999999881
40820  40.018  -48.618  -28.723 0.6000000238
35999  37.271  -53.843  -25.305 0.5000000000
36892  37.641  -52.516  -25.580 0.5000000000
39713  40.281  -49.298  -29.202 0.6000000238
34230  37.214  -55.880  -25.649 0.5000000000
40835  40.544  -48.615  -29.404 0.6000000238
34216  37.077  -55.341  -25.032 0.5000000000
40834  40.918  -47.972  -29.701 0.6000000238
43033  41.448  -46.232  -29.734 0.6999999881
40843  41.429  -48.071  -30.340 0.6000000238
43045  41.857  -46.460  -30.419 0.6999999881
41944  41.949  -47.347  -30.851 0.6000000238
136359  42.352  -48.013  -31.492 0.6000000238
43051  43.108  -46.171  -31.825 0.6000000238
41950  42.680  -47.134  -31.640 0.6000000238
47872  45.815  -41.904  -33.813 0.5000000000
48838  46.649  -39.934  -34.149 0.6999999881
46877  46.352  -42.574  -34.432 0.6000000238
49775  47.558  -39.535  -34.952 0.8000000119
48847  47.417  -41.037  -35.380 0.6999999881
131744  39.365  -46.637  -26.860 0.6999999881
38703  38.218  -49.880  -25.945 0.6999999881
128109  38.593  -49.831  -26.745 0.6999999881
40797  38.768  -48.276  -26.615 0.6000000238
41915  39.631  -47.460  -27.839 0.6999999881
43009  39.695  -46.735  -27.588 0.6999999881
37785  37.694  -51.409  -25.196 0.6000000238
39678  37.857  -49.858  -25.105 0.6000000238
43008  40.163  -46.192  -27.964 0.8000000119
149399  37.220  -52.711  -24.166 0.5000000000
37777  37.446  -51.682  -24.340 0.5000000000
44000  40.688  -45.654  -28.380 0.8000000119
41926  40.431  -47.178  -28.889 0.6000000238
35983  36.900  -53.585  -23.610 0.5000000000
129269  37.399  -53.019  -25.078 0.5000000000
44012  41.082  -45.936  -29.060 0.8000000119
43034  40.917  -46.715  -29.303 0.6000000238
34202  36.805  -55.854  -24.084 0.5000000000
44011  41.614  -45.428  -29.479 0.8000000119
44967  41.814  -44.614  -29.222 0.8000000119
41937  41.316  -47.162  -29.971 0.6999999881
44975  42.577  -44.501  -30.496 0.6999999881
44010  42.138  -44.935  -29.924 0.6999999881
45874  43.087  -44.051  -31.174 0.6999999881
44984  42.860  -44.896  -31.121 0.6999999881
43044  42.396  -46.442  -31.090 0.6999999881
132700  43.417  -43.324  -31.636 0.6000000238
44026  43.234  -45.289  -31.684 0.6000000238
44027  42.668  -45.659  -31.167 0.6000000238
136495  43.961  -42.062  -32.215 0.6999999881
45881  43.676  -44.004  -32.049 0.6999999881
44991  43.738  -44.847  -32.197 0.6000000238
47864  44.786  -41.742  -32.977 0.6999999881
46865  44.535  -42.591  -32.780 0.6000000238
136500  46.712  -40.748  -34.417 0.8000000119
48833  45.716  -41.178  -33.632 0.8000000119
134226  45.278  -43.059  -33.468 0.6000000238
50719  47.290  -38.537  -34.490 0.8999999762
49784  47.975  -39.223  -36.118 0.6999999881
48851  47.400  -40.682  -35.772 0.6999999881
44938  39.737  -44.936  -25.868 0.6000000238
43978  39.972  -45.197  -26.794 0.6999999881
45830  40.581  -43.727  -26.177 0.6999999881
42995  38.990  -46.684  -26.086 0.6000000238
144126  41.019  -43.387  -26.632 0.6000000238
41854  38.355  -47.384  -23.750 0.4000000060
140687  38.113  -49.135  -25.427 0.6000000238
42978  38.708  -46.745  -25.220 0.6000000238
44949  40.539  -44.653  -27.277 0.6999999881
151468  37.847  -49.184  -24.720 0.6000000238
128887  37.486  -50.704  -22.835 0.4000000060
38689  37.547  -50.244  -23.598 0.5000000000
38695  37.609  -50.656  -24.546 0.6000000238
44956  40.882  -44.875  -28.060 0.8000000119
128537  37.264  -52.035  -23.446 0.5000000000
44955  41.490  -44.340  -28.461 0.8000000119
45848  42.126  -42.986  -28.821 0.8000000119
142849  36.656  -55.128  -23.354 0.5000000000
45866  42.558  -43.223  -30.080 0.8000000119
48813  42.548  -40.193  -30.632 0.8000000119
46846  42.689  -42.418  -30.483 0.6999999881
45858  42.304  -43.318  -29.408 0.8000000119
137338  43.477  -41.437  -31.686 0.8000000119
47846  42.820  -41.573  -30.950 0.6999999881
49758  44.253  -39.169  -32.109 0.8999999762
150105  44.102  -41.329  -32.299 0.8999999762
49767  44.455  -39.981  -32.423 0.8999999762
46866  43.828  -42.872  -32.155 0.6999999881
49776  46.526  -39.139  -33.835 0.8999999762
154124  45.796  -39.490  -33.357 0.8999999762
51643  48.029  -38.046  -36.251 0.8000000119
51644  47.171  -38.342  -36.143 0.8000000119
50726  48.106  -38.518  -36.105 0.8000000119
50731  47.920  -38.840  -36.215 0.8000000119
51639  48.066  -38.135  -35.648 0.8000000119
50727  48.027  -39.021  -35.731 0.6999999881
44928  40.132  -44.199  -25.596 0.6999999881
46803  41.283  -42.292  -25.497 0.6000000238
43967  39.333  -45.489  -25.223 0.6000000238
147903  40.165  -43.975  -24.864 0.5000000000
46812  41.423  -42.306  -26.309 0.6999999881
42962  39.009  -46.067  -23.746 0.4000000060
43954  39.323  -45.391  -24.211 0.5000000000
45839  41.303  -43.422  -27.271 0.6999999881
46819  41.642  -42.724  -27.492 0.6999999881
149893  38.299  -48.604  -22.593 0.5000000000
39664  37.705  -49.507  -23.529 0.6000000238
38682  37.944  -49.917  -21.919 0.4000000060
39655  38.143  -49.230  -22.302 0.4000000060
48788  41.724  -40.198  -28.745 0.8000000119
46829  41.943  -42.508  -28.214 0.8000000119
37758  37.693  -51.462  -21.174 0.4000000060
47829  42.243  -41.837  -29.164 0.8000000119
46828  42.173  -42.321  -28.830 0.8000000119
45859  41.989  -43.792  -28.950 0.8000000119
35977  36.817  -53.679  -22.705 0.3000000119
49752  42.506  -39.392  -30.608 0.8000000119
49742  41.975  -39.056  -30.020 0.8000000119
47837  42.419  -41.565  -29.959 0.8000000119
131205  42.947  -38.974  -31.046 0.8000000119
131884  42.563  -40.927  -30.556 0.8000000119
50704  44.068  -38.345  -31.826 0.8999999762
49759  43.753  -39.776  -31.781 0.8999999762
153828  44.677  -37.754  -32.245 0.8999999762
50712  44.811  -38.580  -32.448 0.8999999762
51625  45.428  -37.158  -32.691 0.8999999762
50711  45.469  -38.077  -32.849 0.8999999762
53475  48.290  -36.334  -36.236 0.8000000119
52595  47.243  -36.630  -36.099 0.8000000119
51632  46.355  -37.766  -33.505 0.8999999762
51631  47.447  -37.535  -34.513 0.8999999762
52593  48.483  -36.597  -36.038 0.8000000119
52583  47.564  -36.549  -34.436 0.8000000119
45807  40.929  -42.897  -24.018 0.6000000238
45819  40.888  -42.869  -24.988 0.6000000238
134794  41.423  -41.700  -25.189 0.6000000238
43937  40.126  -45.061  -22.785 0.4000000060
44903  40.379  -44.308  -23.121 0.4000000060
44904  39.795  -44.790  -23.654 0.4000000060
44916  40.152  -44.105  -24.057 0.5000000000
47813  41.601  -41.695  -26.697 0.6999999881
42947  38.746  -46.724  -23.335 0.4000000060
141618  41.618  -41.119  -27.145 0.6999999881
41842  39.157  -47.422  -22.323 0.5000000000
42931  39.007  -46.838  -22.703 0.4000000060
47820  41.814  -41.858  -27.562 0.6999999881
142966  39.849  -47.597  -21.899 0.5000000000
49732  41.495  -39.368  -28.563 0.8000000119
48774  41.757  -40.883  -28.022 0.8000000119
50688  41.931  -38.133  -29.914 0.8000000119
146103  41.964  -40.273  -29.425 0.8000000119
51613  43.071  -37.158  -30.885 0.8000000119
52569  44.138  -36.481  -31.697 0.8999999762
50705  43.556  -39.025  -31.514 0.8999999762
52577  44.839  -36.335  -32.288 0.8999999762
135174  45.696  -36.275  -32.869 0.8999999762
52584  46.525  -36.185  -33.451 1.0000000000
54386  48.837  -35.098  -36.206 0.8000000119
53461  47.091  -35.688  -33.753 1.0000000000
53474  48.824  -35.768  -36.075 0.8000000119
53460  48.260  -35.836  -34.908 1.0000000000
53470  48.467  -36.413  -35.612 0.8000000119
53469  48.852  -35.851  -35.926 0.8000000119
47796  41.511  -41.257  -24.520 0.6000000238
48746  41.483  -40.536  -24.853 0.6000000238
134670  41.741  -41.798  -23.100 0.6000000238
48755  41.372  -40.270  -25.527 0.6999999881
44892  41.543  -44.167  -22.215 0.4000000060
45783  40.979  -43.828  -22.727 0.4000000060
45794  41.186  -43.089  -23.122 0.4000000060
43923  39.858  -45.844  -22.518 0.4000000060
149606  41.292  -40.014  -26.246 0.6999999881
43922  41.111  -46.227  -22.076 0.5000000000
130113  41.470  -45.155  -22.075 0.4000000060
48764  41.384  -40.195  -27.142 0.8000000119
50689  41.616  -38.771  -29.242 0.8000000119
51584  41.139  -37.919  -27.553 0.8000000119
136391  42.394  -37.009  -30.220 0.8000000119
52562  43.068  -36.356  -30.820 0.8000000119
132217  42.534  -37.770  -30.484 0.8000000119
148923  43.542  -36.664  -31.274 0.8999999762
53454  45.158  -35.552  -32.473 0.8999999762
139085  44.748  -34.888  -32.199 0.8999999762
53453  46.014  -35.565  -33.073 1.0000000000
54377  46.485  -35.024  -33.290 1.0000000000
54376  47.607  -34.932  -34.055 1.0000000000
54381  49.229  -34.391  -36.065 0.8000000119
53476  47.358  -35.913  -36.007 0.8000000119
139077  48.448  -34.492  -34.708 1.0000000000
55374  49.272  -34.426  -35.776 0.8000000119
54375  48.805  -35.219  -35.495 0.8000000119
47785  42.177  -41.119  -22.846 0.6000000238
153648  41.485  -41.733  -23.856 0.6000000238
48737  41.598  -40.419  -24.122 0.6000000238
49693  41.214  -39.407  -25.637 0.6999999881
50635  41.318  -37.865  -25.076 0.6999999881
46753  43.349  -42.725  -21.715 0.4000000060
46768  42.201  -42.935  -22.108 0.5000000000
46769  41.705  -42.577  -22.712 0.5000000000
139733  41.133  -39.288  -26.563 0.8000000119
51557  41.162  -37.602  -25.768 0.8000000119
44891  42.258  -44.421  -21.983 0.4000000060
50662  41.051  -38.503  -26.830 0.8000000119
44889  43.925  -44.491  -22.369 0.4000000060
45780  43.975  -43.677  -21.933 0.4000000060
147811  41.441  -37.298  -28.799 0.8000000119
50676  41.355  -38.481  -28.407 0.8000000119
51607  41.813  -37.271  -29.517 0.8000000119
52563  42.516  -36.225  -30.290 0.8000000119
53445  44.312  -35.534  -31.813 0.8999999762
53446  43.558  -34.974  -31.222 0.8000000119
54365  45.564  -34.739  -32.655 1.0000000000
54364  46.416  -34.273  -33.153 1.0000000000
55362  45.552  -33.784  -32.492 1.0000000000
57204  49.594  -32.265  -35.125 1.0000000000
55378  49.473  -33.558  -36.297 0.8999999762
54383  47.457  -34.480  -35.821 0.8000000119
130814  48.629  -33.404  -36.241 0.8999999762
56345  50.107  -32.770  -36.124 1.0000000000
56349  49.976  -32.870  -36.299 1.0000000000
56350  49.172  -32.699  -36.345 1.0000000000
58056  49.712  -31.089  -34.604 1.0000000000
59023  49.733  -29.878  -34.026 1.0000000000
58055  50.272  -30.500  -35.355 1.0000000000
59033  50.281  -29.718  -35.433 1.0000000000
59835  50.236  -28.436  -33.882 1.0000000000
59027  50.355  -28.898  -34.970 1.0000000000
49673  41.728  -39.619  -23.805 0.6999999881
139155  41.566  -39.002  -24.236 0.6999999881
149441  42.307  -38.194  -23.691 0.6999999881
49658  43.042  -39.811  -22.584 0.6000000238
49672  42.415  -39.528  -23.104 0.6000000238
137599  41.291  -38.751  -24.930 0.6999999881
47770  42.889  -41.151  -22.214 0.6000000238
47751  43.951  -42.116  -21.660 0.5000000000
136243  41.143  -37.100  -26.143 0.8000000119
45779  44.679  -43.226  -22.035 0.4000000060
51569  41.062  -37.743  -26.533 0.8000000119
52551  41.234  -36.963  -28.083 0.8000000119
52557  41.524  -36.612  -28.883 0.8000000119
53431  42.212  -35.518  -29.780 0.8000000119
53432  41.702  -35.661  -28.885 0.8000000119
54350  43.046  -34.420  -30.560 0.6999999881
53438  42.878  -35.437  -30.597 0.8000000119
54356  44.219  -34.549  -31.663 0.8999999762
55336  43.892  -33.231  -30.927 0.8000000119
54366  44.819  -34.147  -32.128 0.8999999762
150518  44.453  -33.023  -31.341 1.0000000000
55350  44.918  -33.326  -31.882 1.0000000000
55361  46.349  -33.379  -32.847 1.0000000000
57201  45.744  -32.095  -31.978 1.0000000000
57200  46.151  -31.266  -31.678 1.0000000000
56336  47.207  -32.809  -33.288 1.0000000000
58052  46.937  -30.966  -32.253 1.0000000000
57199  47.500  -31.738  -33.114 1.0000000000
58050  48.878  -30.399  -33.355 1.0000000000
57212  49.090  -31.680  -36.191 1.0000000000
57208  47.865  -31.686  -35.628 1.0000000000
58064  50.315  -31.385  -36.220 1.0000000000
59034  50.057  -30.004  -35.785 1.0000000000
59029  49.489  -28.913  -35.241 1.0000000000
60768  50.128  -27.769  -33.993 1.0000000000
59842  50.235  -28.562  -34.891 1.0000000000
50610  42.712  -38.683  -23.280 0.6999999881
51544  41.722  -37.445  -24.597 0.6999999881
49656  44.598  -39.693  -22.505 0.5000000000
50609  43.581  -38.532  -23.185 0.6999999881
145897  41.510  -36.907  -25.286 0.6999999881
48720  43.375  -40.411  -22.255 0.6000000238
47750  44.696  -41.600  -21.742 0.5000000000
47768  44.711  -40.889  -21.858 0.5000000000
52532  41.335  -36.417  -26.193 0.8000000119
154921  41.290  -36.117  -26.862 0.8000000119
53425  41.469  -35.486  -27.965 0.6999999881
54338  41.795  -34.790  -28.351 0.8000000119
151886  42.336  -34.176  -29.368 0.8000000119
54344  42.071  -34.808  -29.180 0.8000000119
55337  43.262  -33.537  -30.416 0.6999999881
55338  42.668  -33.856  -29.876 0.6999999881
56321  44.283  -32.467  -30.745 0.8999999762
56310  44.114  -31.811  -29.861 0.8000000119
137048  46.294  -30.516  -29.121 0.8000000119
58019  47.619  -30.252  -28.695 0.8000000119
56331  44.984  -32.426  -31.457 0.8999999762
57187  44.912  -31.186  -29.876 0.8000000119
58040  45.849  -30.623  -29.913 0.8000000119
57194  45.422  -31.535  -31.195 1.0000000000
58048  45.929  -30.758  -30.845 0.8999999762
58039  46.880  -30.173  -30.356 0.8999999762
58018  48.514  -29.544  -28.334 0.8000000119
58047  46.758  -30.411  -31.307 1.0000000000
58051  47.888  -30.722  -32.788 1.0000000000
57205  48.650  -31.496  -33.778 1.0000000000
143570  49.284  -29.450  -32.829 1.0000000000
154279  49.524  -28.868  -32.422 1.0000000000
59844  49.055  -27.841  -34.801 1.0000000000
59831  49.236  -28.626  -31.836 1.0000000000
59836  49.717  -28.272  -32.952 1.0000000000
60777  49.393  -27.342  -34.489 1.0000000000
60763  49.244  -27.874  -32.214 1.0000000000
60770  48.904  -26.908  -32.796 1.0000000000
61670  48.771  -26.073  -33.938 1.0000000000
50608  44.586  -38.519  -23.289 0.6999999881
51529  43.925  -37.817  -23.564 0.6999999881
51542  43.276  -37.201  -23.865 0.6999999881
52507  42.730  -36.688  -24.309 0.6999999881
50607  45.487  -38.909  -23.291 0.6000000238
52520  42.233  -36.279  -24.852 0.6999999881
48718  45.152  -40.306  -22.211 0.5000000000
53396  41.806  -35.945  -25.577 0.6999999881
48717  46.181  -40.326  -22.510 0.5000000000
53407  42.116  -35.148  -25.870 0.8000000119
54320  41.834  -34.895  -26.668 0.6999999881
54331  42.076  -34.087  -27.873 0.6999999881
54332  41.729  -34.785  -27.497 0.6999999881
55320  42.448  -33.425  -28.280 0.6999999881
56298  42.851  -32.827  -28.746 0.6999999881
56322  43.569  -32.674  -30.180 0.6999999881
55327  42.956  -33.066  -29.625 0.6999999881
58020  46.064  -30.871  -28.407 0.8000000119
57166  47.412  -30.764  -28.148 0.8000000119
58008  48.589  -30.591  -27.385 0.8000000119
150984  48.614  -30.200  -27.385 0.8000000119
58968  48.339  -29.829  -27.269 0.8000000119
59001  48.288  -29.454  -29.594 1.0000000000
59000  48.589  -29.137  -28.873 0.8999999762
58980  48.474  -29.477  -27.952 0.8000000119
133495  48.711  -29.037  -29.262 1.0000000000
59799  47.937  -29.074  -28.072 0.8000000119
58046  47.617  -29.988  -31.829 1.0000000000
58038  47.806  -29.642  -30.707 1.0000000000
59019  48.504  -29.727  -32.335 1.0000000000
59012  48.929  -28.870  -30.941 1.0000000000
60754  48.197  -28.008  -30.903 1.0000000000
60778  48.581  -26.825  -34.452 1.0000000000
59845  47.726  -27.781  -34.345 1.0000000000
60764  48.472  -27.493  -31.857 1.0000000000
61662  48.036  -26.212  -32.494 1.0000000000
141279  49.132  -26.591  -33.629 1.0000000000
61672  48.767  -26.410  -34.196 1.0000000000
51528  44.947  -37.817  -23.880 0.6999999881
51541  44.218  -37.158  -24.134 0.6999999881
150529  43.948  -36.007  -24.858 0.6000000238
53394  43.495  -35.413  -25.112 0.6000000238
54304  42.947  -34.799  -25.521 0.6000000238
54318  43.323  -34.083  -25.930 0.6999999881
55313  43.194  -33.020  -27.068 0.6999999881
55303  42.812  -33.693  -26.622 0.6999999881
56288  42.889  -32.799  -27.890 0.6999999881
56297  43.394  -32.212  -28.366 0.6999999881
57156  46.518  -31.385  -27.824 0.8000000119
57167  44.778  -31.224  -28.524 0.8000000119
57982  47.739  -30.949  -26.041 0.8000000119
57996  47.544  -30.205  -26.467 0.8000000119
58969  47.128  -29.573  -26.805 0.8000000119
59809  47.640  -28.700  -28.614 0.8000000119
58982  46.337  -29.183  -27.259 0.8000000119
128105  48.586  -28.876  -29.512 1.0000000000
59819  47.835  -28.525  -29.338 1.0000000000
129757  45.573  -28.843  -27.648 0.6999999881
59820  46.571  -28.315  -29.284 1.0000000000
59810  46.281  -28.479  -28.667 0.8999999762
60746  46.809  -28.039  -30.015 1.0000000000
60755  47.093  -27.603  -30.730 1.0000000000
60756  46.046  -27.241  -30.527 1.0000000000
60775  46.539  -27.371  -33.721 1.0000000000
60765  47.436  -27.068  -31.548 1.0000000000
61663  47.009  -26.002  -31.842 1.0000000000
62585  48.299  -25.477  -34.080 1.0000000000
61673  48.175  -25.865  -34.295 1.0000000000
60779  47.566  -26.562  -34.235 1.0000000000
62571  48.204  -25.029  -33.239 1.0000000000
52506  43.619  -36.546  -24.378 0.6999999881
54317  44.238  -33.958  -26.020 0.6000000238
55301  44.614  -33.341  -26.451 0.6999999881
56286  44.626  -32.136  -27.289 0.6999999881
56273  44.108  -32.741  -26.786 0.6999999881
57158  44.154  -31.700  -27.970 0.6999999881
56285  45.697  -32.070  -27.341 0.8000000119
57994  48.773  -31.174  -27.063 0.6999999881
57141  48.495  -31.156  -26.588 0.6999999881
57983  45.533  -30.518  -25.458 0.6999999881
58956  45.093  -29.953  -25.932 0.6999999881
58970  45.738  -29.560  -26.604 0.6999999881
59801  44.568  -28.589  -27.589 0.8000000119
58983  45.099  -29.117  -27.091 0.6999999881
60739  45.384  -28.075  -29.137 0.8999999762
60747  45.676  -27.709  -29.863 1.0000000000
60748  44.737  -27.253  -29.540 1.0000000000
61671  46.723  -26.366  -33.871 1.0000000000
61656  46.478  -26.722  -31.175 1.0000000000
62586  47.919  -25.086  -34.168 1.0000000000
62572  47.592  -24.906  -32.506 1.0000000000
52518  45.500  -36.332  -25.780 0.6000000238
52519  44.552  -35.710  -25.371 0.6000000238
53393  44.929  -35.066  -25.887 0.6000000238
129445  45.782  -34.786  -26.525 0.6000000238
53406  44.808  -34.500  -26.035 0.6000000238
153844  45.985  -33.985  -26.718 0.6000000238
55300  45.577  -33.352  -26.693 0.6000000238
56271  46.173  -32.702  -27.112 0.6000000238
56282  48.805  -32.217  -27.087 0.6999999881
57131  48.191  -31.642  -26.055 0.6999999881
57119  46.264  -31.790  -24.849 0.6999999881
57133  45.859  -31.165  -25.085 0.6999999881
57970  44.846  -30.959  -24.660 0.6999999881
57984  44.482  -30.288  -25.167 0.6999999881
60671  50.491  -27.778  -22.611 0.3000000119
59790  43.612  -28.968  -26.094 0.6999999881
58957  44.107  -29.672  -25.669 0.6999999881
60686  50.827  -27.358  -23.049 0.3000000119
59789  44.081  -28.851  -26.924 0.8000000119
59015  43.763  -29.241  -31.451 0.8999999762
60740  44.402  -27.695  -28.817 1.0000000000
59838  44.781  -27.966  -32.281 1.0000000000
60776  45.927  -26.604  -33.391 1.0000000000
60771  45.483  -27.505  -32.912 1.0000000000
61651  44.484  -26.131  -29.707 1.0000000000
63612  46.709  -24.104  -31.437 1.0000000000
62573  46.809  -24.939  -31.738 1.0000000000
63617  48.070  -24.590  -33.615 1.0000000000
62587  47.389  -25.664  -34.134 1.0000000000
63611  47.338  -23.738  -32.174 1.0000000000
52531  46.118  -36.165  -26.606 0.6000000238
134773  46.205  -35.561  -26.780 0.6000000238
53405  46.806  -35.132  -27.329 0.6000000238
154286  48.345  -34.415  -27.579 0.6000000238
140994  48.711  -34.484  -27.437 0.6000000238
54314  48.832  -33.643  -27.046 0.6999999881
55289  48.617  -33.622  -26.420 0.6999999881
55299  46.637  -33.459  -27.097 0.6000000238
55298  48.788  -32.960  -26.772 0.6999999881
52493  50.581  -36.485  -23.236 0.3000000119
53355  50.640  -35.386  -22.695 0.3000000119
146705  48.545  -32.341  -26.358 0.6999999881
57132  47.261  -31.716  -25.429 0.6999999881
57120  45.255  -31.766  -24.160 0.6999999881
59740  50.532  -28.438  -22.414 0.3000000119
151440  49.615  -28.364  -21.868 0.4000000060
61575  50.049  -27.077  -22.618 0.4000000060
60672  49.285  -27.179  -22.090 0.4000000060
141693  43.204  -29.598  -31.047 0.6999999881
59827  42.423  -28.613  -30.186 0.6999999881
64482  49.612  -23.627  -23.241 0.3000000119
61591  50.477  -26.555  -23.224 0.3000000119
59777  43.013  -28.640  -25.374 0.6999999881
59834  43.697  -28.178  -31.234 0.8999999762
151677  50.027  -23.408  -23.755 0.3000000119
61592  49.713  -26.169  -22.860 0.3000000119
59802  43.655  -28.109  -27.373 0.8000000119
144460  44.224  -27.542  -31.717 0.8999999762
63516  49.601  -24.425  -23.265 0.3000000119
62486  49.174  -25.496  -22.583 0.3000000119
153306  43.636  -27.629  -27.820 0.8000000119
61644  43.662  -26.196  -28.510 1.0000000000
61668  45.497  -25.975  -33.127 1.0000000000
154910  44.684  -25.173  -29.990 1.0000000000
63620  47.236  -24.097  -33.711 1.0000000000
62584  46.413  -24.730  -33.683 1.0000000000
62563  45.890  -25.040  -31.111 1.0000000000
63619  47.706  -24.308  -33.588 1.0000000000
63603  46.916  -23.225  -31.450 1.0000000000
63610  47.417  -23.216  -32.745 1.0000000000
64539  46.689  -22.654  -31.535 1.0000000000
137853  47.925  -34.936  -25.239 0.6999999881
54302  48.116  -34.088  -25.564 0.6999999881
51525  50.117  -37.302  -23.634 0.3000000119
52480  49.923  -36.213  -22.753 0.4000000060
55278  47.371  -33.845  -24.708 0.6999999881
56257  47.333  -33.067  -24.960 0.6999999881
56263  47.769  -32.381  -25.499 0.6999999881
54267  49.956  -34.860  -22.004 0.4000000060
56259  45.873  -32.335  -24.198 0.6999999881
151052  50.188  -34.087  -21.819 0.3000000119
54252  49.477  -34.288  -21.590 0.5000000000
144300  45.285  -32.505  -22.645 0.6999999881
57112  44.735  -31.973  -22.958 0.6999999881
55231  49.902  -33.488  -21.501 0.5000000000
57121  44.364  -31.277  -23.669 0.6999999881
57082  49.479  -31.318  -21.141 0.4000000060
57924  47.764  -30.559  -20.578 0.6000000238
137783  48.649  -30.027  -20.926 0.5000000000
57971  43.871  -30.505  -24.198 0.6999999881
58905  49.874  -29.461  -21.674 0.3000000119
57972  43.318  -29.814  -24.179 0.6999999881
64450  47.408  -23.646  -20.887 0.4000000060
59708  47.974  -28.694  -20.862 0.4000000060
58958  43.453  -29.279  -25.337 0.6999999881
59828  41.791  -28.053  -29.564 0.6999999881
65358  47.930  -22.981  -21.195 0.4000000060
60655  49.257  -28.006  -21.731 0.4000000060
60656  48.649  -27.506  -21.529 0.4000000060
59009  42.081  -29.522  -30.036 0.6000000238
135752  49.268  -23.068  -22.611 0.3000000119
135540  48.561  -24.060  -21.919 0.3000000119
64466  48.637  -23.217  -21.888 0.4000000060
60673  48.670  -26.800  -21.739 0.4000000060
61559  47.991  -26.927  -21.205 0.4000000060
59791  43.014  -28.175  -26.070 0.6999999881
59778  42.604  -28.253  -24.629 0.6999999881
59007  43.162  -28.822  -30.810 0.6999999881
63500  48.247  -24.469  -21.597 0.4000000060
61577  48.347  -26.139  -21.619 0.4000000060
61539  47.154  -26.779  -20.758 0.4000000060
60719  43.084  -27.695  -26.735 0.8000000119
64465  49.095  -24.009  -22.558 0.3000000119
62487  48.673  -25.600  -22.028 0.3000000119
61560  47.538  -26.000  -21.039 0.4000000060
60728  43.253  -27.170  -27.464 0.8000000119
154512  45.305  -26.649  -32.845 1.0000000000
61630  43.367  -26.455  -27.901 0.8999999762
154445  43.995  -25.923  -29.083 1.0000000000
64559  46.845  -23.460  -33.457 1.0000000000
64540  46.481  -22.885  -30.743 1.0000000000
63604  46.266  -23.821  -30.854 1.0000000000
149175  44.877  -24.348  -29.708 1.0000000000
65460  46.834  -22.560  -32.304 1.0000000000
63618  46.026  -23.654  -33.227 1.0000000000
65454  46.199  -22.266  -31.504 1.0000000000
65461  46.044  -22.556  -32.267 1.0000000000
53391  48.317  -35.454  -25.814 0.6000000238
53381  47.876  -35.745  -24.574 0.6000000238
134509  47.506  -35.165  -24.149 0.6000000238
54291  47.144  -34.545  -23.897 0.6999999881
53369  48.472  -36.428  -23.261 0.5000000000
53370  47.838  -35.794  -23.417 0.6000000238
54292  46.827  -33.979  -23.802 0.6999999881
53356  49.553  -35.666  -22.353 0.5000000000
53341  49.027  -35.120  -21.830 0.4000000060
55279  46.678  -33.378  -24.250 0.6999999881
56248  46.054  -32.953  -23.807 0.6999999881
54254  47.780  -34.392  -21.634 0.6000000238
55252  46.402  -33.689  -22.362 0.6999999881
55233  48.249  -33.776  -21.170 0.6000000238
55253  45.796  -33.070  -22.800 0.6999999881
56210  49.477  -32.826  -21.123 0.6000000238
56192  47.950  -32.579  -20.640 0.6000000238
57098  45.104  -32.174  -21.854 0.6999999881
57099  44.479  -31.500  -21.983 0.6999999881
57065  48.743  -30.998  -20.783 0.5000000000
57926  45.816  -30.715  -20.549 0.6000000238
57961  43.725  -30.785  -23.088 0.6000000238
65341  46.053  -22.953  -20.189 0.4000000060
58907  48.626  -29.152  -21.096 0.4000000060
58887  47.930  -29.539  -20.708 0.4000000060
136800  46.204  -29.902  -20.499 0.5000000000
137809  45.282  -30.024  -20.548 0.6000000238
57962  43.287  -30.069  -23.422 0.6999999881
65340  47.257  -22.817  -20.663 0.4000000060
151190  47.378  -29.068  -20.631 0.5000000000
58933  42.905  -29.404  -23.712 0.6999999881
64449  48.076  -23.800  -21.433 0.4000000060
64433  45.975  -23.760  -20.257 0.5000000000
59709  47.197  -28.274  -20.672 0.4000000060
146747  47.421  -27.464  -20.814 0.4000000060
59767  42.594  -28.684  -23.861 0.6999999881
60757  42.983  -27.772  -30.659 0.8999999762
140563  42.338  -27.725  -30.134 0.6999999881
63517  48.716  -24.815  -22.155 0.4000000060
154402  46.831  -26.128  -20.671 0.4000000060
154610  42.501  -27.093  -25.383 0.6999999881
146702  42.653  -27.824  -25.381 0.6999999881
62472  47.326  -25.162  -20.871 0.4000000060
135127  44.053  -26.603  -31.726 0.8999999762
62539  43.485  -25.532  -27.866 0.8999999762
61665  44.416  -26.002  -32.281 0.8999999762
63621  46.450  -24.034  -33.540 1.0000000000
62581  45.012  -25.381  -32.818 1.0000000000
149641  44.301  -25.177  -29.350 1.0000000000
62580  45.688  -24.566  -33.278 1.0000000000
63596  45.733  -23.532  -30.153 1.0000000000
137451  44.955  -24.328  -32.706 1.0000000000
64531  45.964  -22.521  -29.946 1.0000000000
66352  44.692  -21.422  -28.241 0.8999999762
65432  45.163  -21.562  -29.282 1.0000000000
132585  45.958  -21.981  -30.257 1.0000000000
66382  44.999  -21.844  -31.258 1.0000000000
64549  45.063  -22.854  -31.976 1.0000000000
66362  45.519  -21.643  -30.132 1.0000000000
66374  45.103  -21.604  -30.733 1.0000000000
66375  44.234  -21.837  -30.851 0.8999999762
66353  44.483  -21.086  -29.101 1.0000000000
137440  44.349  -21.482  -30.350 0.8999999762
53358  47.825  -35.370  -22.603 0.6000000238
54268  47.457  -34.803  -22.300 0.6999999881
55251  47.007  -34.189  -21.912 0.6999999881
56230  46.029  -33.139  -21.848 0.6999999881
148865  47.914  -33.271  -20.863 0.6000000238
55218  47.224  -33.082  -20.854 0.6000000238
56213  45.775  -32.555  -21.410 0.6999999881
56194  46.179  -32.265  -20.827 0.6999999881
57069  45.569  -31.947  -20.983 0.6000000238
57083  44.967  -31.474  -21.171 0.6000000238
57938  44.419  -30.876  -21.309 0.6000000238
130389  46.134  -22.214  -20.093 0.3000000119
57066  47.937  -31.637  -20.548 0.6000000238
57067  47.137  -31.326  -20.501 0.6000000238
57939  43.866  -30.261  -21.420 0.6000000238
65342  45.519  -22.535  -19.989 0.4000000060
65343  44.800  -22.533  -19.971 0.4000000060
58889  45.693  -29.163  -20.490 0.6000000238
138842  44.491  -30.178  -20.819 0.6000000238
58890  44.653  -29.265  -20.573 0.5000000000
146209  43.031  -29.400  -22.160 0.6000000238
59711  45.240  -28.391  -20.457 0.4000000060
58923  42.667  -28.805  -22.494 0.6000000238
63485  45.168  -24.024  -20.207 0.5000000000
61540  46.354  -26.657  -20.522 0.4000000060
145767  46.678  -27.491  -20.599 0.4000000060
59757  42.458  -28.367  -23.142 0.6000000238
63484  45.829  -24.559  -20.308 0.5000000000
62454  46.941  -25.616  -20.695 0.4000000060
60709  42.423  -27.332  -24.679 0.6000000238
136226  46.163  -25.558  -20.432 0.4000000060
61541  45.544  -26.501  -20.436 0.4000000060
60766  43.559  -27.198  -31.241 0.8999999762
61624  42.784  -25.878  -26.422 0.8999999762
61612  42.567  -26.518  -25.834 0.8000000119
61666  43.388  -26.341  -31.292 0.8999999762
143377  43.846  -25.784  -31.762 0.8999999762
62576  43.269  -24.932  -31.287 0.8999999762
62574  44.294  -25.213  -32.249 0.8999999762
63588  44.420  -24.307  -28.825 1.0000000000
65439  45.675  -21.970  -29.530 1.0000000000
133158  44.566  -23.743  -32.109 1.0000000000
65456  44.581  -22.357  -31.418 0.8999999762
138838  43.823  -20.778  -28.976 1.0000000000
66365  42.885  -21.044  -29.762 1.0000000000
65448  43.166  -22.039  -30.569 0.8999999762
67294  43.125  -20.689  -29.112 1.0000000000
67295  42.234  -20.665  -29.145 0.8999999762
55235  46.706  -33.506  -21.500 0.6999999881
66262  47.052  -20.959  -20.392 0.3000000119
66263  46.221  -21.369  -20.001 0.3000000119
66265  44.459  -21.755  -20.029 0.3000000119
58908  43.991  -29.653  -20.946 0.6000000238
64435  44.509  -23.363  -20.213 0.5000000000
65344  43.867  -22.554  -20.364 0.4000000060
59712  44.460  -28.426  -20.550 0.5000000000
142688  44.782  -27.716  -20.481 0.5000000000
59713  43.978  -27.890  -20.672 0.5000000000
59730  42.710  -28.148  -21.913 0.5000000000
149774  44.353  -24.270  -20.429 0.5000000000
60642  44.326  -27.104  -20.592 0.5000000000
60658  43.520  -27.161  -20.947 0.5000000000
61543  43.938  -26.377  -20.726 0.5000000000
60696  42.342  -27.730  -23.746 0.6000000238
63486  44.233  -25.026  -20.562 0.5000000000
62455  45.208  -25.843  -20.419 0.5000000000
61593  42.277  -26.708  -23.964 0.6999999881
62474  42.675  -25.363  -22.002 0.5000000000
62473  43.189  -25.391  -21.298 0.5000000000
61603  42.431  -26.367  -24.893 0.6000000238
62533  43.237  -25.271  -26.976 0.8999999762
63589  43.911  -24.755  -28.161 0.8999999762
62551  43.891  -25.308  -28.655 0.8999999762
63576  44.292  -24.000  -27.946 0.8999999762
65421  44.775  -22.131  -27.661 0.8999999762
65433  45.057  -22.534  -28.272 0.8999999762
64525  44.862  -23.289  -28.489 1.0000000000
64550  44.089  -23.226  -31.516 0.8999999762
63614  43.673  -24.255  -31.559 0.8999999762
65457  43.632  -22.605  -30.989 0.8999999762
67284  44.140  -20.809  -28.307 0.8000000119
67285  43.411  -20.537  -28.370 0.6999999881
64551  43.065  -23.605  -30.908 0.8999999762
66376  42.588  -21.595  -30.169 0.8999999762
137219  42.334  -22.134  -30.380 0.8999999762
67197  47.086  -20.012  -20.417 0.3000000119
67199  45.359  -20.818  -19.848 0.3000000119
131294  45.623  -19.974  -19.872 0.4000000060
131292  45.302  -19.064  -19.974 0.3000000119
67200  44.341  -20.855  -20.070 0.3000000119
58891  43.767  -28.835  -20.886 0.6000000238
64451  43.187  -23.858  -21.227 0.5000000000
65359  43.226  -23.027  -20.976 0.4000000060
60659  43.062  -26.688  -21.328 0.5000000000
60674  42.500  -27.538  -22.312 0.5000000000
63503  42.950  -24.634  -21.591 0.5000000000
61561  43.354  -26.107  -21.077 0.5000000000
136709  42.289  -26.954  -22.957 0.5000000000
61578  42.470  -26.097  -22.457 0.5000000000
62488  42.460  -25.371  -22.859 0.5000000000
134206  42.322  -26.053  -23.331 0.5000000000
130217  42.517  -24.735  -23.321 0.5000000000
134842  42.538  -24.988  -24.168 0.6000000238
62522  42.650  -25.557  -25.482 0.6000000238
64499  43.119  -23.785  -25.161 0.6999999881
63556  43.319  -24.111  -25.916 0.6999999881
63577  43.734  -24.628  -27.466 0.6999999881
64509  43.768  -23.537  -26.448 0.8000000119
63568  43.540  -24.399  -26.678 0.8000000119
64514  44.612  -23.104  -27.717 0.8999999762
67270  44.267  -20.873  -27.543 0.6999999881
65449  41.678  -22.568  -30.339 0.8999999762
65440  41.686  -21.851  -30.107 0.8999999762
67286  42.552  -20.321  -28.346 1.0000000000
146113  44.376  -19.354  -20.120 0.3000000119
68109  43.900  -19.957  -20.243 0.4000000060
69928  44.345  -17.733  -20.286 0.3000000119
66266  43.677  -21.520  -20.413 0.4000000060
68110  43.674  -19.133  -20.462 0.3000000119
145727  42.839  -22.727  -21.617 0.4000000060
67201  43.442  -20.654  -20.536 0.4000000060
67214  42.848  -20.603  -21.166 0.4000000060
64452  42.723  -23.917  -22.011 0.4000000060
65375  42.660  -22.091  -22.178 0.4000000060
66281  42.751  -21.329  -21.572 0.4000000060
144861  42.674  -23.100  -22.453 0.4000000060
64483  42.686  -23.286  -23.504 0.5000000000
141367  42.586  -23.958  -22.942 0.5000000000
64498  43.493  -23.270  -25.724 0.6000000238
65415  43.894  -22.719  -26.247 0.8000000119
66336  44.225  -21.298  -26.421 0.6999999881
68168  44.056  -20.329  -27.190 0.6999999881
66366  41.920  -21.220  -29.693 0.8999999762
66367  40.889  -21.493  -29.629 0.8999999762
68175  41.713  -19.379  -27.567 0.8999999762
68187  41.179  -19.834  -28.008 0.8000000119
67288  40.774  -20.336  -28.532 0.8000000119
69061  41.405  -18.734  -27.058 0.6999999881
69052  40.993  -18.039  -26.656 0.8000000119
70808  44.525  -16.708  -20.339 0.3000000119
68997  43.566  -18.195  -20.673 0.3000000119
131159  43.126  -18.924  -20.934 0.3000000119
69008  42.929  -18.281  -21.572 0.4000000060
68124  42.728  -20.001  -21.580 0.4000000060
69009  42.806  -19.267  -21.575 0.4000000060
67244  42.650  -20.361  -23.127 0.5000000000
65391  42.666  -22.431  -23.196 0.5000000000
66312  42.753  -21.050  -23.570 0.5000000000
65401  42.866  -22.642  -24.085 0.5000000000
66320  43.026  -21.263  -24.218 0.5000000000
65400  43.141  -21.966  -24.534 0.5000000000
65407  43.506  -21.979  -25.273 0.6000000238
139473  43.932  -21.983  -25.975 0.6999999881
68169  43.996  -19.942  -26.603 0.6999999881
68173  43.516  -19.850  -27.267 0.6999999881
69049  43.542  -19.017  -26.601 0.6999999881
68174  42.619  -19.713  -27.601 0.8000000119
69050  42.987  -18.365  -26.812 0.6999999881
70807  45.495  -16.652  -20.142 0.3000000119
71700  44.346  -15.818  -20.544 0.3000000119
70809  43.825  -16.246  -20.818 0.4000000060
69929  43.765  -17.189  -20.712 0.3000000119
70818  43.344  -16.765  -21.308 0.4000000060
69020  42.740  -18.899  -22.533 0.4000000060
69019  42.872  -17.897  -22.775 0.3000000119
68149  42.805  -19.537  -23.346 0.5000000000
67243  43.133  -20.254  -24.295 0.6000000238
69030  42.973  -18.684  -23.548 0.3000000119
68148  43.120  -19.285  -24.089 0.5000000000
69036  43.503  -18.600  -24.533 0.4000000060
66329  43.364  -21.210  -24.886 0.6999999881
67257  43.677  -20.509  -25.354 0.6999999881
131840  43.695  -19.727  -25.287 0.6000000238
67266  44.089  -20.589  -26.127 0.6999999881
67265  44.235  -20.696  -26.847 0.6999999881
68162  43.909  -19.327  -26.053 0.6999999881
69041  43.879  -18.457  -26.042 0.6000000238
134337  43.450  -15.905  -21.454 0.3000000119
69950  42.941  -17.316  -21.859 0.3000000119
136874  42.974  -17.079  -22.586 0.3000000119
128812  43.068  -16.444  -22.117 0.3000000119
70830  43.167  -16.596  -22.958 0.3000000119
71734  43.744  -15.468  -23.667 0.3000000119
69963  43.201  -17.177  -23.432 0.3000000119
70844  43.573  -16.385  -23.890 0.4000000060
129552  43.808  -18.924  -25.372 0.5000000000
69969  43.775  -17.862  -24.731 0.5000000000
70854  44.234  -16.620  -24.992 0.5000000000
129392  43.907  -18.140  -25.377 0.6000000238
148373  43.985  -17.652  -25.967 0.6000000238
146398  44.907  -13.668  -20.604 0.4000000060
72610  44.328  -14.167  -20.851 0.3000000119
71701  43.906  -15.220  -20.980 0.3000000119
72620  43.809  -14.378  -21.463 0.3000000119
71712  43.493  -15.116  -21.689 0.3000000119
72631  43.537  -14.529  -22.000 0.3000000119
142364  43.532  -15.110  -22.596 0.3000000119
72643  43.925  -14.673  -23.408 0.3000000119
71745  44.213  -15.801  -24.692 0.4000000060
72655  44.279  -14.983  -24.435 0.4000000060
152612  44.141  -17.200  -25.917 0.6000000238
71744  44.620  -15.282  -25.428 0.4000000060
70853  44.420  -15.991  -25.587 0.5000000000
69975  43.923  -17.036  -26.182 0.6000000238
131289  41.619  -17.170  -26.624 0.6999999881
69062  40.467  -18.744  -26.913 0.8000000119
73509  44.543  -13.160  -20.918 0.4000000060
73519  44.096  -13.493  -21.430 0.3000000119
74391  44.012  -13.014  -21.945 0.3000000119
73530  44.113  -13.134  -22.701 0.3000000119
73542  44.410  -13.372  -23.735 0.3000000119
72642  44.368  -14.179  -24.115 0.4000000060
72654  44.750  -14.485  -25.189 0.4000000060
72661  44.870  -14.767  -25.908 0.4000000060
148824  44.588  -15.416  -25.952 0.4000000060
71751  44.114  -15.985  -26.200 0.5000000000
72667  44.461  -15.043  -26.255 0.4000000060
151864  43.494  -17.181  -26.446 0.6000000238
154772  43.806  -15.238  -26.499 0.4000000060
152705  42.254  -16.772  -26.614 0.6999999881
71757  43.267  -15.770  -26.556 0.4000000060
140155  43.003  -14.893  -26.656 0.4000000060
70870  41.762  -16.295  -26.518 0.6000000238
71758  42.150  -15.435  -26.538 0.5000000000
129654  40.803  -16.444  -26.463 0.6000000238
69984  40.462  -17.294  -26.523 0.6999999881
75179  45.283  -11.505  -20.876 0.3000000119
132291  44.373  -11.734  -21.868 0.3000000119
74403  44.217  -12.250  -22.364 0.3000000119
74414  44.395  -12.533  -23.389 0.3000000119
74426  44.766  -12.822  -24.389 0.3000000119
73555  44.816  -13.646  -24.826 0.4000000060
73565  45.162  -13.849  -25.831 0.3000000119
73564  45.457  -12.956  -26.122 0.3000000119
132668  44.799  -14.241  -26.267 0.3000000119
147665  45.081  -13.446  -26.493 0.3000000119
153959  44.427  -13.729  -26.735 0.3000000119
73570  43.654  -13.490  -27.039 0.3000000119
72668  43.897  -14.386  -26.645 0.3000000119
73571  42.670  -13.886  -26.840 0.3000000119
72669  42.106  -14.538  -26.635 0.3000000119
73572  41.640  -13.951  -26.784 0.4000000060
72670  41.153  -14.636  -26.610 0.5000000000
71759  41.050  -15.600  -26.475 0.5000000000
130939  40.091  -15.736  -26.485 0.5000000000
75199  44.512  -11.022  -21.859 0.3000000119
75210  44.340  -11.336  -22.430 0.3000000119
75221  44.372  -11.686  -23.164 0.3000000119
75231  44.631  -11.979  -24.094 0.3000000119
139724  45.056  -12.310  -24.890 0.3000000119
74443  45.247  -12.636  -26.792 0.3000000119
145973  44.475  -12.991  -27.094 0.3000000119
73580  43.603  -12.813  -27.322 0.3000000119
73581  42.779  -12.996  -27.291 0.3000000119
73573  40.766  -13.737  -27.057 0.4000000060
71760  40.379  -15.059  -26.582 0.5000000000
72671  40.133  -14.387  -26.935 0.5000000000
72672  39.591  -15.044  -26.812 0.5000000000
76042  44.433  -10.437  -22.504 0.3000000119
133259  44.409  -10.329  -23.410 0.3000000119
76054  44.527  -11.120  -23.823 0.3000000119
75243  44.998  -11.427  -24.893 0.3000000119
75242  45.514  -11.393  -25.900 0.3000000119
75251  45.360  -11.873  -27.067 0.3000000119
74451  44.016  -12.370  -27.435 0.3000000119
73582  41.637  -13.152  -27.282 0.4000000060
132097  39.809  -13.686  -27.574 0.4000000060
74454  39.450  -13.074  -28.131 0.4000000060
72678  39.281  -14.378  -27.448 0.5000000000
76029  45.338  -10.058  -21.364 0.3000000119
76030  44.691  -10.231  -21.834 0.3000000119
76068  44.677  -10.421  -24.402 0.3000000119
76082  45.226  -10.535  -25.390 0.3000000119
76081  45.580  -10.577  -26.269 0.3000000119
75250  45.517  -11.313  -26.674 0.3000000119
75260  44.918  -11.435  -27.526 0.3000000119
74452  43.057  -12.184  -27.607 0.3000000119
75262  42.982  -11.433  -27.953 0.3000000119
150420  42.132  -12.439  -27.580 0.3000000119
132360  41.238  -12.283  -27.900 0.4000000060
74453  40.380  -12.889  -27.795 0.3000000119
77808  44.654  -8.823  -22.486 0.3000000119
76930  44.395  -9.570  -22.946 0.3000000119
77831  44.636  -8.763  -24.402 0.3000000119
76943  44.475  -9.559  -23.899 0.3000000119
76955  44.858  -9.631  -24.930 0.3000000119
76954  45.454  -9.755  -25.838 0.3000000119
134945  45.674  -9.021  -26.965 0.3000000119
76961  45.633  -9.808  -26.649 0.3000000119
76090  45.533  -10.553  -26.999 0.3000000119
76967  45.408  -9.696  -27.419 0.3000000119
75261  43.997  -11.642  -27.749 0.3000000119
77820  44.433  -8.738  -23.373 0.3000000119
77830  44.801  -7.987  -24.852 0.3000000119
147235  45.177  -8.791  -25.472 0.3000000119
148427  45.557  -9.149  -26.281 0.3000000119
76968  44.971  -9.840  -27.985 0.3000000119
76098  44.306  -10.148  -28.198 0.3000000119
76099  43.460  -10.776  -28.155 0.3000000119
78727  44.533  -7.934  -23.859 0.3000000119
78744  44.651  -7.204  -24.388 0.3000000119
78757  45.338  -7.445  -26.064 0.3000000119
78743  44.966  -7.294  -25.280 0.4000000060
139874  45.518  -8.308  -26.370 0.3000000119
77855  45.393  -8.800  -27.694 0.3000000119
76976  45.133  -9.217  -28.112 0.3000000119
78765  45.565  -7.530  -26.866 0.4000000060
148213  45.412  -6.910  -26.492 0.4000000060
78772  45.591  -7.472  -27.756 0.4000000060
79627  45.128  -6.669  -25.798 0.3000000119
79638  45.573  -6.805  -27.223 0.4000000060
55369  48.474  -33.650  -34.534 1.0000000000
56341  48.478  -32.579  -34.182 1.0000000000
56346  49.507  -33.358  -35.593 0.8999999762
67272  43.155  -20.207  -27.837 0.6999999881
69060  42.362  -18.918  -27.148 0.8000000119
69051  42.069  -18.077  -26.817 0.8000000119
134551  42.853  -17.285  -26.657 0.6999999881
38720  38.778  -50.504  -27.252 0.6000000238
38725  39.164  -50.464  -27.824 0.6000000238
41927  39.996  -47.723  -28.486 0.6000000238
35088  37.039  -54.477  -24.768 0.5000000000
35075  36.824  -54.356  -23.941 0.5000000000
40785  38.351  -48.324  -25.647 0.6000000238
49766  45.032  -39.368  -32.726 0.8999999762
41867  38.322  -47.559  -24.812 0.5000000000
37768  37.500  -51.111  -22.073 0.4000000060
39663  37.950  -49.006  -23.067 0.5000000000
154342  37.158  -52.503  -22.120 0.4000000060
45849  41.675  -43.418  -28.126 0.6999999881
49751  43.075  -39.735  -31.232 0.8999999762
136761  41.489  -41.057  -25.397 0.6999999881
146799  38.170  -48.137  -23.236 0.5000000000
40754  38.670  -48.738  -21.975 0.5000000000
49719  41.479  -39.966  -28.025 0.8000000119
36861  37.181  -52.773  -21.640 0.4000000060
133707  42.135  -39.854  -30.019 0.8000000119
135943  41.468  -40.869  -26.304 0.6999999881
130601  40.610  -45.506  -22.268 0.4000000060
134639  43.564  -35.912  -31.265 0.8000000119
55379  48.836  -34.219  -36.285 0.8000000119
48736  41.972  -40.347  -23.324 0.6000000238
45766  43.459  -43.374  -21.772 0.4000000060
128229  42.484  -45.192  -22.172 0.4000000060
52545  41.087  -36.904  -26.996 0.8000000119
55370  47.379  -33.907  -33.683 1.0000000000
46752  44.697  -42.414  -21.774 0.5000000000
46767  43.164  -41.946  -21.825 0.5000000000
142493  50.284  -31.815  -35.772 1.0000000000
49670  44.101  -39.115  -22.819 0.6999999881
133268  46.555  -31.915  -32.478 1.0000000000
60774  49.481  -27.012  -34.154 1.0000000000
60769  49.515  -27.361  -33.305 1.0000000000
57168  43.943  -31.647  -28.864 0.8000000119
59825  48.629  -28.744  -30.331 1.0000000000
57997  46.291  -30.059  -26.155 0.8000000119
59013  48.706  -29.230  -31.118 1.0000000000
57153  48.852  -31.749  -27.043 0.6999999881
59811  45.220  -28.420  -28.313 0.8000000119
61650  45.176  -26.774  -30.225 1.0000000000
61664  46.279  -25.843  -31.370 1.0000000000
60741  43.680  -27.169  -28.296 1.0000000000
54330  47.813  -33.754  -27.485 0.6000000238
55312  47.428  -32.789  -27.390 0.6999999881
150397  50.310  -31.151  -21.616 0.4000000060
59833  44.301  -28.512  -31.794 1.0000000000
60772  44.724  -26.917  -32.337 1.0000000000
58906  49.207  -29.561  -21.309 0.4000000060
137778  50.488  -31.948  -21.689 0.4000000060
147221  49.549  -30.375  -21.314 0.5000000000
63483  46.741  -24.464  -20.585 0.4000000060
63482  46.798  -25.202  -20.621 0.4000000060
66381  45.553  -21.912  -31.187 1.0000000000
59710  46.197  -28.306  -20.525 0.5000000000
67287  41.639  -20.286  -28.549 0.8000000119
63502  43.610  -24.619  -20.883 0.5000000000
61562  42.836  -26.070  -21.648 0.5000000000
152433  42.430  -25.390  -23.572 0.5000000000
62521  43.042  -24.977  -26.147 0.6999999881
63546  42.776  -24.331  -24.641 0.6000000238
64493  42.863  -23.494  -24.383 0.5000000000
64492  43.237  -22.826  -24.968 0.5000000000
66313  42.598  -21.623  -23.015 0.5000000000
69059  43.067  -19.187  -27.093 0.6999999881
69983  43.550  -17.836  -26.355 0.6999999881
70868  43.463  -16.619  -26.457 0.6000000238
74435  45.409  -12.243  -25.642 0.3000000119
44035  43.634  -45.547  -32.223 0.5000000000
43058  43.877  -46.154  -32.564 0.5000000000
45880  44.348  -43.456  -32.651 0.5000000000
39738  43.498  -49.476  -32.846 0.5000000000
41956  44.239  -46.872  -32.995 0.5000000000
39739  42.823  -49.408  -32.275 0.5000000000
41957  42.975  -47.876  -32.169 0.5000000000
135162  43.427  -47.002  -32.339 0.5000000000
141805  42.352  -50.085  -31.897 0.5000000000
38739  41.194  -50.756  -30.815 0.4000000060
39732  41.931  -49.606  -31.277 0.5000000000
37823  40.688  -51.031  -30.361 0.4000000060
40851  41.551  -48.999  -30.653 0.5000000000
37817  39.761  -51.595  -29.412 0.5000000000
39724  41.006  -49.519  -30.147 0.5000000000
56343  43.939  -32.384  -33.246 0.6999999881
148874  43.433  -32.864  -33.082 0.6999999881
57206  45.254  -31.762  -33.978 0.8000000119
56347  46.466  -32.827  -35.145 0.8000000119
56348  45.537  -32.670  -34.523 0.8000000119
56351  47.429  -32.542  -35.598 0.8999999762
57202  43.966  -31.544  -32.767 0.6999999881
128009  46.180  -32.096  -34.734 0.8999999762
58058  45.480  -30.836  -33.719 0.8999999762
57209  46.793  -31.650  -35.007 0.8999999762
58054  44.014  -30.741  -32.304 0.6000000238
58053  44.455  -30.779  -32.765 0.8000000119
58063  46.117  -30.557  -34.114 0.8999999762
58062  46.949  -30.798  -34.790 0.8999999762
59031  47.627  -29.873  -34.820 0.8999999762
59035  48.950  -29.844  -35.587 0.8999999762
50661  46.981  -37.390  -27.502 0.5000000000
51568  46.269  -36.966  -26.500 0.5000000000
153067  46.485  -36.413  -27.008 0.5000000000
51555  46.160  -37.786  -25.655 0.6000000238
51556  45.563  -37.098  -25.349 0.5000000000
50622  45.789  -38.377  -23.998 0.6000000238
131004  43.441  -30.113  -31.473 0.6000000238
133637  44.469  -30.111  -32.450 0.8999999762
133535  45.801  -30.020  -33.623 0.8999999762
58059  44.753  -31.170  -33.294 0.8999999762
58057  46.571  -29.908  -34.184 0.8999999762
59024  47.142  -29.018  -34.219 0.8999999762
59030  48.301  -28.860  -34.843 0.8999999762
53424  48.836  -35.600  -28.389 0.5000000000
53415  48.933  -35.116  -27.957 0.5000000000
52542  49.113  -35.690  -28.324 0.5000000000
52544  47.365  -35.975  -28.016 0.5000000000
134479  47.553  -35.389  -27.940 0.5000000000
147850  49.248  -36.284  -28.924 0.5000000000
51583  46.882  -36.517  -27.523 0.5000000000
59014  44.378  -29.363  -32.066 0.8999999762
148774  43.985  -30.056  -31.912 0.6999999881
59026  45.071  -30.261  -33.042 0.8999999762
59020  45.513  -29.328  -33.141 0.8999999762
59025  46.240  -29.193  -33.664 0.8999999762
59840  46.677  -28.375  -33.813 0.8999999762
52529  49.028  -35.701  -27.474 0.5000000000
53404  48.833  -35.095  -27.062 0.5000000000
51567  49.256  -36.341  -27.721 0.5000000000
51581  49.351  -36.197  -28.554 0.5000000000
59837  45.234  -28.572  -32.718 0.8999999762
59841  45.918  -28.401  -33.308 0.8999999762
52517  48.534  -36.159  -26.166 0.5000000000
51539  48.532  -37.086  -25.168 0.5000000000
52504  48.202  -36.376  -24.926 0.5000000000
51538  49.030  -37.871  -25.337 0.5000000000
152134  48.998  -36.866  -23.282 0.4000000060
60749  41.398  -27.231  -29.306 0.6000000238
60750  40.867  -27.207  -28.798 0.6000000238
60759  41.960  -27.175  -29.890 0.8000000119
61652  41.587  -26.501  -29.687 0.6999999881
150137  40.457  -25.984  -29.013 0.6999999881
62552  39.729  -25.816  -28.648 0.6999999881
129887  38.391  -24.955  -28.488 0.6999999881
61659  42.135  -26.524  -30.190 0.8000000119
60767  43.022  -26.878  -30.870 0.8000000119
62559  41.095  -25.799  -29.484 0.6999999881
62560  40.227  -25.092  -29.369 0.6999999881
63590  39.206  -25.068  -28.846 0.6999999881
63598  39.375  -24.390  -29.330 0.6999999881
64535  38.756  -23.840  -29.193 0.6999999881
129712  41.905  -24.940  -30.331 0.8000000119
63606  41.453  -24.356  -30.258 0.8000000119
62565  42.649  -25.177  -30.751 0.8000000119
64534  39.457  -23.629  -29.561 0.6999999881
63597  40.093  -24.137  -29.756 0.6999999881
64543  40.828  -23.796  -30.136 0.8000000119
63605  42.334  -24.346  -30.614 0.8000000119
64533  40.162  -23.342  -29.908 0.6999999881
144421  40.307  -22.686  -29.924 0.8000000119
66368  39.331  -21.952  -29.163 0.6000000238
64542  41.827  -23.484  -30.457 0.8000000119
66355  39.592  -21.141  -28.806 0.6000000238
135913  39.150  -20.649  -28.247 0.6000000238
67273  38.892  -20.072  -27.753 0.6000000238
146351  40.052  -21.507  -29.293 0.8000000119
67289  39.946  -20.497  -28.412 0.6000000238
68177  39.519  -19.613  -27.510 0.6000000238
65441  40.892  -22.258  -30.069 0.8000000119
68178  38.792  -19.408  -27.380 0.6000000238
66354  40.408  -20.932  -29.012 0.6999999881
148570  40.116  -19.306  -27.266 0.6000000238
69053  39.995  -18.098  -26.620 0.6999999881
69054  39.055  -18.070  -26.766 0.6000000238
69063  39.499  -18.884  -26.988 0.6000000238
69985  39.505  -17.350  -26.594 0.6000000238
68188  40.269  -19.863  -27.860 0.6999999881
68176  40.845  -19.293  -27.445 0.6999999881
36925  39.717  -52.359  -29.933 0.4000000060
37824  40.270  -51.647  -30.149 0.5000000000
139695  40.545  -49.877  -29.651 0.5000000000
40850  42.123  -48.823  -31.337 0.5000000000
40860  42.625  -48.685  -31.947 0.5000000000
58061  48.306  -30.786  -35.596 0.8999999762
141094  49.571  -37.829  -24.275 0.3000000119
61658  42.695  -26.177  -30.726 0.8000000119
149841  41.749  -50.389  -31.325 0.5000000000
57207  44.484  -31.873  -33.424 0.8000000119
133033  46.541  -37.862  -26.497 0.5000000000
62567  41.232  -25.059  -29.883 0.8000000119
154831  40.759  -24.482  -29.869 0.6999999881
65443  38.889  -22.657  -29.196 0.6999999881
138856  40.145  -22.086  -29.671 0.6999999881
46766  45.419  -42.714  -22.171 0.4000000060
46764  46.893  -42.468  -22.987 0.4000000060
146777  46.505  -41.154  -22.387 0.4000000060
47766  47.104  -41.601  -22.771 0.4000000060
48735  46.790  -40.059  -23.116 0.5000000000
46783  48.384  -42.156  -24.092 0.4000000060
46794  47.966  -42.663  -23.942 0.4000000060
49668  46.791  -39.473  -23.857 0.5000000000
144701  46.425  -38.819  -24.252 0.5000000000
48745  47.828  -40.265  -24.620 0.5000000000
48744  48.408  -40.762  -24.876 0.4000000060
48716  47.066  -40.762  -22.809 0.4000000060
46802  48.993  -42.241  -24.898 0.4000000060
47794  48.582  -41.497  -24.425 0.4000000060
47784  47.691  -41.226  -23.317 0.4000000060
45816  49.506  -42.749  -25.677 0.4000000060
132676  46.634  -38.494  -25.867 0.5000000000
49681  47.313  -39.754  -24.501 0.5000000000
47812  49.065  -40.985  -26.271 0.4000000060
47811  49.609  -41.499  -26.736 0.4000000060
46844  51.418  -42.465  -30.112 0.4000000060
140475  50.741  -42.505  -27.774 0.4000000060
46811  49.934  -42.308  -26.363 0.4000000060
142305  51.713  -43.094  -29.446 0.4000000060
46826  51.145  -42.746  -28.409 0.4000000060
49692  46.896  -39.092  -24.999 0.5000000000
49691  47.502  -39.705  -25.357 0.5000000000
48754  48.013  -40.202  -25.408 0.4000000060
47851  55.519  -41.883  -31.525 0.3000000119
48753  48.475  -40.544  -25.828 0.4000000060
46851  55.026  -42.157  -32.356 0.3000000119
47819  49.598  -41.268  -27.731 0.4000000060
46862  54.652  -42.320  -33.296 0.3000000119
47870  53.834  -41.766  -33.752 0.3000000119
46863  52.553  -41.495  -33.418 0.3000000119
46852  51.834  -41.704  -32.475 0.3000000119
151783  51.067  -41.824  -30.820 0.4000000060
46837  50.745  -41.789  -29.944 0.4000000060
47827  50.185  -41.674  -28.236 0.4000000060
45879  52.848  -42.418  -33.691 0.3000000119
128308  52.360  -42.522  -32.802 0.3000000119
45865  51.551  -42.296  -31.182 0.4000000060
50646  47.399  -39.121  -27.134 0.4000000060
48762  48.442  -40.359  -26.853 0.4000000060
49704  47.967  -39.706  -27.453 0.4000000060
47843  56.024  -41.216  -30.883 0.3000000119
147803  53.898  -41.406  -30.729 0.3000000119
47852  54.577  -41.739  -31.900 0.3000000119
47853  53.610  -40.975  -32.499 0.3000000119
48832  52.622  -40.011  -32.976 0.3000000119
47854  51.207  -40.083  -31.989 0.4000000060
46845  50.672  -41.039  -31.122 0.4000000060
135268  50.149  -41.379  -29.278 0.4000000060
47862  53.386  -40.960  -33.395 0.3000000119
46864  52.314  -40.743  -33.158 0.3000000119
130363  51.225  -41.293  -31.758 0.3000000119
50647  46.948  -38.427  -26.848 0.4000000060
48796  52.297  -40.301  -30.083 0.3000000119
49740  51.318  -38.251  -30.919 0.3000000119
49750  50.934  -38.259  -31.323 0.4000000060
50695  50.505  -37.894  -30.804 0.4000000060
49741  49.775  -38.424  -30.548 0.4000000060
49717  48.271  -39.459  -28.436 0.4000000060
47835  53.608  -41.189  -30.373 0.3000000119
48808  52.056  -39.231  -31.415 0.3000000119
48809  51.622  -38.720  -31.315 0.3000000119
143773  50.636  -38.956  -31.372 0.4000000060
48799  49.420  -39.533  -30.029 0.4000000060
149510  48.657  -40.121  -28.549 0.4000000060
48807  52.744  -40.474  -31.089 0.3000000119
49748  51.765  -38.995  -31.757 0.3000000119
48810  50.582  -39.921  -31.341 0.4000000060
48798  50.034  -39.816  -30.650 0.4000000060
48785  49.089  -40.353  -29.065 0.4000000060
48820  53.001  -40.047  -32.432 0.3000000119
48822  52.138  -39.477  -32.332 0.3000000119
133371  50.185  -40.865  -30.370 0.4000000060
47828  49.569  -41.031  -28.704 0.4000000060
51580  49.699  -36.618  -29.026 0.4000000060
50673  50.136  -37.060  -29.416 0.4000000060
51597  48.483  -36.707  -29.022 0.4000000060
135893  47.614  -37.253  -28.419 0.4000000060
49729  50.706  -38.572  -29.176 0.3000000119
51595  50.281  -37.059  -30.042 0.4000000060
50687  49.300  -37.511  -29.946 0.4000000060
50675  47.914  -37.846  -28.654 0.4000000060
49728  51.229  -38.879  -29.888 0.4000000060
51612  50.399  -37.486  -30.324 0.4000000060
49730  48.605  -38.590  -29.314 0.4000000060
49718  47.738  -38.892  -28.068 0.4000000060
64526  38.245  -23.146  -28.954 0.6000000238
66356  38.768  -21.384  -28.547 0.5000000000
65434  38.451  -22.222  -28.767 0.5000000000
147320  38.140  -19.880  -27.590 0.5000000000
152659  38.101  -19.221  -27.376 0.5000000000
69064  38.539  -18.699  -27.140 0.5000000000
69986  38.639  -17.266  -26.819 0.5000000000
135839  39.052  -16.695  -26.665 0.4000000060
151854  43.245  -9.385  -28.586 0.3000000119
76986  42.147  -8.825  -29.019 0.3000000119
76987  41.226  -8.939  -29.274 0.3000000119
143750  45.442  -8.103  -28.159 0.3000000119
77863  44.800  -8.786  -28.690 0.3000000119
76978  43.983  -9.322  -28.597 0.3000000119
144136  43.200  -8.820  -28.842 0.3000000119
77875  41.763  -8.188  -29.406 0.3000000119
78791  40.712  -8.131  -29.617 0.3000000119
137912  45.568  -7.404  -28.660 0.3000000119
77871  45.335  -8.101  -28.902 0.3000000119
77872  44.778  -8.088  -29.251 0.3000000119
77873  43.773  -8.087  -29.311 0.3000000119
77874  42.713  -8.111  -29.264 0.3000000119
78790  42.292  -7.581  -29.566 0.3000000119
144890  41.500  -7.479  -29.708 0.3000000119
78792  39.633  -7.482  -29.831 0.3000000119
146831  38.393  -7.203  -29.695 0.3000000119
79643  45.677  -6.729  -28.144 0.3000000119
78787  45.307  -7.208  -29.354 0.3000000119
78788  44.359  -7.310  -29.631 0.3000000119
78789  43.201  -7.297  -29.649 0.3000000119
151609  43.090  -6.696  -29.974 0.3000000119
79663  42.291  -6.833  -29.893 0.3000000119
144985  40.674  -7.314  -29.858 0.3000000119
79666  38.939  -6.599  -30.018 0.3000000119
147987  45.691  -5.908  -28.386 0.3000000119
79660  45.398  -6.210  -29.580 0.3000000119
79661  44.823  -6.527  -29.853 0.3000000119
79662  43.870  -6.560  -30.072 0.3000000119
79676  41.860  -6.075  -30.253 0.3000000119
79677  40.866  -5.999  -30.250 0.3000000119
80531  40.668  -5.220  -30.474 0.3000000119
80527  45.429  -5.445  -29.916 0.3000000119
154478  44.519  -6.066  -30.263 0.3000000119
79674  43.922  -5.810  -30.484 0.3000000119
145239  41.455  -5.463  -30.423 0.3000000119
80518  45.638  -5.667  -29.228 0.3000000119
150239  45.146  -5.324  -30.374 0.3000000119
81392  44.913  -4.925  -30.762 0.3000000119
81393  43.174  -4.824  -30.813 0.3000000119
81391  45.383  -4.807  -30.397 0.3000000119
81404  45.240  -4.184  -31.072 0.3000000119
130218  45.497  -4.109  -30.438 0.3000000119
46810  50.414  -42.797  -26.854 0.4000000060
46765  46.085  -42.987  -22.761 0.4000000060
45791  47.307  -42.930  -23.669 0.4000000060
45827  49.971  -43.128  -26.278 0.4000000060
45817  48.788  -43.277  -25.245 0.4000000060
45857  52.091  -43.224  -30.273 0.4000000060
45847  51.532  -43.399  -28.607 0.4000000060
45838  50.744  -43.503  -27.297 0.4000000060
46860  56.662  -42.456  -32.481 0.3000000119
46873  55.445  -43.078  -33.564 0.3000000119
46874  54.325  -42.483  -34.098 0.3000000119
142484  53.246  -43.431  -33.793 0.3000000119
151911  52.762  -43.140  -33.094 0.3000000119
144429  52.167  -42.888  -31.585 0.3000000119
46850  55.844  -42.230  -32.062 0.3000000119
132486  55.399  -40.965  -30.234 0.3000000119
48795  53.181  -40.931  -29.713 0.3000000119
48793  54.918  -40.786  -29.730 0.3000000119
50645  49.612  -38.233  -27.025 0.4000000060
50658  50.128  -38.733  -27.388 0.4000000060
50672  50.270  -38.179  -28.645 0.4000000060
133844  51.298  -39.643  -28.471 0.3000000119
48784  51.844  -40.155  -29.094 0.3000000119
51553  49.178  -37.608  -26.703 0.4000000060
63591  37.995  -24.124  -28.695 0.6000000238
80502  45.571  -6.070  -27.518 0.3000000119
81377  45.669  -4.903  -28.449 0.3000000119
81386  45.620  -4.724  -29.659 0.3000000119
82190  45.650  -3.966  -28.925 0.3000000119
48819  56.721  -41.080  -31.304 0.3000000119
151552  45.361  -41.973  -21.873 0.4000000060
49654  46.195  -39.514  -23.118 0.5000000000
48761  49.050  -40.805  -27.271 0.4000000060
133849  54.148  -41.534  -31.215 0.3000000119
51606  49.439  -36.830  -29.609 0.4000000060
79651  45.646  -6.563  -28.969 0.3000000119
79665  40.191  -6.680  -30.094 0.3000000119
80530  43.321  -5.413  -30.597 0.3000000119
146544  42.381  -5.278  -30.551 0.3000000119
132562  45.635  -3.912  -29.801 0.3000000119
45778  45.285  -43.685  -22.702 0.3000000119
45793  45.909  -43.696  -23.296 0.3000000119
49790  47.717  -39.822  -36.055 0.6000000238
50732  47.140  -39.228  -36.107 0.6999999881
49792  45.752  -40.305  -35.704 0.6999999881
45818  47.914  -43.729  -25.048 0.3000000119
37743  38.247  -51.298  -20.410 0.3000000119
37757  38.094  -50.790  -20.945 0.3000000119
129485  44.788  -36.149  -34.704 0.6999999881
44902  44.574  -44.718  -23.086 0.3000000119
51641  44.894  -37.690  -34.992 0.6999999881
50728  45.727  -38.483  -35.594 0.6999999881
44901  45.416  -44.420  -23.597 0.3000000119
44900  46.110  -44.098  -23.959 0.3000000119
44915  46.314  -44.546  -24.705 0.3000000119
44935  48.491  -44.679  -26.572 0.3000000119
44926  47.312  -44.589  -25.620 0.3000000119
44914  47.095  -44.162  -24.865 0.3000000119
43983  49.926  -45.161  -28.145 0.3000000119
44945  50.512  -44.377  -27.596 0.3000000119
44925  48.258  -44.194  -25.763 0.3000000119
39640  39.156  -49.079  -21.329 0.3000000119
144823  40.942  -47.055  -22.073 0.4000000060
148503  45.454  -34.954  -34.924 0.6999999881
43936  43.939  -45.978  -23.719 0.3000000119
43921  41.859  -46.135  -22.254 0.3000000119
53471  45.884  -35.822  -35.325 0.6999999881
51640  46.067  -37.761  -35.703 0.6999999881
43935  44.780  -45.436  -24.114 0.3000000119
43951  45.751  -45.489  -25.295 0.3000000119
44936  47.468  -45.083  -26.450 0.3000000119
45828  49.282  -43.756  -26.005 0.3000000119
43996  50.227  -45.618  -28.830 0.3000000119
151649  40.063  -48.213  -21.526 0.4000000060
54385  44.712  -34.373  -34.470 0.6999999881
42926  42.874  -47.530  -23.306 0.3000000119
147611  43.192  -46.364  -23.246 0.3000000119
43952  44.950  -46.099  -25.053 0.3000000119
150135  45.997  -45.836  -25.946 0.3000000119
54388  46.636  -35.136  -35.591 0.6999999881
44944  51.228  -43.946  -27.925 0.3000000119
144598  49.875  -43.724  -26.496 0.3000000119
43995  51.235  -45.220  -28.910 0.3000000119
44954  50.866  -44.750  -28.276 0.3000000119
54384  45.815  -34.281  -35.043 0.6999999881
42945  43.436  -47.462  -24.091 0.3000000119
55376  46.195  -33.501  -35.109 0.6999999881
42976  44.871  -47.938  -26.049 0.3000000119
42960  44.534  -47.421  -25.389 0.3000000119
44965  52.055  -44.809  -29.198 0.3000000119
42961  43.966  -47.857  -24.794 0.3000000119
55375  47.484  -33.504  -35.736 0.6999999881
44953  51.623  -44.326  -28.587 0.3000000119
50644  50.195  -38.897  -26.337 0.3000000119
46889  47.186  -42.194  -35.910 0.5000000000
47884  46.907  -41.655  -36.071 0.6000000238
47885  45.853  -41.687  -35.865 0.6000000238
47883  47.311  -41.472  -35.907 0.6000000238
52592  44.175  -36.858  -34.464 0.6999999881
53472  44.541  -35.287  -34.478 0.6999999881
39627  39.504  -49.434  -20.607 0.3000000119
53462  43.877  -34.575  -33.967 0.6999999881
40737  39.914  -48.799  -21.037 0.4000000060
146148  44.129  -33.895  -33.988 0.6999999881
41839  42.161  -47.771  -22.298 0.4000000060
41840  41.340  -47.728  -21.924 0.4000000060
56342  44.645  -32.548  -33.838 0.6999999881
41838  42.831  -47.903  -22.952 0.3000000119
41837  43.533  -48.037  -23.320 0.3000000119
41823  43.369  -47.697  -22.390 0.3000000119
55377  44.915  -33.459  -34.390 0.6999999881
48853  45.962  -41.092  -35.833 0.6000000238
41865  44.080  -48.153  -24.683 0.3000000119
40750  41.888  -48.031  -21.688 0.3000000119
41965  44.653  -47.502  -33.500 0.5000000000
44998  46.141  -44.314  -34.324 0.5000000000
44043  46.042  -45.138  -34.238 0.5000000000
44034  44.372  -45.306  -32.788 0.4000000060
137149  42.060  -47.008  -34.466 0.4000000060
40878  40.949  -48.215  -34.133 0.5000000000
45893  45.220  -43.901  -33.442 0.4000000060
44999  45.189  -44.741  -33.441 0.5000000000
45892  46.221  -43.478  -34.396 0.5000000000
40871  39.582  -48.637  -33.575 0.4000000060
139078  38.494  -49.252  -33.278 0.4000000060
41976  41.557  -47.564  -34.321 0.5000000000
46890  47.204  -42.332  -35.653 0.4000000060
41969  38.487  -47.653  -33.026 0.4000000060
39749  37.748  -49.328  -32.932 0.4000000060
43079  40.021  -47.091  -33.497 0.4000000060
43078  41.390  -46.682  -34.033 0.5000000000
41977  40.781  -47.362  -33.881 0.4000000060
44057  42.601  -45.390  -34.441 0.5000000000
45009  43.642  -44.198  -35.013 0.4000000060
45910  44.647  -43.795  -35.583 0.4000000060
154481  44.567  -43.133  -35.533 0.4000000060
45909  45.907  -43.281  -36.026 0.4000000060
40873  38.088  -48.557  -33.035 0.4000000060
149192  36.544  -44.946  -31.421 0.4000000060
43068  40.089  -46.175  -33.340 0.4000000060
46868  37.889  -43.028  -31.783 0.4000000060
43067  40.923  -46.013  -33.655 0.5000000000
131955  38.684  -43.188  -32.271 0.4000000060
141593  41.570  -45.937  -33.925 0.5000000000
139827  39.543  -41.136  -32.348 0.4000000060
47866  38.932  -41.534  -32.076 0.4000000060
44058  41.952  -45.523  -34.071 0.5000000000
45906  42.942  -43.719  -34.469 0.5000000000
48835  39.644  -40.335  -32.244 0.4000000060
49770  39.750  -39.576  -32.091 0.4000000060
45010  42.815  -44.565  -34.476 0.5000000000
144899  43.925  -42.677  -35.162 0.6000000238
46895  44.969  -42.567  -35.670 0.5000000000
44039  37.011  -46.084  -31.919 0.4000000060
44028  37.051  -45.268  -31.812 0.4000000060
45884  38.053  -43.927  -32.046 0.4000000060
45001  40.739  -44.553  -33.361 0.5000000000
44046  40.491  -45.371  -33.350 0.4000000060
45883  38.851  -43.855  -32.470 0.4000000060
45000  41.512  -44.340  -33.682 0.5000000000
136727  39.245  -42.662  -32.456 0.4000000060
45907  42.232  -44.077  -34.018 0.5000000000
47882  42.920  -41.920  -34.317 0.5000000000
139614  40.367  -39.240  -32.303 0.4000000060
47881  43.648  -41.538  -34.819 0.6000000238
46892  44.230  -42.040  -35.304 0.6000000238
44038  37.740  -45.716  -32.237 0.4000000060
44047  39.832  -45.476  -33.049 0.4000000060
44037  38.517  -45.395  -32.516 0.4000000060
45882  39.511  -43.377  -32.707 0.4000000060
154076  41.726  -43.671  -33.709 0.5000000000
46867  40.044  -42.496  -32.806 0.4000000060
48834  40.293  -40.686  -32.633 0.4000000060
146798  42.303  -43.285  -34.001 0.5000000000
49769  40.354  -39.884  -32.492 0.4000000060
49786  45.378  -39.384  -35.487 0.6000000238
48849  43.843  -40.685  -34.832 0.6000000238
41959  37.698  -47.999  -32.705 0.4000000060
144842  38.375  -46.212  -32.595 0.4000000060
44036  39.271  -45.071  -32.770 0.4000000060
45895  40.981  -43.646  -33.370 0.5000000000
46882  40.290  -43.243  -33.049 0.5000000000
46881  40.889  -42.754  -33.203 0.5000000000
47875  40.871  -41.940  -33.009 0.5000000000
47873  42.146  -41.486  -33.815 0.5000000000
46880  41.535  -42.186  -33.461 0.5000000000
47874  41.429  -41.495  -33.329 0.5000000000
48850  42.951  -41.080  -34.346 0.6000000238
49768  40.946  -39.324  -32.654 0.5000000000
50714  40.774  -38.587  -32.344 0.4000000060
138342  44.058  -39.257  -34.766 0.6000000238
48840  42.386  -40.563  -33.926 0.6000000238
49780  41.107  -40.138  -32.982 0.5000000000
49789  43.040  -40.377  -34.338 0.6000000238
138343  42.372  -39.127  -33.619 0.6000000238
49778  41.964  -39.941  -33.527 0.5000000000
50730  43.322  -38.976  -34.245 0.6000000238
50729  44.243  -38.552  -34.754 0.6000000238
150463  42.721  -34.360  -32.931 0.5000000000
54379  43.149  -34.724  -33.449 0.6000000238
53464  42.583  -35.103  -32.905 0.5000000000
153491  43.358  -35.810  -33.937 0.6000000238
130220  42.960  -35.675  -33.504 0.6000000238
52578  42.318  -35.908  -32.811 0.5000000000
52587  41.930  -36.696  -32.688 0.5000000000
49777  42.728  -39.790  -34.046 0.6000000238
50723  41.965  -38.521  -33.140 0.5000000000
49779  41.610  -39.298  -33.129 0.5000000000
50713  41.465  -38.104  -32.663 0.5000000000
132561  40.943  -37.846  -32.256 0.5000000000
55371  43.288  -33.376  -33.166 0.5000000000
55363  42.766  -33.049  -32.639 0.5000000000
128789  43.930  -33.201  -33.607 0.6000000238
54378  43.432  -33.953  -33.514 0.6000000238
52586  42.623  -36.583  -33.337 0.6000000238
51634  42.192  -37.552  -33.106 0.5000000000
53473  43.911  -35.954  -34.207 0.6000000238
52585  43.279  -36.351  -33.941 0.6000000238
44054  47.011  -45.328  -35.867 0.4000000060
45012  46.788  -43.843  -36.052 0.4000000060
47871  46.959  -41.656  -34.851 0.5000000000
134049  47.043  -43.098  -35.512 0.4000000060
51633  43.115  -37.338  -33.920 0.6000000238
135059  45.151  -46.705  -33.679 0.5000000000
43075  46.918  -46.507  -35.595 0.5000000000
43066  45.713  -45.924  -33.987 0.5000000000
45008  46.834  -44.761  -35.321 0.5000000000
43077  42.207  -46.211  -34.340 0.5000000000
140003  39.326  -47.933  -33.400 0.4000000060
43069  39.496  -46.662  -33.181 0.4000000060
48836  38.862  -40.760  -31.864 0.4000000060
44048  39.226  -45.976  -32.862 0.4000000060
143528  40.131  -43.966  -33.068 0.4000000060
43059  37.658  -46.511  -32.361 0.4000000060
50722  42.714  -38.271  -33.691 0.6000000238
153706  37.323  -43.597  -31.574 0.3000000119
46855  37.636  -42.214  -31.492 0.3000000119
49771  39.159  -39.979  -31.831 0.3000000119
47855  38.254  -41.504  -31.643 0.3000000119
49761  38.393  -39.986  -31.425 0.3000000119
48826  37.504  -40.380  -31.032 0.3000000119
33340  37.035  -56.260  -24.961 0.5000000000
34255  37.489  -55.470  -27.333 0.5000000000
35101  37.266  -54.608  -25.550 0.5000000000
35111  37.434  -54.607  -26.301 0.5000000000
35119  37.895  -54.123  -27.879 0.6000000238
35990  37.078  -53.659  -24.480 0.5000000000
36019  38.356  -53.698  -28.535 0.5000000000
36023  39.175  -53.167  -29.737 0.5000000000
36870  37.181  -52.311  -22.619 0.4000000060
36906  37.920  -53.020  -26.905 0.6999999881
37772  37.416  -51.134  -23.596 0.4000000060
37792  38.305  -51.591  -26.674 0.6999999881
37808  38.928  -51.198  -27.781 0.6000000238
37816  40.295  -50.780  -29.666 0.5000000000
38670  37.826  -50.632  -21.584 0.4000000060
38683  37.666  -50.432  -22.233 0.4000000060
38704  37.939  -50.646  -25.566 0.6000000238
38719  39.097  -49.696  -27.510 0.6000000238
38740  40.849  -50.323  -30.228 0.4000000060
39628  38.866  -49.737  -20.892 0.3000000119
39641  38.499  -49.450  -21.588 0.4000000060
39656  37.715  -49.839  -22.773 0.5000000000
39670  37.675  -49.698  -24.254 0.6000000238
39687  38.453  -49.093  -26.240 0.6999999881
39704  39.876  -49.431  -28.697 0.6000000238
39723  41.405  -49.947  -30.710 0.4000000060
39731  42.375  -49.333  -31.744 0.5000000000
40752  40.608  -48.412  -21.165 0.4000000060
40753  39.362  -48.261  -21.815 0.5000000000
40765  38.676  -48.042  -22.442 0.5000000000
40772  37.800  -48.821  -23.950 0.6000000238
40779  38.035  -48.488  -24.783 0.6000000238
40821  39.564  -48.254  -28.005 0.6999999881
40842  41.861  -48.244  -30.929 0.6000000238
40844  41.022  -48.729  -29.979 0.6000000238
40859  43.261  -48.668  -32.530 0.5000000000
40872  38.846  -48.523  -33.321 0.4000000060
41825  40.624  -47.938  -21.677 0.4000000060
41836  44.284  -47.955  -23.435 0.3000000119
41841  40.446  -47.269  -21.978 0.4000000060
41843  38.606  -47.365  -22.913 0.4000000060
41852  43.803  -48.179  -24.068 0.3000000119
41853  43.370  -47.958  -23.754 0.3000000119
41866  43.722  -48.046  -24.359 0.3000000119
41878  44.491  -48.074  -25.294 0.3000000119
41879  38.628  -47.465  -25.876 0.6000000238
41938  40.427  -47.905  -29.116 0.6000000238
41958  38.856  -46.784  -32.927 0.4000000060
41966  43.809  -47.833  -32.855 0.5000000000
41968  39.306  -47.282  -33.259 0.4000000060
42927  42.325  -47.451  -22.677 0.3000000119
42928  41.603  -47.308  -22.261 0.4000000060
42929  40.394  -46.389  -22.142 0.5000000000
42930  39.649  -46.745  -22.296 0.5000000000
42946  39.218  -46.223  -22.901 0.4000000060
42963  38.609  -46.713  -24.248 0.4000000060
42975  45.408  -47.551  -26.498 0.3000000119
42977  38.959  -46.063  -24.694 0.5000000000
43018  40.547  -46.436  -28.653 0.8000000119
43019  40.042  -46.946  -28.262 0.6000000238
43057  44.708  -46.059  -33.217 0.4000000060
43919  43.808  -45.316  -22.918 0.3000000119
43920  42.535  -46.371  -22.710 0.3000000119
43938  39.512  -45.521  -23.246 0.4000000060
43953  44.168  -46.747  -24.623 0.3000000119
43965  46.621  -45.482  -26.229 0.3000000119
43966  45.247  -46.765  -25.959 0.3000000119
43979  39.429  -45.856  -26.234 0.6000000238
43988  40.322  -45.419  -27.625 0.8000000119
43989  39.767  -45.984  -27.208 0.6999999881
43997  49.107  -46.037  -28.880 0.3000000119
43999  41.269  -45.144  -28.779 0.8000000119
44019  42.408  -45.277  -30.569 0.6999999881
44020  41.944  -45.708  -30.133 0.6999999881
44044  45.181  -45.428  -33.475 0.5000000000
44045  41.325  -45.228  -33.711 0.5000000000
44055  46.805  -45.713  -35.186 0.5000000000
44890  43.176  -44.228  -21.951 0.4000000060
44893  40.821  -44.637  -22.432 0.4000000060
44917  39.720  -44.652  -24.788 0.5000000000
44927  46.513  -44.977  -25.448 0.3000000119
44933  50.173  -44.048  -26.953 0.3000000119
44934  49.432  -44.354  -26.726 0.3000000119
44937  40.267  -44.435  -26.452 0.6999999881
44946  49.658  -44.750  -27.434 0.3000000119
44947  48.716  -45.149  -27.340 0.3000000119
44948  41.151  -44.128  -27.677 0.8000000119
44966  42.341  -44.039  -29.759 0.8000000119
44983  43.327  -44.614  -31.639 0.6000000238
44985  37.081  -44.390  -31.629 0.3000000119
44990  44.387  -44.373  -32.734 0.5000000000
44992  39.398  -44.262  -32.752 0.4000000060
44993  38.649  -44.556  -32.466 0.4000000060
44994  37.838  -44.867  -32.143 0.4000000060
45002  39.996  -44.784  -33.025 0.4000000060
45011  42.065  -44.854  -34.051 0.5000000000
45765  44.015  -42.911  -21.709 0.5000000000
45767  42.782  -43.425  -21.826 0.4000000060
45781  42.098  -43.665  -22.043 0.4000000060
45782  41.613  -43.369  -22.447 0.4000000060
45792  46.541  -43.312  -23.455 0.3000000119
45795  40.655  -43.600  -23.543 0.4000000060
45804  48.357  -42.891  -24.533 0.4000000060
45805  47.608  -43.352  -24.342 0.3000000119
45806  46.822  -43.724  -24.174 0.3000000119
45808  40.524  -43.487  -24.472 0.5000000000
45820  40.520  -43.530  -25.358 0.6999999881
45826  50.278  -43.431  -26.733 0.4000000060
45829  40.993  -42.980  -25.978 0.6000000238
45837  51.180  -43.217  -27.925 0.4000000060
45840  40.797  -43.950  -26.928 0.6000000238
45872  52.710  -43.446  -32.050 0.3000000119
45873  42.902  -43.206  -30.909 0.6999999881
45891  53.442  -42.579  -34.188 0.3000000119
45894  41.603  -42.996  -33.606 0.5000000000
45904  46.869  -43.890  -35.423 0.4000000060
45905  43.720  -43.383  -35.045 0.6000000238
45908  47.051  -43.009  -36.084 0.4000000060
46784  47.741  -42.081  -23.424 0.4000000060
46785  41.361  -42.362  -23.536 0.6000000238
46795  41.284  -42.164  -24.534 0.6000000238
46827  50.697  -42.105  -28.802 0.4000000060
46836  51.253  -42.571  -29.193 0.4000000060
46838  42.380  -42.528  -29.520 0.8000000119
46853  43.256  -42.413  -31.448 0.6000000238
46854  38.593  -42.304  -32.009 0.4000000060
46861  55.543  -42.569  -32.716 0.3000000119
46875  53.777  -42.178  -34.163 0.3000000119
46876  53.274  -41.587  -33.839 0.3000000119
46878  45.301  -42.369  -33.430 0.6000000238
46879  42.262  -42.444  -33.915 0.5000000000
46891  45.161  -41.991  -35.705 0.6000000238
46893  43.072  -42.803  -34.473 0.5000000000
46894  46.364  -42.358  -36.027 0.4000000060
47749  45.597  -41.152  -21.985 0.5000000000
47767  46.212  -42.010  -22.298 0.4000000060
47769  43.847  -41.176  -21.808 0.5000000000
47771  42.338  -42.003  -22.312 0.5000000000
47786  41.712  -41.112  -23.622 0.6000000238
47795  48.139  -40.923  -24.021 0.4000000060
47803  49.462  -41.798  -25.798 0.4000000060
47804  48.941  -41.256  -25.286 0.4000000060
47805  41.471  -41.667  -25.908 0.6999999881
47810  50.184  -41.965  -27.215 0.4000000060
47830  42.050  -41.742  -28.470 0.8000000119
47836  49.634  -40.615  -29.694 0.4000000060
47844  54.462  -41.333  -30.308 0.3000000119
47845  53.457  -41.058  -31.358 0.3000000119
47850  56.333  -41.746  -31.635 0.3000000119
47861  54.142  -41.580  -33.002 0.3000000119
47863  52.903  -40.617  -33.478 0.3000000119
47865  40.179  -41.553  -32.698 0.4000000060
47879  47.384  -41.605  -35.761 0.5000000000
47880  44.717  -41.368  -35.463 0.6999999881
48719  44.241  -40.347  -22.128 0.6000000238
48721  42.610  -40.372  -22.670 0.6000000238
48734  47.439  -40.331  -23.673 0.5000000000
48763  47.806  -39.855  -26.337 0.4000000060
48772  49.034  -40.654  -28.201 0.4000000060
48773  48.503  -40.232  -27.813 0.4000000060
48786  48.778  -39.545  -29.214 0.4000000060
48787  42.082  -41.024  -29.089 0.8000000119
48797  51.683  -39.244  -30.565 0.3000000119
48800  49.198  -38.570  -29.970 0.4000000060
48801  41.773  -39.597  -29.344 0.8000000119
48811  50.192  -38.739  -30.892 0.4000000060
48812  43.049  -40.659  -31.255 0.8999999762
48821  52.316  -39.494  -32.226 0.3000000119
48823  51.369  -38.921  -31.723 0.4000000060
48824  43.807  -40.594  -31.964 0.8999999762
48825  38.076  -40.802  -31.414 0.3000000119
48831  53.049  -40.133  -33.061 0.3000000119
48839  45.517  -40.211  -33.298 0.8000000119
48841  41.651  -40.777  -33.436 0.5000000000
48842  40.942  -41.100  -32.975 0.5000000000
48846  47.513  -40.353  -35.252 0.8000000119
48848  44.878  -40.672  -35.441 0.6000000238
48852  47.159  -40.771  -36.029 0.6000000238
49655  45.440  -39.618  -22.697 0.5000000000
49657  43.755  -39.745  -22.485 0.6000000238
49669  44.850  -39.151  -22.885 0.6000000238
49671  43.241  -39.198  -22.833 0.6999999881
49682  41.425  -39.702  -24.711 0.6999999881
49690  50.958  -39.226  -25.977 0.3000000119
49705  47.169  -39.151  -26.118 0.5000000000
49731  48.183  -38.520  -28.750 0.4000000060
49749  51.375  -38.543  -31.262 0.3000000119
49765  45.577  -38.835  -33.072 0.8999999762
49785  47.874  -39.775  -35.835 0.6999999881
49787  44.491  -40.003  -35.123 0.6000000238
49788  43.525  -39.833  -34.545 0.6000000238
49791  46.794  -39.946  -35.976 0.6000000238
50611  41.993  -38.840  -23.660 0.6999999881
50621  46.180  -38.978  -23.663 0.5000000000
50623  41.697  -38.193  -24.253 0.6999999881
50633  46.283  -38.374  -24.925 0.5000000000
50634  45.663  -37.752  -24.719 0.6999999881
50648  41.080  -38.443  -25.889 0.8000000119
50659  49.818  -37.706  -28.240 0.4000000060
50660  47.360  -38.198  -27.804 0.4000000060
50674  48.595  -37.576  -29.356 0.4000000060
50684  50.894  -37.929  -30.893 0.4000000060
50685  50.739  -37.697  -30.318 0.4000000060
50686  49.948  -37.554  -30.448 0.4000000060
50696  43.226  -38.176  -31.138 0.8000000119
50697  42.503  -38.581  -30.553 0.8000000119
50720  46.200  -38.456  -33.476 0.8999999762
50721  43.416  -38.158  -34.192 0.6000000238
51526  48.877  -37.506  -24.457 0.3000000119
51527  48.529  -36.963  -24.030 0.4000000060
51530  42.994  -37.929  -23.505 0.6999999881
51540  45.014  -37.230  -24.552 0.6999999881
51543  42.341  -37.459  -24.018 0.6999999881
51554  48.787  -36.911  -26.413 0.5000000000
51566  49.484  -37.051  -27.942 0.5000000000
51582  47.682  -36.420  -28.393 0.5000000000
51596  49.842  -36.824  -29.695 0.4000000060
51598  48.549  -36.000  -28.703 0.5000000000
51599  41.319  -37.722  -28.385 0.8000000119
51605  50.015  -36.953  -30.122 0.4000000060
51626  41.437  -37.355  -32.473 0.5000000000
51638  48.203  -37.663  -36.114 0.8000000119
51642  43.906  -37.706  -34.440 0.6999999881
52481  49.189  -36.372  -22.779 0.4000000060
52494  49.680  -36.810  -23.159 0.4000000060
52495  48.124  -36.329  -23.982 0.6000000238
52505  44.624  -36.482  -24.880 0.6999999881
52508  42.063  -36.921  -24.555 0.6999999881
52530  46.731  -35.910  -27.372 0.5000000000
52543  48.108  -35.654  -28.425 0.5000000000
52556  41.989  -36.375  -29.607 0.8000000119
52590  48.258  -37.216  -35.626 0.8000000119
52591  45.675  -36.889  -35.386 0.6999999881
52594  48.163  -37.208  -36.280 0.8000000119
53342  48.197  -35.049  -21.969 0.6000000238
53357  48.528  -35.777  -22.507 0.6000000238
53382  43.064  -36.002  -24.673 0.6000000238
53392  45.516  -35.627  -26.148 0.6000000238
53395  42.550  -35.546  -25.203 0.6999999881
53408  41.589  -35.647  -26.376 0.8000000119
53416  48.455  -35.021  -28.023 0.5000000000
53417  47.703  -34.675  -27.706 0.6000000238
53418  41.468  -35.497  -27.154 0.8000000119
53463  43.564  -35.323  -33.947 0.6000000238
54253  48.611  -34.419  -21.519 0.6000000238
54280  47.353  -35.079  -23.163 0.6000000238
54281  46.824  -34.372  -22.902 0.6999999881
54301  48.606  -34.414  -26.503 0.6000000238
54303  44.029  -34.728  -25.571 0.6000000238
54315  46.819  -34.315  -27.206 0.6000000238
54316  45.162  -33.981  -26.330 0.6000000238
54319  42.471  -34.413  -26.226 0.6999999881
54329  48.598  -33.732  -27.269 0.6999999881
54337  42.165  -34.108  -28.690 0.8000000119
54343  42.450  -34.673  -29.941 0.8000000119
54357  43.652  -34.057  -31.122 0.8000000119
54382  49.038  -35.247  -36.047 0.8000000119
54387  48.150  -35.529  -36.212 0.8000000119
55232  49.087  -33.652  -21.224 0.6000000238
55234  47.461  -33.727  -21.288 0.6999999881
55250  50.716  -33.363  -22.049 0.3000000119
55266  46.358  -33.621  -23.315 0.6999999881
55290  48.237  -33.182  -25.756 0.6999999881
55302  43.674  -33.420  -26.399 0.6999999881
55310  48.798  -32.928  -27.040 0.6999999881
55311  48.424  -32.910  -27.315 0.6999999881
55314  42.536  -33.494  -27.455 0.6999999881
55351  44.307  -33.717  -31.527 0.8999999762
55372  42.932  -33.789  -33.005 0.5000000000
55373  49.622  -33.486  -36.185 1.0000000000
56191  48.913  -32.072  -20.763 0.6000000238
56193  47.003  -32.222  -20.593 0.6999999881
56209  50.253  -32.664  -21.571 0.4000000060
56211  48.633  -33.053  -20.840 0.6000000238
56212  46.435  -32.864  -21.051 0.6999999881
56231  45.554  -32.721  -22.115 0.6999999881
56249  45.433  -32.473  -23.444 0.6999999881
56258  46.709  -32.519  -24.717 0.6999999881
56270  48.892  -32.286  -26.977 0.6999999881
56272  45.103  -32.704  -26.840 0.6999999881
56283  48.254  -32.086  -27.428 0.6999999881
56284  47.008  -31.995  -27.515 0.8000000119
56287  43.640  -32.355  -27.508 0.6999999881
56311  43.400  -32.318  -29.280 0.6999999881
56330  45.565  -32.916  -32.237 1.0000000000
56337  46.242  -32.621  -32.533 1.0000000000
56338  43.333  -32.313  -32.720 0.6999999881
56344  50.263  -32.142  -36.237 1.0000000000
57068  46.263  -31.513  -20.591 0.6000000238
57113  44.192  -31.318  -22.754 0.6999999881
57140  48.737  -31.696  -26.761 0.6999999881
57154  48.703  -31.462  -27.211 0.6999999881
57155  48.125  -31.180  -27.676 0.6999999881
57157  45.230  -31.507  -27.796 0.6999999881
57179  45.279  -30.841  -29.162 0.8000000119
57180  44.527  -31.283  -29.261 0.8000000119
57188  44.779  -31.708  -30.620 0.8999999762
57210  46.060  -31.264  -34.370 0.8999999762
57211  50.066  -32.077  -36.427 1.0000000000
57925  46.717  -30.635  -20.491 0.6000000238
57927  45.035  -30.797  -20.725 0.6000000238
57954  43.934  -30.865  -22.108 0.6000000238
57955  43.356  -30.131  -22.330 0.6999999881
57995  48.518  -30.515  -26.928 0.8000000119
58009  48.593  -30.289  -27.994 0.8000000119
58031  48.182  -29.627  -28.994 0.8000000119
58032  47.189  -30.128  -29.485 0.8999999762
58060  50.398  -31.359  -36.079 1.0000000000
58065  49.762  -30.945  -36.229 1.0000000000
58888  46.637  -29.076  -20.536 0.5000000000
58909  43.462  -29.549  -21.508 0.6000000238
58921  50.570  -29.233  -22.181 0.3000000119
58922  42.899  -29.512  -22.894 0.6999999881
58934  42.633  -28.992  -23.231 0.6999999881
58944  43.675  -29.809  -24.869 0.6999999881
58945  43.024  -29.163  -24.590 0.6999999881
58971  44.581  -29.406  -26.412 0.6999999881
58981  47.653  -29.267  -27.529 0.8000000119
58991  48.420  -29.215  -28.508 0.8000000119
59006  48.717  -29.048  -30.011 1.0000000000
59017  49.917  -28.974  -33.360 1.0000000000
59018  49.210  -29.068  -31.767 1.0000000000
59021  44.903  -29.417  -32.602 0.8999999762
59022  50.295  -29.145  -34.547 1.0000000000
59028  50.309  -29.621  -35.316 1.0000000000
59032  50.304  -29.138  -35.159 1.0000000000
59727  49.973  -28.707  -21.982 0.4000000060
59728  48.638  -28.328  -21.314 0.4000000060
59729  43.266  -28.051  -21.205 0.5000000000
59741  49.885  -27.940  -22.201 0.4000000060
59742  43.084  -28.818  -21.650 0.6000000238
59800  46.757  -28.788  -27.964 0.6999999881
59818  48.536  -28.931  -28.948 0.8000000119
59826  47.962  -28.344  -30.078 1.0000000000
59832  48.883  -28.368  -31.252 1.0000000000
59839  50.261  -28.386  -34.548 1.0000000000
59843  49.882  -28.191  -34.866 1.0000000000
59846  50.164  -29.064  -35.217 1.0000000000
60640  45.697  -27.446  -20.465 0.5000000000
60641  45.028  -27.041  -20.464 0.5000000000
60657  47.990  -27.858  -21.062 0.4000000060
60687  42.343  -27.752  -22.939 0.6000000238
60720  42.681  -27.372  -26.039 0.6999999881
60727  44.083  -28.014  -28.103 1.0000000000
60758  42.506  -27.037  -30.427 0.8000000119
60773  49.988  -27.859  -34.552 1.0000000000
61542  44.755  -26.432  -20.502 0.4000000060
61576  49.030  -26.295  -22.236 0.4000000060
61623  43.049  -26.179  -27.247 0.8999999762
61643  44.038  -26.764  -29.059 1.0000000000
61653  40.972  -26.556  -29.101 0.6000000238
61657  45.724  -26.259  -30.845 1.0000000000
61667  48.661  -25.940  -33.405 1.0000000000
61669  44.943  -26.189  -32.672 1.0000000000
62456  44.489  -25.703  -20.544 0.5000000000
62457  43.777  -25.539  -20.800 0.5000000000
62503  42.377  -25.837  -24.119 0.5000000000
62512  42.512  -25.549  -24.717 0.6000000238
62564  45.094  -25.670  -30.445 1.0000000000
62566  41.910  -25.740  -30.148 0.8000000119
62575  43.740  -25.078  -31.715 0.8999999762
62578  48.363  -25.222  -33.791 1.0000000000
62579  47.810  -23.985  -33.050 1.0000000000
62582  48.055  -24.777  -33.949 1.0000000000
62583  47.252  -24.924  -34.025 1.0000000000
63501  47.654  -24.456  -21.130 0.4000000060
63518  42.606  -24.654  -22.452 0.5000000000
63534  42.630  -24.121  -23.841 0.5000000000
63557  42.919  -24.630  -25.373 0.6999999881
63599  38.726  -24.480  -28.930 0.6999999881
63613  44.219  -24.568  -32.058 0.8999999762
63615  43.015  -24.477  -31.015 0.8000000119
64434  45.327  -23.196  -20.067 0.4000000060
64436  43.774  -23.601  -20.640 0.5000000000
64508  44.301  -22.880  -26.967 0.8000000119
64515  44.075  -23.777  -27.179 0.8999999762
64524  45.394  -22.526  -29.026 0.8999999762
64532  45.257  -23.361  -29.332 1.0000000000
64541  42.614  -22.740  -30.597 0.8999999762
64548  47.171  -22.883  -32.210 1.0000000000
64555  47.211  -22.811  -32.777 1.0000000000
64556  46.693  -22.872  -33.013 1.0000000000
64557  45.575  -23.224  -32.663 1.0000000000
64558  47.327  -23.418  -33.222 1.0000000000
65414  44.331  -22.045  -26.730 0.6999999881
65442  39.571  -22.780  -29.592 0.6999999881
65447  46.248  -22.301  -30.806 1.0000000000
65450  40.896  -23.005  -30.217 0.8000000119
65455  45.424  -22.244  -31.645 1.0000000000
66264  45.327  -21.789  -19.878 0.4000000060
66280  43.114  -21.237  -20.871 0.4000000060
66297  42.594  -21.331  -22.357 0.4000000060
66321  42.814  -21.831  -23.790 0.5000000000
66342  44.477  -21.378  -27.232 0.8999999762
66363  44.780  -21.397  -29.950 1.0000000000
66364  43.874  -21.111  -29.697 1.0000000000
66373  45.873  -21.827  -30.803 1.0000000000
67198  46.310  -20.445  -20.001 0.3000000119
67228  42.607  -20.623  -22.142 0.4000000060
67271  43.790  -20.444  -27.729 0.6999999881
67290  38.219  -20.728  -27.976 0.5000000000
67296  41.292  -20.770  -29.153 0.8000000119
68108  44.802  -20.002  -19.925 0.3000000119
68123  43.104  -19.776  -20.826 0.4000000060
68137  42.648  -19.773  -22.392 0.4000000060
68155  43.487  -19.361  -24.704 0.6000000238
68186  41.926  -19.921  -27.999 0.8999999762
68996  44.329  -18.615  -20.196 0.3000000119
69927  45.154  -17.471  -20.068 0.3000000119
69939  43.278  -17.546  -21.173 0.4000000060
69976  44.115  -17.365  -25.371 0.6000000238
70861  44.249  -16.723  -25.797 0.6000000238
70869  42.673  -16.365  -26.594 0.6999999881
71722  43.334  -15.938  -22.872 0.3000000119
71761  39.079  -15.855  -26.744 0.4000000060
73531  43.762  -13.804  -22.068 0.3000000119
73543  44.061  -13.932  -23.070 0.3000000119
74374  44.872  -12.307  -20.900 0.3000000119
74390  44.364  -12.506  -21.510 0.3000000119
74436  45.261  -13.033  -25.374 0.4000000060
74442  45.515  -12.109  -26.410 0.3000000119
74450  44.795  -12.190  -27.319 0.3000000119
75259  45.341  -11.180  -27.191 0.3000000119
76097  45.082  -10.576  -27.656 0.3000000119
76903  44.919  -9.420  -21.831 0.3000000119
76917  44.594  -9.690  -22.309 0.3000000119
77862  45.254  -8.611  -28.343 0.3000000119
77864  44.157  -8.657  -28.996 0.3000000119
79664  41.234  -6.734  -30.000 0.3000000119
79673  45.080  -5.865  -30.133 0.3000000119
79675  42.965  -6.107  -30.304 0.3000000119
80528  44.648  -5.518  -30.502 0.3000000119
80529  44.064  -5.070  -30.798 0.3000000119
81369  45.593  -5.402  -27.721 0.3000000119
81405  44.561  -4.431  -31.138 0.3000000119
128252  45.555  -44.958  -24.484 0.3000000119
128706  37.333  -51.538  -22.750 0.4000000060
128937  39.422  -41.951  -32.405 0.4000000060
128972  43.250  -17.899  -23.941 0.3000000119
129065  36.858  -55.031  -24.233 0.5000000000
129814  37.599  -53.221  -25.948 0.5000000000
129832  37.033  -52.871  -23.149 0.5000000000
130418  46.692  -23.379  -20.472 0.4000000060
130429  49.321  -28.794  -21.561 0.4000000060
130469  37.324  -51.991  -21.921 0.4000000060
130889  39.062  -46.154  -25.502 0.6000000238
131318  43.822  -21.263  -25.655 0.6999999881
131724  43.193  -45.252  -22.484 0.3000000119
131798  37.311  -55.265  -25.943 0.5000000000
131858  36.989  -52.965  -22.307 0.4000000060
131974  41.599  -42.289  -26.970 0.6999999881
132366  45.323  -31.133  -30.479 0.8999999762
132415  47.218  -37.499  -36.163 0.8000000119
132621  41.513  -37.945  -29.074 0.8000000119
132843  37.414  -54.040  -25.944 0.5000000000
133069  46.365  -25.647  -33.717 1.0000000000
133328  43.955  -20.005  -25.905 0.6999999881
133369  44.680  -40.831  -32.728 0.8999999762
133408  39.821  -16.566  -26.487 0.6000000238
133435  46.659  -30.645  -25.734 0.6999999881
133523  43.269  -25.578  -31.279 0.8000000119
133631  55.046  -41.650  -30.886 0.3000000119
133691  42.239  -40.646  -29.951 0.8000000119
133857  49.842  -31.997  -21.286 0.4000000060
134060  42.159  -34.174  -27.033 0.6999999881
134115  48.103  -25.231  -21.459 0.4000000060
134388  46.471  -36.898  -33.496 1.0000000000
134949  52.051  -43.849  -29.230 0.3000000119
135181  37.655  -47.298  -32.526 0.4000000060
135249  38.589  -51.153  -27.112 0.6000000238
135547  41.359  -42.855  -26.778 0.6999999881
135629  39.338  -50.836  -28.290 0.6000000238
135813  41.245  -39.113  -27.593 0.8000000119
136393  43.897  -37.376  -31.597 0.8999999762
136458  38.294  -50.156  -21.222 0.3000000119
136605  42.485  -28.134  -22.552 0.6000000238
137356  43.520  -42.191  -34.780 0.6000000238
137660  42.806  -26.807  -26.654 0.8000000119
138139  37.769  -51.946  -25.606 0.6000000238
138354  41.278  -36.182  -27.564 0.8000000119
138647  38.042  -48.035  -24.097 0.6000000238
138964  42.664  -25.007  -24.882 0.6000000238
139179  44.412  -10.960  -27.921 0.3000000119
139482  37.457  -52.317  -21.145 0.4000000060
139582  47.113  -29.789  -20.533 0.5000000000
140070  45.060  -25.000  -20.350 0.5000000000
140250  43.062  -22.075  -21.025 0.4000000060
140830  50.386  -30.544  -35.875 1.0000000000
141009  43.542  -21.470  -30.288 0.8999999762
141288  42.507  -33.529  -29.103 0.6999999881
141689  45.189  -7.961  -25.606 0.4000000060
141721  36.711  -54.282  -23.188 0.5000000000
141873  39.137  -49.149  -33.487 0.4000000060
142046  44.339  -10.967  -23.036 0.3000000119
142219  43.718  -17.228  -24.408 0.5000000000
143059  42.256  -45.914  -30.659 0.6999999881
143073  45.574  -8.218  -27.309 0.3000000119
143290  42.584  -20.992  -22.859 0.5000000000
143784  48.695  -29.983  -27.778 0.8000000119
143937  42.690  -43.810  -30.470 0.6999999881
144359  41.383  -36.169  -28.286 0.8000000119
144483  38.962  -23.213  -29.330 0.6999999881
145729  38.379  -52.536  -27.524 0.6999999881
146012  47.235  -42.811  -35.972 0.4000000060
146456  44.867  -21.301  -19.886 0.3000000119
146599  37.534  -52.203  -25.002 0.5000000000
146600  46.765  -31.228  -25.437 0.6999999881
146638  44.945  -18.207  -20.043 0.3000000119
147407  43.258  -15.681  -22.101 0.3000000119
147909  45.337  -24.595  -30.410 1.0000000000
148152  51.784  -40.446  -32.629 0.3000000119
148323  47.541  -34.540  -24.719 0.6999999881
148381  45.726  -25.274  -33.349 1.0000000000
148417  49.268  -37.304  -23.706 0.4000000060
148426  45.510  -31.310  -20.728 0.6000000238
148432  50.463  -37.455  -29.686 0.4000000060
148454  42.867  -27.406  -21.565 0.5000000000
148672  42.586  -26.793  -22.008 0.5000000000
148867  42.754  -42.605  -21.856 0.4000000060
149504  48.170  -41.590  -23.794 0.4000000060
149842  41.364  -38.768  -32.777 0.5000000000
150117  52.591  -39.849  -32.674 0.3000000119
150212  40.674  -49.207  -29.676 0.5000000000
150412  43.602  -22.566  -25.637 0.6000000238
150468  45.268  -21.966  -28.638 0.8999999762
150537  39.547  -20.137  -27.941 0.6000000238
150610  43.736  -14.408  -22.585 0.3000000119
150670  43.774  -43.407  -32.132 0.6999999881
151031  43.446  -28.389  -26.653 0.8000000119
151693  44.578  -37.023  -32.095 0.8999999762
151729  40.645  -46.664  -33.676 0.4000000060
152145  45.217  -38.382  -23.585 0.6999999881
152278  43.814  -38.911  -34.567 0.6000000238
152322  42.766  -36.695  -30.572 0.8000000119
152332  42.143  -37.548  -30.058 0.8000000119
152611  42.020  -45.176  -22.019 0.4000000060
153031  39.381  -47.219  -27.273 0.6999999881
153292  40.786  -47.379  -29.407 0.6000000238
153324  47.867  -39.305  -36.187 0.8000000119
153465  43.417  -40.187  -31.546 0.8999999762
153525  42.884  -23.327  -21.617 0.4000000060
153547  44.522  -43.940  -22.384 0.4000000060
153597  47.737  -24.598  -33.927 1.0000000000
153670  49.511  -26.667  -22.459 0.4000000060
153730  43.057  -34.197  -33.240 0.6000000238
153769  39.684  -47.566  -33.458 0.4000000060
154276  43.460  -26.581  -20.975 0.5000000000
154293  44.721  -28.773  -32.290 0.8999999762
154451  49.253  -24.810  -22.789 0.3000000119
154491  43.623  -30.612  -31.871 0.6000000238
154567  44.358  -36.080  -25.046 0.6000000238
154644  38.944  -52.358  -28.606 0.5000000000
154710  50.306  -30.795  -36.105 1.0000000000
155031  38.205  -46.889  -32.710 0.4000000060
