#!ascii label  , from subject sub-v1s12x0050104_ses-1 vox2ras=TkReg
349
21019  50.296  -69.936  -16.602 0.0000000000
22024  42.482  -68.212  -23.553 0.0000000000
21003  42.933  -69.152  -13.785 0.0000000000
25845  40.648  -64.976  -16.358 0.0000000000
18201  41.617  -72.325  -20.226 0.0000000000
21047  38.730  -69.133  -17.459 0.0000000000
17292  39.765  -73.349  -18.407 0.0000000000
23845  38.797  -66.145  -20.676 0.0000000000
27809  40.779  -62.347  -16.133 0.0000000000
20033  47.067  -70.075  -15.183 0.0000000000
22881  41.775  -66.758  -15.615 0.0000000000
139394  38.844  -68.357  -19.106 0.0000000000
19140  41.847  -71.022  -21.937 0.0000000000
17301  45.468  -73.636  -19.755 0.0000000000
20978  48.971  -69.522  -13.581 0.0000000000
18126  49.793  -73.246  -13.524 0.0000000000
19030  45.777  -72.129  -12.803 0.0000000000
139596  45.354  -63.925  -15.517 0.0000000000
19105  38.435  -71.407  -17.640 0.0000000000
22939  40.916  -67.571  -22.918 0.0000000000
25905  39.971  -64.829  -21.011 0.0000000000
21001  44.906  -69.799  -14.164 0.0000000000
21939  42.848  -67.771  -15.080 0.0000000000
19122  39.586  -71.020  -19.429 0.0000000000
132589  38.741  -68.745  -18.084 0.0000000000
20088  40.156  -70.541  -20.434 0.0000000000
20096  40.343  -70.084  -21.042 0.0000000000
19127  42.023  -71.941  -20.857 0.0000000000
18209  45.628  -72.802  -21.605 0.0000000000
18101  50.366  -72.934  -11.703 0.0000000000
18127  48.022  -72.845  -13.291 0.0000000000
19014  48.280  -72.098  -11.835 0.0000000000
24801  43.412  -65.716  -16.329 0.0000000000
129818  42.970  -64.268  -15.785 0.0000000000
29545  42.008  -60.151  -15.860 0.0000000000
28677  43.776  -61.577  -14.910 0.0000000000
21905  41.174  -69.035  -13.531 0.0000000000
21942  40.242  -67.993  -15.156 0.0000000000
21025  39.205  -69.021  -15.502 0.0000000000
19104  38.812  -71.003  -18.147 0.0000000000
17306  40.997  -73.049  -19.126 0.0000000000
24828  38.582  -65.813  -18.618 0.0000000000
26837  40.595  -63.379  -16.266 0.0000000000
26849  38.903  -64.051  -18.581 0.0000000000
135328  40.109  -62.455  -18.985 0.0000000000
22036  44.916  -68.738  -24.162 0.0000000000
21020  48.995  -69.865  -16.241 0.0000000000
22878  44.582  -66.861  -16.701 0.0000000000
141333  41.732  -65.941  -15.827 0.0000000000
21961  39.959  -67.550  -15.747 0.0000000000
23801  39.501  -66.849  -16.662 0.0000000000
139377  38.825  -66.121  -17.659 0.0000000000
146594  38.943  -67.700  -20.672 0.0000000000
22011  39.900  -68.792  -22.157 0.0000000000
21095  41.964  -69.678  -23.510 0.0000000000
18199  43.528  -72.738  -20.393 0.0000000000
142652  43.857  -72.458  -21.006 0.0000000000
19148  43.858  -71.908  -23.293 0.0000000000
20124  44.012  -70.635  -24.268 0.0000000000
22846  49.335  -68.226  -14.513 0.0000000000
20997  51.150  -70.264  -15.161 0.0000000000
19028  51.285  -72.038  -13.612 0.0000000000
19077  50.472  -71.624  -15.677 0.0000000000
19061  48.052  -71.845  -14.379 0.0000000000
19062  46.918  -71.672  -14.053 0.0000000000
19992  43.989  -71.114  -13.223 0.0000000000
19018  43.462  -71.248  -12.442 0.0000000000
19994  42.388  -70.635  -12.555 0.0000000000
27802  43.265  -62.432  -15.238 0.0000000000
21035  51.212  -69.545  -16.734 0.0000000000
21954  51.300  -68.839  -16.828 0.0000000000
136680  50.837  -68.774  -17.058 0.0000000000
22949  41.735  -67.935  -23.314 0.0000000000
24869  40.803  -66.085  -22.172 0.0000000000
20979  44.210  -70.036  -13.740 0.0000000000
21916  44.153  -68.610  -14.775 0.0000000000
21917  42.448  -68.333  -14.301 0.0000000000
19121  40.770  -72.078  -19.868 0.0000000000
147553  39.772  -70.591  -19.940 0.0000000000
19129  40.259  -71.259  -20.100 0.0000000000
20087  40.759  -70.909  -20.824 0.0000000000
19128  41.137  -71.653  -20.543 0.0000000000
17330  47.365  -73.319  -21.144 0.0000000000
148027  49.357  -72.382  -11.570 0.0000000000
24802  42.324  -65.541  -15.949 0.0000000000
25842  43.686  -64.999  -16.121 0.0000000000
25844  41.675  -64.938  -16.028 0.0000000000
150292  43.166  -59.775  -15.420 0.0000000000
149199  39.382  -69.143  -14.810 0.0000000000
21040  38.556  -69.519  -15.988 0.0000000000
18181  38.969  -71.923  -18.209 0.0000000000
145894  38.451  -70.565  -17.429 0.0000000000
18180  39.745  -72.452  -18.698 0.0000000000
19115  39.345  -71.495  -18.780 0.0000000000
17291  40.439  -73.124  -18.782 0.0000000000
24835  38.598  -65.322  -19.349 0.0000000000
25867  38.629  -64.924  -18.648 0.0000000000
24847  38.789  -65.309  -20.143 0.0000000000
26860  39.837  -63.178  -19.486 0.0000000000
27830  40.687  -62.712  -19.812 0.0000000000
138946  40.617  -61.244  -17.746 0.0000000000
20032  48.301  -70.332  -15.578 0.0000000000
21021  47.906  -69.337  -16.101 0.0000000000
21022  46.795  -69.115  -15.673 0.0000000000
23798  42.707  -66.142  -16.114 0.0000000000
151133  42.077  -66.393  -15.811 0.0000000000
21943  39.477  -68.316  -15.812 0.0000000000
22862  40.637  -67.430  -15.322 0.0000000000
150533  39.006  -68.482  -16.656 0.0000000000
21979  38.958  -68.885  -18.893 0.0000000000
143393  38.731  -68.102  -17.754 0.0000000000
22906  38.684  -67.576  -17.975 0.0000000000
23819  38.990  -66.869  -17.382 0.0000000000
22914  38.662  -67.729  -18.857 0.0000000000
137770  38.599  -67.178  -19.394 0.0000000000
22927  38.821  -67.952  -19.767 0.0000000000
20095  41.104  -70.614  -21.571 0.0000000000
21083  40.063  -69.387  -21.675 0.0000000000
21082  40.684  -69.926  -22.079 0.0000000000
21096  41.129  -69.623  -23.048 0.0000000000
20102  42.029  -70.877  -22.849 0.0000000000
13704  47.152  -77.931  -17.459 0.0000000000
15455  46.554  -74.924  -18.871 0.0000000000
137258  46.014  -75.441  -18.451 0.0000000000
16381  45.012  -74.113  -19.209 0.0000000000
17302  44.568  -73.550  -19.673 0.0000000000
17319  44.227  -73.105  -20.121 0.0000000000
17318  44.960  -73.212  -20.259 0.0000000000
18223  46.083  -72.646  -22.393 0.0000000000
18224  45.055  -72.554  -22.290 0.0000000000
18236  44.608  -72.371  -22.988 0.0000000000
136937  43.574  -71.215  -23.811 0.0000000000
19162  44.275  -71.404  -24.028 0.0000000000
22836  48.510  -67.960  -14.049 0.0000000000
21915  49.085  -68.777  -14.186 0.0000000000
21914  50.395  -69.047  -15.016 0.0000000000
20977  50.376  -70.325  -14.143 0.0000000000
18111  50.709  -73.137  -12.690 0.0000000000
19980  51.329  -71.997  -12.619 0.0000000000
18141  51.118  -72.637  -14.120 0.0000000000
19058  51.169  -72.360  -14.977 0.0000000000
19059  50.596  -72.429  -15.009 0.0000000000
19060  49.353  -72.099  -14.736 0.0000000000
18143  49.658  -72.813  -14.162 0.0000000000
18128  46.984  -72.595  -13.151 0.0000000000
19039  47.372  -72.381  -13.653 0.0000000000
19040  46.257  -72.157  -13.365 0.0000000000
19991  44.881  -71.354  -13.397 0.0000000000
19041  45.281  -71.904  -13.192 0.0000000000
144560  42.444  -70.690  -11.748 0.0000000000
19019  42.645  -70.993  -12.139 0.0000000000
19043  42.967  -71.012  -12.427 0.0000000000
26836  41.453  -63.105  -15.796 0.0000000000
27808  41.535  -62.010  -15.665 0.0000000000
28676  44.737  -61.802  -14.779 0.0000000000
22941  39.589  -67.251  -22.029 0.0000000000
24860  39.332  -65.385  -20.933 0.0000000000
21000  45.618  -69.658  -14.639 0.0000000000
21023  45.917  -68.966  -15.350 0.0000000000
21024  45.001  -68.943  -14.957 0.0000000000
22860  42.353  -67.222  -15.549 0.0000000000
20070  39.127  -70.556  -18.725 0.0000000000
21059  38.970  -69.578  -18.596 0.0000000000
21072  39.276  -69.425  -19.444 0.0000000000
20089  39.711  -69.921  -20.154 0.0000000000
134518  39.430  -69.219  -20.074 0.0000000000
19134  41.543  -71.292  -21.202 0.0000000000
19133  42.338  -71.609  -21.481 0.0000000000
17317  45.850  -73.332  -20.390 0.0000000000
17316  46.870  -73.483  -20.526 0.0000000000
18208  46.732  -73.004  -21.768 0.0000000000
18112  49.990  -73.425  -12.889 0.0000000000
134919  48.950  -73.058  -13.527 0.0000000000
18102  49.618  -73.157  -12.370 0.0000000000
18103  48.565  -72.766  -12.436 0.0000000000
19015  46.642  -71.864  -12.243 0.0000000000
25841  44.501  -64.899  -16.233 0.0000000000
26833  44.663  -64.156  -15.716 0.0000000000
28682  41.055  -61.362  -16.093 0.0000000000
28678  42.836  -61.270  -15.200 0.0000000000
29544  42.590  -60.309  -15.468 0.0000000000
29543  43.858  -59.747  -15.083 0.0000000000
21904  42.044  -69.018  -13.547 0.0000000000
21918  41.547  -68.313  -14.180 0.0000000000
21919  40.595  -68.545  -14.317 0.0000000000
21920  39.795  -68.656  -14.954 0.0000000000
21039  38.890  -68.994  -16.397 0.0000000000
20046  38.550  -69.729  -17.016 0.0000000000
20058  38.736  -70.081  -17.932 0.0000000000
19114  40.015  -71.831  -19.361 0.0000000000
24818  39.212  -65.424  -17.240 0.0000000000
136129  41.010  -64.261  -16.141 0.0000000000
25855  39.614  -64.579  -16.926 0.0000000000
26843  39.843  -63.575  -16.856 0.0000000000
27812  39.655  -62.950  -17.448 0.0000000000
26861  39.243  -63.706  -19.244 0.0000000000
27817  39.456  -63.156  -18.515 0.0000000000
28683  40.431  -61.764  -16.844 0.0000000000
28685  40.907  -60.835  -16.894 0.0000000000
29552  41.385  -60.165  -16.992 0.0000000000
136581  43.175  -68.555  -23.841 0.0000000000
154927  49.270  -68.563  -17.093 0.0000000000
21036  49.028  -69.064  -16.821 0.0000000000
146805  41.410  -65.449  -15.969 0.0000000000
22882  40.621  -66.925  -15.636 0.0000000000
129130  38.867  -68.303  -17.236 0.0000000000
22883  39.737  -67.171  -16.245 0.0000000000
23800  40.146  -66.520  -16.074 0.0000000000
23818  39.558  -66.165  -16.720 0.0000000000
24817  39.875  -65.423  -16.595 0.0000000000
23835  38.530  -66.211  -19.610 0.0000000000
137832  38.675  -67.016  -20.279 0.0000000000
22005  39.258  -68.559  -20.520 0.0000000000
22012  39.596  -68.727  -21.480 0.0000000000
22017  39.646  -68.154  -22.150 0.0000000000
22016  40.253  -68.346  -22.620 0.0000000000
22015  40.944  -68.593  -23.109 0.0000000000
143792  42.428  -68.982  -23.700 0.0000000000
17305  41.623  -73.271  -19.296 0.0000000000
14588  46.124  -76.266  -18.032 0.0000000000
17303  43.581  -73.399  -19.626 0.0000000000
18187  42.865  -72.973  -19.906 0.0000000000
18212  43.027  -72.119  -21.021 0.0000000000
19132  42.968  -71.852  -21.731 0.0000000000
18210  44.563  -72.577  -21.455 0.0000000000
19138  43.285  -71.898  -22.439 0.0000000000
19149  42.859  -71.312  -23.260 0.0000000000
20106  43.148  -70.560  -23.928 0.0000000000
21094  42.875  -69.602  -23.948 0.0000000000
21113  44.378  -69.746  -24.416 0.0000000000
23771  50.227  -67.210  -14.674 0.0000000000
23772  49.151  -67.546  -14.382 0.0000000000
22845  50.207  -68.104  -15.006 0.0000000000
21935  51.485  -68.848  -15.852 0.0000000000
21913  51.671  -69.899  -15.940 0.0000000000
21018  51.499  -70.325  -16.255 0.0000000000
19967  50.974  -71.121  -12.127 0.0000000000
19982  49.778  -70.409  -13.229 0.0000000000
20008  51.463  -71.119  -14.907 0.0000000000
20007  51.407  -71.620  -15.456 0.0000000000
20030  50.855  -70.921  -16.284 0.0000000000
20031  49.645  -70.671  -15.984 0.0000000000
20009  48.870  -71.264  -15.224 0.0000000000
20010  47.620  -70.965  -14.774 0.0000000000
18144  48.508  -72.586  -13.940 0.0000000000
145250  46.715  -70.851  -14.423 0.0000000000
20012  45.366  -70.497  -13.968 0.0000000000
20013  44.667  -70.594  -13.646 0.0000000000
20980  43.414  -70.145  -13.419 0.0000000000
134051  43.743  -71.323  -12.747 0.0000000000
19993  43.121  -70.921  -12.869 0.0000000000
20981  42.539  -70.057  -13.145 0.0000000000
26835  41.887  -64.167  -15.834 0.0000000000
26823  43.161  -63.447  -15.539 0.0000000000
147426  44.761  -63.419  -15.313 0.0000000000
27801  44.324  -62.616  -15.048 0.0000000000
14575  46.721  -77.189  -17.656 0.0000000000
16380  45.989  -74.230  -19.305 0.0000000000
17315  47.876  -73.669  -20.638 0.0000000000
17331  46.239  -73.156  -21.062 0.0000000000
18113  48.923  -73.285  -12.987 0.0000000000
18114  47.738  -72.822  -12.898 0.0000000000
18115  46.228  -72.358  -13.057 0.0000000000
18125  50.558  -73.135  -13.486 0.0000000000
18142  50.568  -72.852  -14.265 0.0000000000
18190  40.532  -72.545  -19.229 0.0000000000
18197  45.259  -72.962  -20.897 0.0000000000
18198  44.410  -72.813  -20.682 0.0000000000
18200  42.542  -72.492  -20.398 0.0000000000
18211  43.641  -72.202  -21.624 0.0000000000
18225  44.137  -72.310  -22.333 0.0000000000
19027  51.063  -72.666  -13.214 0.0000000000
19029  46.745  -72.484  -12.838 0.0000000000
19042  44.458  -71.711  -13.022 0.0000000000
19063  45.890  -71.348  -13.794 0.0000000000
19076  51.196  -71.960  -15.569 0.0000000000
19139  42.534  -71.448  -22.289 0.0000000000
19147  44.813  -71.986  -23.665 0.0000000000
19968  47.514  -71.524  -11.638 0.0000000000
19972  42.013  -70.729  -11.914 0.0000000000
19989  51.373  -71.923  -14.594 0.0000000000
19990  51.012  -71.193  -13.908 0.0000000000
20011  46.161  -70.313  -14.480 0.0000000000
20029  51.435  -71.236  -16.064 0.0000000000
20045  51.277  -70.493  -16.402 0.0000000000
20081  39.401  -70.172  -19.385 0.0000000000
20103  41.365  -70.412  -22.493 0.0000000000
20107  42.353  -70.442  -23.511 0.0000000000
20108  41.684  -70.259  -23.165 0.0000000000
20996  51.609  -70.855  -15.788 0.0000000000
20998  49.915  -69.544  -14.372 0.0000000000
20999  46.304  -69.607  -15.052 0.0000000000
21002  43.756  -69.269  -14.092 0.0000000000
21037  48.109  -68.603  -16.722 0.0000000000
21038  47.278  -68.511  -16.415 0.0000000000
21078  39.715  -69.347  -20.791 0.0000000000
21088  40.421  -69.158  -22.501 0.0000000000
21114  43.602  -69.927  -24.263 0.0000000000
21955  50.091  -68.901  -17.083 0.0000000000
21962  39.342  -67.853  -16.445 0.0000000000
21969  50.778  -68.296  -17.106 0.0000000000
21970  50.085  -68.342  -17.190 0.0000000000
21993  39.126  -68.758  -19.606 0.0000000000
22023  44.162  -68.125  -23.772 0.0000000000
22025  41.743  -68.840  -23.450 0.0000000000
22037  43.834  -69.084  -24.139 0.0000000000
22879  43.780  -66.822  -16.484 0.0000000000
22901  39.098  -67.529  -17.078 0.0000000000
22935  39.247  -67.917  -21.423 0.0000000000
22940  40.104  -67.665  -22.493 0.0000000000
23799  41.161  -66.358  -15.699 0.0000000000
23829  38.601  -66.816  -18.488 0.0000000000
23855  39.013  -66.970  -21.259 0.0000000000
23861  41.352  -66.612  -22.615 0.0000000000
23862  40.410  -66.914  -22.453 0.0000000000
24803  40.620  -65.823  -16.047 0.0000000000
25843  42.718  -65.002  -15.952 0.0000000000
25856  38.912  -64.674  -17.790 0.0000000000
25891  39.394  -64.618  -20.406 0.0000000000
26822  44.030  -63.398  -15.411 0.0000000000
26824  42.327  -62.729  -15.502 0.0000000000
26834  43.869  -64.223  -15.782 0.0000000000
26844  39.275  -63.800  -17.631 0.0000000000
26873  39.549  -63.853  -19.956 0.0000000000
27803  42.326  -61.865  -15.385 0.0000000000
27811  39.986  -62.284  -17.318 0.0000000000
27816  39.862  -62.347  -18.070 0.0000000000
28679  41.862  -61.003  -15.577 0.0000000000
28686  40.195  -61.835  -17.679 0.0000000000
28694  40.394  -61.793  -18.432 0.0000000000
29547  41.452  -60.501  -16.246 0.0000000000
131111  50.359  -73.217  -12.310 0.0000000000
131473  44.978  -71.982  -12.997 0.0000000000
132011  47.541  -72.343  -12.373 0.0000000000
137624  40.282  -64.156  -16.495 0.0000000000
139294  43.329  -68.451  -14.538 0.0000000000
139860  38.716  -68.268  -18.450 0.0000000000
140293  51.117  -72.629  -12.425 0.0000000000
142353  39.368  -66.151  -21.424 0.0000000000
142495  40.139  -62.697  -16.730 0.0000000000
143047  44.417  -69.315  -14.341 0.0000000000
144502  43.376  -60.536  -15.074 0.0000000000
144597  38.913  -64.488  -19.519 0.0000000000
148616  38.722  -65.407  -17.948 0.0000000000
149408  42.356  -63.558  -15.654 0.0000000000
149525  45.649  -72.143  -13.074 0.0000000000
150452  44.073  -66.040  -16.723 0.0000000000
154505  41.201  -63.737  -15.981 0.0000000000
154903  39.453  -66.690  -21.707 0.0000000000
