#!ascii label  , from subject sub-v1s12x0050134_ses-1 vox2ras=TkReg
1052
50520  -41.380  -32.307  33.931 0.0000000000
46659  -25.219  -35.935  34.696 0.0000000000
48546  -31.827  -34.379  32.818 0.0000000000
128662  -47.892  -8.114  16.515 0.0000000000
76519  -51.526  -5.306  11.546 0.0000000000
41399  -20.998  -40.383  41.378 0.0000000000
70974  -44.152  -10.665  19.555 0.0000000000
54641  -42.015  -28.705  32.285 0.0000000000
47629  -37.918  -35.491  34.355 0.0000000000
44647  -23.234  -38.651  37.921 0.0000000000
40416  -25.293  -42.942  40.221 0.0000000000
50553  -38.269  -33.409  31.902 0.0000000000
52547  -37.699  -30.523  30.337 0.0000000000
51477  -27.554  -31.662  33.733 0.0000000000
50538  -34.137  -33.035  32.131 0.0000000000
63559  -40.261  -19.394  17.687 0.0000000000
68196  -42.339  -14.585  17.387 0.0000000000
70111  -47.262  -12.980  16.146 0.0000000000
35269  -18.189  -47.460  44.184 0.0000000000
33055  -15.367  -49.676  47.394 0.0000000000
54727  -37.311  -29.218  27.603 0.0000000000
56658  -37.350  -25.942  23.961 0.0000000000
59495  -38.821  -23.807  20.057 0.0000000000
37346  -22.044  -45.648  42.477 0.0000000000
45691  -26.506  -37.643  36.922 0.0000000000
47598  -27.125  -35.486  36.302 0.0000000000
48549  -40.055  -34.146  34.033 0.0000000000
48499  -24.426  -34.311  37.462 0.0000000000
141288  -24.127  -37.285  35.949 0.0000000000
43531  -24.984  -39.775  36.786 0.0000000000
49471  -37.265  -33.053  33.637 0.0000000000
49501  -36.265  -33.772  32.345 0.0000000000
67153  -38.207  -15.837  18.683 0.0000000000
120141  -40.994  -16.230  17.983 0.0000000000
70091  -39.680  -12.836  17.939 0.0000000000
71008  -44.528  -11.498  16.653 0.0000000000
134823  -46.770  -10.484  15.721 0.0000000000
71013  -50.206  -11.325  16.362 0.0000000000
71940  -49.484  -9.963  14.606 0.0000000000
72831  -51.517  -9.571  13.374 0.0000000000
53569  -35.603  -29.070  31.131 0.0000000000
53596  -37.300  -29.771  29.207 0.0000000000
54690  -34.682  -28.717  28.933 0.0000000000
56655  -34.742  -25.690  23.852 0.0000000000
58522  -35.118  -24.048  22.520 0.0000000000
57630  -38.443  -25.088  21.829 0.0000000000
60487  -36.572  -22.989  20.519 0.0000000000
124805  -37.484  -21.021  19.485 0.0000000000
50514  -30.127  -32.655  33.542 0.0000000000
39378  -19.477  -43.637  42.500 0.0000000000
39386  -21.110  -43.801  41.011 0.0000000000
29915  -16.836  -52.717  48.398 0.0000000000
27933  -15.662  -54.334  49.605 0.0000000000
70952  -41.737  -10.133  20.596 0.0000000000
54676  -42.803  -28.510  30.507 0.0000000000
126421  -34.475  -35.575  33.868 0.0000000000
43495  -21.988  -39.487  39.837 0.0000000000
39402  -22.901  -43.144  39.088 0.0000000000
41426  -23.532  -41.788  37.754 0.0000000000
78260  -50.632  -3.945  11.276 0.0000000000
49505  -39.905  -33.527  32.644 0.0000000000
51537  -40.181  -31.476  31.373 0.0000000000
51535  -38.896  -32.079  30.944 0.0000000000
50472  -24.643  -32.559  35.598 0.0000000000
49463  -25.852  -33.504  34.146 0.0000000000
52492  -25.791  -30.615  34.449 0.0000000000
53554  -28.098  -29.345  32.426 0.0000000000
51533  -31.121  -31.437  31.276 0.0000000000
52505  -32.216  -30.703  33.343 0.0000000000
50551  -33.036  -33.133  31.243 0.0000000000
47653  -35.660  -35.201  31.724 0.0000000000
47648  -37.858  -35.071  32.416 0.0000000000
135526  -42.981  -22.094  19.320 0.0000000000
70999  -42.447  -11.578  17.521 0.0000000000
68205  -44.531  -13.953  16.624 0.0000000000
73732  -53.038  -8.578  12.191 0.0000000000
33069  -16.764  -49.003  45.664 0.0000000000
31945  -18.172  -50.823  47.356 0.0000000000
53584  -39.527  -29.569  30.145 0.0000000000
54693  -40.028  -28.346  29.624 0.0000000000
54730  -40.111  -28.584  27.312 0.0000000000
55704  -34.177  -27.878  26.330 0.0000000000
55716  -37.729  -27.777  25.266 0.0000000000
55719  -40.307  -26.898  25.953 0.0000000000
57574  -40.628  -25.581  24.795 0.0000000000
58526  -41.708  -24.852  22.250 0.0000000000
141303  -42.198  -23.529  20.408 0.0000000000
61614  -40.035  -21.467  18.389 0.0000000000
64427  -37.958  -18.721  18.772 0.0000000000
50458  -27.845  -32.744  36.362 0.0000000000
38376  -18.235  -44.642  44.167 0.0000000000
36320  -20.489  -46.535  43.024 0.0000000000
38405  -24.419  -44.628  41.267 0.0000000000
26817  -14.925  -55.181  49.837 0.0000000000
45705  -25.899  -37.250  35.111 0.0000000000
120714  -26.751  -37.062  36.545 0.0000000000
47610  -26.849  -35.685  34.988 0.0000000000
49472  -40.654  -33.624  34.237 0.0000000000
130506  -24.422  -34.983  35.904 0.0000000000
47579  -24.289  -35.889  37.051 0.0000000000
46644  -24.459  -37.052  35.562 0.0000000000
44677  -24.833  -38.158  35.503 0.0000000000
69165  -38.464  -13.809  20.047 0.0000000000
68181  -38.607  -14.397  18.699 0.0000000000
70067  -39.266  -12.248  19.850 0.0000000000
72807  -47.056  -8.930  17.473 0.0000000000
71925  -46.181  -10.166  16.261 0.0000000000
72820  -47.360  -9.629  15.550 0.0000000000
121315  -48.406  -10.433  15.118 0.0000000000
73704  -47.971  -8.962  15.210 0.0000000000
73711  -49.058  -8.518  14.285 0.0000000000
138592  -34.977  -28.763  30.739 0.0000000000
59456  -34.496  -23.307  23.678 0.0000000000
59481  -36.059  -23.337  21.088 0.0000000000
61581  -36.410  -21.871  21.362 0.0000000000
61582  -37.014  -21.318  21.043 0.0000000000
49479  -30.696  -33.253  32.790 0.0000000000
49467  -30.978  -33.882  34.617 0.0000000000
48538  -31.675  -34.457  34.004 0.0000000000
40403  -20.348  -42.900  41.649 0.0000000000
40413  -21.163  -42.314  40.718 0.0000000000
76521  -53.025  -6.062  10.812 0.0000000000
28923  -16.328  -53.854  49.291 0.0000000000
54624  -42.267  -28.836  32.968 0.0000000000
131204  -41.756  -28.384  30.922 0.0000000000
47635  -36.007  -35.711  33.915 0.0000000000
47615  -37.360  -35.582  35.225 0.0000000000
46628  -23.835  -36.830  38.954 0.0000000000
141580  -23.270  -37.812  39.378 0.0000000000
45669  -22.550  -37.948  40.505 0.0000000000
44646  -22.785  -39.275  38.392 0.0000000000
42413  -22.322  -41.011  38.393 0.0000000000
42449  -23.099  -40.391  37.271 0.0000000000
43496  -25.594  -39.539  38.944 0.0000000000
42435  -25.137  -40.290  38.232 0.0000000000
49528  -38.866  -33.031  31.568 0.0000000000
50555  -39.160  -32.539  31.320 0.0000000000
50554  -38.789  -32.630  31.493 0.0000000000
51464  -25.324  -31.575  36.762 0.0000000000
51476  -25.277  -31.340  34.863 0.0000000000
52462  -26.141  -30.481  36.299 0.0000000000
54605  -27.979  -28.538  34.237 0.0000000000
54619  -29.296  -28.585  33.504 0.0000000000
53568  -29.902  -30.114  31.540 0.0000000000
53557  -30.911  -29.721  32.470 0.0000000000
50497  -33.857  -32.771  34.457 0.0000000000
51512  -33.123  -31.919  33.241 0.0000000000
50536  -32.661  -32.311  31.415 0.0000000000
50552  -33.831  -33.380  31.336 0.0000000000
119361  -33.913  -34.344  31.235 0.0000000000
49499  -34.625  -33.630  31.626 0.0000000000
49527  -37.380  -33.849  31.993 0.0000000000
48570  -36.847  -34.425  31.822 0.0000000000
48558  -38.271  -34.254  32.064 0.0000000000
48559  -39.178  -33.972  32.304 0.0000000000
121369  -41.085  -20.784  18.156 0.0000000000
61616  -43.188  -20.816  18.710 0.0000000000
63548  -41.960  -19.638  18.059 0.0000000000
67162  -41.511  -15.605  18.054 0.0000000000
65324  -42.029  -17.214  18.232 0.0000000000
70953  -42.496  -10.363  19.909 0.0000000000
70972  -41.232  -10.969  19.125 0.0000000000
70988  -42.845  -11.181  18.356 0.0000000000
70120  -45.632  -11.838  15.862 0.0000000000
70109  -45.033  -12.648  16.087 0.0000000000
117987  -45.646  -13.469  16.226 0.0000000000
125946  -45.881  -14.475  17.524 0.0000000000
72847  -51.786  -9.101  12.594 0.0000000000
73730  -51.781  -8.489  12.439 0.0000000000
73741  -52.681  -8.091  11.908 0.0000000000
37311  -17.328  -45.865  45.136 0.0000000000
36286  -16.527  -46.914  46.003 0.0000000000
35258  -17.067  -47.822  44.963 0.0000000000
142363  -18.842  -49.748  46.537 0.0000000000
30909  -18.732  -51.541  48.825 0.0000000000
52538  -39.653  -31.101  30.680 0.0000000000
52539  -40.424  -30.510  31.294 0.0000000000
52549  -39.165  -30.663  30.156 0.0000000000
53609  -37.049  -29.508  28.455 0.0000000000
54691  -38.980  -28.944  29.132 0.0000000000
129440  -38.509  -28.921  28.044 0.0000000000
54715  -39.816  -28.612  28.140 0.0000000000
54729  -39.126  -28.757  27.472 0.0000000000
56620  -34.023  -26.448  26.526 0.0000000000
56657  -36.395  -26.032  23.733 0.0000000000
55728  -36.248  -27.273  24.729 0.0000000000
55729  -37.228  -27.172  24.819 0.0000000000
55717  -38.588  -27.536  25.479 0.0000000000
56633  -38.899  -26.628  25.250 0.0000000000
56634  -40.783  -26.148  25.610 0.0000000000
57590  -38.803  -25.599  24.183 0.0000000000
135184  -38.247  -24.394  20.586 0.0000000000
58524  -40.076  -25.028  22.013 0.0000000000
58559  -40.193  -24.337  20.685 0.0000000000
58561  -42.052  -24.113  20.929 0.0000000000
59497  -40.666  -23.731  20.247 0.0000000000
60503  -40.753  -22.646  19.217 0.0000000000
60502  -39.830  -22.663  19.063 0.0000000000
63533  -37.696  -19.620  19.800 0.0000000000
63545  -37.772  -19.538  18.949 0.0000000000
120821  -37.782  -17.891  20.148 0.0000000000
50512  -26.646  -31.851  33.700 0.0000000000
49465  -26.897  -33.022  34.412 0.0000000000
50474  -27.631  -32.202  34.540 0.0000000000
37345  -20.523  -45.198  42.074 0.0000000000
37344  -19.522  -45.111  42.318 0.0000000000
36328  -21.122  -45.944  42.620 0.0000000000
39403  -23.639  -43.342  39.143 0.0000000000
39394  -23.267  -43.785  39.859 0.0000000000
134449  -24.696  -44.221  40.589 0.0000000000
44649  -26.212  -38.172  38.386 0.0000000000
46635  -26.572  -36.906  38.524 0.0000000000
47566  -26.874  -35.821  37.857 0.0000000000
48500  -27.073  -34.263  37.604 0.0000000000
123763  -38.601  -35.117  33.784 0.0000000000
47617  -38.687  -35.070  35.743 0.0000000000
136739  -24.371  -35.263  38.505 0.0000000000
134476  -24.018  -36.928  37.978 0.0000000000
45689  -23.543  -37.984  37.320 0.0000000000
132510  -23.470  -39.770  36.811 0.0000000000
44667  -24.384  -38.626  35.897 0.0000000000
44658  -25.488  -39.079  36.685 0.0000000000
50517  -37.706  -32.683  32.936 0.0000000000
50539  -38.206  -32.583  32.070 0.0000000000
49468  -35.070  -33.438  33.873 0.0000000000
49500  -35.455  -33.774  32.020 0.0000000000
49483  -36.600  -33.444  33.156 0.0000000000
65332  -39.069  -17.350  17.652 0.0000000000
65333  -39.857  -17.707  17.558 0.0000000000
67160  -39.117  -15.934  17.772 0.0000000000
67161  -40.330  -15.009  17.687 0.0000000000
68194  -40.643  -14.328  17.334 0.0000000000
71906  -44.629  -10.986  18.023 0.0000000000
71917  -45.519  -10.440  17.428 0.0000000000
71010  -45.883  -10.888  15.892 0.0000000000
70122  -47.249  -12.054  15.786 0.0000000000
70113  -49.052  -12.283  16.518 0.0000000000
71020  -48.095  -11.104  15.476 0.0000000000
71022  -49.731  -10.932  15.650 0.0000000000
120999  -50.989  -10.206  14.975 0.0000000000
140524  -49.861  -9.304  13.798 0.0000000000
73719  -49.771  -8.685  13.666 0.0000000000
35259  -19.842  -48.118  44.614 0.0000000000
34140  -19.237  -48.525  44.901 0.0000000000
34141  -20.149  -48.389  45.304 0.0000000000
117815  -36.961  -29.978  30.663 0.0000000000
120844  -37.512  -30.183  29.760 0.0000000000
53582  -36.653  -29.778  29.979 0.0000000000
53594  -35.489  -29.053  29.244 0.0000000000
53614  -35.573  -29.107  27.914 0.0000000000
57573  -34.172  -25.509  25.178 0.0000000000
128295  -34.305  -24.085  24.116 0.0000000000
58508  -34.954  -24.640  23.148 0.0000000000
57614  -36.422  -25.026  22.570 0.0000000000
57616  -38.009  -25.201  22.687 0.0000000000
58523  -36.796  -24.703  21.861 0.0000000000
135508  -37.491  -23.947  20.474 0.0000000000
59504  -37.710  -23.085  19.790 0.0000000000
60500  -37.901  -22.531  19.379 0.0000000000
61602  -37.470  -21.776  19.499 0.0000000000
51510  -29.043  -31.470  33.712 0.0000000000
51495  -29.042  -31.651  34.740 0.0000000000
50495  -29.567  -31.995  34.268 0.0000000000
38401  -20.604  -44.333  41.507 0.0000000000
38402  -21.596  -44.571  41.283 0.0000000000
30913  -16.381  -51.492  47.466 0.0000000000
31936  -14.890  -50.704  48.711 0.0000000000
29913  -15.596  -52.457  48.402 0.0000000000
29905  -15.259  -53.071  48.977 0.0000000000
28917  -14.342  -53.378  50.265 0.0000000000
54696  -43.495  -28.525  29.654 0.0000000000
138806  -32.975  -35.148  33.229 0.0000000000
47611  -32.834  -35.316  34.998 0.0000000000
44608  -21.844  -38.388  40.901 0.0000000000
122440  -21.510  -40.760  40.546 0.0000000000
133721  -21.482  -41.705  40.406 0.0000000000
140056  -22.116  -41.313  39.060 0.0000000000
40430  -22.805  -42.520  38.520 0.0000000000
40425  -24.430  -42.746  38.956 0.0000000000
42451  -24.206  -40.651  37.007 0.0000000000
41428  -24.850  -41.044  38.715 0.0000000000
124728  -25.413  -42.208  40.622 0.0000000000
77402  -50.721  -4.649  11.723 0.0000000000
123384  -40.455  -33.128  33.054 0.0000000000
51514  -40.727  -31.733  32.274 0.0000000000
50556  -39.899  -32.325  31.583 0.0000000000
51536  -39.426  -31.912  30.948 0.0000000000
52537  -38.369  -31.522  30.900 0.0000000000
52522  -38.021  -31.327  32.440 0.0000000000
52521  -37.712  -30.758  31.941 0.0000000000
53571  -37.240  -30.203  31.514 0.0000000000
53558  -36.645  -29.547  32.599 0.0000000000
120985  -24.482  -34.188  35.693 0.0000000000
48535  -25.442  -34.592  34.443 0.0000000000
50491  -24.782  -32.865  34.841 0.0000000000
51493  -25.956  -32.015  33.820 0.0000000000
51507  -26.382  -31.204  33.526 0.0000000000
53515  -26.814  -29.632  35.345 0.0000000000
141076  -27.160  -29.238  33.265 0.0000000000
52503  -27.724  -30.504  32.695 0.0000000000
132495  -29.409  -31.024  31.897 0.0000000000
135263  -30.595  -31.952  31.510 0.0000000000
49498  -31.364  -33.737  32.174 0.0000000000
52494  -31.739  -30.159  34.005 0.0000000000
52520  -32.069  -30.764  32.188 0.0000000000
50550  -32.277  -32.745  31.270 0.0000000000
48555  -32.162  -34.115  31.757 0.0000000000
47643  -33.554  -35.200  32.406 0.0000000000
47645  -35.219  -35.490  32.416 0.0000000000
47636  -36.684  -35.689  33.061 0.0000000000
48569  -36.022  -34.795  31.578 0.0000000000
47647  -37.004  -35.319  32.173 0.0000000000
47637  -38.040  -35.365  33.241 0.0000000000
48548  -38.754  -34.740  32.860 0.0000000000
49486  -40.275  -33.643  33.467 0.0000000000
119636  -24.489  -33.686  37.075 0.0000000000
64442  -42.174  -18.070  18.155 0.0000000000
70068  -39.756  -11.577  19.192 0.0000000000
70997  -40.708  -11.684  17.687 0.0000000000
69195  -41.674  -12.889  16.706 0.0000000000
71007  -43.768  -11.778  16.871 0.0000000000
70107  -43.465  -12.479  16.598 0.0000000000
68197  -43.721  -14.113  16.821 0.0000000000
68199  -45.079  -14.627  17.649 0.0000000000
74687  -53.317  -7.950  11.754 0.0000000000
74697  -52.806  -7.382  11.614 0.0000000000
76511  -52.055  -6.129  11.689 0.0000000000
125679  -15.996  -47.769  46.702 0.0000000000
33061  -15.599  -49.323  46.846 0.0000000000
33070  -18.225  -49.159  45.526 0.0000000000
33063  -17.119  -49.728  46.081 0.0000000000
31951  -16.613  -50.281  46.557 0.0000000000
30915  -17.788  -51.430  47.768 0.0000000000
52524  -41.231  -30.663  32.560 0.0000000000
52523  -41.052  -30.068  31.927 0.0000000000
54656  -41.140  -28.895  31.429 0.0000000000
53598  -39.140  -29.290  29.675 0.0000000000
54673  -39.802  -28.764  30.089 0.0000000000
54674  -41.051  -28.527  30.924 0.0000000000
54694  -40.803  -28.235  29.546 0.0000000000
54716  -41.264  -28.437  28.593 0.0000000000
54731  -41.548  -28.436  27.654 0.0000000000
54724  -34.259  -28.521  27.616 0.0000000000
54739  -35.927  -28.800  26.553 0.0000000000
127605  -34.491  -26.961  25.089 0.0000000000
55714  -35.777  -27.864  25.295 0.0000000000
54740  -36.955  -28.828  26.277 0.0000000000
55705  -39.091  -28.108  25.977 0.0000000000
54743  -40.462  -28.298  26.708 0.0000000000
57617  -39.492  -25.191  22.687 0.0000000000
57605  -41.117  -25.186  23.753 0.0000000000
60505  -42.434  -22.584  19.625 0.0000000000
60515  -41.265  -22.065  18.856 0.0000000000
62586  -39.742  -20.779  18.134 0.0000000000
61612  -38.402  -21.152  18.553 0.0000000000
62585  -38.898  -20.546  18.184 0.0000000000
63557  -38.518  -18.893  18.001 0.0000000000
65322  -38.126  -17.370  18.622 0.0000000000
67138  -37.778  -15.384  20.016 0.0000000000
48537  -26.785  -34.853  34.830 0.0000000000
121943  -27.311  -33.628  35.956 0.0000000000
50475  -28.890  -31.777  35.732 0.0000000000
37321  -17.656  -45.956  44.275 0.0000000000
38385  -18.669  -44.004  43.685 0.0000000000
37331  -18.703  -45.711  42.975 0.0000000000
35278  -19.085  -47.191  43.558 0.0000000000
36309  -20.894  -47.055  43.739 0.0000000000
39392  -21.599  -43.262  40.457 0.0000000000
38403  -22.535  -44.690  41.253 0.0000000000
37359  -22.989  -45.032  41.774 0.0000000000
26819  -16.595  -55.513  50.275 0.0000000000
123982  -14.740  -54.631  49.940 0.0000000000
27915  -14.105  -53.803  50.354 0.0000000000
51515  -41.434  -31.373  33.340 0.0000000000
46652  -25.554  -36.676  34.806 0.0000000000
46653  -26.422  -36.410  34.870 0.0000000000
46660  -25.893  -36.061  34.570 0.0000000000
135059  -41.209  -33.051  34.482 0.0000000000
47609  -24.644  -35.587  35.188 0.0000000000
47596  -24.348  -35.980  35.948 0.0000000000
46651  -24.782  -36.523  35.018 0.0000000000
45704  -25.033  -37.441  35.149 0.0000000000
69152  -39.104  -13.132  21.327 0.0000000000
69157  -38.895  -13.027  20.430 0.0000000000
70056  -39.289  -12.224  20.836 0.0000000000
73686  -47.501  -8.479  16.968 0.0000000000
72814  -47.060  -9.134  16.408 0.0000000000
73695  -47.576  -8.715  15.993 0.0000000000
73705  -48.467  -8.344  14.898 0.0000000000
60461  -35.670  -22.105  21.826 0.0000000000
49480  -31.146  -33.918  33.361 0.0000000000
41391  -20.611  -40.960  41.915 0.0000000000
40404  -20.583  -42.050  41.618 0.0000000000
41398  -21.081  -41.354  41.098 0.0000000000
76520  -52.220  -5.837  11.079 0.0000000000
137868  -52.694  -5.420  10.696 0.0000000000
54642  -42.638  -28.656  32.653 0.0000000000
54658  -42.444  -28.541  31.687 0.0000000000
54657  -41.615  -28.671  31.586 0.0000000000
126190  -36.753  -35.717  33.895 0.0000000000
134239  -36.506  -35.681  34.482 0.0000000000
47628  -37.107  -35.680  34.459 0.0000000000
45684  -23.531  -37.676  38.588 0.0000000000
45678  -23.510  -37.162  39.492 0.0000000000
44632  -23.110  -38.445  38.939 0.0000000000
43513  -22.586  -40.201  37.904 0.0000000000
43514  -23.032  -39.569  37.444 0.0000000000
139576  -25.725  -30.836  36.161 0.0000000000
54620  -29.926  -28.811  34.048 0.0000000000
54607  -29.374  -28.485  34.480 0.0000000000
53539  -30.226  -29.089  33.165 0.0000000000
53528  -30.524  -29.193  34.100 0.0000000000
50516  -34.192  -33.022  33.446 0.0000000000
131820  -33.602  -32.467  33.691 0.0000000000
50515  -33.587  -32.507  32.664 0.0000000000
50537  -33.415  -32.687  31.648 0.0000000000
49524  -34.243  -34.039  31.165 0.0000000000
49502  -37.691  -33.266  32.222 0.0000000000
49503  -38.793  -33.561  31.856 0.0000000000
62598  -41.148  -19.976  17.884 0.0000000000
62587  -41.872  -20.447  18.246 0.0000000000
63560  -41.241  -19.124  17.788 0.0000000000
67163  -41.950  -15.044  17.926 0.0000000000
67155  -42.291  -15.674  18.275 0.0000000000
68183  -42.851  -15.144  18.123 0.0000000000
70954  -43.527  -10.226  20.212 0.0000000000
70973  -43.181  -10.787  19.304 0.0000000000
70121  -46.467  -12.389  15.830 0.0000000000
141365  -45.827  -12.721  15.929 0.0000000000
70110  -46.463  -13.315  16.153 0.0000000000
69201  -47.108  -13.801  16.612 0.0000000000
74685  -51.553  -8.139  12.607 0.0000000000
36307  -17.490  -46.670  44.440 0.0000000000
35268  -17.421  -47.391  44.602 0.0000000000
52548  -38.455  -30.997  30.232 0.0000000000
54712  -37.901  -29.213  28.157 0.0000000000
54728  -38.161  -28.981  27.429 0.0000000000
56646  -36.780  -26.613  24.292 0.0000000000
56647  -37.668  -26.425  24.533 0.0000000000
55730  -38.076  -26.918  25.070 0.0000000000
56648  -38.430  -26.173  24.742 0.0000000000
56649  -39.105  -25.946  24.878 0.0000000000
58558  -39.268  -24.422  20.575 0.0000000000
59496  -39.756  -23.808  20.115 0.0000000000
59507  -40.243  -23.212  19.652 0.0000000000
59506  -39.300  -23.220  19.549 0.0000000000
50494  -26.911  -32.339  33.956 0.0000000000
141814  -28.046  -31.722  34.341 0.0000000000
132245  -21.387  -45.424  42.098 0.0000000000
37332  -22.044  -46.108  43.209 0.0000000000
37333  -22.967  -45.695  42.986 0.0000000000
40415  -24.802  -43.208  39.653 0.0000000000
39395  -24.318  -43.795  39.835 0.0000000000
39396  -25.185  -43.676  40.466 0.0000000000
34114  -15.311  -49.212  48.234 0.0000000000
53544  -41.986  -29.271  33.226 0.0000000000
44659  -26.213  -38.331  37.309 0.0000000000
45685  -26.513  -37.542  38.008 0.0000000000
47580  -27.031  -36.219  36.688 0.0000000000
47581  -27.062  -35.240  37.217 0.0000000000
47567  -26.871  -34.942  38.188 0.0000000000
122350  -39.302  -34.640  33.863 0.0000000000
48540  -39.722  -34.485  34.781 0.0000000000
48491  -24.518  -34.298  38.560 0.0000000000
127904  -24.206  -36.711  36.373 0.0000000000
46640  -24.166  -36.577  37.237 0.0000000000
45690  -23.926  -37.388  36.636 0.0000000000
45696  -23.785  -38.379  36.286 0.0000000000
44669  -25.877  -38.315  36.189 0.0000000000
44668  -25.076  -38.675  35.791 0.0000000000
124724  -25.925  -38.829  37.754 0.0000000000
49484  -37.272  -33.180  32.820 0.0000000000
66214  -38.361  -16.648  18.338 0.0000000000
66223  -38.801  -16.684  17.851 0.0000000000
67159  -38.590  -16.053  18.125 0.0000000000
69175  -39.125  -13.510  18.562 0.0000000000
68182  -39.120  -14.300  18.030 0.0000000000
69182  -39.565  -13.622  17.862 0.0000000000
69183  -40.244  -13.405  17.326 0.0000000000
71907  -45.268  -10.646  18.119 0.0000000000
71908  -45.944  -10.238  18.109 0.0000000000
71018  -46.483  -11.418  15.717 0.0000000000
71019  -47.305  -11.176  15.587 0.0000000000
70123  -47.877  -11.732  15.746 0.0000000000
71939  -48.773  -9.796  14.692 0.0000000000
71932  -49.220  -10.454  15.068 0.0000000000
71941  -50.131  -9.804  14.243 0.0000000000
74663  -49.026  -7.803  14.699 0.0000000000
53570  -36.311  -29.453  31.609 0.0000000000
132260  -36.271  -29.514  30.731 0.0000000000
124531  -34.664  -28.667  29.936 0.0000000000
53608  -36.040  -29.316  28.536 0.0000000000
53607  -35.321  -28.990  28.539 0.0000000000
59464  -34.690  -23.287  22.836 0.0000000000
58521  -34.617  -24.064  23.314 0.0000000000
57613  -35.565  -24.823  22.799 0.0000000000
126521  -35.925  -24.438  22.080 0.0000000000
59482  -36.768  -23.693  20.708 0.0000000000
59493  -37.255  -23.329  20.222 0.0000000000
60488  -37.200  -22.562  19.988 0.0000000000
122558  -37.210  -21.203  20.124 0.0000000000
50513  -29.592  -31.979  33.076 0.0000000000
49450  -31.235  -34.103  35.532 0.0000000000
49449  -30.702  -33.400  35.641 0.0000000000
132683  -20.761  -43.010  40.997 0.0000000000
39385  -20.508  -43.525  41.368 0.0000000000
29919  -16.636  -52.088  47.926 0.0000000000
29918  -15.911  -51.935  47.894 0.0000000000
29914  -16.205  -52.506  48.204 0.0000000000
28922  -15.658  -53.647  49.191 0.0000000000
27932  -14.905  -53.761  49.659 0.0000000000
134872  -43.398  -28.590  31.234 0.0000000000
123160  -43.830  -28.595  30.471 0.0000000000
119241  -42.639  -28.467  29.453 0.0000000000
47633  -33.656  -35.432  33.680 0.0000000000
47627  -34.080  -35.551  34.584 0.0000000000
119515  -35.051  -35.635  34.557 0.0000000000
44617  -22.206  -38.640  40.148 0.0000000000
43482  -21.674  -39.163  40.644 0.0000000000
138668  -21.637  -39.948  40.374 0.0000000000
42392  -21.945  -40.579  39.573 0.0000000000
41425  -22.820  -41.793  37.909 0.0000000000
40431  -23.322  -42.419  38.209 0.0000000000
39408  -23.815  -42.895  38.652 0.0000000000
40432  -23.998  -42.347  38.237 0.0000000000
42464  -24.338  -40.094  36.700 0.0000000000
42450  -23.764  -40.489  36.922 0.0000000000
126337  -25.360  -40.208  39.352 0.0000000000
124082  -25.237  -40.823  39.822 0.0000000000
41418  -24.987  -41.516  39.439 0.0000000000
121904  -40.274  -32.748  32.350 0.0000000000
51543  -38.996  -31.498  30.437 0.0000000000
51513  -38.108  -31.480  33.270 0.0000000000
126107  -38.272  -31.916  32.516 0.0000000000
52506  -37.617  -30.539  33.208 0.0000000000
53559  -37.272  -30.085  32.785 0.0000000000
49447  -24.581  -33.463  35.271 0.0000000000
51492  -25.697  -31.268  33.929 0.0000000000
51506  -26.139  -30.513  33.679 0.0000000000
133725  -28.177  -28.785  32.796 0.0000000000
54617  -27.675  -28.782  33.347 0.0000000000
53553  -27.521  -29.196  32.797 0.0000000000
52502  -27.516  -29.821  32.632 0.0000000000
52516  -28.218  -30.016  32.234 0.0000000000
51522  -28.648  -30.660  32.420 0.0000000000
130872  -28.683  -29.592  32.137 0.0000000000
52534  -30.469  -30.842  31.363 0.0000000000
133799  -30.108  -31.295  31.519 0.0000000000
139329  -30.576  -31.382  31.343 0.0000000000
49497  -30.977  -32.920  31.773 0.0000000000
50549  -31.475  -32.355  31.332 0.0000000000
51496  -32.700  -31.335  33.845 0.0000000000
52481  -32.401  -30.992  35.355 0.0000000000
52495  -32.284  -30.786  34.412 0.0000000000
52504  -31.628  -30.158  32.884 0.0000000000
49522  -32.661  -33.601  31.289 0.0000000000
48566  -33.173  -34.440  31.491 0.0000000000
47652  -34.856  -35.148  31.599 0.0000000000
132017  -35.869  -35.684  33.020 0.0000000000
47646  -36.160  -35.488  32.317 0.0000000000
49526  -36.060  -34.249  31.835 0.0000000000
48557  -37.401  -34.716  31.921 0.0000000000
47655  -36.747  -34.929  31.722 0.0000000000
131213  -37.419  -35.498  32.839 0.0000000000
49485  -39.626  -34.169  33.137 0.0000000000
50441  -25.094  -32.218  37.196 0.0000000000
119871  -24.685  -33.022  37.173 0.0000000000
49434  -24.480  -33.364  36.266 0.0000000000
140907  -43.641  -22.149  19.586 0.0000000000
62589  -43.474  -20.236  18.652 0.0000000000
62577  -43.934  -20.672  18.940 0.0000000000
66225  -40.439  -16.891  17.736 0.0000000000
64441  -41.410  -18.324  17.861 0.0000000000
65335  -41.548  -17.676  18.014 0.0000000000
70951  -40.548  -10.620  20.707 0.0000000000
70970  -39.707  -11.339  20.240 0.0000000000
70971  -40.433  -10.890  19.615 0.0000000000
70987  -42.080  -11.255  18.123 0.0000000000
70986  -41.370  -11.180  18.308 0.0000000000
70998  -41.591  -11.630  17.484 0.0000000000
70093  -41.131  -12.223  17.005 0.0000000000
70094  -42.018  -12.158  16.924 0.0000000000
71001  -44.177  -11.278  17.430 0.0000000000
69199  -44.940  -13.523  16.348 0.0000000000
69198  -44.155  -13.177  16.383 0.0000000000
69197  -43.179  -13.274  16.575 0.0000000000
134759  -43.863  -14.768  17.568 0.0000000000
68198  -44.480  -14.504  17.180 0.0000000000
68187  -46.417  -14.405  18.464 0.0000000000
71012  -49.400  -11.568  16.143 0.0000000000
72832  -52.403  -9.730  13.824 0.0000000000
72848  -52.662  -9.104  12.615 0.0000000000
73721  -53.460  -8.958  12.829 0.0000000000
121907  -52.362  -7.067  11.940 0.0000000000
75591  -52.569  -6.551  11.307 0.0000000000
35248  -16.305  -47.677  45.975 0.0000000000
138374  -16.294  -47.139  46.622 0.0000000000
34130  -16.198  -48.477  46.044 0.0000000000
34129  -15.708  -48.578  46.744 0.0000000000
33071  -18.906  -48.953  45.417 0.0000000000
34139  -18.353  -48.635  44.984 0.0000000000
33064  -19.038  -49.362  46.107 0.0000000000
33056  -18.708  -50.160  46.974 0.0000000000
121125  -18.158  -49.741  46.158 0.0000000000
31952  -17.658  -50.355  46.633 0.0000000000
31944  -17.110  -51.054  47.101 0.0000000000
122368  -40.746  -30.900  31.886 0.0000000000
53572  -39.960  -29.991  30.725 0.0000000000
53573  -40.758  -29.532  31.333 0.0000000000
53585  -40.393  -28.979  30.737 0.0000000000
53583  -38.523  -30.203  29.775 0.0000000000
53597  -38.291  -29.647  29.221 0.0000000000
54692  -39.499  -28.725  29.550 0.0000000000
124945  -40.501  -28.415  30.273 0.0000000000
125571  -41.233  -28.267  30.269 0.0000000000
119441  -40.686  -28.566  27.912 0.0000000000
54717  -42.290  -28.437  28.463 0.0000000000
55703  -33.812  -27.654  26.818 0.0000000000
55693  -33.654  -27.661  27.492 0.0000000000
54736  -33.906  -28.128  27.139 0.0000000000
54725  -35.091  -28.830  27.257 0.0000000000
54737  -34.458  -28.398  26.813 0.0000000000
57589  -34.366  -25.628  24.372 0.0000000000
123507  -34.299  -26.235  24.865 0.0000000000
55715  -36.797  -27.891  25.188 0.0000000000
54751  -36.372  -28.420  25.778 0.0000000000
54752  -37.324  -28.396  25.680 0.0000000000
124331  -37.744  -28.732  26.150 0.0000000000
54753  -38.206  -28.311  25.762 0.0000000000
55718  -39.434  -27.197  25.733 0.0000000000
55706  -39.970  -27.839  26.190 0.0000000000
55707  -40.817  -27.639  26.350 0.0000000000
54744  -41.244  -28.178  26.859 0.0000000000
55708  -41.594  -27.468  26.498 0.0000000000
57603  -38.790  -25.315  23.237 0.0000000000
126790  -38.806  -25.198  22.452 0.0000000000
58525  -40.923  -24.929  22.127 0.0000000000
57618  -40.388  -25.136  22.993 0.0000000000
57619  -41.200  -24.992  22.842 0.0000000000
58549  -42.876  -24.121  21.306 0.0000000000
59483  -42.772  -23.620  20.680 0.0000000000
60490  -43.381  -23.128  20.391 0.0000000000
59509  -41.933  -23.072  19.995 0.0000000000
60514  -40.385  -22.093  18.712 0.0000000000
141537  -40.428  -20.974  18.194 0.0000000000
61603  -38.076  -21.851  18.879 0.0000000000
61611  -37.735  -21.094  18.930 0.0000000000
62584  -38.090  -20.256  18.547 0.0000000000
63546  -38.167  -19.314  18.429 0.0000000000
63547  -38.675  -19.703  18.037 0.0000000000
140393  -38.222  -18.783  18.365 0.0000000000
135282  -38.283  -18.190  18.292 0.0000000000
131002  -37.969  -17.979  18.859 0.0000000000
66194  -37.652  -16.189  20.237 0.0000000000
129920  -25.846  -34.127  34.234 0.0000000000
48536  -26.219  -34.794  34.336 0.0000000000
49464  -26.447  -33.904  34.331 0.0000000000
119116  -27.452  -32.870  35.299 0.0000000000
49435  -27.452  -33.531  37.025 0.0000000000
50476  -29.512  -31.991  35.331 0.0000000000
123026  -29.354  -31.949  36.237 0.0000000000
47599  -32.930  -35.346  35.845 0.0000000000
37312  -17.848  -45.241  44.662 0.0000000000
39371  -19.119  -43.348  43.274 0.0000000000
38391  -19.002  -44.322  42.698 0.0000000000
36327  -20.066  -45.864  42.552 0.0000000000
136004  -19.296  -45.650  42.676 0.0000000000
36319  -19.465  -46.386  43.007 0.0000000000
36318  -18.618  -46.360  43.291 0.0000000000
35279  -20.019  -47.058  43.368 0.0000000000
40414  -21.806  -42.493  40.020 0.0000000000
39393  -22.361  -43.269  39.772 0.0000000000
38413  -23.916  -44.325  40.507 0.0000000000
38412  -22.975  -44.314  40.635 0.0000000000
38404  -23.436  -44.678  41.197 0.0000000000
38393  -23.751  -44.932  41.764 0.0000000000
26818  -15.639  -55.468  49.972 0.0000000000
27923  -14.222  -54.464  50.037 0.0000000000
45699  -26.249  -37.608  35.843 0.0000000000
46645  -26.685  -36.860  35.662 0.0000000000
47597  -26.998  -36.048  35.576 0.0000000000
132345  -24.361  -35.110  37.752 0.0000000000
123963  -24.347  -35.072  36.818 0.0000000000
45697  -24.290  -37.832  35.684 0.0000000000
45698  -25.435  -37.961  35.459 0.0000000000
49454  -37.249  -33.009  34.708 0.0000000000
68169  -38.201  -14.631  19.534 0.0000000000
127985  -38.273  -15.078  18.820 0.0000000000
69174  -38.630  -13.873  19.271 0.0000000000
69166  -38.946  -13.144  19.512 0.0000000000
70078  -39.424  -12.524  18.847 0.0000000000
71918  -45.969  -10.003  17.172 0.0000000000
72806  -46.512  -9.520  16.836 0.0000000000
72813  -46.734  -9.775  16.040 0.0000000000
71931  -47.632  -10.413  15.356 0.0000000000
72821  -48.073  -9.746  14.988 0.0000000000
72828  -48.556  -9.125  14.622 0.0000000000
72829  -49.299  -9.306  14.170 0.0000000000
54672  -34.253  -28.240  30.821 0.0000000000
140091  -33.950  -28.135  30.166 0.0000000000
141181  -35.042  -23.258  22.164 0.0000000000
58542  -35.611  -23.669  21.763 0.0000000000
59480  -35.472  -22.915  21.669 0.0000000000
60476  -36.092  -22.657  21.106 0.0000000000
61594  -36.634  -22.249  20.596 0.0000000000
50535  -30.251  -32.467  32.359 0.0000000000
49466  -30.594  -33.373  33.831 0.0000000000
48524  -31.666  -34.528  35.050 0.0000000000
75592  -53.318  -6.762  11.097 0.0000000000
29916  -17.573  -52.697  48.863 0.0000000000
28930  -16.968  -53.355  48.979 0.0000000000
28924  -17.093  -54.004  49.675 0.0000000000
27934  -16.448  -54.640  49.802 0.0000000000
47634  -35.177  -35.632  33.464 0.0000000000
119514  -35.931  -35.677  34.940 0.0000000000
47614  -36.651  -35.654  35.175 0.0000000000
47602  -36.864  -35.595  36.052 0.0000000000
46623  -23.788  -36.387  39.666 0.0000000000
125773  -23.379  -36.806  40.272 0.0000000000
137819  -23.129  -37.555  40.051 0.0000000000
44618  -22.876  -38.243  39.747 0.0000000000
44631  -22.603  -38.980  39.347 0.0000000000
126062  -22.291  -39.918  38.868 0.0000000000
42433  -22.758  -40.976  37.647 0.0000000000
41435  -23.300  -41.139  37.423 0.0000000000
43515  -25.452  -39.564  37.711 0.0000000000
42452  -24.794  -40.279  37.226 0.0000000000
49504  -39.425  -33.145  31.853 0.0000000000
51526  -38.487  -32.074  31.576 0.0000000000
50457  -24.918  -31.960  36.246 0.0000000000
129452  -24.913  -31.819  35.462 0.0000000000
130647  -25.314  -31.264  35.978 0.0000000000
52478  -25.774  -30.656  35.483 0.0000000000
52479  -26.211  -30.103  34.890 0.0000000000
54593  -28.012  -28.542  35.321 0.0000000000
54594  -28.689  -28.348  34.886 0.0000000000
54606  -28.754  -28.378  34.094 0.0000000000
142296  -28.814  -28.652  32.889 0.0000000000
53555  -29.341  -29.478  32.015 0.0000000000
53538  -29.443  -28.918  32.618 0.0000000000
53556  -30.122  -29.463  32.114 0.0000000000
52535  -31.066  -30.786  31.369 0.0000000000
51497  -33.225  -31.995  34.427 0.0000000000
51511  -32.618  -31.313  32.679 0.0000000000
51525  -33.051  -31.939  32.045 0.0000000000
49523  -33.487  -33.836  31.157 0.0000000000
48567  -34.569  -34.615  31.325 0.0000000000
48568  -35.250  -34.837  31.445 0.0000000000
139755  -36.741  -34.000  31.999 0.0000000000
48571  -37.599  -34.133  31.912 0.0000000000
61615  -41.777  -21.328  18.586 0.0000000000
61604  -42.713  -21.471  18.883 0.0000000000
134741  -42.474  -20.826  18.535 0.0000000000
62588  -42.736  -20.125  18.385 0.0000000000
127065  -42.675  -19.274  18.271 0.0000000000
66215  -41.788  -16.385  18.223 0.0000000000
119692  -41.461  -10.576  19.841 0.0000000000
123223  -42.137  -10.963  19.061 0.0000000000
71009  -44.908  -11.866  16.109 0.0000000000
68206  -45.285  -14.216  16.761 0.0000000000
69200  -46.252  -14.072  16.650 0.0000000000
68200  -46.815  -14.257  17.344 0.0000000000
72846  -51.030  -9.104  12.903 0.0000000000
72840  -52.367  -9.482  13.114 0.0000000000
73731  -52.326  -8.577  12.262 0.0000000000
74686  -52.206  -7.966  12.130 0.0000000000
36297  -16.936  -46.890  45.135 0.0000000000
35257  -16.625  -47.511  45.437 0.0000000000
34137  -16.661  -48.249  45.421 0.0000000000
31937  -18.584  -51.157  48.132 0.0000000000
53610  -37.829  -29.497  28.718 0.0000000000
54713  -38.424  -29.141  28.628 0.0000000000
54714  -39.049  -28.770  28.426 0.0000000000
119357  -39.591  -28.549  28.993 0.0000000000
55712  -33.946  -27.207  26.299 0.0000000000
56656  -35.399  -25.964  23.726 0.0000000000
56644  -34.802  -26.390  24.347 0.0000000000
56645  -35.739  -26.647  24.201 0.0000000000
56621  -41.174  -26.769  26.089 0.0000000000
56650  -39.799  -26.186  25.357 0.0000000000
57591  -39.684  -25.610  24.517 0.0000000000
58545  -38.833  -24.905  21.134 0.0000000000
57631  -39.240  -25.097  21.860 0.0000000000
58546  -39.714  -24.815  21.223 0.0000000000
58547  -40.595  -24.702  21.365 0.0000000000
58548  -41.465  -24.625  21.493 0.0000000000
58560  -41.099  -24.222  20.832 0.0000000000
59498  -41.532  -23.647  20.367 0.0000000000
59508  -41.126  -23.130  19.828 0.0000000000
60513  -39.504  -22.015  18.639 0.0000000000
62576  -37.622  -20.355  19.209 0.0000000000
131748  -37.784  -18.965  19.335 0.0000000000
64420  -37.830  -18.264  19.395 0.0000000000
65313  -37.827  -17.389  19.395 0.0000000000
50493  -26.263  -32.835  34.008 0.0000000000
119370  -28.188  -32.206  35.575 0.0000000000
38392  -19.792  -44.342  42.071 0.0000000000
36321  -21.307  -46.497  43.279 0.0000000000
137133  -41.622  -28.909  31.955 0.0000000000
44634  -26.023  -38.082  39.337 0.0000000000
45679  -26.317  -37.412  38.945 0.0000000000
131143  -26.647  -36.210  38.586 0.0000000000
126109  -26.773  -36.771  37.638 0.0000000000
47553  -24.397  -35.022  39.266 0.0000000000
46634  -24.266  -35.954  37.939 0.0000000000
47552  -24.187  -36.003  38.905 0.0000000000
44657  -23.391  -38.961  36.877 0.0000000000
44666  -23.866  -39.180  36.341 0.0000000000
43548  -24.552  -39.355  36.286 0.0000000000
44648  -25.894  -38.842  38.666 0.0000000000
50518  -38.157  -32.038  33.376 0.0000000000
49481  -34.866  -33.380  32.648 0.0000000000
49482  -35.687  -33.577  32.978 0.0000000000
127296  -37.004  -33.585  32.370 0.0000000000
64439  -39.763  -18.592  17.568 0.0000000000
64440  -40.568  -18.482  17.644 0.0000000000
66224  -39.535  -16.747  17.632 0.0000000000
126737  -40.099  -15.911  17.676 0.0000000000
67154  -38.676  -15.216  18.205 0.0000000000
129064  -39.488  -15.083  17.771 0.0000000000
122736  -41.130  -15.007  17.695 0.0000000000
68195  -41.483  -14.463  17.270 0.0000000000
122182  -43.879  -11.084  18.474 0.0000000000
71895  -44.798  -10.796  18.888 0.0000000000
71916  -44.957  -10.900  17.189 0.0000000000
71924  -45.587  -10.576  16.628 0.0000000000
137361  -45.183  -11.205  16.256 0.0000000000
70112  -48.133  -12.514  16.188 0.0000000000
71011  -48.582  -11.722  15.931 0.0000000000
71021  -48.904  -11.058  15.539 0.0000000000
71942  -50.948  -9.858  13.998 0.0000000000
72830  -50.473  -9.318  13.464 0.0000000000
73720  -50.533  -8.635  13.125 0.0000000000
35270  -19.166  -47.934  44.218 0.0000000000
34147  -18.542  -48.157  44.542 0.0000000000
53581  -35.736  -29.197  30.162 0.0000000000
53595  -36.372  -29.508  29.277 0.0000000000
53615  -36.423  -29.281  27.802 0.0000000000
58497  -34.231  -24.816  24.571 0.0000000000
58507  -34.491  -24.923  23.762 0.0000000000
57599  -35.129  -25.279  23.374 0.0000000000
57600  -35.989  -25.466  23.193 0.0000000000
57601  -37.072  -25.424  23.203 0.0000000000
57602  -38.024  -25.512  23.633 0.0000000000
57615  -37.201  -25.076  22.435 0.0000000000
57629  -37.637  -24.981  21.821 0.0000000000
58543  -36.317  -24.086  21.319 0.0000000000
58544  -37.310  -24.447  21.077 0.0000000000
126575  -38.089  -24.888  21.213 0.0000000000
59494  -37.967  -23.664  20.068 0.0000000000
59505  -38.393  -23.165  19.598 0.0000000000
61595  -36.977  -21.843  20.157 0.0000000000
62566  -37.486  -20.490  19.987 0.0000000000
128462  -37.990  -19.212  20.658 0.0000000000
51509  -28.265  -31.060  33.189 0.0000000000
51494  -28.502  -31.504  34.102 0.0000000000
50496  -30.207  -32.801  34.770 0.0000000000
40395  -20.032  -42.335  42.554 0.0000000000
39379  -20.030  -43.453  41.994 0.0000000000
37357  -21.214  -45.020  41.659 0.0000000000
37358  -22.062  -45.182  41.774 0.0000000000
40405  -25.656  -42.969  40.948 0.0000000000
31942  -15.467  -50.493  47.363 0.0000000000
127218  -15.125  -50.119  48.033 0.0000000000
117919  -15.168  -50.867  47.880 0.0000000000
30906  -15.201  -51.614  48.221 0.0000000000
29912  -14.914  -52.270  48.882 0.0000000000
28929  -16.089  -53.176  48.634 0.0000000000
29904  -14.531  -52.823  49.711 0.0000000000
29899  -14.139  -52.609  50.620 0.0000000000
70941  -41.072  -10.231  21.379 0.0000000000
121390  -42.684  -9.910  20.557 0.0000000000
70955  -44.374  -10.346  20.320 0.0000000000
54718  -43.225  -28.385  28.792 0.0000000000
127626  -32.352  -34.840  33.540 0.0000000000
47625  -32.886  -35.220  34.117 0.0000000000
47626  -33.381  -35.427  34.557 0.0000000000
47616  -38.074  -35.369  35.405 0.0000000000
43471  -21.363  -38.945  41.365 0.0000000000
42378  -21.284  -39.746  41.074 0.0000000000
41407  -21.908  -41.663  39.643 0.0000000000
40424  -22.321  -42.633  39.189 0.0000000000
41416  -22.344  -41.919  38.663 0.0000000000
39407  -23.266  -42.895  38.654 0.0000000000
39404  -24.216  -43.244  39.197 0.0000000000
41436  -23.880  -41.143  37.317 0.0000000000
42434  -24.505  -40.889  37.634 0.0000000000
41427  -24.219  -41.626  37.913 0.0000000000
41417  -24.579  -41.985  38.759 0.0000000000
40426  -25.012  -42.337  39.671 0.0000000000
50519  -40.889  -32.407  33.098 0.0000000000
52536  -37.889  -30.886  30.835 0.0000000000
47622  -24.993  -35.129  34.745 0.0000000000
47623  -25.713  -35.395  34.442 0.0000000000
48522  -24.802  -34.311  34.946 0.0000000000
49462  -25.198  -33.659  34.537 0.0000000000
50473  -24.901  -32.146  34.819 0.0000000000
50492  -25.431  -32.723  34.251 0.0000000000
51508  -27.154  -31.089  33.204 0.0000000000
53505  -26.901  -29.852  36.367 0.0000000000
53526  -26.660  -29.572  34.409 0.0000000000
53516  -27.356  -29.054  34.838 0.0000000000
53527  -27.179  -29.080  33.893 0.0000000000
52493  -26.188  -30.062  34.136 0.0000000000
128613  -26.889  -30.353  33.089 0.0000000000
117766  -29.134  -31.299  32.683 0.0000000000
50534  -29.797  -31.723  32.016 0.0000000000
52533  -29.811  -30.695  31.550 0.0000000000
53540  -31.074  -29.607  33.553 0.0000000000
52519  -31.393  -30.381  31.873 0.0000000000
51523  -31.658  -31.117  31.449 0.0000000000
51524  -32.357  -31.508  31.657 0.0000000000
51534  -31.928  -31.896  31.253 0.0000000000
49521  -31.796  -33.280  31.478 0.0000000000
48547  -32.619  -34.760  32.465 0.0000000000
136708  -34.396  -35.510  32.968 0.0000000000
48556  -34.062  -34.898  31.559 0.0000000000
47644  -34.397  -35.322  32.110 0.0000000000
135444  -37.337  -35.638  33.622 0.0000000000
49525  -35.176  -34.296  31.398 0.0000000000
47654  -36.360  -35.170  31.811 0.0000000000
50500  -40.827  -33.071  33.713 0.0000000000
49420  -24.646  -33.578  37.841 0.0000000000
50440  -25.044  -32.793  38.086 0.0000000000
127846  -24.402  -34.246  36.562 0.0000000000
61605  -43.620  -21.499  19.178 0.0000000000
63561  -42.023  -18.856  17.988 0.0000000000
64428  -42.606  -18.637  18.262 0.0000000000
70079  -39.924  -11.938  18.169 0.0000000000
70985  -40.482  -11.254  18.623 0.0000000000
70092  -40.367  -12.444  17.419 0.0000000000
128266  -40.847  -12.871  16.873 0.0000000000
69184  -41.067  -13.613  16.851 0.0000000000
69185  -41.945  -13.788  16.861 0.0000000000
71000  -43.324  -11.471  17.567 0.0000000000
70095  -42.913  -12.001  16.973 0.0000000000
70108  -44.291  -12.210  16.376 0.0000000000
70106  -42.590  -12.647  16.686 0.0000000000
69196  -42.428  -13.289  16.666 0.0000000000
69186  -42.788  -13.972  16.861 0.0000000000
68185  -44.487  -14.927  18.242 0.0000000000
74698  -53.551  -7.360  11.419 0.0000000000
76503  -51.550  -5.587  12.328 0.0000000000
34122  -15.793  -47.884  47.554 0.0000000000
34121  -15.472  -48.783  47.524 0.0000000000
34146  -17.803  -48.044  44.685 0.0000000000
34138  -17.442  -48.638  45.192 0.0000000000
135588  -17.485  -49.277  45.658 0.0000000000
33062  -16.170  -49.392  46.274 0.0000000000
31950  -15.804  -50.050  46.791 0.0000000000
31943  -16.084  -50.828  47.013 0.0000000000
30914  -17.087  -51.671  47.628 0.0000000000
30907  -17.483  -52.070  48.222 0.0000000000
138621  -18.184  -51.672  48.349 0.0000000000
30908  -18.160  -52.075  48.867 0.0000000000
53560  -41.366  -29.266  31.954 0.0000000000
54675  -42.036  -28.355  30.105 0.0000000000
119505  -40.340  -28.387  28.820 0.0000000000
54695  -41.732  -28.355  29.386 0.0000000000
54709  -33.608  -28.024  28.828 0.0000000000
55677  -33.559  -27.601  28.290 0.0000000000
54723  -33.724  -28.156  27.957 0.0000000000
54710  -34.073  -28.444  28.455 0.0000000000
54711  -34.772  -28.831  28.102 0.0000000000
117774  -36.694  -29.096  27.026 0.0000000000
56632  -34.177  -26.499  25.650 0.0000000000
134748  -34.241  -27.311  25.737 0.0000000000
55727  -35.227  -27.203  24.817 0.0000000000
55713  -34.769  -27.748  25.572 0.0000000000
54749  -34.720  -28.223  26.208 0.0000000000
54750  -35.409  -28.333  25.946 0.0000000000
119127  -37.580  -28.978  26.803 0.0000000000
54741  -38.536  -28.733  26.533 0.0000000000
54742  -39.589  -28.494  26.627 0.0000000000
54732  -42.350  -28.257  27.649 0.0000000000
55678  -43.026  -28.181  27.966 0.0000000000
126524  -41.974  -26.691  26.239 0.0000000000
118494  -39.572  -25.317  23.619 0.0000000000
57604  -40.276  -25.336  23.954 0.0000000000
60506  -43.181  -22.610  19.829 0.0000000000
60516  -42.146  -22.044  19.095 0.0000000000
60504  -41.621  -22.588  19.427 0.0000000000
62597  -40.370  -20.336  17.931 0.0000000000
60501  -38.774  -22.535  18.974 0.0000000000
60512  -38.772  -21.797  18.636 0.0000000000
61613  -39.220  -21.306  18.393 0.0000000000
63558  -39.500  -20.003  17.851 0.0000000000
121582  -39.237  -19.140  17.701 0.0000000000
64438  -38.955  -18.181  17.682 0.0000000000
65323  -38.568  -17.406  18.012 0.0000000000
66203  -37.743  -16.640  19.646 0.0000000000
67152  -37.819  -16.001  19.446 0.0000000000
67146  -38.019  -15.386  19.289 0.0000000000
68163  -38.148  -14.709  20.552 0.0000000000
69151  -38.680  -13.852  20.878 0.0000000000
47624  -26.404  -35.595  34.562 0.0000000000
48512  -27.068  -35.229  35.548 0.0000000000
49448  -27.038  -33.827  34.960 0.0000000000
48523  -27.107  -34.457  35.495 0.0000000000
48513  -27.146  -34.560  36.467 0.0000000000
51478  -28.440  -31.767  34.870 0.0000000000
141524  -28.987  -31.833  36.409 0.0000000000
50459  -28.613  -32.096  36.602 0.0000000000
50442  -28.108  -32.633  37.439 0.0000000000
48539  -32.272  -34.918  34.559 0.0000000000
48525  -32.272  -34.990  35.484 0.0000000000
36308  -18.103  -46.557  43.820 0.0000000000
37343  -18.851  -45.112  42.665 0.0000000000
38384  -18.469  -44.889  43.187 0.0000000000
37322  -18.121  -45.599  43.711 0.0000000000
35271  -20.094  -47.664  43.985 0.0000000000
132684  -22.425  -43.803  40.289 0.0000000000
38411  -22.032  -44.103  40.813 0.0000000000
37347  -22.705  -45.387  42.269 0.0000000000
39387  -25.798  -43.703  41.345 0.0000000000
38414  -25.270  -44.278  41.122 0.0000000000
38394  -24.459  -45.023  42.188 0.0000000000
37348  -23.476  -45.267  42.337 0.0000000000
77403  -52.008  -5.118  10.857 0.0000000000
27926  -16.680  -55.237  50.307 0.0000000000
27925  -15.733  -55.100  49.986 0.0000000000
26807  -16.361  -55.812  50.190 0.0000000000
129142  -14.968  -54.452  49.950 0.0000000000
27924  -14.361  -53.947  50.216 0.0000000000
26816  -14.252  -55.117  49.632 0.0000000000
118553  -13.706  -54.573  50.025 0.0000000000
27914  -13.543  -53.867  50.495 0.0000000000
30912  -15.676  -51.226  47.581 0.0000000000
43547  -23.957  -39.807  36.531 0.0000000000
50456  -24.703  -32.601  36.490 0.0000000000
52517  -29.118  -30.236  31.880 0.0000000000
52518  -30.657  -30.174  31.630 0.0000000000
53536  -26.661  -29.761  33.529 0.0000000000
53537  -27.051  -29.633  32.941 0.0000000000
54618  -28.437  -28.525  33.447 0.0000000000
54637  -28.750  -28.995  32.403 0.0000000000
54689  -33.989  -28.313  29.358 0.0000000000
54726  -35.933  -29.058  27.299 0.0000000000
54738  -35.091  -28.550  26.534 0.0000000000
56659  -38.062  -25.863  24.254 0.0000000000
60489  -42.653  -23.089  20.149 0.0000000000
65334  -40.862  -17.689  17.771 0.0000000000
66213  -37.967  -16.637  18.993 0.0000000000
66226  -41.270  -17.024  18.029 0.0000000000
68193  -39.863  -14.265  17.669 0.0000000000
125769  -40.835  -28.473  27.259 0.0000000000
127393  -25.792  -44.269  41.813 0.0000000000
127780  -40.843  -21.486  18.432 0.0000000000
132534  -25.379  -31.892  34.257 0.0000000000
136931  -40.832  -15.532  17.841 0.0000000000
137371  -26.370  -30.162  35.688 0.0000000000
140984  -24.615  -34.845  35.262 0.0000000000
