#!ascii label  , from subject sub-v1s12x0050134_ses-1 vox2ras=TkReg
565
59985  20.577  -26.577  -27.452 0.1428571492
59126  20.420  -26.912  -27.074 0.1428571492
60900  20.964  -24.756  -27.479 0.1428571492
59112  22.085  -27.237  -26.780 0.1428571492
129038  22.186  -25.599  -26.959 0.2857142985
59998  20.112  -25.759  -27.722 0.1428571492
61803  21.803  -23.686  -27.273 0.5714285970
60898  23.212  -24.133  -26.299 0.1428571492
134403  24.157  -23.111  -25.587 0.2857142985
61788  23.968  -23.829  -25.661 0.2857142985
62726  24.605  -22.528  -25.279 0.1428571492
65484  24.852  -19.643  -25.763 0.2857142985
64602  24.531  -20.536  -25.630 0.1428571492
66459  25.904  -18.559  -25.671 0.2857142985
65483  25.638  -19.337  -25.434 0.2857142985
67485  25.687  -17.209  -26.720 0.2857142985
66470  25.522  -18.002  -26.273 0.2857142985
68442  25.895  -16.247  -27.001 0.2857142985
71175  26.402  -13.818  -27.832 0.8571428657
69387  26.431  -14.644  -27.367 0.4285714328
67484  26.367  -16.883  -26.306 0.2857142985
72051  26.398  -12.113  -28.368 0.7142857313
123996  26.442  -12.884  -28.009 0.7142857313
139422  26.050  -14.550  -28.046 0.7142857313
140949  26.527  -11.007  -28.408 0.8571428657
72935  26.732  -11.365  -27.939 0.5714285970
72944  26.324  -11.410  -28.742 0.8571428657
135820  26.119  -12.694  -28.708 0.7142857313
71185  26.058  -13.366  -28.594 0.7142857313
74775  27.155  -9.129  -28.443 0.4285714328
73829  26.372  -10.712  -28.905 0.7142857313
129782  27.315  -7.801  -29.050 0.2857142985
76659  27.097  -7.801  -30.060 0.5714285970
75712  26.775  -9.044  -29.319 0.8571428657
74776  26.613  -9.856  -28.881 0.8571428657
77558  27.581  -6.401  -30.014 0.1428571492
116933  27.449  -7.099  -29.519 0.1428571492
75725  26.946  -8.394  -29.650 0.5714285970
75726  26.523  -8.893  -30.305 0.8571428657
128815  28.153  -5.211  -32.106 0.1428571492
78454  27.925  -5.626  -29.499 0.1428571492
77570  27.504  -6.552  -31.189 0.1428571492
118260  27.258  -7.221  -30.618 0.4285714328
140115  26.710  -8.326  -30.485 0.8571428657
80267  28.517  -3.397  -32.135 0.1428571492
79375  28.336  -4.299  -31.748 0.1428571492
78503  28.239  -4.877  -32.740 0.1428571492
78487  27.863  -5.860  -31.742 0.1428571492
78504  28.044  -5.875  -32.885 0.4285714328
76675  27.066  -7.315  -31.807 0.5714285970
76660  26.754  -7.853  -31.063 0.7142857313
75739  26.238  -8.497  -31.109 0.8571428657
79400  28.122  -4.322  -33.134 0.1428571492
81176  27.994  -2.886  -33.129 0.1428571492
133149  28.004  -5.217  -33.301 0.1428571492
78514  27.690  -5.903  -33.427 0.5714285970
76688  27.020  -7.082  -32.670 0.8571428657
75752  26.451  -7.616  -31.777 0.8571428657
81177  27.452  -2.470  -33.158 0.2857142985
80295  27.442  -3.964  -33.379 0.1428571492
80282  26.876  -4.126  -33.207 0.8571428657
137007  27.250  -6.270  -33.412 0.8571428657
78505  26.762  -6.145  -33.314 0.8571428657
82972  26.871  -1.003  -32.670 0.1428571492
81178  26.842  -2.965  -32.764 0.4285714328
81163  26.236  -3.005  -31.713 0.8571428657
80268  26.323  -3.841  -32.279 0.8571428657
134235  26.345  -5.598  -33.008 0.8571428657
78488  26.224  -6.250  -32.647 0.8571428657
82050  26.908  -1.890  -32.790 0.4285714328
80269  25.790  -3.697  -31.201 0.8571428657
79376  26.292  -4.791  -32.750 0.8571428657
79377  25.792  -4.548  -31.665 0.8571428657
82952  26.440  -0.527  -31.690 0.2857142985
82040  26.507  -1.536  -31.913 0.5714285970
82027  26.215  -1.330  -30.710 0.8571428657
124702  26.546  -2.315  -32.115 0.8571428657
81154  25.507  -2.737  -30.082 0.8571428657
121486  25.263  -4.319  -30.644 0.8571428657
83875  26.166  0.285  -30.883 0.2857142985
82953  26.106  -0.516  -30.302 0.7142857313
82028  25.751  -1.916  -29.900 0.8571428657
81144  24.833  -2.341  -29.538 0.8571428657
80255  25.307  -3.485  -30.323 0.8571428657
82942  25.694  -0.529  -29.378 0.8571428657
82017  25.189  -1.339  -29.234 0.8571428657
82943  24.211  -0.972  -28.892 0.7142857313
82018  24.353  -1.723  -29.225 0.7142857313
83876  25.903  0.222  -29.746 0.8571428657
83863  25.527  0.151  -28.947 0.8571428657
130171  25.085  0.197  -28.566 0.8571428657
83856  24.603  0.832  -28.591 0.8571428657
82933  24.412  -0.074  -28.583 0.7142857313
85718  25.606  2.505  -29.786 0.7142857313
84791  25.239  1.528  -28.888 0.8571428657
85711  25.351  2.405  -29.158 0.8571428657
85712  25.010  2.391  -28.744 0.8571428657
87453  25.086  3.861  -28.942 0.7142857313
82932  25.108  -0.456  -28.757 0.8571428657
84792  24.478  1.736  -28.658 0.8571428657
87482  25.805  4.540  -32.582 0.1428571492
86591  25.404  3.220  -29.380 0.8571428657
87460  25.473  4.212  -29.688 0.7142857313
88303  25.132  4.879  -29.020 0.7142857313
86587  24.719  3.127  -28.712 0.8571428657
89141  25.674  6.257  -33.664 0.1428571492
88314  25.672  5.675  -30.341 0.5714285970
116749  25.738  6.300  -30.766 0.5714285970
89115  25.488  7.078  -30.519 0.5714285970
89132  25.824  6.630  -32.426 0.1428571492
89970  25.233  6.895  -35.858 0.1428571492
89943  25.442  7.711  -31.067 0.5714285970
90752  25.267  8.615  -34.856 0.1428571492
125896  25.031  8.474  -36.705 0.1428571492
89951  25.684  7.716  -32.055 0.1428571492
91488  24.788  9.793  -36.767 0.1428571492
90753  24.982  9.174  -35.739 0.1428571492
91482  24.902  9.716  -34.559 0.1428571492
92185  24.229  10.586  -37.315 0.1428571492
117491  24.583  10.337  -35.640 0.1428571492
59113  21.183  -27.546  -26.364 0.1428571492
60899  22.191  -24.617  -27.049 0.2857142985
60887  22.969  -25.047  -26.442 0.1428571492
60885  24.406  -24.414  -25.273 0.2857142985
63666  25.882  -21.234  -24.834 0.2857142985
63680  25.041  -21.079  -25.170 0.2857142985
63667  25.173  -21.852  -24.993 0.1428571492
67503  25.221  -16.931  -27.505 0.2857142985
69388  25.842  -15.328  -27.764 0.5714285970
74763  26.753  -10.568  -28.198 0.2857142985
71186  25.651  -13.656  -29.094 0.7142857313
75711  27.215  -8.498  -28.755 0.1428571492
73839  26.168  -10.347  -29.771 0.8571428657
80281  28.252  -3.465  -32.939 0.1428571492
79402  27.219  -4.794  -33.628 0.8571428657
78515  27.204  -5.643  -33.615 0.8571428657
77603  26.612  -6.715  -32.856 0.8571428657
124212  25.874  -5.457  -32.169 0.8571428657
84799  25.591  1.723  -29.526 0.8571428657
86598  25.640  3.253  -30.169 0.8571428657
87468  25.683  4.865  -30.480 0.7142857313
118675  25.859  6.024  -31.725 0.2857142985
125040  25.765  7.231  -33.028 0.1428571492
89965  25.418  7.591  -34.917 0.1428571492
126446  24.383  9.859  -38.678 0.1428571492
59114  20.503  -26.842  -26.069 0.1428571492
61802  22.723  -23.512  -26.757 0.4285714328
131483  23.879  -22.487  -25.868 0.2857142985
128841  22.388  -22.798  -27.136 0.2857142985
63681  24.306  -21.578  -25.579 0.1428571492
64600  26.154  -19.740  -25.034 0.2857142985
65482  26.386  -19.069  -25.231 0.2857142985
66460  25.161  -18.817  -25.997 0.2857142985
70328  25.576  -14.814  -28.606 0.7142857313
78486  28.123  -5.025  -31.081 0.1428571492
81152  28.792  -2.620  -31.651 0.1428571492
82048  28.087  -1.917  -32.945 0.1428571492
82049  27.411  -1.460  -33.105 0.1428571492
76699  26.629  -7.112  -32.448 0.8571428657
76689  26.110  -7.719  -31.786 1.0000000000
83896  26.845  -0.120  -32.621 0.1428571492
83886  26.494  0.462  -32.008 0.1428571492
84811  26.208  0.986  -31.285 0.2857142985
81145  23.838  -2.308  -29.471 0.8571428657
84812  25.910  1.104  -30.239 0.5714285970
85726  25.808  2.465  -30.623 0.5714285970
122051  25.828  3.106  -31.123 0.5714285970
88322  25.809  5.445  -31.118 0.4285714328
86604  25.814  3.660  -31.560 0.2857142985
87475  25.794  4.495  -31.530 0.2857142985
122971  25.851  5.209  -31.952 0.1428571492
88331  25.804  5.483  -32.832 0.1428571492
128336  25.429  8.515  -32.273 0.2857142985
89959  25.636  7.335  -33.943 0.1428571492
90746  25.334  8.905  -33.847 0.1428571492
90738  25.290  9.028  -32.875 0.1428571492
91473  25.039  9.556  -33.500 0.1428571492
90762  25.189  7.987  -35.851 0.1428571492
92181  24.182  10.884  -36.387 0.1428571492
131247  24.096  11.204  -35.644 0.1428571492
92186  23.797  11.374  -36.801 0.1428571492
84825  26.038  1.697  -31.020 0.4285714328
85735  26.089  2.303  -31.619 0.4285714328
129189  25.724  3.947  -30.722 0.5714285970
59984  21.611  -26.583  -27.206 0.1428571492
126472  21.237  -25.708  -27.451 0.1428571492
59979  19.747  -26.306  -26.757 0.1428571492
60901  19.774  -24.845  -27.441 0.2857142985
60886  23.696  -24.646  -25.798 0.1428571492
62744  23.172  -22.657  -26.542 0.1428571492
72052  25.709  -12.985  -29.215 0.7142857313
78475  27.808  -5.705  -30.539 0.1428571492
77586  27.481  -6.626  -32.401 0.1428571492
81185  27.277  -3.327  -33.208 0.5714285970
77602  27.025  -6.754  -33.136 0.8571428657
81153  26.167  -2.287  -30.963 0.8571428657
80246  24.878  -3.107  -29.879 0.8571428657
122083  25.911  -1.150  -29.795 0.8571428657
126359  25.605  0.892  -29.281 0.8571428657
83855  25.301  0.706  -28.787 0.8571428657
89123  25.771  6.970  -31.359 0.5714285970
135115  25.379  6.330  -29.864 0.5714285970
89971  25.128  7.220  -36.765 0.1428571492
127832  25.518  8.145  -34.138 0.1428571492
91491  24.549  9.597  -37.900 0.1428571492
118892  25.584  8.151  -33.142 0.1428571492
126591  25.783  1.906  -30.201 0.5714285970
66471  24.789  -18.412  -26.666 0.5714285970
90739  25.049  9.104  -32.038 0.1428571492
65518  23.974  -18.933  -27.166 0.5714285970
66490  23.003  -19.329  -28.303 0.5714285970
66504  22.328  -18.917  -28.456 0.2857142985
67505  23.855  -18.018  -28.345 0.5714285970
67522  23.268  -17.614  -28.852 0.5714285970
65520  22.272  -19.750  -28.369 0.4285714328
124069  21.503  -18.477  -28.263 0.2857142985
67523  22.260  -17.930  -28.627 0.4285714328
67521  24.084  -17.222  -28.730 0.5714285970
68475  22.504  -16.996  -28.898 0.4285714328
140991  24.825  -16.117  -28.609 0.5714285970
69406  24.568  -15.703  -29.103 0.5714285970
68474  23.436  -16.640  -29.171 0.4285714328
69422  24.144  -15.126  -29.450 0.4285714328
70329  24.987  -15.017  -29.231 0.4285714328
67524  21.345  -17.714  -28.326 0.2857142985
69405  25.208  -15.541  -28.590 0.7142857313
70344  25.342  -14.260  -29.196 0.7142857313
71205  24.205  -13.568  -29.873 0.4285714328
72065  24.607  -12.761  -30.089 0.7142857313
72066  23.703  -12.793  -30.104 0.5714285970
72076  24.187  -12.040  -30.379 0.7142857313
72077  23.257  -11.979  -30.223 0.2857142985
71176  25.880  -14.095  -28.601 0.5714285970
71204  25.109  -13.484  -29.652 0.7142857313
72960  25.025  -11.939  -30.283 0.7142857313
72969  24.572  -11.359  -30.547 0.7142857313
73849  24.557  -10.549  -30.762 0.7142857313
73850  23.857  -10.447  -30.665 0.7142857313
72970  23.804  -11.194  -30.512 0.4285714328
116656  23.276  -9.955  -30.585 0.4285714328
72945  25.920  -12.084  -29.344 0.5714285970
72064  25.336  -12.573  -29.808 0.5714285970
72959  25.586  -11.521  -30.069 0.5714285970
72968  25.136  -11.054  -30.565 0.5714285970
73848  25.254  -10.223  -30.798 0.7142857313
74804  24.829  -9.709  -30.882 0.7142857313
120395  24.760  -9.138  -30.813 0.7142857313
74805  23.937  -9.411  -30.658 0.7142857313
116861  23.883  -8.075  -30.585 0.5714285970
74791  26.350  -9.590  -30.023 0.7142857313
74792  25.834  -9.963  -30.572 0.5714285970
74803  25.473  -9.519  -30.902 0.7142857313
140523  25.299  -8.878  -30.941 0.8571428657
138353  23.112  -9.425  -30.617 0.4285714328
76677  24.731  -7.849  -30.778 0.7142857313
77573  23.679  -7.120  -30.666 0.7142857313
74802  26.035  -9.276  -30.812 0.5714285970
134190  25.268  -9.230  -30.922 0.7142857313
75754  25.544  -8.324  -31.169 0.8571428657
76676  25.505  -7.571  -31.348 0.8571428657
77572  24.662  -7.011  -30.775 0.7142857313
128848  24.012  -6.367  -30.555 0.5714285970
78479  22.949  -5.069  -30.867 0.2857142985
75753  25.995  -8.276  -31.468 0.7142857313
77571  25.337  -6.844  -31.279 0.7142857313
79365  22.662  -4.260  -30.774 0.7142857313
77587  26.041  -7.033  -32.151 0.7142857313
78477  24.754  -6.046  -30.726 0.8571428657
80256  24.514  -3.916  -30.074 0.8571428657
79364  23.676  -4.580  -30.360 0.5714285970
80257  23.439  -3.700  -30.205 0.8571428657
78476  25.589  -6.203  -31.639 0.8571428657
81155  24.168  -3.055  -29.779 0.8571428657
81156  23.121  -2.864  -30.048 0.7142857313
82934  23.770  0.476  -28.713 0.7142857313
83864  22.847  0.758  -29.200 0.7142857313
128852  23.743  1.248  -28.753 0.5714285970
83865  21.700  0.701  -30.024 0.7142857313
84800  23.106  1.762  -29.094 0.7142857313
84793  23.799  1.942  -28.742 0.7142857313
85713  24.262  2.474  -28.676 0.8571428657
86592  23.077  3.224  -29.058 0.7142857313
84801  22.195  1.647  -29.580 0.7142857313
87461  22.758  4.171  -29.121 0.7142857313
87456  22.251  5.129  -29.377 0.7142857313
87462  21.677  4.277  -29.827 0.5714285970
124317  24.292  3.832  -28.711 0.7142857313
132489  22.979  5.064  -28.745 0.7142857313
88304  22.872  5.915  -28.957 0.4285714328
133169  21.456  5.237  -29.982 0.5714285970
132487  24.551  5.330  -28.787 0.5714285970
127904  20.907  4.647  -30.326 0.5714285970
89104  21.865  5.996  -29.832 0.5714285970
87463  20.147  4.746  -30.446 0.5714285970
89105  21.529  6.246  -30.190 0.5714285970
88305  20.865  5.464  -30.270 0.5714285970
89103  23.483  6.688  -29.354 0.5714285970
88306  19.913  5.462  -30.144 0.4285714328
86602  18.832  4.022  -30.517 0.4285714328
89106  20.557  6.175  -30.017 0.5714285970
89926  19.900  6.939  -29.406 0.4285714328
73840  25.684  -10.717  -30.312 0.5714285970
89925  21.061  7.156  -29.941 0.2857142985
89097  18.875  6.799  -28.843 0.2857142985
65519  23.446  -19.456  -27.548 0.5714285970
64642  22.819  -20.124  -27.868 0.5714285970
67486  25.007  -17.706  -27.061 0.2857142985
68457  24.723  -16.729  -28.304 0.5714285970
66505  21.620  -19.307  -28.229 0.2857142985
68490  23.227  -15.800  -29.378 0.4285714328
69407  23.913  -15.895  -29.368 0.5714285970
119238  21.625  -17.108  -28.575 0.2857142985
68492  21.795  -16.407  -28.836 0.2857142985
70346  23.766  -14.310  -29.633 0.5714285970
71174  27.033  -13.145  -27.236 0.2857142985
72067  22.549  -12.685  -29.862 0.2857142985
78478  23.856  -5.528  -30.492 0.7142857313
138682  23.444  -1.002  -29.135 0.7142857313
82944  23.346  -0.321  -28.991 0.7142857313
82945  22.316  -0.194  -29.707 0.7142857313
86593  22.161  3.336  -29.491 0.7142857313
123420  20.923  3.965  -30.310 0.5714285970
88315  19.296  4.775  -30.403 0.2857142985
89096  24.034  6.010  -28.820 0.5714285970
128472  24.958  5.765  -29.139 0.5714285970
89102  24.521  6.608  -29.377 0.5714285970
139111  21.822  6.589  -30.474 0.5714285970
89924  22.133  6.878  -30.547 0.2857142985
72958  26.025  -11.148  -29.566 0.7142857313
75740  25.706  -8.879  -31.092 0.7142857313
79362  25.323  -5.265  -31.059 0.7142857313
86588  23.902  3.146  -28.718 0.8571428657
82029  22.886  -2.032  -29.814 0.7142857313
138413  25.496  -12.049  -29.930 0.5714285970
135064  24.301  -18.273  -27.429 0.5714285970
66489  23.597  -18.755  -27.960 0.5714285970
66503  23.118  -18.501  -28.576 0.4285714328
67504  24.537  -17.480  -27.897 0.5714285970
116738  22.169  -20.387  -28.203 0.5714285970
68473  24.283  -16.421  -28.983 0.5714285970
68491  22.549  -16.203  -29.173 0.4285714328
70345  24.630  -14.326  -29.580 0.5714285970
71206  23.238  -13.542  -29.734 0.4285714328
120397  24.169  -9.999  -30.796 0.7142857313
75742  23.974  -8.762  -30.583 0.7142857313
75741  24.780  -8.582  -30.778 0.7142857313
76679  23.224  -8.312  -30.744 0.2857142985
78489  23.083  -6.031  -30.926 0.5714285970
78490  22.302  -5.363  -31.358 0.2857142985
79363  24.573  -4.953  -30.426 0.8571428657
85719  23.454  2.502  -28.898 0.7142857313
87455  23.648  4.462  -28.705 0.8571428657
137199  22.469  6.611  -29.893 0.7142857313
89107  19.392  6.188  -29.589 0.4285714328
69425  21.053  -15.839  -28.850 0.1428571492
69424  22.445  -15.443  -29.312 0.4285714328
61804  20.848  -23.762  -27.313 0.4285714328
66458  26.677  -18.268  -25.427 0.1428571492
137332  26.143  -17.950  -25.840 0.1428571492
67474  26.606  -17.486  -25.794 0.1428571492
69379  26.468  -15.372  -26.870 0.1428571492
70310  26.878  -14.747  -26.775 0.1428571492
67473  27.288  -17.621  -25.412 0.1428571492
69378  27.312  -15.326  -26.333 0.1428571492
68441  26.766  -16.106  -26.369 0.1428571492
68431  27.165  -16.786  -25.801 0.1428571492
71164  26.920  -14.062  -27.027 0.1428571492
72041  27.494  -12.378  -26.961 0.2857142985
73814  27.303  -10.755  -27.512 0.1428571492
82019  23.575  -1.544  -29.297 0.5714285970
129111  23.212  13.077  -36.517 0.1428571492
126283  22.023  -2.538  -30.688 0.4285714328
93669  22.905  12.709  -35.525 0.1428571492
91474  24.614  10.279  -33.586 0.1428571492
83877  21.538  -0.216  -30.358 0.4285714328
91456  22.365  10.181  -31.535 0.2857142985
90717  23.177  8.613  -30.816 0.2857142985
89923  23.073  7.229  -30.139 0.2857142985
83888  19.379  0.165  -31.100 0.1428571492
84802  21.302  1.698  -30.210 0.5714285970
85720  22.607  2.491  -29.313 0.5714285970
124229  22.161  8.607  -30.830 0.2857142985
89922  24.038  7.335  -29.789 0.4285714328
85736  19.641  1.978  -31.024 0.4285714328
85727  20.852  2.565  -30.405 0.5714285970
89937  21.805  7.804  -30.486 0.2857142985
134230  19.308  2.362  -31.026 0.4285714328
85729  19.502  2.799  -31.127 0.2857142985
90709  21.049  8.039  -30.062 0.1428571492
85722  18.504  2.713  -30.352 0.1428571492
87470  19.594  4.065  -30.747 0.4285714328
123327  20.470  7.992  -29.703 0.1428571492
90718  21.128  8.740  -30.621 0.1428571492
130331  18.805  3.266  -30.714 0.2857142985
89914  20.027  7.718  -29.248 0.2857142985
89916  18.527  7.264  -28.156 0.1428571492
90710  20.345  8.604  -30.091 0.1428571492
90702  19.644  8.186  -28.446 0.1428571492
90701  19.876  8.609  -29.221 0.1428571492
90695  19.737  8.989  -28.080 0.1428571492
62747  20.808  -22.753  -27.239 0.4285714328
63723  20.584  -21.076  -27.227 0.2857142985
68430  27.412  -16.058  -25.971 0.1428571492
82954  21.857  -0.961  -30.336 0.2857142985
88302  25.447  5.318  -29.660 0.4285714328
89933  24.938  8.213  -30.848 0.2857142985
91448  21.690  9.462  -31.160 0.2857142985
90729  23.814  9.274  -31.204 0.2857142985
90719  20.399  9.245  -30.432 0.2857142985
63705  20.175  -21.530  -26.801 0.2857142985
139460  18.700  2.119  -30.582 0.1428571492
82030  22.170  -1.678  -30.291 0.4285714328
84827  18.999  0.815  -30.837 0.2857142985
86599  20.510  3.374  -30.610 0.5714285970
89116  24.897  7.182  -29.989 0.4285714328
90730  22.746  9.400  -31.155 0.2857142985
90716  24.195  8.513  -30.769 0.2857142985
91464  23.890  10.495  -32.122 0.2857142985
92168  23.853  11.088  -32.604 0.1428571492
122631  23.555  11.499  -32.328 0.1428571492
92179  24.321  10.937  -34.669 0.1428571492
92167  24.180  11.113  -33.528 0.1428571492
92922  23.825  11.730  -34.330 0.1428571492
91462  24.798  9.715  -32.722 0.1428571492
91463  24.304  10.448  -32.707 0.1428571492
90727  25.281  8.413  -31.529 0.4285714328
90728  24.662  8.911  -31.334 0.2857142985
91454  24.354  9.759  -31.929 0.1428571492
62746  21.593  -22.832  -27.403 0.4285714328
72042  26.890  -12.236  -27.592 0.4285714328
89934  24.517  7.806  -30.362 0.2857142985
85721  21.697  2.509  -29.774 0.5714285970
86594  21.274  3.341  -30.033 0.5714285970
82020  22.753  -1.125  -29.569 0.5714285970
86600  19.842  3.438  -31.030 0.5714285970
89936  22.596  7.803  -30.647 0.2857142985
70309  27.454  -14.445  -26.507 0.1428571492
82955  20.974  -0.834  -31.046 0.2857142985
89935  23.630  7.908  -30.433 0.2857142985
84814  19.882  1.193  -31.066 0.2857142985
84813  20.396  1.718  -30.809 0.4285714328
84815  19.103  1.798  -30.876 0.2857142985
85728  20.110  2.699  -31.028 0.5714285970
86601  19.250  3.394  -31.005 0.4285714328
70308  27.962  -14.062  -26.294 0.1428571492
82031  21.475  -1.725  -31.030 0.2857142985
91455  23.414  10.042  -31.656 0.2857142985
92923  23.732  11.759  -33.330 0.1428571492
77588  22.679  -6.709  -31.179 0.2857142985
92144  20.754  10.767  -30.785 0.1428571492
92157  21.477  10.354  -31.291 0.1428571492
92907  21.594  11.885  -30.774 0.1428571492
91435  19.565  9.699  -28.715 0.1428571492
92908  20.834  11.769  -30.522 0.1428571492
92137  19.734  10.511  -29.306 0.1428571492
92131  19.637  10.814  -28.168 0.1428571492
92145  20.272  10.129  -30.214 0.1428571492
92896  19.911  11.580  -28.836 0.1428571492
93655  21.308  12.502  -30.194 0.1428571492
92136  20.185  11.279  -29.934 0.1428571492
92887  20.566  12.185  -28.337 0.1428571492
92895  20.583  12.307  -29.464 0.1428571492
93646  21.389  12.762  -29.350 0.1428571492
93657  22.815  12.398  -31.151 0.1428571492
91449  20.867  9.726  -30.874 0.1428571492
92156  22.253  10.949  -31.571 0.1428571492
92915  21.441  11.248  -31.171 0.1428571492
92888  20.047  11.603  -27.739 0.1428571492
68456  25.291  -16.149  -27.962 0.4285714328
64624  22.993  -20.801  -27.185 0.4285714328
64603  23.677  -20.858  -26.320 0.2857142985
64623  23.469  -20.101  -26.976 0.2857142985
65499  23.878  -19.498  -26.862 0.2857142985
63704  22.554  -21.463  -27.366 0.2857142985
87469  20.285  4.070  -30.632 0.4285714328
137945  24.365  -18.665  -26.909 0.2857142985
64643  22.373  -20.869  -27.812 0.4285714328
64622  24.109  -19.937  -26.275 0.1428571492
63682  23.501  -21.829  -26.318 0.1428571492
119710  20.333  0.742  -31.016 0.2857142985
63703  23.107  -21.393  -26.798 0.2857142985
63721  21.935  -21.479  -27.766 0.2857142985
62759  21.429  -22.058  -27.531 0.2857142985
64644  21.729  -20.820  -27.977 0.2857142985
69423  23.232  -15.008  -29.471 0.2857142985
129176  22.952  -14.228  -29.542 0.2857142985
72971  22.794  -11.217  -30.297 0.1428571492
120396  23.208  -10.636  -30.460 0.2857142985
75743  22.985  -8.901  -30.716 0.1428571492
135963  22.047  -5.974  -31.593 0.1428571492
78491  21.558  -5.094  -31.599 0.1428571492
80270  21.708  -3.987  -31.399 0.1428571492
79378  21.296  -4.358  -31.578 0.1428571492
80258  22.335  -3.459  -30.720 0.1428571492
80272  20.996  -3.266  -31.528 0.1428571492
124779  20.235  -1.117  -31.508 0.1428571492
83878  20.921  0.211  -30.750 0.1428571492
82956  20.324  -0.161  -31.277 0.1428571492
87464  18.564  4.742  -30.005 0.1428571492
87465  18.130  4.216  -29.632 0.1428571492
88307  18.864  5.436  -29.783 0.1428571492
118613  17.945  5.061  -29.213 0.1428571492
62745  22.809  -22.042  -26.931 0.1428571492
81157  21.145  -2.591  -31.416 0.1428571492
83887  19.818  0.425  -31.232 0.1428571492
61805  19.990  -23.657  -26.916 0.2857142985
70347  22.282  -14.659  -29.455 0.2857142985
73851  22.302  -10.429  -30.478 0.1428571492
76690  22.392  -8.191  -31.133 0.1428571492
76678  22.786  -7.525  -31.041 0.1428571492
77604  21.052  -5.546  -31.751 0.1428571492
128953  21.358  -5.512  -31.682 0.1428571492
130436  21.139  -4.856  -31.628 0.1428571492
79390  21.054  -4.243  -31.604 0.1428571492
82965  19.351  -0.691  -31.196 0.1428571492
62758  22.145  -22.125  -27.464 0.2857142985
132994  22.044  -4.678  -31.390 0.1428571492
86595  18.326  3.442  -30.010 0.1428571492
129438  21.866  -15.811  -29.091 0.1428571492
81165  21.455  -3.319  -31.343 0.1428571492
63722  21.257  -21.324  -27.626 0.2857142985
71207  22.148  -13.712  -29.627 0.1428571492
80271  21.214  -3.819  -31.560 0.1428571492
119089  19.990  -22.446  -26.655 0.1428571492
62727  19.121  -22.403  -26.027 0.1428571492
74762  27.279  -9.834  -27.850 0.1428571492
73813  27.787  -10.239  -27.213 0.1428571492
136492  26.390  2.227  -32.472 0.1428571492
60902  19.168  -24.417  -26.796 0.1428571492
64626  19.860  -20.745  -26.707 0.1428571492
64645  21.053  -20.594  -27.660 0.1428571492
65521  21.550  -20.059  -28.085 0.1428571492
64625  20.440  -20.407  -27.196 0.1428571492
66491  20.840  -18.945  -27.766 0.1428571492
85734  26.473  1.410  -32.203 0.1428571492
66506  20.613  -17.958  -27.874 0.1428571492
68476  21.112  -16.527  -28.565 0.1428571492
62760  20.739  -21.858  -27.228 0.1428571492
63706  19.533  -21.574  -26.324 0.1428571492
135976  21.180  -19.525  -27.928 0.1428571492
61789  23.551  -23.277  -26.111 0.2857142985
65498  24.442  -19.118  -26.492 0.2857142985
77601  27.440  -6.496  -33.148 0.8571428657
79388  28.320  -4.053  -32.592 0.1428571492
79389  26.736  -5.196  -33.441 0.8571428657
79401  27.722  -4.573  -33.425 0.1428571492
80294  27.892  -3.728  -33.262 0.1428571492
81164  25.801  -3.039  -30.816 0.8571428657
82964  19.771  -0.461  -31.399 0.1428571492
83866  20.916  1.021  -30.577 0.2857142985
84826  19.455  1.060  -30.981 0.2857142985
85730  19.001  2.668  -30.977 0.2857142985
86586  25.174  3.009  -28.952 0.8571428657
87454  24.502  4.619  -28.725 0.5714285970
88298  23.760  5.262  -28.657 0.5714285970
90772  24.937  8.860  -37.426 0.1428571492
122408  25.881  -22.039  -24.758 0.1428571492
123052  26.067  -17.499  -26.177 0.2857142985
130810  23.550  3.755  -28.814 0.7142857313
133317  27.598  -5.272  -33.552 0.8571428657
134872  27.626  -3.254  -33.268 0.5714285970
135672  25.121  7.622  -30.513 0.5714285970
139008  21.303  5.853  -30.183 0.5714285970
139060  23.461  -25.376  -25.946 0.1428571492
140852  23.656  -15.465  -29.432 0.2857142985
