#!ascii label  , from subject sub-v1s12x0050127_ses-1 vox2ras=TkReg
1663
76932  -40.769  5.801  20.307 0.0000000000
78819  -55.115  8.213  7.174 0.0000000000
78619  -49.084  7.447  29.555 0.0000000000
75330  -51.045  3.704  12.660 0.0000000000
72154  -50.620  -0.738  21.334 0.0000000000
79547  -49.890  9.411  15.662 0.0000000000
84249  -46.776  15.292  15.711 0.0000000000
85654  -41.070  15.977  19.831 0.0000000000
70438  -42.436  -2.738  24.389 0.0000000000
74516  -44.901  2.794  15.838 0.0000000000
77913  -48.018  6.598  11.892 0.0000000000
130663  -45.699  6.177  17.491 0.0000000000
117767  -51.172  12.196  28.491 0.0000000000
81014  -50.470  10.828  21.994 0.0000000000
84186  -49.938  14.357  22.619 0.0000000000
84971  -45.541  15.853  17.493 0.0000000000
86354  -45.881  17.309  23.510 0.0000000000
125392  -52.057  11.449  6.898 0.0000000000
75201  -39.403  2.804  28.109 0.0000000000
78665  -42.923  8.024  25.206 0.0000000000
76964  -55.930  6.866  16.141 0.0000000000
127764  -51.158  0.743  16.564 0.0000000000
72175  -44.582  -0.337  18.458 0.0000000000
72926  -43.967  -0.063  22.580 0.0000000000
132941  -51.489  11.912  10.296 0.0000000000
83479  -49.137  13.384  9.174 0.0000000000
77840  -48.646  6.155  20.713 0.0000000000
81059  -44.148  10.715  15.413 0.0000000000
123207  -44.546  13.889  7.878 0.0000000000
87224  -42.969  18.192  9.390 0.0000000000
86451  -40.095  17.704  13.125 0.0000000000
76101  -42.826  4.271  17.906 0.0000000000
120849  -44.831  5.094  16.787 0.0000000000
77853  -43.278  6.165  18.784 0.0000000000
115441  -51.864  15.459  28.143 0.0000000000
83371  -51.791  13.953  25.423 0.0000000000
84908  -49.672  15.450  25.884 0.0000000000
132515  -47.486  14.698  23.785 0.0000000000
116274  -53.418  9.392  7.416 0.0000000000
76876  -37.886  4.773  28.323 0.0000000000
75179  -40.832  3.532  30.114 0.0000000000
72182  -50.765  -0.139  18.915 0.0000000000
72188  -47.335  -0.564  17.397 0.0000000000
71320  -47.208  -1.538  19.390 0.0000000000
71270  -43.238  -0.983  23.766 0.0000000000
72944  -37.812  0.162  21.766 0.0000000000
121976  -36.859  1.475  25.116 0.0000000000
72092  -36.143  -0.382  25.021 0.0000000000
77016  -52.444  5.614  11.537 0.0000000000
79552  -48.484  8.672  14.062 0.0000000000
121328  -49.335  9.450  11.360 0.0000000000
81087  -50.984  10.805  13.749 0.0000000000
83463  -51.219  13.178  11.301 0.0000000000
81875  -48.858  11.592  13.634 0.0000000000
78650  -45.495  8.036  27.203 0.0000000000
79479  -45.928  8.766  23.254 0.0000000000
110759  -48.299  8.341  25.000 0.0000000000
83397  -48.767  13.557  18.927 0.0000000000
81823  -46.254  11.140  20.003 0.0000000000
83425  -43.679  13.119  16.115 0.0000000000
118812  -44.381  11.857  11.258 0.0000000000
121820  -43.545  14.536  12.437 0.0000000000
85036  -43.701  16.343  8.511 0.0000000000
85709  -45.387  17.050  12.843 0.0000000000
84956  -43.262  14.996  18.478 0.0000000000
85695  -43.175  17.084  15.392 0.0000000000
85683  -41.021  16.536  16.766 0.0000000000
86436  -39.075  17.571  14.293 0.0000000000
86402  -39.168  17.231  17.728 0.0000000000
74553  -48.268  2.901  13.559 0.0000000000
77013  -49.220  5.174  11.855 0.0000000000
76130  -46.261  4.763  13.927 0.0000000000
77900  -46.349  6.724  14.921 0.0000000000
78734  -48.022  7.204  16.648 0.0000000000
79399  -50.690  8.593  30.107 0.0000000000
79462  -50.763  8.751  25.687 0.0000000000
81001  -51.647  10.947  25.650 0.0000000000
125303  -51.913  13.242  21.604 0.0000000000
84233  -50.490  15.277  18.523 0.0000000000
85689  -48.117  16.635  15.959 0.0000000000
84220  -48.847  15.373  19.488 0.0000000000
84193  -45.122  14.665  21.713 0.0000000000
86358  -43.460  16.805  21.981 0.0000000000
125140  -49.682  12.037  6.394 0.0000000000
76918  -39.255  5.491  24.584 0.0000000000
78678  -41.282  7.739  22.468 0.0000000000
76916  -41.023  6.102  26.021 0.0000000000
76881  -43.499  4.978  29.049 0.0000000000
76861  -45.639  4.993  31.146 0.0000000000
116314  -44.141  8.526  28.728 0.0000000000
119248  -47.863  8.172  31.156 0.0000000000
115712  -53.599  4.400  14.261 0.0000000000
75282  -53.547  3.647  16.293 0.0000000000
74538  -51.320  2.165  14.387 0.0000000000
73760  -48.526  1.010  15.016 0.0000000000
73747  -44.537  1.488  16.723 0.0000000000
123005  -49.473  -0.985  23.380 0.0000000000
72094  -45.474  -0.378  25.724 0.0000000000
72123  -46.333  -0.451  23.779 0.0000000000
126399  -47.084  -1.592  21.719 0.0000000000
72161  -44.097  -0.712  20.396 0.0000000000
120685  -39.259  4.033  21.406 0.0000000000
122456  -55.962  9.029  9.147 0.0000000000
77933  -50.864  6.881  10.692 0.0000000000
79582  -52.233  9.092  9.732 0.0000000000
81127  -54.552  10.960  8.427 0.0000000000
83493  -53.383  13.063  7.997 0.0000000000
84312  -51.023  14.114  7.214 0.0000000000
84320  -48.889  14.636  5.791 0.0000000000
79491  -44.417  8.199  21.577 0.0000000000
77849  -47.891  6.105  19.144 0.0000000000
79524  -49.108  7.898  17.616 0.0000000000
119067  -49.189  8.340  21.676 0.0000000000
80272  -46.258  9.391  18.912 0.0000000000
80300  -47.350  9.666  15.995 0.0000000000
81104  -45.970  10.873  11.825 0.0000000000
82711  -46.707  12.137  7.935 0.0000000000
83528  -45.957  14.271  4.753 0.0000000000
86440  -45.464  17.995  13.947 0.0000000000
87212  -41.823  18.376  11.406 0.0000000000
85730  -39.869  16.721  10.183 0.0000000000
85015  -38.024  16.135  11.851 0.0000000000
85707  -37.046  16.505  13.835 0.0000000000
76088  -41.463  4.886  19.265 0.0000000000
76942  -42.707  5.558  18.638 0.0000000000
77843  -41.866  6.293  19.641 0.0000000000
84903  -51.543  15.855  26.974 0.0000000000
86342  -49.364  16.887  26.034 0.0000000000
79611  -54.356  8.680  7.350 0.0000000000
72173  -51.014  -0.215  19.754 0.0000000000
72171  -49.469  -0.859  19.330 0.0000000000
72162  -49.737  -0.983  20.193 0.0000000000
72130  -36.783  -0.670  22.550 0.0000000000
72932  -36.513  -0.111  23.119 0.0000000000
75331  -51.917  3.831  12.859 0.0000000000
76158  -51.516  4.341  12.325 0.0000000000
79546  -49.401  8.851  15.104 0.0000000000
80325  -49.664  9.769  13.255 0.0000000000
80302  -50.477  10.014  15.149 0.0000000000
81877  -50.833  11.760  14.098 0.0000000000
81074  -49.802  10.788  15.050 0.0000000000
78617  -46.807  7.193  28.750 0.0000000000
111442  -46.857  8.729  26.137 0.0000000000
79420  -47.882  8.400  27.357 0.0000000000
83418  -46.948  14.149  17.424 0.0000000000
83417  -45.644  13.505  17.581 0.0000000000
84247  -44.736  14.223  15.915 0.0000000000
83448  -43.553  13.876  13.602 0.0000000000
114520  -44.376  14.881  14.460 0.0000000000
85010  -43.881  15.839  12.071 0.0000000000
84997  -45.982  16.015  14.136 0.0000000000
84943  -41.626  15.531  19.347 0.0000000000
84967  -42.207  15.856  17.303 0.0000000000
116449  -40.960  16.112  18.192 0.0000000000
85682  -40.393  16.816  16.813 0.0000000000
85652  -39.730  16.792  19.147 0.0000000000
74533  -46.834  2.803  14.397 0.0000000000
75303  -47.382  3.378  13.690 0.0000000000
75301  -45.702  3.854  14.830 0.0000000000
76951  -45.089  5.671  17.471 0.0000000000
76971  -45.511  5.411  15.481 0.0000000000
77880  -45.762  6.202  16.060 0.0000000000
78742  -46.985  7.338  15.572 0.0000000000
77881  -47.287  6.836  17.023 0.0000000000
80965  -50.853  10.127  29.170 0.0000000000
80217  -51.351  9.517  27.599 0.0000000000
80976  -51.459  10.856  27.478 0.0000000000
116269  -51.494  14.107  23.644 0.0000000000
82591  -51.994  13.097  23.890 0.0000000000
84188  -51.767  13.870  21.612 0.0000000000
83400  -51.251  14.106  19.247 0.0000000000
84211  -51.203  14.816  19.929 0.0000000000
84948  -49.849  15.950  18.479 0.0000000000
84197  -49.694  14.613  21.024 0.0000000000
84914  -46.691  15.442  23.849 0.0000000000
84183  -46.486  14.591  22.750 0.0000000000
84922  -45.195  15.483  22.759 0.0000000000
84192  -44.301  15.112  21.732 0.0000000000
133984  -44.717  17.044  22.822 0.0000000000
81148  -50.438  10.948  7.157 0.0000000000
76057  -39.209  4.718  25.940 0.0000000000
76915  -40.254  5.743  25.740 0.0000000000
76049  -40.336  4.508  27.076 0.0000000000
76857  -41.850  4.399  30.305 0.0000000000
76009  -41.990  4.036  29.349 0.0000000000
76011  -43.435  4.527  30.548 0.0000000000
76882  -44.864  5.228  29.664 0.0000000000
77748  -44.112  5.436  31.209 0.0000000000
80213  -43.287  9.476  27.441 0.0000000000
79395  -45.450  8.229  29.646 0.0000000000
80192  -46.637  9.168  29.363 0.0000000000
80193  -48.119  9.885  29.529 0.0000000000
80962  -46.982  10.782  28.363 0.0000000000
76984  -54.829  5.886  14.259 0.0000000000
76119  -54.459  5.193  15.522 0.0000000000
75275  -53.662  3.132  17.391 0.0000000000
73749  -52.191  1.516  16.582 0.0000000000
74521  -52.398  2.345  15.366 0.0000000000
73763  -51.253  1.395  15.332 0.0000000000
73761  -49.464  1.027  15.113 0.0000000000
73013  -49.918  0.520  15.828 0.0000000000
72186  -45.906  -0.489  17.648 0.0000000000
72983  -46.262  -0.030  16.856 0.0000000000
72981  -44.604  0.681  17.262 0.0000000000
71253  -43.796  -1.753  25.407 0.0000000000
111826  -44.475  -0.291  24.199 0.0000000000
72121  -44.683  -0.148  23.372 0.0000000000
71271  -47.064  -1.092  23.157 0.0000000000
72138  -45.869  -1.189  22.094 0.0000000000
71294  -45.317  -1.423  20.851 0.0000000000
72151  -43.776  -0.213  21.450 0.0000000000
75239  -37.838  4.142  23.102 0.0000000000
75243  -37.770  3.287  22.643 0.0000000000
78793  -56.486  7.895  9.013 0.0000000000
77002  -48.206  5.565  12.253 0.0000000000
115372  -49.781  5.791  11.501 0.0000000000
131628  -49.149  7.307  11.066 0.0000000000
81111  -50.082  10.243  10.760 0.0000000000
80340  -50.342  9.613  10.363 0.0000000000
122420  -51.956  10.512  9.488 0.0000000000
81120  -54.115  10.711  8.812 0.0000000000
81922  -53.339  11.532  8.782 0.0000000000
82716  -54.205  11.945  7.964 0.0000000000
81921  -52.798  12.507  9.137 0.0000000000
82694  -49.947  13.146  11.049 0.0000000000
83491  -51.531  14.143  8.888 0.0000000000
83490  -50.565  14.177  8.714 0.0000000000
84321  -49.733  14.547  6.045 0.0000000000
130832  -49.019  13.736  7.610 0.0000000000
78664  -42.365  8.113  24.525 0.0000000000
79489  -42.710  8.306  21.806 0.0000000000
79477  -43.266  8.645  23.474 0.0000000000
78692  -47.437  6.562  21.837 0.0000000000
78691  -46.723  6.768  21.336 0.0000000000
77839  -48.201  5.837  20.717 0.0000000000
77859  -48.607  6.745  18.332 0.0000000000
78708  -48.507  6.881  19.439 0.0000000000
79480  -51.105  8.963  23.454 0.0000000000
123995  -50.223  8.261  23.352 0.0000000000
118773  -49.145  9.897  22.054 0.0000000000
81035  -44.701  11.330  18.255 0.0000000000
80261  -45.783  9.900  19.200 0.0000000000
81044  -44.958  9.869  17.056 0.0000000000
121638  -45.894  9.394  17.150 0.0000000000
80298  -45.385  9.871  15.605 0.0000000000
81072  -46.249  10.297  14.305 0.0000000000
81082  -45.367  10.474  13.712 0.0000000000
82700  -44.523  12.682  9.296 0.0000000000
81917  -45.105  11.800  9.271 0.0000000000
82710  -45.364  12.448  7.980 0.0000000000
82736  -46.043  13.236  6.552 0.0000000000
83501  -45.543  13.703  6.377 0.0000000000
84329  -45.104  14.402  4.657 0.0000000000
83514  -44.908  14.805  6.062 0.0000000000
85743  -43.587  17.254  8.661 0.0000000000
117674  -43.372  17.287  6.463 0.0000000000
85687  -46.787  16.851  16.126 0.0000000000
113610  -47.170  17.957  14.132 0.0000000000
85697  -45.393  17.188  15.499 0.0000000000
111587  -41.917  17.624  14.253 0.0000000000
86453  -42.795  17.822  13.775 0.0000000000
87201  -40.797  18.148  11.790 0.0000000000
86480  -40.036  17.827  10.305 0.0000000000
86479  -39.366  17.345  10.671 0.0000000000
85722  -38.808  16.499  11.146 0.0000000000
86463  -39.154  17.376  12.524 0.0000000000
86421  -38.217  17.633  15.057 0.0000000000
86435  -38.138  17.503  14.157 0.0000000000
86434  -37.460  17.431  14.521 0.0000000000
127452  -36.433  16.509  14.527 0.0000000000
75280  -44.358  3.238  16.384 0.0000000000
75281  -44.863  3.691  15.847 0.0000000000
76103  -44.221  4.598  17.209 0.0000000000
76949  -43.901  5.131  17.718 0.0000000000
77854  -44.110  6.276  18.739 0.0000000000
82581  -51.638  12.898  27.123 0.0000000000
111886  -51.709  14.546  26.879 0.0000000000
84162  -51.496  14.401  25.948 0.0000000000
84171  -49.480  14.580  24.665 0.0000000000
111275  -48.810  14.352  23.186 0.0000000000
84170  -48.639  14.856  24.798 0.0000000000
85621  -47.599  16.035  24.725 0.0000000000
81138  -53.177  10.325  7.136 0.0000000000
74398  -39.196  2.548  29.296 0.0000000000
75202  -40.142  3.191  28.437 0.0000000000
76007  -39.588  3.710  29.927 0.0000000000
112361  -51.072  0.445  17.319 0.0000000000
72203  -49.172  -0.187  16.815 0.0000000000
72191  -49.697  -0.446  18.010 0.0000000000
72178  -47.579  -0.999  18.055 0.0000000000
71326  -46.098  -1.130  18.456 0.0000000000
71262  -42.797  -1.829  24.098 0.0000000000
71283  -42.139  -0.985  22.754 0.0000000000
72934  -38.168  1.124  21.723 0.0000000000
73701  -36.866  1.888  23.098 0.0000000000
113725  -36.912  1.110  22.685 0.0000000000
73688  -36.618  0.761  25.158 0.0000000000
79558  -47.610  7.901  12.951 0.0000000000
78769  -48.625  7.817  11.333 0.0000000000
80324  -48.685  9.188  12.864 0.0000000000
81096  -50.267  10.325  12.865 0.0000000000
81899  -51.292  11.707  11.824 0.0000000000
82695  -51.857  13.149  10.561 0.0000000000
81889  -51.428  12.057  13.180 0.0000000000
117127  -50.485  12.661  12.515 0.0000000000
81898  -48.777  12.250  11.886 0.0000000000
78660  -44.198  8.047  26.241 0.0000000000
79467  -44.431  8.773  24.779 0.0000000000
79457  -45.430  8.799  25.695 0.0000000000
78673  -47.507  8.143  23.828 0.0000000000
77823  -48.776  6.575  22.570 0.0000000000
81813  -49.921  12.185  20.827 0.0000000000
81803  -48.137  11.112  21.162 0.0000000000
128497  -46.998  12.549  19.479 0.0000000000
82635  -44.807  12.690  17.867 0.0000000000
81855  -43.652  11.482  15.746 0.0000000000
81873  -44.199  11.213  13.309 0.0000000000
83439  -43.474  12.823  13.937 0.0000000000
83461  -43.663  13.342  11.474 0.0000000000
83477  -43.735  14.223  9.744 0.0000000000
84301  -44.235  14.760  7.980 0.0000000000
84291  -43.537  15.124  9.976 0.0000000000
118735  -43.868  16.648  10.912 0.0000000000
85724  -44.248  17.489  11.377 0.0000000000
84957  -44.262  15.061  18.271 0.0000000000
85686  -44.664  16.564  16.252 0.0000000000
120490  -43.128  15.775  17.050 0.0000000000
85684  -42.403  16.663  16.048 0.0000000000
86438  -40.883  17.501  14.764 0.0000000000
86437  -40.078  17.645  14.039 0.0000000000
86423  -40.180  17.381  15.565 0.0000000000
123617  -39.460  17.473  15.989 0.0000000000
86401  -38.523  17.590  17.394 0.0000000000
75314  -49.627  3.091  12.906 0.0000000000
75329  -50.116  3.695  12.540 0.0000000000
76142  -48.382  3.974  12.813 0.0000000000
76154  -47.884  4.696  12.671 0.0000000000
77001  -47.313  5.437  12.787 0.0000000000
76117  -45.511  4.624  15.081 0.0000000000
76992  -46.307  5.678  13.926 0.0000000000
78756  -46.748  7.100  13.838 0.0000000000
78751  -47.239  7.739  14.126 0.0000000000
79537  -48.913  8.232  15.580 0.0000000000
78744  -49.370  8.050  16.391 0.0000000000
79411  -50.103  7.999  29.453 0.0000000000
79446  -49.706  8.631  26.987 0.0000000000
79423  -50.728  8.728  27.774 0.0000000000
80243  -51.376  9.462  25.794 0.0000000000
81004  -51.563  10.439  23.414 0.0000000000
116402  -51.702  12.452  25.576 0.0000000000
124603  -51.746  11.910  24.209 0.0000000000
81806  -51.067  11.777  21.689 0.0000000000
82607  -50.824  13.093  20.135 0.0000000000
83409  -49.590  14.463  18.267 0.0000000000
84240  -48.166  14.926  16.939 0.0000000000
84989  -47.430  16.131  15.055 0.0000000000
84973  -49.279  16.108  16.846 0.0000000000
84960  -48.414  16.265  17.666 0.0000000000
115581  -47.224  15.762  18.096 0.0000000000
84195  -47.514  14.390  21.523 0.0000000000
131972  -46.321  14.499  20.471 0.0000000000
84945  -45.734  14.937  18.922 0.0000000000
84218  -44.281  14.595  19.738 0.0000000000
84204  -43.290  15.076  20.666 0.0000000000
85646  -42.206  16.088  20.748 0.0000000000
77820  -39.639  6.273  22.617 0.0000000000
119554  -40.696  6.942  21.478 0.0000000000
77817  -40.104  6.775  23.137 0.0000000000
77814  -40.934  6.958  24.688 0.0000000000
77810  -42.174  6.968  25.912 0.0000000000
76034  -41.580  4.326  28.294 0.0000000000
76909  -42.234  5.895  27.027 0.0000000000
77803  -43.427  6.733  27.013 0.0000000000
77786  -44.290  6.776  27.567 0.0000000000
77774  -45.548  6.048  29.146 0.0000000000
77761  -47.629  6.043  30.855 0.0000000000
78598  -43.469  7.008  29.858 0.0000000000
78587  -44.835  6.248  31.059 0.0000000000
78580  -47.212  6.429  31.758 0.0000000000
77752  -48.465  6.507  31.405 0.0000000000
79387  -50.036  7.963  31.695 0.0000000000
80195  -49.990  9.586  30.397 0.0000000000
114096  -50.277  12.030  29.319 0.0000000000
76144  -53.458  4.615  13.455 0.0000000000
75317  -52.229  3.483  13.504 0.0000000000
75276  -54.204  3.962  17.487 0.0000000000
76111  -54.580  5.243  16.300 0.0000000000
75290  -53.390  3.683  15.491 0.0000000000
74539  -52.154  2.496  14.568 0.0000000000
74556  -50.963  2.581  13.643 0.0000000000
74536  -49.548  1.978  13.929 0.0000000000
73777  -48.107  1.667  14.523 0.0000000000
123426  -46.795  1.489  15.348 0.0000000000
72993  -47.551  0.288  16.300 0.0000000000
73758  -46.361  1.025  15.877 0.0000000000
74511  -45.194  1.865  16.088 0.0000000000
74503  -43.350  2.369  17.375 0.0000000000
72909  -47.362  0.065  25.801 0.0000000000
72106  -44.206  -0.882  25.036 0.0000000000
72108  -45.668  -0.162  24.932 0.0000000000
72110  -47.203  -0.157  24.986 0.0000000000
72124  -47.727  -1.012  23.681 0.0000000000
71272  -48.103  -1.358  22.907 0.0000000000
71298  -48.604  -1.549  21.505 0.0000000000
113889  -47.101  -1.610  20.893 0.0000000000
71307  -45.661  -1.564  19.965 0.0000000000
72168  -43.712  -0.263  19.723 0.0000000000
124504  -39.952  5.023  20.919 0.0000000000
76923  -38.790  5.278  22.744 0.0000000000
76067  -38.642  4.991  24.199 0.0000000000
75214  -38.428  3.366  26.410 0.0000000000
74424  -38.663  1.993  28.058 0.0000000000
77964  -56.612  7.318  8.666 0.0000000000
78810  -56.552  8.025  8.384 0.0000000000
80359  -56.052  9.227  8.226 0.0000000000
76171  -50.171  4.958  11.731 0.0000000000
77922  -51.150  6.086  10.944 0.0000000000
78777  -49.867  8.099  10.525 0.0000000000
79573  -51.301  8.179  10.199 0.0000000000
79574  -52.725  8.402  9.941 0.0000000000
79584  -54.276  9.092  9.565 0.0000000000
81122  -55.255  10.238  8.428 0.0000000000
80371  -55.490  9.895  7.712 0.0000000000
81152  -54.500  10.830  7.069 0.0000000000
81151  -53.901  11.040  6.810 0.0000000000
81955  -52.723  12.062  6.651 0.0000000000
83472  -52.154  13.580  9.942 0.0000000000
115419  -52.279  13.966  8.304 0.0000000000
127973  -51.891  12.231  6.684 0.0000000000
82752  -50.399  13.616  6.015 0.0000000000
82751  -49.705  13.564  5.621 0.0000000000
83541  -48.284  13.897  4.991 0.0000000000
78696  -41.742  7.334  20.647 0.0000000000
78698  -43.429  7.634  20.305 0.0000000000
77846  -44.618  6.824  19.472 0.0000000000
78690  -45.263  7.903  21.651 0.0000000000
77837  -45.511  7.027  20.249 0.0000000000
77856  -46.204  6.290  18.652 0.0000000000
77882  -48.193  6.818  17.334 0.0000000000
78735  -49.327  7.793  17.083 0.0000000000
79530  -49.383  8.496  16.970 0.0000000000
119512  -49.500  8.300  25.178 0.0000000000
78675  -49.552  7.403  23.388 0.0000000000
79493  -49.178  7.363  21.176 0.0000000000
81011  -47.653  10.248  21.258 0.0000000000
80263  -47.188  8.948  20.065 0.0000000000
79501  -47.991  7.995  19.593 0.0000000000
79513  -47.914  8.148  18.879 0.0000000000
80289  -47.969  9.272  16.784 0.0000000000
80301  -48.879  9.621  16.297 0.0000000000
81073  -48.310  10.694  14.763 0.0000000000
81909  -47.411  11.677  10.394 0.0000000000
81103  -45.169  11.062  11.740 0.0000000000
81908  -46.346  11.343  10.135 0.0000000000
82712  -47.666  12.547  8.342 0.0000000000
83503  -47.652  13.696  6.591 0.0000000000
84319  -47.952  14.379  5.348 0.0000000000
85753  -43.786  16.375  6.149 0.0000000000
85704  -47.231  17.258  13.901 0.0000000000
86467  -45.446  17.533  13.022 0.0000000000
87205  -44.198  18.042  11.578 0.0000000000
86426  -44.118  17.606  14.552 0.0000000000
87197  -43.618  18.209  12.633 0.0000000000
112275  -42.438  18.423  10.709 0.0000000000
87230  -40.652  18.155  9.107 0.0000000000
85735  -40.377  17.191  9.484 0.0000000000
85025  -41.082  15.512  9.946 0.0000000000
86449  -38.546  17.278  13.356 0.0000000000
85715  -37.661  16.148  12.311 0.0000000000
86368  -41.723  17.692  21.057 0.0000000000
131384  -40.411  18.144  20.555 0.0000000000
86386  -39.269  17.555  19.607 0.0000000000
113430  -38.149  18.197  18.748 0.0000000000
122735  -37.531  18.272  18.061 0.0000000000
76936  -41.332  5.729  19.719 0.0000000000
72958  -51.606  0.052  20.941 0.0000000000
72164  -51.198  -0.230  20.412 0.0000000000
72163  -50.559  -0.607  20.460 0.0000000000
71312  -49.969  -1.093  21.057 0.0000000000
71278  -37.373  -1.345  22.164 0.0000000000
76159  -52.392  4.470  12.538 0.0000000000
80310  -49.997  9.584  15.065 0.0000000000
81075  -50.622  10.568  14.908 0.0000000000
81064  -50.151  9.984  15.409 0.0000000000
78618  -47.811  7.327  29.038 0.0000000000
78631  -47.171  7.937  27.990 0.0000000000
79410  -48.310  7.979  28.324 0.0000000000
84239  -47.190  14.898  16.483 0.0000000000
84238  -46.084  14.230  16.877 0.0000000000
84258  -45.588  14.789  15.625 0.0000000000
84257  -44.553  14.519  15.274 0.0000000000
84987  -45.242  15.242  14.808 0.0000000000
84996  -45.066  15.536  14.017 0.0000000000
84988  -46.389  15.572  14.893 0.0000000000
85662  -40.949  15.928  19.005 0.0000000000
85661  -40.355  16.383  18.616 0.0000000000
85653  -40.420  16.416  19.504 0.0000000000
75288  -45.974  3.046  14.779 0.0000000000
75287  -45.390  3.304  15.345 0.0000000000
76962  -45.455  5.837  16.846 0.0000000000
120671  -46.291  6.540  17.083 0.0000000000
81757  -50.939  11.245  28.717 0.0000000000
80966  -51.223  10.563  28.305 0.0000000000
81758  -51.320  11.496  27.998 0.0000000000
84178  -50.904  14.359  23.128 0.0000000000
84179  -51.619  14.053  22.588 0.0000000000
84187  -51.119  14.351  21.845 0.0000000000
125455  -51.517  14.220  20.676 0.0000000000
118462  -50.852  14.641  20.783 0.0000000000
84210  -50.488  15.053  20.027 0.0000000000
129780  -50.123  14.438  21.675 0.0000000000
85625  -46.354  16.086  23.842 0.0000000000
84918  -45.946  15.581  23.371 0.0000000000
85630  -45.338  16.132  23.190 0.0000000000
85629  -44.695  16.351  22.771 0.0000000000
86360  -45.229  16.990  23.164 0.0000000000
80368  -51.472  9.803  7.597 0.0000000000
81136  -50.609  10.032  7.552 0.0000000000
81149  -51.299  10.705  7.260 0.0000000000
76048  -39.602  4.267  26.691 0.0000000000
76058  -39.909  5.042  26.262 0.0000000000
76032  -39.933  3.662  27.561 0.0000000000
76866  -41.852  5.162  30.324 0.0000000000
76858  -42.681  4.685  30.599 0.0000000000
76001  -43.523  4.665  30.895 0.0000000000
77747  -43.400  5.015  31.093 0.0000000000
129386  -46.418  10.290  28.306 0.0000000000
80206  -47.054  9.911  28.863 0.0000000000
76974  -55.877  6.679  15.387 0.0000000000
76973  -55.083  5.979  15.078 0.0000000000
76963  -55.268  6.105  15.841 0.0000000000
73764  -52.024  1.667  15.725 0.0000000000
73014  -50.813  0.856  15.906 0.0000000000
72972  -44.972  -0.124  17.769 0.0000000000
72971  -44.212  0.225  18.009 0.0000000000
72980  -43.903  0.814  17.643 0.0000000000
72970  -43.436  0.655  18.321 0.0000000000
70439  -43.169  -2.220  24.891 0.0000000000
131661  -44.572  -0.178  22.756 0.0000000000
72137  -45.205  -0.494  22.652 0.0000000000
122272  -44.528  -0.413  22.099 0.0000000000
74476  -38.584  2.535  21.738 0.0000000000
132479  -38.260  3.104  22.061 0.0000000000
74470  -37.902  2.534  22.217 0.0000000000
79576  -54.914  8.238  9.871 0.0000000000
77012  -48.827  6.087  11.609 0.0000000000
77920  -48.630  6.957  11.425 0.0000000000
81911  -51.070  11.494  10.624 0.0000000000
81112  -50.665  10.584  10.350 0.0000000000
81113  -51.419  11.190  9.819 0.0000000000
81118  -52.338  11.472  9.307 0.0000000000
81920  -51.905  12.392  9.893 0.0000000000
82702  -49.243  13.138  10.136 0.0000000000
83480  -50.000  13.795  9.456 0.0000000000
83489  -49.632  13.840  8.333 0.0000000000
83488  -48.666  13.230  8.395 0.0000000000
79465  -42.621  8.475  23.886 0.0000000000
79466  -43.129  8.519  24.379 0.0000000000
77830  -48.150  6.005  21.501 0.0000000000
112919  -48.269  6.245  19.924 0.0000000000
81007  -50.684  10.131  22.526 0.0000000000
80250  -50.319  9.298  22.647 0.0000000000
81006  -49.859  9.998  22.337 0.0000000000
81856  -43.994  10.890  16.284 0.0000000000
133951  -44.663  10.334  17.366 0.0000000000
81052  -44.408  10.537  16.928 0.0000000000
80287  -45.566  9.651  16.321 0.0000000000
81060  -44.900  10.238  15.132 0.0000000000
81071  -45.291  10.270  14.471 0.0000000000
81070  -44.429  10.701  14.314 0.0000000000
83486  -44.394  13.466  8.707 0.0000000000
82701  -45.021  12.269  8.647 0.0000000000
82709  -44.752  12.916  8.278 0.0000000000
82722  -45.156  13.208  7.436 0.0000000000
83500  -44.897  14.001  6.933 0.0000000000
86486  -43.304  17.878  8.990 0.0000000000
86491  -43.243  17.943  7.957 0.0000000000
87233  -42.784  18.298  8.331 0.0000000000
87232  -42.130  18.487  8.690 0.0000000000
85672  -46.327  16.397  16.964 0.0000000000
120755  -45.788  16.717  16.218 0.0000000000
86452  -41.002  17.706  13.720 0.0000000000
87195  -41.975  17.974  13.226 0.0000000000
86465  -40.923  17.913  12.764 0.0000000000
86474  -39.928  17.851  11.148 0.0000000000
86464  -39.977  17.753  12.141 0.0000000000
86473  -39.183  17.372  11.441 0.0000000000
86410  -37.747  17.782  16.094 0.0000000000
75274  -43.877  3.688  17.057 0.0000000000
76102  -43.525  4.385  17.559 0.0000000000
76943  -43.609  5.628  18.323 0.0000000000
76944  -44.558  5.761  18.080 0.0000000000
114797  -51.735  14.629  27.723 0.0000000000
84902  -50.589  15.607  26.429 0.0000000000
84155  -51.415  15.095  26.596 0.0000000000
84161  -50.461  14.893  25.903 0.0000000000
111191  -50.173  14.636  25.191 0.0000000000
84160  -49.462  14.930  25.343 0.0000000000
86341  -48.951  17.426  25.637 0.0000000000
85613  -48.620  16.530  25.479 0.0000000000
86350  -47.375  17.023  24.654 0.0000000000
120520  -53.450  8.520  7.680 0.0000000000
76005  -38.297  3.468  29.360 0.0000000000
75177  -39.409  3.020  29.800 0.0000000000
76019  -38.372  4.199  29.106 0.0000000000
72975  -52.043  0.681  18.683 0.0000000000
72973  -51.291  0.321  18.317 0.0000000000
72985  -50.436  -0.082  17.956 0.0000000000
72181  -49.998  -0.501  18.705 0.0000000000
72170  -48.664  -1.140  19.063 0.0000000000
71328  -47.824  -1.293  18.812 0.0000000000
71327  -46.965  -1.295  18.616 0.0000000000
71319  -46.330  -1.505  19.246 0.0000000000
72148  -39.420  0.033  21.615 0.0000000000
124977  -38.608  0.400  21.587 0.0000000000
120672  -37.420  0.879  22.129 0.0000000000
72924  -36.522  0.413  23.781 0.0000000000
72917  -36.429  0.231  24.715 0.0000000000
79559  -48.089  8.632  13.100 0.0000000000
81086  -50.558  10.293  13.951 0.0000000000
81097  -50.896  11.049  12.534 0.0000000000
81888  -51.393  11.750  12.760 0.0000000000
81088  -51.287  11.521  13.511 0.0000000000
81876  -49.960  11.786  14.007 0.0000000000
82665  -50.424  12.256  13.416 0.0000000000
81887  -49.458  11.998  13.275 0.0000000000
82673  -49.538  12.359  12.611 0.0000000000
81886  -48.711  11.867  12.686 0.0000000000
78649  -44.700  7.819  26.836 0.0000000000
79441  -44.771  8.518  26.065 0.0000000000
79442  -45.409  8.470  26.427 0.0000000000
79459  -47.577  8.656  25.523 0.0000000000
111210  -46.816  8.893  25.206 0.0000000000
79470  -47.574  8.506  24.642 0.0000000000
123796  -48.167  7.132  23.171 0.0000000000
78666  -48.492  7.790  24.072 0.0000000000
82619  -49.167  13.135  19.614 0.0000000000
82605  -48.583  12.447  20.237 0.0000000000
83396  -47.579  13.294  18.995 0.0000000000
83416  -44.661  13.185  17.217 0.0000000000
82627  -45.545  12.815  18.399 0.0000000000
82643  -43.954  12.831  16.820 0.0000000000
81836  -43.819  12.052  17.058 0.0000000000
82651  -43.506  12.431  15.631 0.0000000000
82659  -43.444  12.602  14.888 0.0000000000
83453  -43.480  13.945  12.798 0.0000000000
127015  -43.475  13.865  12.107 0.0000000000
83468  -43.637  13.902  10.693 0.0000000000
131450  -43.578  14.514  10.349 0.0000000000
117910  -43.521  14.899  10.942 0.0000000000
85011  -44.556  16.328  12.568 0.0000000000
85019  -43.672  15.795  11.380 0.0000000000
85723  -44.218  16.592  11.699 0.0000000000
85717  -44.753  17.182  12.241 0.0000000000
84969  -43.697  15.427  17.662 0.0000000000
84968  -42.701  15.421  17.902 0.0000000000
85669  -41.360  16.143  17.456 0.0000000000
110935  -41.833  16.340  16.701 0.0000000000
86412  -41.472  16.803  16.068 0.0000000000
86424  -41.036  17.202  15.567 0.0000000000
112989  -40.674  16.989  16.181 0.0000000000
85660  -39.750  16.783  18.167 0.0000000000
86403  -39.816  16.966  17.236 0.0000000000
119800  -39.145  17.397  16.762 0.0000000000
74554  -49.140  2.629  13.440 0.0000000000
75313  -48.779  3.298  13.060 0.0000000000
76140  -46.920  4.293  13.532 0.0000000000
76141  -47.680  4.101  13.200 0.0000000000
122072  -47.311  4.726  13.105 0.0000000000
76993  -46.759  5.168  13.371 0.0000000000
76110  -45.063  4.643  15.877 0.0000000000
130404  -45.267  4.022  15.368 0.0000000000
76972  -45.858  6.125  15.154 0.0000000000
122457  -46.100  6.093  14.518 0.0000000000
77907  -46.775  6.232  13.317 0.0000000000
77906  -46.439  6.537  14.149 0.0000000000
78750  -46.795  7.300  14.600 0.0000000000
121183  -47.634  7.854  15.049 0.0000000000
78743  -48.431  7.706  16.021 0.0000000000
79398  -50.611  8.025  30.515 0.0000000000
124748  -50.730  8.544  29.142 0.0000000000
80997  -51.514  10.168  27.055 0.0000000000
80237  -51.390  9.503  26.676 0.0000000000
121441  -51.550  10.169  26.153 0.0000000000
124551  -51.524  9.593  24.488 0.0000000000
81002  -51.655  10.245  24.251 0.0000000000
83369  -51.794  13.740  26.311 0.0000000000
120522  -51.707  12.672  26.267 0.0000000000
82588  -51.811  13.271  25.509 0.0000000000
82592  -52.083  12.901  22.890 0.0000000000
131930  -51.893  12.297  23.403 0.0000000000
82594  -51.992  12.702  22.069 0.0000000000
81807  -51.603  11.911  22.074 0.0000000000
82597  -51.643  12.715  21.374 0.0000000000
81814  -50.926  12.469  21.007 0.0000000000
82608  -51.401  13.291  20.567 0.0000000000
83411  -50.900  14.633  18.869 0.0000000000
83399  -50.875  14.002  18.943 0.0000000000
83410  -50.441  14.657  18.599 0.0000000000
84231  -49.190  15.010  17.403 0.0000000000
84232  -50.097  15.340  17.918 0.0000000000
84241  -49.004  15.758  16.679 0.0000000000
84242  -49.650  15.886  17.276 0.0000000000
84961  -49.429  16.253  17.772 0.0000000000
84947  -48.293  15.750  18.604 0.0000000000
84219  -47.315  14.931  19.783 0.0000000000
120670  -47.928  14.493  23.626 0.0000000000
84185  -47.974  14.325  22.808 0.0000000000
84184  -47.248  14.388  22.429 0.0000000000
112287  -45.843  14.572  22.231 0.0000000000
84194  -46.615  14.389  21.918 0.0000000000
111441  -45.983  14.400  21.360 0.0000000000
112477  -46.120  14.685  19.676 0.0000000000
84206  -45.377  14.491  20.625 0.0000000000
122811  -45.154  14.600  19.663 0.0000000000
130480  -44.632  14.544  20.331 0.0000000000
84920  -43.909  15.662  21.957 0.0000000000
84929  -43.599  15.408  21.417 0.0000000000
84928  -42.931  15.759  21.098 0.0000000000
84938  -42.535  15.422  20.406 0.0000000000
85637  -42.735  16.600  21.417 0.0000000000
81135  -49.774  10.261  7.434 0.0000000000
81952  -49.016  11.744  6.270 0.0000000000
123354  -39.233  5.805  22.906 0.0000000000
77812  -39.605  5.973  24.141 0.0000000000
77808  -40.607  6.420  25.179 0.0000000000
77809  -41.479  6.836  25.415 0.0000000000
77801  -41.820  6.379  26.303 0.0000000000
74400  -40.404  3.136  29.673 0.0000000000
76033  -40.762  3.841  28.108 0.0000000000
76021  -41.328  3.598  28.971 0.0000000000
76022  -42.787  4.489  29.250 0.0000000000
76035  -42.317  4.679  28.419 0.0000000000
76880  -42.886  5.046  28.474 0.0000000000
77784  -42.957  6.092  27.303 0.0000000000
77785  -43.567  6.207  27.609 0.0000000000
77772  -43.929  5.779  28.276 0.0000000000
111533  -44.892  4.712  30.815 0.0000000000
76869  -45.583  5.246  30.288 0.0000000000
77775  -46.428  6.404  29.334 0.0000000000
76870  -46.267  5.346  30.783 0.0000000000
80202  -43.718  8.975  28.054 0.0000000000
78615  -42.974  7.636  29.085 0.0000000000
79393  -43.784  7.835  29.260 0.0000000000
78599  -44.268  7.223  30.076 0.0000000000
79394  -44.607  8.024  29.444 0.0000000000
79385  -46.948  7.927  30.832 0.0000000000
78589  -46.655  7.115  31.379 0.0000000000
78590  -47.794  7.281  31.680 0.0000000000
78581  -47.998  6.537  31.815 0.0000000000
78582  -48.834  6.978  31.902 0.0000000000
79381  -49.627  7.396  31.856 0.0000000000
79386  -48.937  7.981  31.656 0.0000000000
80964  -48.283  10.654  29.095 0.0000000000
80194  -49.110  9.507  30.353 0.0000000000
80953  -49.763  10.548  29.729 0.0000000000
81744  -49.974  11.272  29.538 0.0000000000
81756  -49.417  12.034  29.180 0.0000000000
77901  -55.646  6.370  14.083 0.0000000000
76145  -54.069  5.020  14.005 0.0000000000
75318  -52.956  3.862  13.814 0.0000000000
74513  -53.280  2.797  16.755 0.0000000000
115858  -53.757  3.570  16.918 0.0000000000
75283  -54.104  4.322  16.667 0.0000000000
76118  -53.910  4.435  15.941 0.0000000000
74520  -51.805  1.864  14.960 0.0000000000
74557  -51.799  2.818  13.889 0.0000000000
74537  -50.442  2.033  14.101 0.0000000000
73778  -49.037  1.530  14.494 0.0000000000
73759  -47.631  1.207  15.125 0.0000000000
74519  -47.235  1.946  14.728 0.0000000000
133794  -48.536  -0.354  16.998 0.0000000000
72994  -48.485  0.119  16.351 0.0000000000
72202  -47.841  -0.273  16.847 0.0000000000
72991  -45.939  0.626  16.419 0.0000000000
73748  -45.219  1.001  16.563 0.0000000000
120169  -45.734  1.241  16.096 0.0000000000
74510  -44.438  2.340  16.460 0.0000000000
74504  -43.904  1.930  17.005 0.0000000000
72140  -50.383  -0.787  22.827 0.0000000000
72081  -45.396  -0.855  26.373 0.0000000000
110711  -46.046  -0.399  26.332 0.0000000000
72893  -46.827  -0.088  26.241 0.0000000000
72095  -46.176  -0.096  25.615 0.0000000000
71263  -43.500  -1.382  24.574 0.0000000000
128029  -43.877  -0.659  24.201 0.0000000000
112445  -45.189  -0.081  24.215 0.0000000000
113045  -45.813  -0.129  24.250 0.0000000000
72109  -46.427  -0.136  24.736 0.0000000000
110762  -47.100  -0.584  24.115 0.0000000000
119478  -47.828  -0.675  24.416 0.0000000000
71284  -46.657  -1.372  22.299 0.0000000000
71285  -47.476  -1.527  22.298 0.0000000000
71286  -48.807  -1.449  22.280 0.0000000000
71297  -47.778  -1.641  21.529 0.0000000000
71310  -48.173  -1.566  20.623 0.0000000000
72152  -44.564  -0.969  21.121 0.0000000000
71306  -44.834  -1.277  20.209 0.0000000000
133316  -45.126  -1.309  19.657 0.0000000000
75250  -39.665  3.403  21.183 0.0000000000
75251  -40.249  3.527  20.689 0.0000000000
76080  -39.767  4.211  20.976 0.0000000000
76084  -40.387  4.414  20.405 0.0000000000
76079  -39.318  4.858  21.525 0.0000000000
76073  -38.813  4.979  22.126 0.0000000000
120663  -38.095  4.517  23.846 0.0000000000
73695  -36.787  1.783  24.046 0.0000000000
74463  -37.077  2.551  23.704 0.0000000000
74457  -37.075  2.360  24.675 0.0000000000
73667  -38.016  1.441  27.519 0.0000000000
74440  -38.290  2.177  27.041 0.0000000000
73653  -38.146  1.609  28.155 0.0000000000
74411  -38.629  2.176  28.672 0.0000000000
133138  -56.605  6.800  8.659 0.0000000000
133467  -56.474  7.342  9.075 0.0000000000
79586  -56.252  8.531  9.097 0.0000000000
79597  -56.355  8.625  8.619 0.0000000000
79613  -56.364  8.674  7.998 0.0000000000
80352  -56.056  9.155  8.757 0.0000000000
76156  -49.679  4.391  12.183 0.0000000000
76157  -50.592  4.286  12.147 0.0000000000
124673  -50.300  6.349  11.073 0.0000000000
79566  -48.895  8.694  11.318 0.0000000000
78770  -49.240  8.000  10.811 0.0000000000
124743  -49.579  8.896  10.699 0.0000000000
80341  -51.230  9.120  9.880 0.0000000000
120495  -51.928  8.512  9.981 0.0000000000
79583  -53.204  9.080  9.612 0.0000000000
81121  -54.901  10.409  8.663 0.0000000000
81128  -54.913  10.779  8.237 0.0000000000
80358  -55.589  9.747  8.354 0.0000000000
81129  -55.257  10.503  7.988 0.0000000000
81139  -54.868  10.805  7.428 0.0000000000
81934  -54.790  11.014  7.987 0.0000000000
82727  -53.830  12.376  7.693 0.0000000000
82728  -54.188  11.866  7.488 0.0000000000
82741  -53.824  12.169  7.183 0.0000000000
81956  -53.546  11.768  6.847 0.0000000000
82726  -53.300  12.826  7.450 0.0000000000
82685  -51.358  12.781  11.620 0.0000000000
83471  -51.638  13.426  10.629 0.0000000000
84304  -51.544  14.036  7.937 0.0000000000
83506  -51.914  13.785  7.437 0.0000000000
83520  -52.582  13.224  7.181 0.0000000000
119876  -51.663  13.472  6.870 0.0000000000
82738  -51.092  12.870  6.574 0.0000000000
83518  -50.735  13.794  6.444 0.0000000000
83530  -49.979  14.229  5.797 0.0000000000
84333  -49.255  14.456  5.629 0.0000000000
82750  -48.861  13.261  5.347 0.0000000000
84332  -48.401  14.302  5.265 0.0000000000
78685  -40.803  7.299  22.090 0.0000000000
78686  -41.363  7.534  21.515 0.0000000000
79490  -43.565  8.334  21.648 0.0000000000
78688  -43.048  8.080  21.004 0.0000000000
78689  -43.962  7.990  20.915 0.0000000000
78699  -44.362  7.465  20.230 0.0000000000
111277  -45.225  8.963  24.136 0.0000000000
113760  -44.978  8.787  23.088 0.0000000000
78680  -45.756  8.191  22.369 0.0000000000
77838  -47.248  6.219  20.628 0.0000000000
78701  -46.379  6.726  20.672 0.0000000000
77847  -46.624  6.380  20.014 0.0000000000
124595  -45.842  6.481  19.419 0.0000000000
77848  -47.003  6.193  19.246 0.0000000000
77857  -47.252  6.279  18.523 0.0000000000
77858  -48.114  6.438  18.452 0.0000000000
124632  -49.023  7.177  17.867 0.0000000000
112457  -49.122  8.451  26.004 0.0000000000
79461  -50.036  8.535  25.899 0.0000000000
79485  -49.988  8.437  22.692 0.0000000000
78683  -49.681  7.537  22.741 0.0000000000
120207  -49.450  7.044  22.154 0.0000000000
79494  -49.538  7.714  22.053 0.0000000000
81810  -46.888  11.054  20.520 0.0000000000
124793  -47.429  10.894  20.914 0.0000000000
80262  -46.409  9.600  19.696 0.0000000000
80259  -46.818  9.644  20.354 0.0000000000
79496  -48.005  8.291  20.407 0.0000000000
79500  -47.082  8.874  19.305 0.0000000000
79512  -47.097  8.786  18.567 0.0000000000
80288  -46.624  9.388  16.520 0.0000000000
112937  -47.053  9.035  17.311 0.0000000000
81062  -47.989  10.154  15.492 0.0000000000
117231  -47.256  10.358  14.717 0.0000000000
81094  -46.337  10.724  12.569 0.0000000000
81095  -47.105  10.826  13.055 0.0000000000
81885  -47.016  11.030  12.057 0.0000000000
81897  -47.298  11.466  11.234 0.0000000000
81884  -44.135  11.653  12.459 0.0000000000
81092  -44.702  11.001  12.475 0.0000000000
81894  -44.587  11.466  11.732 0.0000000000
81929  -45.557  11.851  8.560 0.0000000000
81918  -45.787  11.441  9.241 0.0000000000
81930  -46.197  11.671  8.540 0.0000000000
81919  -47.070  11.682  9.556 0.0000000000
81931  -46.934  11.833  8.759 0.0000000000
83487  -48.166  13.420  7.522 0.0000000000
82725  -47.224  12.853  7.389 0.0000000000
83515  -46.234  13.975  5.561 0.0000000000
83516  -47.364  14.181  5.642 0.0000000000
84318  -46.973  14.428  5.000 0.0000000000
84331  -47.462  14.320  4.928 0.0000000000
83539  -46.007  13.852  4.410 0.0000000000
84300  -43.864  15.380  8.437 0.0000000000
85037  -44.173  15.418  7.692 0.0000000000
85041  -43.864  16.115  7.738 0.0000000000
86508  -42.968  18.057  4.723 0.0000000000
85758  -43.109  17.583  4.577 0.0000000000
84990  -48.019  16.448  15.467 0.0000000000
84999  -47.658  17.027  14.460 0.0000000000
86441  -46.645  18.111  13.676 0.0000000000
86456  -46.606  17.882  13.467 0.0000000000
112096  -45.727  17.934  13.361 0.0000000000
86466  -44.537  17.670  12.231 0.0000000000
86455  -44.886  17.915  12.815 0.0000000000
85685  -43.468  16.451  16.264 0.0000000000
85696  -44.281  17.081  15.503 0.0000000000
87203  -42.684  18.270  12.308 0.0000000000
87196  -42.922  18.036  13.082 0.0000000000
87213  -43.044  18.420  11.354 0.0000000000
87231  -41.231  18.408  9.122 0.0000000000
87222  -41.481  18.430  10.303 0.0000000000
85734  -39.813  17.276  10.118 0.0000000000
112820  -40.454  16.371  9.840 0.0000000000
85024  -40.288  15.903  10.429 0.0000000000
85721  -38.410  16.523  11.531 0.0000000000
85017  -39.141  15.780  11.367 0.0000000000
85016  -38.378  15.998  11.591 0.0000000000
85009  -38.804  15.371  11.977 0.0000000000
127099  -39.907  17.571  14.790 0.0000000000
86450  -39.403  17.537  13.473 0.0000000000
86448  -37.604  17.071  13.688 0.0000000000
86461  -37.964  16.725  12.825 0.0000000000
85708  -37.417  16.325  13.095 0.0000000000
85001  -37.036  15.803  13.435 0.0000000000
124569  -39.953  18.649  20.466 0.0000000000
86376  -39.822  17.801  20.251 0.0000000000
87146  -39.214  18.358  20.157 0.0000000000
87157  -38.649  18.252  19.557 0.0000000000
87165  -38.106  17.902  17.912 0.0000000000
120423  -42.357  4.145  18.300 0.0000000000
76095  -42.490  4.765  18.370 0.0000000000
76089  -42.062  5.103  18.762 0.0000000000
76937  -41.977  5.689  19.178 0.0000000000
77844  -42.612  6.408  19.264 0.0000000000
122396  -51.974  16.083  27.601 0.0000000000
85607  -50.883  16.492  26.770 0.0000000000
85614  -49.217  16.054  25.836 0.0000000000
87101  -49.659  17.973  26.075 0.0000000000
87100  -48.983  18.211  25.467 0.0000000000
80370  -54.446  9.517  7.211 0.0000000000
76889  -37.331  5.356  27.587 0.0000000000
76877  -38.650  5.010  28.646 0.0000000000
72965  -51.647  0.140  20.035 0.0000000000
72172  -50.270  -0.557  19.558 0.0000000000
71322  -48.901  -1.276  19.939 0.0000000000
71321  -48.048  -1.438  19.644 0.0000000000
72131  -37.360  -0.479  22.072 0.0000000000
72933  -36.983  0.227  22.412 0.0000000000
76160  -53.078  4.650  12.821 0.0000000000
76173  -52.026  4.931  11.919 0.0000000000
80309  -49.265  9.270  14.042 0.0000000000
80316  -50.339  9.924  14.522 0.0000000000
80317  -50.830  10.590  14.549 0.0000000000
81076  -51.129  11.176  14.143 0.0000000000
81866  -50.460  11.261  14.619 0.0000000000
81865  -49.594  11.403  14.428 0.0000000000
127345  -46.362  7.558  28.096 0.0000000000
79443  -46.160  8.505  26.714 0.0000000000
112355  -46.960  8.505  27.061 0.0000000000
79444  -47.652  8.598  26.444 0.0000000000
83407  -47.282  13.671  18.210 0.0000000000
83427  -45.254  13.755  16.905 0.0000000000
83426  -44.476  13.613  16.451 0.0000000000
83433  -43.621  13.319  15.366 0.0000000000
84256  -43.862  14.154  14.945 0.0000000000
84264  -43.819  14.463  14.056 0.0000000000
122082  -43.653  14.667  13.224 0.0000000000
84279  -43.596  15.090  11.901 0.0000000000
84265  -44.319  15.373  13.464 0.0000000000
85004  -45.492  16.465  13.366 0.0000000000
84955  -42.352  15.156  18.845 0.0000000000
84954  -41.691  15.676  18.291 0.0000000000
85668  -40.512  16.501  17.589 0.0000000000
74534  -47.716  2.455  14.101 0.0000000000
75302  -46.391  3.783  14.197 0.0000000000
115193  -45.292  5.429  16.201 0.0000000000
77891  -46.268  6.668  15.578 0.0000000000
78733  -46.626  6.912  16.308 0.0000000000
128900  -50.903  9.138  29.284 0.0000000000
80207  -51.219  9.680  28.450 0.0000000000
81787  -51.599  10.955  26.580 0.0000000000
84173  -51.514  14.118  24.778 0.0000000000
83376  -51.825  13.628  24.725 0.0000000000
126516  -51.772  13.832  24.010 0.0000000000
83379  -51.939  13.690  23.206 0.0000000000
83382  -51.664  13.514  20.961 0.0000000000
84222  -50.767  15.173  19.291 0.0000000000
84949  -50.447  15.537  18.662 0.0000000000
84221  -50.094  15.415  19.274 0.0000000000
84209  -49.282  14.958  20.257 0.0000000000
127835  -47.127  14.909  23.867 0.0000000000
84175  -47.190  14.586  23.301 0.0000000000
84174  -46.510  14.958  23.377 0.0000000000
123893  -45.824  14.923  22.887 0.0000000000
84182  -45.333  14.899  22.407 0.0000000000
84205  -44.500  14.659  21.057 0.0000000000
84181  -44.844  15.108  22.239 0.0000000000
84921  -44.459  15.631  22.332 0.0000000000
86359  -44.193  17.100  22.456 0.0000000000
81953  -50.346  11.904  6.663 0.0000000000
76919  -39.858  6.016  24.916 0.0000000000
76914  -39.537  5.368  25.444 0.0000000000
76907  -40.665  5.340  26.550 0.0000000000
75999  -41.084  4.112  30.281 0.0000000000
75171  -41.579  3.881  30.204 0.0000000000
75172  -41.962  3.951  30.015 0.0000000000
76010  -42.661  4.271  30.102 0.0000000000
76023  -43.306  4.429  29.937 0.0000000000
116814  -44.212  5.313  29.119 0.0000000000
76868  -44.069  4.631  30.164 0.0000000000
76002  -44.212  4.578  31.030 0.0000000000
76860  -44.932  4.815  31.329 0.0000000000
80203  -44.523  9.172  28.215 0.0000000000
80191  -45.800  8.913  29.094 0.0000000000
115445  -46.322  8.444  29.888 0.0000000000
79396  -47.231  8.674  30.218 0.0000000000
79397  -48.341  8.919  30.575 0.0000000000
120563  -47.441  9.326  29.662 0.0000000000
80963  -47.616  10.528  28.819 0.0000000000
76985  -55.586  6.397  14.730 0.0000000000
76132  -54.293  5.091  14.698 0.0000000000
76131  -53.771  4.404  15.122 0.0000000000
74512  -52.764  1.978  17.055 0.0000000000
114554  -52.620  2.197  16.225 0.0000000000
74522  -53.017  2.958  15.866 0.0000000000
127954  -51.306  1.721  14.814 0.0000000000
73780  -50.792  1.611  14.699 0.0000000000
73762  -50.367  1.155  15.235 0.0000000000
73012  -48.952  0.553  15.665 0.0000000000
72201  -47.044  -0.142  16.794 0.0000000000
72187  -46.651  -0.432  17.303 0.0000000000
72982  -45.477  0.265  17.073 0.0000000000
73740  -44.063  1.268  17.244 0.0000000000
72120  -43.853  -0.264  23.379 0.0000000000
72122  -45.535  -0.266  23.543 0.0000000000
72139  -46.105  -0.830  22.921 0.0000000000
71296  -46.420  -1.518  21.533 0.0000000000
72153  -45.189  -1.033  21.700 0.0000000000
74478  -40.283  2.761  21.048 0.0000000000
75249  -38.855  3.387  21.617 0.0000000000
76078  -38.749  4.309  21.871 0.0000000000
75244  -38.283  3.816  22.305 0.0000000000
75238  -37.454  3.310  23.415 0.0000000000
78792  -56.127  7.816  9.496 0.0000000000
79585  -55.853  8.415  9.481 0.0000000000
113551  -55.309  9.097  9.389 0.0000000000
77921  -49.437  6.617  11.240 0.0000000000
77932  -49.884  7.267  10.753 0.0000000000
80339  -49.720  9.711  10.839 0.0000000000
80346  -51.143  10.129  9.819 0.0000000000
80347  -51.771  9.744  9.631 0.0000000000
80348  -52.603  9.822  9.437 0.0000000000
81119  -52.970  10.660  9.099 0.0000000000
81932  -54.132  11.477  8.415 0.0000000000
81933  -54.582  11.310  8.088 0.0000000000
124470  -53.592  12.186  8.459 0.0000000000
82714  -53.225  12.940  8.591 0.0000000000
83462  -50.818  13.410  11.062 0.0000000000
83470  -51.290  13.695  10.581 0.0000000000
83481  -51.009  14.046  9.754 0.0000000000
84303  -50.845  14.152  7.892 0.0000000000
84322  -50.429  14.219  6.483 0.0000000000
84311  -50.206  14.346  6.907 0.0000000000
83505  -49.628  14.258  7.212 0.0000000000
83504  -48.775  14.308  6.651 0.0000000000
78671  -41.944  8.247  23.781 0.0000000000
79475  -41.838  8.239  22.918 0.0000000000
79476  -42.536  8.490  23.190 0.0000000000
79483  -43.224  8.534  22.519 0.0000000000
124724  -44.011  8.517  22.159 0.0000000000
78681  -46.610  8.078  22.811 0.0000000000
115738  -46.624  7.357  22.119 0.0000000000
77829  -47.625  6.086  21.202 0.0000000000
111411  -47.716  6.050  19.905 0.0000000000
77850  -48.302  6.544  18.929 0.0000000000
78715  -48.646  6.977  18.600 0.0000000000
79514  -48.657  7.520  18.312 0.0000000000
122888  -51.035  8.750  24.924 0.0000000000
114648  -50.326  8.482  24.983 0.0000000000
79486  -50.597  8.870  23.003 0.0000000000
80257  -49.567  9.014  22.212 0.0000000000
81829  -45.087  11.312  18.848 0.0000000000
81024  -45.876  10.388  19.679 0.0000000000
81023  -45.356  10.487  19.065 0.0000000000
80271  -45.457  9.872  18.491 0.0000000000
117926  -46.258  9.205  18.040 0.0000000000
80299  -46.186  9.651  15.700 0.0000000000
81061  -46.738  9.933  15.156 0.0000000000
80308  -45.752  9.936  14.999 0.0000000000
81093  -45.459  10.679  12.670 0.0000000000
82681  -44.350  12.159  10.726 0.0000000000
81906  -44.684  11.905  10.044 0.0000000000
81943  -45.936  12.134  7.856 0.0000000000
82724  -46.402  12.721  7.170 0.0000000000
82723  -45.708  12.762  7.199 0.0000000000
83527  -45.447  14.455  5.244 0.0000000000
129789  -44.593  14.845  5.221 0.0000000000
111836  -43.625  17.147  7.620 0.0000000000
86497  -43.072  17.917  6.922 0.0000000000
87247  -42.695  18.098  6.525 0.0000000000
85673  -47.527  16.663  16.461 0.0000000000
86413  -47.545  17.355  14.884 0.0000000000
85698  -46.694  17.356  15.283 0.0000000000
86428  -46.121  17.729  14.510 0.0000000000
118036  -42.902  17.512  14.568 0.0000000000
87202  -41.641  18.170  12.344 0.0000000000
87211  -40.678  18.282  10.788 0.0000000000
85729  -39.206  16.922  10.608 0.0000000000
85728  -38.683  16.990  10.994 0.0000000000
86472  -38.556  16.991  11.724 0.0000000000
86422  -39.265  17.595  15.267 0.0000000000
86447  -36.996  17.068  14.228 0.0000000000
86433  -36.736  17.272  14.817 0.0000000000
76109  -44.500  4.164  16.514 0.0000000000
76096  -43.140  4.985  18.028 0.0000000000
76950  -44.515  5.242  17.458 0.0000000000
76945  -45.511  6.171  18.077 0.0000000000
82563  -51.451  13.001  28.043 0.0000000000
121832  -51.461  13.811  28.306 0.0000000000
83352  -51.683  13.811  27.361 0.0000000000
84156  -51.777  15.304  27.331 0.0000000000
118797  -51.001  14.468  25.283 0.0000000000
84172  -50.702  14.384  24.355 0.0000000000
84177  -49.710  14.384  23.713 0.0000000000
84176  -48.654  14.511  24.114 0.0000000000
84169  -47.833  14.825  24.221 0.0000000000
84907  -48.800  15.488  25.319 0.0000000000
84916  -48.043  15.340  24.745 0.0000000000
84915  -47.345  15.367  24.302 0.0000000000
85620  -46.919  16.116  24.297 0.0000000000
86355  -46.494  17.011  24.011 0.0000000000
81137  -52.213  10.509  7.275 0.0000000000
74412  -39.869  2.708  29.103 0.0000000000
74399  -39.799  2.866  29.657 0.0000000000
76008  -40.339  3.891  30.130 0.0000000000
76020  -39.080  4.395  29.432 0.0000000000
76865  -39.819  4.566  29.752 0.0000000000
72986  -51.870  0.780  17.804 0.0000000000
72996  -50.534  0.447  16.542 0.0000000000
128685  -50.347  0.105  17.133 0.0000000000
72984  -49.767  -0.224  17.329 0.0000000000
72190  -49.006  -0.571  17.597 0.0000000000
72180  -49.219  -0.759  18.487 0.0000000000
72179  -48.415  -0.948  18.238 0.0000000000
72177  -46.753  -0.854  17.897 0.0000000000
72176  -45.264  -0.730  18.454 0.0000000000
70437  -41.821  -2.855  23.775 0.0000000000
70447  -42.144  -2.237  23.562 0.0000000000
71269  -42.489  -1.406  23.338 0.0000000000
71268  -41.804  -1.838  22.912 0.0000000000
72119  -42.931  -0.521  23.057 0.0000000000
73705  -38.182  1.931  21.862 0.0000000000
73704  -37.472  1.740  22.318 0.0000000000
72925  -36.679  1.155  23.471 0.0000000000
126840  -36.629  0.587  23.033 0.0000000000
73694  -36.620  0.993  24.385 0.0000000000
78763  -47.608  7.290  12.434 0.0000000000
78764  -48.065  7.523  11.835 0.0000000000
122864  -47.850  8.018  12.453 0.0000000000
79565  -48.311  8.535  12.105 0.0000000000
80332  -48.893  9.322  12.094 0.0000000000
130961  -49.475  9.869  12.142 0.0000000000
81105  -49.891  10.265  11.538 0.0000000000
81106  -50.447  10.977  11.115 0.0000000000
81912  -51.499  12.432  11.127 0.0000000000
81900  -51.477  12.262  12.354 0.0000000000
82684  -51.133  12.764  12.245 0.0000000000
81878  -51.195  11.739  13.911 0.0000000000
82674  -51.107  12.482  13.135 0.0000000000
82682  -49.686  12.752  11.821 0.0000000000
82693  -48.971  12.628  11.063 0.0000000000
78659  -43.539  7.868  25.893 0.0000000000
79455  -43.679  8.508  25.022 0.0000000000
79456  -44.237  8.467  25.569 0.0000000000
111278  -44.984  8.864  25.202 0.0000000000
111276  -46.127  9.009  23.990 0.0000000000
79458  -46.095  8.815  25.846 0.0000000000
79469  -46.779  8.817  24.322 0.0000000000
123883  -46.682  8.530  23.555 0.0000000000
78672  -47.270  7.796  23.211 0.0000000000
128231  -48.091  6.520  22.257 0.0000000000
77822  -48.604  6.299  21.849 0.0000000000
81805  -50.205  11.548  21.433 0.0000000000
81804  -49.121  11.320  21.329 0.0000000000
81812  -48.789  11.947  20.787 0.0000000000
81811  -47.749  11.752  20.566 0.0000000000
117186  -46.243  11.991  19.565 0.0000000000
82617  -46.463  12.885  18.887 0.0000000000
82616  -45.543  12.115  19.049 0.0000000000
81837  -44.309  11.825  17.752 0.0000000000
81846  -44.045  11.276  17.063 0.0000000000
81058  -43.763  11.180  14.981 0.0000000000
81863  -43.523  11.824  15.134 0.0000000000
81864  -43.655  11.688  14.248 0.0000000000
82672  -43.716  12.444  12.399 0.0000000000
83438  -43.590  13.589  14.515 0.0000000000
83454  -43.484  13.082  13.045 0.0000000000
82680  -44.018  12.500  11.268 0.0000000000
82690  -43.983  12.957  10.730 0.0000000000
83478  -44.019  13.310  9.995 0.0000000000
127658  -44.134  13.595  9.307 0.0000000000
84298  -44.076  14.319  8.751 0.0000000000
84297  -43.691  14.954  9.197 0.0000000000
120302  -43.636  15.690  9.211 0.0000000000
85026  -43.572  15.808  10.543 0.0000000000
128746  -43.572  15.919  9.833 0.0000000000
120872  -43.661  16.598  10.100 0.0000000000
119531  -43.618  17.310  9.584 0.0000000000
86481  -43.570  17.914  9.994 0.0000000000
84970  -44.680  15.601  17.563 0.0000000000
85671  -45.148  16.188  16.944 0.0000000000
85670  -44.120  15.937  16.926 0.0000000000
128365  -42.603  16.181  16.654 0.0000000000
86425  -41.969  17.262  15.278 0.0000000000
116934  -39.952  17.194  16.413 0.0000000000
122439  -38.702  17.657  15.955 0.0000000000
86411  -38.368  17.659  16.651 0.0000000000
75315  -50.554  3.110  13.060 0.0000000000
75328  -49.222  3.814  12.618 0.0000000000
76155  -48.782  4.587  12.394 0.0000000000
117635  -48.105  3.535  13.277 0.0000000000
77912  -47.409  6.396  12.560 0.0000000000
76129  -45.898  4.464  14.485 0.0000000000
76983  -45.844  5.323  14.605 0.0000000000
78757  -47.186  7.302  13.226 0.0000000000
79551  -47.671  8.148  13.638 0.0000000000
79545  -48.133  8.302  14.556 0.0000000000
79538  -49.719  8.646  16.042 0.0000000000
113573  -49.307  8.028  28.606 0.0000000000
79422  -49.994  8.385  28.246 0.0000000000
79447  -50.680  8.754  26.618 0.0000000000
80216  -51.155  8.997  28.274 0.0000000000
79424  -51.161  8.981  27.204 0.0000000000
79463  -51.140  8.988  25.528 0.0000000000
80246  -51.350  9.264  25.019 0.0000000000
80248  -51.502  9.568  23.800 0.0000000000
81008  -51.232  10.261  22.823 0.0000000000
121302  -51.440  12.284  27.758 0.0000000000
81768  -51.580  11.847  27.050 0.0000000000
128254  -51.624  11.776  26.054 0.0000000000
119705  -51.796  12.736  24.849 0.0000000000
81795  -51.692  10.978  24.739 0.0000000000
132293  -51.763  10.977  23.984 0.0000000000
124031  -51.498  11.176  22.735 0.0000000000
81799  -51.128  11.013  22.297 0.0000000000
82606  -49.613  12.680  20.177 0.0000000000
82621  -51.092  13.692  19.437 0.0000000000
83398  -49.937  13.876  18.920 0.0000000000
83419  -48.010  14.331  17.616 0.0000000000
84980  -47.830  15.715  15.805 0.0000000000
84981  -48.438  15.983  16.041 0.0000000000
85690  -48.765  16.242  16.608 0.0000000000
85676  -49.526  16.148  17.268 0.0000000000
85663  -49.129  16.313  17.289 0.0000000000
85674  -48.461  16.436  17.027 0.0000000000
84972  -47.395  16.314  17.342 0.0000000000
84959  -46.324  15.814  17.750 0.0000000000
111273  -48.963  14.306  22.081 0.0000000000
84196  -48.531  14.492  21.242 0.0000000000
84208  -48.026  14.698  20.530 0.0000000000
84207  -46.928  14.465  20.935 0.0000000000
84946  -46.792  15.265  18.924 0.0000000000
131338  -46.252  15.422  18.392 0.0000000000
84958  -45.349  15.333  18.185 0.0000000000
84230  -44.766  14.760  18.927 0.0000000000
84229  -43.803  14.709  19.094 0.0000000000
84191  -43.877  14.902  21.131 0.0000000000
84217  -43.474  14.704  19.916 0.0000000000
84228  -42.947  14.825  19.353 0.0000000000
84944  -42.295  15.189  19.715 0.0000000000
84937  -41.779  15.661  20.136 0.0000000000
85645  -41.428  16.326  20.446 0.0000000000
77827  -40.210  6.320  21.462 0.0000000000
77834  -40.701  6.433  20.848 0.0000000000
77821  -40.208  6.785  22.208 0.0000000000
78669  -40.601  7.140  23.543 0.0000000000
77813  -40.251  6.621  24.164 0.0000000000
78662  -40.876  7.236  24.099 0.0000000000
78670  -41.225  7.673  23.469 0.0000000000
78663  -41.554  7.544  24.494 0.0000000000
78657  -42.207  7.486  25.262 0.0000000000
78658  -42.784  7.371  25.889 0.0000000000
76050  -41.110  4.816  27.378 0.0000000000
76891  -41.885  5.131  27.578 0.0000000000
76908  -41.456  5.623  26.791 0.0000000000
77802  -42.670  6.653  26.537 0.0000000000
78647  -43.246  7.213  26.416 0.0000000000
78648  -43.879  7.420  26.679 0.0000000000
78629  -45.050  7.389  27.521 0.0000000000
77773  -44.683  5.979  28.576 0.0000000000
77787  -45.188  6.795  28.166 0.0000000000
78630  -45.701  7.475  27.824 0.0000000000
78616  -45.973  6.950  28.517 0.0000000000
78602  -48.360  6.660  30.293 0.0000000000
77757  -43.332  5.952  30.614 0.0000000000
77758  -43.983  6.367  30.596 0.0000000000
77741  -45.763  5.865  31.532 0.0000000000
78600  -45.123  7.430  30.306 0.0000000000
78588  -45.781  6.782  31.099 0.0000000000
77742  -46.692  5.805  31.667 0.0000000000
77751  -47.566  6.031  31.631 0.0000000000
78603  -49.383  6.985  30.880 0.0000000000
126274  -50.390  7.763  31.491 0.0000000000
79389  -50.647  8.267  30.921 0.0000000000
80187  -49.613  8.754  31.179 0.0000000000
80188  -50.381  8.528  31.117 0.0000000000
80196  -50.645  9.164  30.207 0.0000000000
80954  -50.323  10.280  29.690 0.0000000000
81745  -50.542  11.162  29.229 0.0000000000
82551  -50.770  12.097  29.012 0.0000000000
76995  -54.251  5.426  13.490 0.0000000000
76143  -52.676  4.117  13.151 0.0000000000
75316  -51.429  3.250  13.274 0.0000000000
75304  -53.175  3.721  14.616 0.0000000000
75289  -52.775  3.049  14.998 0.0000000000
74558  -52.519  3.202  14.190 0.0000000000
74555  -50.061  2.521  13.478 0.0000000000
74535  -48.613  2.157  13.948 0.0000000000
73779  -49.952  1.515  14.568 0.0000000000
74518  -46.405  2.264  15.044 0.0000000000
74517  -45.625  2.494  15.432 0.0000000000
119209  -49.281  0.229  16.252 0.0000000000
73011  -48.038  0.602  15.636 0.0000000000
72992  -46.715  0.446  16.332 0.0000000000
73010  -47.163  0.802  15.729 0.0000000000
73757  -45.980  1.700  15.591 0.0000000000
74509  -43.837  2.768  16.858 0.0000000000
123362  -43.404  3.079  17.274 0.0000000000
75267  -42.548  3.575  18.010 0.0000000000
76094  -41.947  4.427  18.697 0.0000000000
76085  -40.801  5.052  19.908 0.0000000000
71288  -50.136  -1.039  21.901 0.0000000000
72894  -47.638  0.034  26.555 0.0000000000
72910  -48.081  0.126  26.075 0.0000000000
72093  -44.806  -0.802  25.797 0.0000000000
72107  -44.954  -0.348  24.991 0.0000000000
72908  -46.771  -0.006  25.505 0.0000000000
72096  -47.945  -0.257  25.229 0.0000000000
72111  -48.483  -0.643  24.610 0.0000000000
117924  -49.227  -0.760  24.323 0.0000000000
72125  -48.536  -1.022  23.768 0.0000000000
71273  -48.901  -1.236  22.968 0.0000000000
71287  -49.538  -1.183  22.500 0.0000000000
71299  -49.399  -1.350  21.672 0.0000000000
71311  -49.167  -1.386  20.824 0.0000000000
71309  -47.437  -1.608  20.102 0.0000000000
71308  -46.131  -1.612  20.765 0.0000000000
127428  -46.633  -1.678  20.036 0.0000000000
71318  -45.489  -1.275  19.157 0.0000000000
72169  -44.597  -0.814  19.341 0.0000000000
72964  -43.932  -0.095  18.812 0.0000000000
72937  -43.148  0.346  21.953 0.0000000000
72950  -43.038  0.259  21.051 0.0000000000
72956  -42.567  0.776  20.621 0.0000000000
72160  -43.502  -0.176  20.545 0.0000000000
72957  -43.074  0.222  20.124 0.0000000000
72963  -43.260  0.324  19.238 0.0000000000
124068  -40.420  5.207  20.470 0.0000000000
76927  -39.762  5.654  21.468 0.0000000000
76926  -39.245  5.635  22.157 0.0000000000
76921  -39.083  5.509  23.607 0.0000000000
76072  -38.436  4.592  22.579 0.0000000000
76066  -38.423  4.863  23.311 0.0000000000
76047  -38.956  4.089  26.363 0.0000000000
75215  -39.185  3.509  27.063 0.0000000000
74469  -37.306  2.600  22.838 0.0000000000
75200  -38.790  2.768  27.359 0.0000000000
74425  -39.153  2.356  28.722 0.0000000000
74397  -38.539  2.408  29.164 0.0000000000
76018  -37.653  3.827  28.828 0.0000000000
75188  -37.311  2.981  28.753 0.0000000000
76017  -36.923  3.774  28.394 0.0000000000
76031  -37.094  4.490  28.020 0.0000000000
77972  -56.680  6.756  8.033 0.0000000000
121861  -56.628  7.459  8.042 0.0000000000
78821  -56.341  7.954  7.703 0.0000000000
79612  -55.907  8.507  7.500 0.0000000000
76172  -51.104  4.848  11.732 0.0000000000
77015  -51.531  5.502  11.424 0.0000000000
77014  -50.663  5.583  11.402 0.0000000000
122642  -51.902  5.993  11.058 0.0000000000
78778  -50.629  7.725  10.474 0.0000000000
79572  -50.448  8.610  10.346 0.0000000000
78779  -52.164  7.859  10.247 0.0000000000
79575  -53.713  8.352  9.944 0.0000000000
80349  -53.665  9.874  9.270 0.0000000000
80350  -54.712  9.854  9.130 0.0000000000
80351  -55.490  9.671  8.844 0.0000000000
80372  -55.908  9.148  7.757 0.0000000000
129494  -55.280  9.218  7.356 0.0000000000
117507  -54.864  10.209  7.235 0.0000000000
80382  -54.045  10.192  7.076 0.0000000000
81944  -54.523  11.404  7.628 0.0000000000
81957  -54.281  11.438  7.114 0.0000000000
81150  -53.005  11.247  6.812 0.0000000000
82703  -52.361  13.171  9.800 0.0000000000
82704  -52.684  13.388  9.256 0.0000000000
83492  -52.902  13.637  8.521 0.0000000000
83482  -51.798  13.930  9.965 0.0000000000
83507  -52.868  13.600  7.761 0.0000000000
82739  -52.247  12.795  6.737 0.0000000000
81954  -51.165  11.695  6.864 0.0000000000
82737  -50.121  12.845  6.185 0.0000000000
81967  -49.373  12.611  5.821 0.0000000000
77828  -41.110  7.029  20.892 0.0000000000
77836  -42.148  6.970  19.920 0.0000000000
78687  -42.183  7.933  21.206 0.0000000000
78697  -42.560  7.576  20.425 0.0000000000
78705  -42.972  7.193  19.724 0.0000000000
78706  -43.762  7.225  19.748 0.0000000000
77855  -45.154  6.345  18.741 0.0000000000
111624  -44.093  8.793  23.965 0.0000000000
79484  -44.758  8.422  22.266 0.0000000000
119669  -46.013  7.501  21.712 0.0000000000
78700  -45.797  7.290  21.088 0.0000000000
110669  -44.896  7.718  20.923 0.0000000000
77868  -46.419  6.347  17.937 0.0000000000
77869  -47.524  6.546  17.770 0.0000000000
77883  -48.951  7.127  17.332 0.0000000000
119648  -49.059  7.506  16.737 0.0000000000
127923  -49.564  8.536  16.505 0.0000000000
132390  -49.860  8.995  16.230 0.0000000000
79445  -48.547  8.584  26.723 0.0000000000
79460  -48.313  8.506  25.833 0.0000000000
129205  -48.833  8.293  25.342 0.0000000000
79472  -49.785  8.095  24.208 0.0000000000
79471  -49.027  7.989  24.650 0.0000000000
78667  -49.199  7.547  23.916 0.0000000000
78674  -49.016  6.926  23.409 0.0000000000
77824  -49.125  6.596  21.797 0.0000000000
77832  -49.109  6.497  21.075 0.0000000000
81012  -48.513  10.312  21.645 0.0000000000
80256  -48.743  9.313  21.765 0.0000000000
81016  -46.432  10.301  20.255 0.0000000000
80260  -47.487  9.333  20.844 0.0000000000
79492  -48.421  8.557  21.192 0.0000000000
79497  -48.704  7.640  20.599 0.0000000000
78702  -48.825  6.738  20.388 0.0000000000
79502  -48.509  7.422  20.054 0.0000000000
78707  -48.335  7.405  18.967 0.0000000000
79523  -48.238  8.274  18.203 0.0000000000
79522  -47.367  8.711  17.926 0.0000000000
80281  -48.473  8.672  17.432 0.0000000000
80290  -49.044  9.093  16.878 0.0000000000
80291  -49.595  9.036  16.528 0.0000000000
119054  -49.768  9.465  16.000 0.0000000000
81063  -49.320  10.173  15.631 0.0000000000
81085  -48.851  11.207  14.382 0.0000000000
112134  -47.169  10.634  13.953 0.0000000000
81910  -48.135  11.946  11.126 0.0000000000
82692  -48.306  12.321  10.297 0.0000000000
81081  -44.785  10.698  13.261 0.0000000000
110854  -44.844  11.510  10.903 0.0000000000
81895  -45.640  11.161  10.948 0.0000000000
81896  -46.494  11.159  11.142 0.0000000000
130913  -46.870  11.383  10.725 0.0000000000
127778  -47.744  12.053  9.747 0.0000000000
82713  -48.335  12.651  9.328 0.0000000000
83517  -48.198  14.496  5.907 0.0000000000
131499  -46.997  13.095  6.867 0.0000000000
84309  -44.512  14.885  7.149 0.0000000000
128825  -44.447  15.558  6.422 0.0000000000
85759  -43.490  16.651  5.176 0.0000000000
84998  -46.929  16.531  14.347 0.0000000000
85703  -46.616  16.926  13.640 0.0000000000
85710  -46.238  17.329  13.311 0.0000000000
86442  -47.143  17.954  13.715 0.0000000000
86475  -44.003  18.032  10.833 0.0000000000
86427  -45.051  17.554  14.826 0.0000000000
115660  -44.572  18.001  13.491 0.0000000000
86439  -43.575  17.822  13.981 0.0000000000
86454  -43.634  18.053  13.318 0.0000000000
117138  -44.266  18.157  12.874 0.0000000000
87204  -43.691  18.285  11.890 0.0000000000
87214  -43.794  18.247  11.220 0.0000000000
111140  -43.304  18.253  10.493 0.0000000000
87223  -42.299  18.342  9.808 0.0000000000
86489  -40.558  17.866  8.797 0.0000000000
87221  -40.630  18.241  9.846 0.0000000000
85740  -40.785  17.471  8.591 0.0000000000
85029  -40.987  16.458  9.281 0.0000000000
85023  -39.498  16.265  10.780 0.0000000000
85018  -40.069  15.474  11.193 0.0000000000
86462  -38.455  17.006  12.491 0.0000000000
85716  -38.149  16.563  12.079 0.0000000000
128304  -36.733  15.956  14.023 0.0000000000
133571  -46.350  18.124  23.592 0.0000000000
86370  -43.691  17.650  21.929 0.0000000000
124298  -43.068  17.325  21.664 0.0000000000
86369  -42.449  17.467  21.369 0.0000000000
86379  -41.901  16.842  21.018 0.0000000000
86378  -41.177  17.120  20.680 0.0000000000
87917  -41.676  19.349  20.827 0.0000000000
123872  -41.020  17.964  20.787 0.0000000000
86377  -40.476  17.408  20.427 0.0000000000
86387  -39.939  16.972  19.971 0.0000000000
86394  -39.166  17.231  18.660 0.0000000000
86385  -38.713  17.715  19.013 0.0000000000
86393  -38.617  17.617  18.249 0.0000000000
71295  -45.767  -1.415  21.387 0.0000000000
72189  -48.129  -0.651  17.510 0.0000000000
72995  -49.846  0.119  16.623 0.0000000000
72997  -51.548  1.161  16.168 0.0000000000
75176  -38.733  2.889  29.529 0.0000000000
75178  -40.078  3.232  29.977 0.0000000000
75180  -41.260  3.566  29.704 0.0000000000
75189  -38.056  2.862  29.205 0.0000000000
75190  -40.678  3.182  29.096 0.0000000000
76000  -42.295  4.256  30.304 0.0000000000
76006  -38.875  3.574  29.669 0.0000000000
76853  -45.886  5.368  31.381 0.0000000000
76854  -46.826  5.700  31.607 0.0000000000
76859  -44.232  4.835  31.267 0.0000000000
76862  -46.306  5.433  31.332 0.0000000000
76892  -42.595  5.414  27.759 0.0000000000
76893  -43.259  5.566  28.012 0.0000000000
76931  -40.291  5.744  20.899 0.0000000000
77743  -47.466  6.066  31.737 0.0000000000
77744  -48.292  6.547  31.769 0.0000000000
77749  -44.934  5.248  31.437 0.0000000000
77750  -46.907  5.619  31.247 0.0000000000
77759  -46.154  5.707  29.926 0.0000000000
77760  -46.813  5.853  30.304 0.0000000000
77816  -39.617  6.188  23.430 0.0000000000
77818  -49.364  6.886  22.680 0.0000000000
77826  -39.729  6.207  21.948 0.0000000000
77831  -48.770  6.024  21.210 0.0000000000
77835  -41.349  6.549  20.246 0.0000000000
77845  -43.541  6.714  19.258 0.0000000000
77870  -48.579  6.739  17.873 0.0000000000
78579  -46.422  6.360  31.585 0.0000000000
78583  -50.142  7.595  31.681 0.0000000000
78591  -49.399  7.032  31.806 0.0000000000
78592  -50.531  7.869  31.293 0.0000000000
78601  -47.318  6.557  29.726 0.0000000000
78604  -50.244  7.538  31.347 0.0000000000
78620  -50.049  7.512  30.456 0.0000000000
78677  -40.657  7.285  22.820 0.0000000000
78679  -41.895  8.184  22.038 0.0000000000
78682  -47.373  7.192  22.577 0.0000000000
78693  -49.318  6.962  21.603 0.0000000000
79384  -46.025  7.675  30.473 0.0000000000
79388  -50.453  7.892  31.436 0.0000000000
79409  -44.984  8.676  28.862 0.0000000000
79419  -46.283  8.079  27.496 0.0000000000
79421  -48.916  8.397  27.669 0.0000000000
79448  -51.108  9.018  26.253 0.0000000000
79468  -45.931  9.031  24.890 0.0000000000
79473  -50.729  8.555  24.154 0.0000000000
79478  -44.048  8.700  22.896 0.0000000000
79482  -42.433  8.392  22.489 0.0000000000
80205  -46.171  9.610  28.617 0.0000000000
80245  -51.335  8.997  24.275 0.0000000000
80251  -51.004  9.452  22.883 0.0000000000
80252  -51.355  9.660  23.217 0.0000000000
80255  -48.044  9.564  21.432 0.0000000000
80280  -45.431  9.688  17.720 0.0000000000
80952  -49.093  10.261  29.715 0.0000000000
81013  -49.510  10.626  21.800 0.0000000000
81017  -47.013  10.232  20.785 0.0000000000
81036  -44.932  10.629  18.389 0.0000000000
81043  -44.497  10.848  17.682 0.0000000000
81083  -46.264  10.555  13.352 0.0000000000
81792  -51.659  11.798  25.184 0.0000000000
81798  -51.708  11.461  23.382 0.0000000000
81800  -51.820  12.067  22.690 0.0000000000
81822  -45.626  11.242  19.463 0.0000000000
81824  -46.950  11.879  20.047 0.0000000000
81845  -43.756  11.573  16.502 0.0000000000
81867  -50.949  11.159  14.396 0.0000000000
81883  -44.058  12.042  11.754 0.0000000000
81907  -45.351  11.459  10.063 0.0000000000
82618  -47.909  12.694  19.765 0.0000000000
82620  -50.327  13.420  19.508 0.0000000000
82634  -44.232  12.520  17.384 0.0000000000
82642  -43.628  12.246  16.326 0.0000000000
82664  -43.690  12.094  13.230 0.0000000000
82666  -51.106  12.146  13.697 0.0000000000
82667  -51.276  12.137  13.459 0.0000000000
82671  -43.762  12.714  11.779 0.0000000000
82675  -51.300  12.405  12.777 0.0000000000
82683  -50.670  13.033  11.705 0.0000000000
82691  -44.317  12.579  10.172 0.0000000000
82715  -53.702  12.517  8.095 0.0000000000
82740  -53.116  12.514  6.927 0.0000000000
83381  -52.008  13.465  22.288 0.0000000000
83390  -51.366  13.724  19.813 0.0000000000
83391  -51.537  13.787  20.276 0.0000000000
83401  -51.452  14.216  19.787 0.0000000000
83406  -46.362  13.427  18.123 0.0000000000
83408  -48.410  14.044  18.222 0.0000000000
83434  -44.042  13.856  15.708 0.0000000000
83469  -50.402  13.628  10.389 0.0000000000
83502  -46.723  13.493  6.390 0.0000000000
83519  -51.118  13.879  6.880 0.0000000000
83529  -49.138  14.149  5.318 0.0000000000
84216  -42.843  14.916  20.038 0.0000000000
84223  -51.093  14.696  19.307 0.0000000000
84248  -45.367  14.237  16.373 0.0000000000
84250  -48.194  15.480  16.386 0.0000000000
84302  -50.221  14.240  7.785 0.0000000000
84310  -49.492  14.528  6.387 0.0000000000
84962  -50.112  15.919  17.899 0.0000000000
84982  -48.852  16.090  16.500 0.0000000000
84991  -48.327  16.380  16.089 0.0000000000
85003  -43.801  15.327  12.672 0.0000000000
85046  -44.227  15.837  7.071 0.0000000000
85622  -48.176  15.956  25.075 0.0000000000
85624  -45.858  16.493  23.539 0.0000000000
85628  -43.971  16.243  22.279 0.0000000000
85638  -43.413  16.065  21.732 0.0000000000
85644  -40.683  16.623  20.190 0.0000000000
85675  -49.174  16.277  16.969 0.0000000000
85688  -47.589  17.077  15.598 0.0000000000
85699  -48.023  17.026  15.138 0.0000000000
85711  -47.049  17.605  13.541 0.0000000000
85731  -43.872  17.454  10.461 0.0000000000
85746  -43.808  16.528  7.058 0.0000000000
85752  -43.292  17.661  5.210 0.0000000000
85765  -43.183  16.780  4.719 0.0000000000
86429  -47.332  17.479  14.279 0.0000000000
86443  -47.296  17.522  13.893 0.0000000000
86503  -42.985  17.961  5.816 0.0000000000
86509  -42.981  17.642  4.496 0.0000000000
87148  -41.621  18.523  20.972 0.0000000000
87198  -44.280  18.089  12.294 0.0000000000
87238  -40.780  18.231  8.469 0.0000000000
111274  -48.000  14.285  22.024 0.0000000000
112668  -52.313  13.872  9.233 0.0000000000
113605  -50.743  -0.738  22.035 0.0000000000
115994  -47.560  12.107  9.150 0.0000000000
116095  -43.969  14.677  20.507 0.0000000000
116844  -51.594  10.066  25.156 0.0000000000
117197  -46.199  14.655  16.230 0.0000000000
118610  -44.924  10.170  17.799 0.0000000000
119572  -43.631  16.503  9.319 0.0000000000
121488  -43.513  14.245  11.606 0.0000000000
122538  -51.058  -0.418  20.942 0.0000000000
122613  -44.916  12.044  18.441 0.0000000000
123171  -44.690  10.198  16.088 0.0000000000
123387  -51.396  10.129  27.803 0.0000000000
124809  -43.547  13.254  12.237 0.0000000000
127800  -46.444  11.498  9.217 0.0000000000
127810  -42.915  4.461  30.534 0.0000000000
129269  -50.743  15.125  18.915 0.0000000000
129554  -47.739  14.152  4.854 0.0000000000
130603  -47.893  17.075  15.372 0.0000000000
131027  -48.168  -1.597  22.112 0.0000000000
132709  -51.345  11.924  13.596 0.0000000000
133500  -53.880  9.003  7.437 0.0000000000
133815  -41.293  4.764  30.174 0.0000000000
