#!ascii label  , from subject sub-v1s12x0050127_ses-1 vox2ras=TkReg
806
34861  -26.078  -44.943  49.465 0.0000000000
47307  -44.563  -30.654  44.218 0.0000000000
50809  -51.253  -26.574  38.054 0.0000000000
50867  -59.246  -26.533  32.342 0.0000000000
44211  -42.951  -34.277  43.916 0.0000000000
50848  -55.501  -26.295  35.408 0.0000000000
56712  -56.727  -18.998  27.803 0.0000000000
60553  -59.109  -13.775  26.142 0.0000000000
46581  -47.505  -31.074  43.958 0.0000000000
47319  -51.110  -30.050  41.532 0.0000000000
49746  -48.003  -27.299  41.987 0.0000000000
36691  -26.958  -42.933  53.161 0.0000000000
37557  -30.640  -42.453  50.921 0.0000000000
34867  -34.577  -43.840  48.901 0.0000000000
34888  -38.371  -44.365  46.932 0.0000000000
37639  -40.772  -41.501  45.326 0.0000000000
113866  -43.132  -38.001  45.427 0.0000000000
43337  -46.608  -34.950  45.180 0.0000000000
47389  -54.369  -30.956  37.243 0.0000000000
63083  -60.446  -11.232  25.722 0.0000000000
47280  -46.370  -29.607  45.440 0.0000000000
125138  -48.000  -28.188  44.663 0.0000000000
126861  -46.460  -29.016  42.782 0.0000000000
126369  -25.578  -42.496  49.986 0.0000000000
36702  -28.567  -42.506  52.072 0.0000000000
39418  -40.673  -39.386  45.628 0.0000000000
38543  -41.928  -40.139  44.932 0.0000000000
40345  -41.441  -38.334  45.774 0.0000000000
46565  -43.439  -32.114  44.537 0.0000000000
45009  -43.761  -33.879  46.681 0.0000000000
46547  -44.781  -32.010  46.165 0.0000000000
45819  -46.634  -32.452  45.019 0.0000000000
50764  -51.784  -26.843  40.494 0.0000000000
47353  -52.758  -30.897  39.899 0.0000000000
128627  -54.013  -27.356  38.570 0.0000000000
50857  -57.511  -26.937  34.098 0.0000000000
48174  -57.613  -29.202  35.044 0.0000000000
48202  -59.382  -28.618  33.163 0.0000000000
113925  -60.008  -27.498  31.133 0.0000000000
57483  -60.732  -18.664  28.221 0.0000000000
55912  -59.066  -20.708  29.613 0.0000000000
42371  -42.030  -37.163  43.777 0.0000000000
49051  -56.053  -28.191  31.072 0.0000000000
117549  -58.234  -16.365  26.686 0.0000000000
59060  -61.008  -16.218  26.972 0.0000000000
61328  -60.189  -12.799  24.114 0.0000000000
45842  -47.954  -31.660  41.717 0.0000000000
47317  -49.844  -30.441  42.362 0.0000000000
49734  -50.387  -27.477  42.793 0.0000000000
34833  -26.910  -44.673  53.080 0.0000000000
116103  -32.197  -45.391  49.182 0.0000000000
114419  -32.462  -43.242  49.918 0.0000000000
33037  -33.651  -46.326  48.225 0.0000000000
33046  -36.032  -46.554  46.842 0.0000000000
33916  -37.503  -46.183  46.374 0.0000000000
33930  -38.725  -45.354  45.159 0.0000000000
130348  -40.004  -42.941  45.757 0.0000000000
122487  -41.129  -42.389  43.250 0.0000000000
120731  -42.895  -36.441  46.473 0.0000000000
41392  -45.026  -36.714  45.410 0.0000000000
41440  -47.079  -37.557  43.343 0.0000000000
43354  -46.737  -35.857  43.914 0.0000000000
45040  -45.941  -33.376  43.177 0.0000000000
48954  -55.605  -27.842  37.200 0.0000000000
54235  -58.190  -22.454  30.111 0.0000000000
51743  -60.370  -25.282  31.120 0.0000000000
33856  -25.468  -45.444  51.412 0.0000000000
48070  -45.935  -29.467  45.388 0.0000000000
48856  -46.331  -28.747  44.735 0.0000000000
48097  -45.649  -29.368  44.207 0.0000000000
40366  -40.066  -38.930  44.936 0.0000000000
39419  -41.266  -39.031  45.676 0.0000000000
41423  -40.892  -37.788  45.065 0.0000000000
122810  -44.025  -31.358  43.854 0.0000000000
46555  -44.194  -31.764  45.785 0.0000000000
47290  -44.787  -30.890  45.339 0.0000000000
47278  -45.496  -30.446  45.585 0.0000000000
128266  -52.811  -27.366  39.584 0.0000000000
50793  -53.334  -26.315  38.603 0.0000000000
50858  -58.145  -26.954  33.622 0.0000000000
49853  -58.338  -27.525  34.057 0.0000000000
49871  -59.445  -27.380  32.824 0.0000000000
48227  -59.596  -28.642  31.949 0.0000000000
49883  -59.919  -27.157  32.201 0.0000000000
56715  -61.183  -19.053  27.635 0.0000000000
56703  -61.047  -19.661  28.289 0.0000000000
55936  -60.416  -20.242  27.510 0.0000000000
119278  -56.885  -15.531  25.569 0.0000000000
114635  -59.641  -15.062  26.825 0.0000000000
59068  -60.224  -15.574  27.129 0.0000000000
59764  -60.638  -14.809  26.868 0.0000000000
59081  -61.076  -14.984  26.384 0.0000000000
61297  -60.837  -13.381  26.359 0.0000000000
62177  -61.007  -11.764  25.180 0.0000000000
45836  -47.987  -31.411  42.314 0.0000000000
46590  -48.908  -31.013  42.407 0.0000000000
47308  -48.723  -30.198  43.551 0.0000000000
122220  -48.444  -27.107  43.811 0.0000000000
49721  -49.124  -27.492  44.019 0.0000000000
50739  -48.971  -26.618  42.689 0.0000000000
51652  -49.763  -26.398  41.476 0.0000000000
50763  -48.966  -26.807  40.807 0.0000000000
34834  -27.691  -44.358  52.805 0.0000000000
34828  -27.752  -44.039  53.069 0.0000000000
36704  -29.958  -42.706  51.532 0.0000000000
37580  -33.666  -42.450  48.756 0.0000000000
35861  -33.690  -43.515  49.384 0.0000000000
34866  -33.261  -44.366  49.403 0.0000000000
33879  -34.442  -45.094  48.642 0.0000000000
126897  -34.677  -46.492  47.636 0.0000000000
33891  -35.195  -45.507  48.137 0.0000000000
33905  -37.868  -45.283  46.846 0.0000000000
33929  -38.316  -45.971  45.468 0.0000000000
33918  -38.734  -45.127  45.720 0.0000000000
37625  -40.431  -41.433  45.631 0.0000000000
36740  -39.878  -41.994  45.947 0.0000000000
36748  -40.319  -42.238  45.627 0.0000000000
35895  -40.139  -42.949  45.405 0.0000000000
36768  -40.631  -42.503  44.780 0.0000000000
35909  -40.623  -42.774  43.961 0.0000000000
36776  -41.054  -42.103  44.382 0.0000000000
39427  -42.147  -39.409  45.235 0.0000000000
121858  -42.355  -40.039  44.123 0.0000000000
114844  -43.274  -38.862  44.148 0.0000000000
40368  -43.883  -38.263  44.257 0.0000000000
43329  -41.827  -36.089  46.229 0.0000000000
43336  -42.384  -34.907  45.783 0.0000000000
44198  -45.037  -34.300  46.514 0.0000000000
43331  -44.402  -35.386  46.548 0.0000000000
42327  -45.801  -35.822  45.543 0.0000000000
41409  -46.105  -36.854  44.727 0.0000000000
42358  -46.663  -36.384  44.307 0.0000000000
43338  -46.688  -34.999  44.762 0.0000000000
115574  -46.812  -31.682  44.673 0.0000000000
45028  -46.485  -33.272  44.427 0.0000000000
45830  -46.776  -31.879  43.946 0.0000000000
131965  -47.327  -31.893  42.191 0.0000000000
35836  -25.273  -42.982  52.159 0.0000000000
119288  -24.919  -43.462  53.198 0.0000000000
34825  -25.806  -44.376  54.129 0.0000000000
46599  -50.601  -31.004  41.285 0.0000000000
45853  -51.653  -31.807  40.366 0.0000000000
47376  -53.516  -31.347  38.538 0.0000000000
50836  -54.432  -26.186  36.568 0.0000000000
50813  -55.488  -26.430  37.150 0.0000000000
50823  -55.878  -26.272  36.420 0.0000000000
47416  -57.664  -30.599  34.430 0.0000000000
47404  -57.240  -30.172  35.168 0.0000000000
55086  -60.105  -21.939  30.171 0.0000000000
54255  -58.148  -21.772  29.797 0.0000000000
53374  -59.956  -23.308  30.748 0.0000000000
53373  -59.319  -23.569  30.745 0.0000000000
53354  -60.269  -24.083  30.841 0.0000000000
50911  -60.501  -25.644  30.593 0.0000000000
61316  -57.971  -13.102  25.135 0.0000000000
61305  -60.529  -12.582  26.169 0.0000000000
61317  -58.702  -12.042  25.324 0.0000000000
63980  -59.537  -10.096  25.199 0.0000000000
47300  -47.496  -30.140  44.926 0.0000000000
47301  -48.291  -29.791  44.388 0.0000000000
48842  -47.244  -28.512  44.956 0.0000000000
49708  -47.501  -27.777  44.414 0.0000000000
48887  -47.471  -27.914  42.599 0.0000000000
36699  -25.945  -42.637  51.562 0.0000000000
36692  -27.721  -43.089  53.150 0.0000000000
37564  -29.522  -41.777  50.742 0.0000000000
129809  -40.828  -40.315  45.593 0.0000000000
37640  -41.129  -40.792  45.304 0.0000000000
116535  -41.158  -39.760  45.627 0.0000000000
39420  -41.780  -39.204  45.495 0.0000000000
39421  -42.480  -38.490  45.464 0.0000000000
45828  -43.114  -32.666  43.692 0.0000000000
44202  -42.766  -34.108  45.582 0.0000000000
45809  -43.301  -32.873  45.968 0.0000000000
45799  -44.422  -32.808  46.345 0.0000000000
45016  -45.562  -32.978  46.251 0.0000000000
45022  -46.427  -33.460  45.491 0.0000000000
45812  -46.101  -32.532  45.877 0.0000000000
46558  -46.311  -31.021  45.625 0.0000000000
36709  -25.108  -42.803  50.422 0.0000000000
48904  -51.502  -28.614  41.290 0.0000000000
47340  -51.940  -30.671  40.924 0.0000000000
48136  -52.556  -29.061  40.122 0.0000000000
48137  -53.041  -29.128  39.440 0.0000000000
113403  -53.951  -29.839  38.014 0.0000000000
49851  -56.170  -26.847  34.503 0.0000000000
49834  -57.028  -27.264  35.518 0.0000000000
49835  -57.684  -27.560  34.787 0.0000000000
48980  -58.351  -28.354  34.304 0.0000000000
57481  -58.446  -18.744  28.246 0.0000000000
56699  -57.989  -19.544  28.609 0.0000000000
56701  -60.102  -19.215  28.758 0.0000000000
55914  -60.643  -20.872  29.254 0.0000000000
119263  -43.656  -30.948  42.369 0.0000000000
46579  -43.128  -31.900  42.518 0.0000000000
50820  -52.554  -26.648  37.163 0.0000000000
49866  -54.608  -27.637  33.839 0.0000000000
49880  -55.948  -27.960  32.810 0.0000000000
49881  -56.795  -27.689  32.571 0.0000000000
133594  -57.988  -26.894  31.937 0.0000000000
58310  -57.763  -17.818  27.289 0.0000000000
111355  -59.572  -17.003  27.541 0.0000000000
58313  -60.772  -17.141  27.428 0.0000000000
57506  -60.877  -18.194  26.586 0.0000000000
61306  -61.067  -12.693  25.882 0.0000000000
60566  -60.845  -14.015  24.878 0.0000000000
45843  -49.617  -31.396  41.033 0.0000000000
127228  -50.049  -31.099  41.552 0.0000000000
47318  -50.387  -30.219  42.023 0.0000000000
48098  -49.180  -29.100  43.814 0.0000000000
48873  -50.086  -28.419  43.038 0.0000000000
48889  -51.112  -28.547  41.760 0.0000000000
120914  -51.083  -27.111  41.744 0.0000000000
116184  -50.763  -26.259  40.494 0.0000000000
48120  -45.793  -30.021  41.842 0.0000000000
48902  -47.118  -29.270  41.126 0.0000000000
49772  -48.194  -27.726  39.765 0.0000000000
34849  -26.475  -44.895  50.408 0.0000000000
113552  -27.362  -44.763  50.501 0.0000000000
33052  -32.664  -46.250  47.076 0.0000000000
37587  -29.171  -41.281  48.935 0.0000000000
37565  -30.765  -41.929  50.395 0.0000000000
126431  -31.569  -43.037  50.526 0.0000000000
132923  -33.040  -46.156  48.285 0.0000000000
32201  -36.526  -47.119  45.791 0.0000000000
32210  -37.087  -47.366  45.216 0.0000000000
36738  -38.187  -42.660  46.942 0.0000000000
35880  -39.583  -42.387  46.144 0.0000000000
34889  -38.960  -43.855  46.540 0.0000000000
34912  -39.210  -44.496  45.299 0.0000000000
34924  -39.290  -44.640  44.678 0.0000000000
37663  -41.847  -40.809  44.236 0.0000000000
42322  -41.377  -37.180  45.832 0.0000000000
41369  -42.109  -37.523  46.235 0.0000000000
40334  -43.078  -37.309  45.974 0.0000000000
43324  -43.602  -35.205  46.702 0.0000000000
41372  -43.900  -36.255  46.028 0.0000000000
40347  -43.625  -37.274  45.330 0.0000000000
40357  -44.845  -37.438  44.828 0.0000000000
40371  -46.579  -37.994  43.655 0.0000000000
43361  -46.259  -35.434  43.094 0.0000000000
44208  -46.642  -34.355  44.772 0.0000000000
44219  -46.264  -34.441  43.629 0.0000000000
112074  -45.748  -34.202  42.913 0.0000000000
113302  -45.848  -33.280  42.079 0.0000000000
33842  -26.129  -44.889  53.628 0.0000000000
118799  -54.142  -26.012  37.996 0.0000000000
48946  -54.910  -27.946  37.743 0.0000000000
47378  -54.637  -29.944  37.369 0.0000000000
48966  -56.803  -28.035  35.990 0.0000000000
47391  -55.912  -30.193  36.127 0.0000000000
46639  -55.033  -31.709  36.167 0.0000000000
130252  -56.484  -26.374  30.289 0.0000000000
51740  -58.564  -25.854  31.249 0.0000000000
55923  -57.509  -20.292  28.893 0.0000000000
55097  -56.770  -21.718  29.403 0.0000000000
118180  -57.518  -23.847  30.250 0.0000000000
51753  -58.276  -25.156  30.774 0.0000000000
50877  -59.420  -26.003  31.674 0.0000000000
49900  -60.347  -26.397  31.207 0.0000000000
133626  -25.642  -45.254  49.613 0.0000000000
48096  -45.182  -29.913  44.659 0.0000000000
48086  -45.806  -29.299  45.087 0.0000000000
48108  -44.863  -30.198  43.575 0.0000000000
114018  -40.033  -38.710  44.243 0.0000000000
40367  -40.368  -38.343  44.684 0.0000000000
112606  -40.611  -38.069  44.183 0.0000000000
47298  -44.426  -31.053  44.725 0.0000000000
47299  -44.951  -30.432  45.038 0.0000000000
48085  -45.502  -29.888  45.326 0.0000000000
50791  -51.873  -26.300  38.891 0.0000000000
50792  -52.482  -26.354  39.115 0.0000000000
120610  -52.791  -26.221  38.626 0.0000000000
50866  -58.446  -26.816  32.727 0.0000000000
50859  -58.899  -26.935  33.041 0.0000000000
50860  -59.488  -26.854  32.419 0.0000000000
56713  -60.345  -19.573  27.083 0.0000000000
56714  -60.911  -19.537  27.464 0.0000000000
60552  -58.061  -14.328  25.708 0.0000000000
59774  -58.830  -14.644  26.317 0.0000000000
60543  -60.071  -13.883  26.610 0.0000000000
60544  -60.966  -14.198  26.670 0.0000000000
46589  -47.776  -31.227  43.116 0.0000000000
46582  -48.383  -30.712  43.272 0.0000000000
49733  -47.967  -27.137  43.041 0.0000000000
50727  -48.531  -26.870  43.310 0.0000000000
50738  -48.570  -26.810  42.406 0.0000000000
50750  -49.061  -26.648  41.646 0.0000000000
117911  -48.601  -26.944  41.362 0.0000000000
36685  -26.658  -43.515  53.726 0.0000000000
36686  -27.302  -43.509  53.488 0.0000000000
130386  -30.136  -42.356  51.251 0.0000000000
35862  -34.307  -42.958  49.024 0.0000000000
36720  -33.572  -42.766  49.177 0.0000000000
115277  -33.932  -44.385  49.121 0.0000000000
34887  -37.658  -44.344  47.379 0.0000000000
34900  -38.601  -44.795  46.377 0.0000000000
36757  -40.545  -42.313  45.224 0.0000000000
36758  -41.002  -41.828  44.865 0.0000000000
39428  -42.696  -38.532  45.294 0.0000000000
128353  -42.562  -39.414  44.589 0.0000000000
39433  -42.949  -38.617  44.943 0.0000000000
124848  -42.324  -35.249  45.152 0.0000000000
44207  -42.636  -34.617  44.934 0.0000000000
120470  -45.594  -34.717  46.221 0.0000000000
43332  -45.206  -35.491  46.163 0.0000000000
43333  -46.068  -35.134  45.706 0.0000000000
42344  -46.285  -36.105  45.001 0.0000000000
123339  -46.394  -35.484  45.220 0.0000000000
43346  -46.623  -35.577  44.641 0.0000000000
35837  -25.894  -43.245  53.395 0.0000000000
35828  -25.980  -43.865  54.068 0.0000000000
46600  -50.991  -31.016  41.123 0.0000000000
46607  -51.047  -31.309  40.808 0.0000000000
46608  -51.477  -31.208  40.864 0.0000000000
46632  -53.924  -31.761  37.745 0.0000000000
45882  -53.921  -32.412  37.142 0.0000000000
45893  -54.356  -32.515  36.378 0.0000000000
50837  -55.210  -26.082  36.015 0.0000000000
50838  -55.885  -26.199  35.773 0.0000000000
53376  -60.574  -22.881  30.193 0.0000000000
54238  -60.321  -22.785  30.395 0.0000000000
47292  -47.017  -29.574  45.299 0.0000000000
48072  -46.850  -28.976  45.242 0.0000000000
48870  -46.276  -28.800  43.772 0.0000000000
48857  -46.935  -28.365  44.851 0.0000000000
48871  -46.851  -28.134  44.246 0.0000000000
49732  -47.413  -27.617  43.676 0.0000000000
48886  -46.857  -28.329  43.202 0.0000000000
36710  -25.778  -42.530  50.683 0.0000000000
37575  -28.869  -41.494  49.865 0.0000000000
39426  -39.798  -39.547  45.235 0.0000000000
39417  -40.125  -39.741  45.477 0.0000000000
38517  -40.513  -40.034  45.634 0.0000000000
38518  -41.221  -40.285  45.468 0.0000000000
40344  -40.911  -38.600  45.648 0.0000000000
39413  -41.919  -38.596  45.667 0.0000000000
114371  -42.149  -39.134  45.353 0.0000000000
45822  -43.099  -32.594  44.554 0.0000000000
45816  -43.291  -32.434  45.306 0.0000000000
46556  -44.676  -31.647  45.983 0.0000000000
114667  -44.004  -32.230  46.088 0.0000000000
45800  -45.114  -32.652  46.321 0.0000000000
45811  -45.379  -32.047  46.128 0.0000000000
48058  -45.854  -29.770  45.492 0.0000000000
47279  -45.882  -30.454  45.701 0.0000000000
46559  -46.702  -30.353  45.395 0.0000000000
133675  -47.100  -30.672  45.067 0.0000000000
36698  -25.337  -42.815  51.158 0.0000000000
48905  -51.764  -28.172  40.891 0.0000000000
48917  -52.173  -28.593  40.517 0.0000000000
49759  -52.093  -27.645  40.475 0.0000000000
49784  -53.406  -27.121  39.021 0.0000000000
48929  -52.968  -28.142  39.531 0.0000000000
48936  -53.526  -28.171  38.930 0.0000000000
48146  -53.593  -29.235  38.600 0.0000000000
48937  -54.202  -28.106  38.335 0.0000000000
49852  -56.913  -26.715  34.763 0.0000000000
126611  -57.202  -26.881  35.061 0.0000000000
50839  -57.681  -27.038  34.311 0.0000000000
48997  -58.904  -28.188  33.672 0.0000000000
48187  -58.773  -29.198  33.743 0.0000000000
47430  -58.575  -30.079  33.418 0.0000000000
48215  -59.172  -29.363  32.276 0.0000000000
57482  -60.074  -18.436  28.400 0.0000000000
124734  -59.388  -18.714  28.494 0.0000000000
55100  -60.716  -21.422  29.240 0.0000000000
47314  -43.019  -31.537  42.186 0.0000000000
49867  -55.631  -27.491  33.779 0.0000000000
49897  -56.691  -27.769  31.654 0.0000000000
49882  -57.497  -27.318  32.244 0.0000000000
49912  -56.564  -27.647  30.891 0.0000000000
59078  -57.439  -15.907  26.095 0.0000000000
59066  -57.406  -16.616  26.444 0.0000000000
59065  -56.739  -17.030  26.359 0.0000000000
59056  -57.991  -17.079  26.950 0.0000000000
58311  -58.628  -17.449  27.477 0.0000000000
59057  -58.859  -16.705  27.141 0.0000000000
59059  -60.867  -16.206  27.092 0.0000000000
59058  -60.417  -16.356  27.303 0.0000000000
58314  -61.036  -17.036  27.289 0.0000000000
114501  -61.125  -17.711  27.391 0.0000000000
58321  -61.168  -17.443  26.705 0.0000000000
57519  -60.528  -17.651  26.118 0.0000000000
59069  -61.100  -16.418  26.623 0.0000000000
59776  -61.164  -15.002  25.889 0.0000000000
62166  -59.949  -11.938  25.939 0.0000000000
62167  -60.751  -11.882  25.870 0.0000000000
62176  -61.015  -12.406  24.840 0.0000000000
61318  -60.998  -13.125  24.816 0.0000000000
45849  -48.394  -31.736  40.983 0.0000000000
45837  -48.833  -31.352  41.696 0.0000000000
46583  -49.219  -30.542  42.750 0.0000000000
46598  -49.712  -31.123  41.657 0.0000000000
46591  -49.747  -30.830  42.066 0.0000000000
46592  -50.242  -30.731  41.768 0.0000000000
48087  -48.539  -29.002  44.454 0.0000000000
47302  -48.847  -29.631  43.855 0.0000000000
48859  -48.868  -28.237  44.323 0.0000000000
49722  -49.792  -27.450  43.475 0.0000000000
48872  -49.522  -28.317  43.738 0.0000000000
48888  -50.606  -28.499  42.362 0.0000000000
49735  -50.904  -27.561  42.112 0.0000000000
50742  -50.470  -26.775  42.242 0.0000000000
51663  -49.895  -26.308  40.778 0.0000000000
51653  -50.350  -26.332  41.271 0.0000000000
128923  -26.755  -44.943  52.177 0.0000000000
34850  -27.049  -44.855  51.365 0.0000000000
34841  -27.540  -44.695  52.255 0.0000000000
34842  -28.216  -44.513  52.097 0.0000000000
36693  -28.411  -43.045  52.630 0.0000000000
33876  -31.461  -45.247  49.296 0.0000000000
33888  -31.899  -45.682  48.585 0.0000000000
33901  -32.031  -45.856  47.135 0.0000000000
112104  -32.424  -46.060  47.922 0.0000000000
131154  -29.813  -41.238  49.088 0.0000000000
37576  -29.821  -41.441  49.763 0.0000000000
36712  -31.945  -42.814  50.148 0.0000000000
34856  -32.201  -43.927  50.094 0.0000000000
33878  -33.585  -45.110  48.922 0.0000000000
115991  -33.295  -45.748  48.676 0.0000000000
33036  -33.217  -46.432  47.735 0.0000000000
33054  -34.336  -46.787  46.675 0.0000000000
33045  -35.281  -46.618  47.227 0.0000000000
32193  -34.925  -46.843  47.078 0.0000000000
32200  -35.802  -46.881  46.481 0.0000000000
117504  -35.907  -47.159  45.894 0.0000000000
33904  -37.003  -45.818  46.983 0.0000000000
33056  -37.186  -46.708  45.997 0.0000000000
32202  -37.001  -47.051  45.745 0.0000000000
33066  -37.415  -46.954  45.472 0.0000000000
33057  -37.753  -46.431  45.748 0.0000000000
33068  -38.432  -46.151  44.874 0.0000000000
33078  -38.623  -46.347  44.142 0.0000000000
33942  -38.813  -45.470  44.653 0.0000000000
35888  -39.872  -42.641  45.998 0.0000000000
37608  -39.483  -41.880  46.011 0.0000000000
123274  -39.285  -43.006  46.428 0.0000000000
35887  -39.538  -43.336  46.045 0.0000000000
34901  -39.149  -44.192  45.926 0.0000000000
35894  -39.623  -43.549  45.559 0.0000000000
34925  -39.794  -43.828  44.396 0.0000000000
34913  -39.678  -43.688  45.067 0.0000000000
34933  -39.451  -44.713  44.017 0.0000000000
35915  -40.652  -43.175  42.820 0.0000000000
35921  -41.399  -42.826  42.047 0.0000000000
37651  -41.431  -40.771  44.993 0.0000000000
41424  -41.273  -37.436  44.483 0.0000000000
42355  -41.344  -36.964  45.013 0.0000000000
42324  -42.190  -35.981  46.445 0.0000000000
42323  -41.719  -36.688  46.297 0.0000000000
42304  -42.189  -36.679  46.466 0.0000000000
41370  -42.700  -37.119  46.294 0.0000000000
44197  -43.408  -33.995  46.553 0.0000000000
44196  -42.918  -34.543  46.298 0.0000000000
119013  -43.823  -34.807  46.868 0.0000000000
42325  -44.471  -35.901  46.144 0.0000000000
41391  -44.302  -36.567  45.554 0.0000000000
41407  -44.464  -37.056  45.138 0.0000000000
41408  -45.345  -37.063  45.038 0.0000000000
41425  -46.658  -37.230  44.041 0.0000000000
40370  -45.786  -37.589  44.403 0.0000000000
43353  -46.629  -35.379  43.876 0.0000000000
45023  -46.629  -33.335  45.048 0.0000000000
45829  -46.346  -32.646  43.530 0.0000000000
45034  -46.341  -33.626  43.894 0.0000000000
45047  -47.075  -32.243  41.538 0.0000000000
34826  -26.408  -44.498  53.752 0.0000000000
120705  -25.978  -45.191  52.517 0.0000000000
47352  -52.426  -30.825  40.467 0.0000000000
46615  -52.453  -31.560  40.154 0.0000000000
50811  -53.275  -26.115  38.029 0.0000000000
49802  -55.338  -27.038  37.548 0.0000000000
48156  -55.178  -28.818  37.336 0.0000000000
48967  -57.405  -28.228  35.367 0.0000000000
48173  -57.031  -29.101  35.632 0.0000000000
121331  -56.584  -29.884  35.741 0.0000000000
47403  -56.310  -30.862  35.463 0.0000000000
47402  -55.570  -31.047  35.935 0.0000000000
46646  -55.606  -31.698  35.578 0.0000000000
50891  -57.864  -26.579  31.279 0.0000000000
111791  -57.455  -25.926  30.632 0.0000000000
55924  -58.514  -20.125  29.148 0.0000000000
55911  -58.089  -20.980  29.435 0.0000000000
119925  -57.478  -21.511  29.522 0.0000000000
54254  -57.400  -22.113  29.726 0.0000000000
127465  -56.651  -22.413  29.591 0.0000000000
53371  -57.315  -22.886  29.914 0.0000000000
53392  -56.576  -23.450  29.832 0.0000000000
53372  -58.338  -23.187  30.409 0.0000000000
52553  -60.119  -24.668  31.177 0.0000000000
51754  -58.787  -24.558  30.874 0.0000000000
51741  -59.364  -25.105  31.284 0.0000000000
51742  -60.018  -25.532  31.445 0.0000000000
50869  -60.264  -25.944  31.370 0.0000000000
48071  -46.306  -29.141  45.269 0.0000000000
40343  -40.357  -39.155  45.453 0.0000000000
40355  -40.592  -38.479  45.276 0.0000000000
41406  -40.999  -37.975  45.656 0.0000000000
46580  -43.525  -31.913  43.577 0.0000000000
46566  -43.756  -31.918  45.267 0.0000000000
46572  -43.925  -31.664  44.534 0.0000000000
47276  -44.786  -31.187  45.703 0.0000000000
47277  -45.137  -30.976  45.743 0.0000000000
46557  -45.255  -31.205  45.890 0.0000000000
128792  -45.645  -29.978  45.486 0.0000000000
50775  -51.997  -26.432  39.890 0.0000000000
112979  -52.387  -27.078  39.993 0.0000000000
50776  -52.782  -26.636  39.371 0.0000000000
50850  -58.337  -27.142  33.658 0.0000000000
49870  -58.884  -27.484  33.401 0.0000000000
48998  -59.377  -27.955  33.173 0.0000000000
48216  -59.553  -28.654  32.588 0.0000000000
49014  -59.708  -27.965  32.703 0.0000000000
49031  -59.897  -27.920  32.142 0.0000000000
49899  -60.128  -27.157  31.566 0.0000000000
57484  -61.182  -18.926  28.070 0.0000000000
56702  -60.823  -19.495  28.449 0.0000000000
130280  -61.218  -19.165  28.068 0.0000000000
55937  -61.146  -19.937  28.083 0.0000000000
59773  -57.761  -15.141  25.874 0.0000000000
59763  -58.381  -15.606  26.423 0.0000000000
59067  -59.196  -15.967  26.862 0.0000000000
59757  -60.711  -15.427  26.946 0.0000000000
59758  -60.816  -15.440  26.815 0.0000000000
59070  -60.971  -15.552  26.646 0.0000000000
60545  -60.937  -14.599  26.596 0.0000000000
60555  -61.115  -14.375  26.278 0.0000000000
114351  -61.117  -13.656  26.126 0.0000000000
63976  -60.558  -10.705  25.512 0.0000000000
62168  -60.888  -11.897  25.563 0.0000000000
63092  -60.749  -11.098  25.362 0.0000000000
62187  -59.311  -12.356  23.264 0.0000000000
49709  -48.033  -27.466  44.338 0.0000000000
49710  -48.485  -27.593  44.302 0.0000000000
49720  -48.634  -27.118  43.935 0.0000000000
50729  -49.288  -26.857  43.534 0.0000000000
50740  -49.471  -26.583  42.791 0.0000000000
128729  -50.003  -26.577  42.426 0.0000000000
51640  -49.513  -26.543  42.016 0.0000000000
51651  -49.631  -26.477  41.297 0.0000000000
51662  -49.405  -26.568  40.764 0.0000000000
34827  -27.246  -44.225  53.389 0.0000000000
34835  -28.326  -44.084  52.505 0.0000000000
33868  -32.074  -44.761  49.721 0.0000000000
34857  -32.880  -43.720  49.658 0.0000000000
33890  -33.991  -45.933  48.556 0.0000000000
33038  -34.227  -46.379  48.100 0.0000000000
33039  -34.709  -46.079  48.108 0.0000000000
131428  -34.979  -46.384  47.628 0.0000000000
33902  -35.436  -46.180  47.557 0.0000000000
33917  -38.174  -45.714  46.105 0.0000000000
111515  -40.328  -40.773  45.621 0.0000000000
37624  -39.480  -41.265  45.692 0.0000000000
116987  -39.906  -41.396  45.799 0.0000000000
132981  -40.302  -43.122  44.481 0.0000000000
40380  -44.055  -38.828  43.515 0.0000000000
40381  -44.930  -38.445  43.689 0.0000000000
42357  -42.522  -36.175  43.899 0.0000000000
42356  -41.713  -36.636  44.650 0.0000000000
43344  -42.060  -35.862  44.915 0.0000000000
43335  -41.937  -35.597  45.762 0.0000000000
43330  -42.269  -35.400  46.299 0.0000000000
44192  -44.302  -34.328  46.726 0.0000000000
43325  -44.023  -34.984  46.934 0.0000000000
43326  -44.743  -34.915  46.597 0.0000000000
42326  -45.089  -36.185  45.716 0.0000000000
42343  -45.615  -36.493  45.285 0.0000000000
42359  -46.801  -36.074  44.002 0.0000000000
45823  -46.600  -32.520  44.712 0.0000000000
45835  -46.476  -32.456  42.578 0.0000000000
123054  -47.041  -31.796  42.917 0.0000000000
35835  -24.418  -43.574  52.130 0.0000000000
133485  -24.752  -43.783  53.861 0.0000000000
47363  -53.159  -31.074  39.284 0.0000000000
46622  -53.138  -31.927  39.169 0.0000000000
46631  -53.420  -32.139  38.456 0.0000000000
123486  -54.558  -26.075  37.347 0.0000000000
50822  -55.165  -26.065  36.929 0.0000000000
49816  -55.884  -26.986  36.895 0.0000000000
130304  -57.790  -29.864  34.625 0.0000000000
55099  -59.590  -21.298  29.902 0.0000000000
55098  -58.845  -21.413  29.934 0.0000000000
121747  -59.385  -21.816  30.191 0.0000000000
55085  -58.859  -22.080  30.239 0.0000000000
54236  -59.057  -22.806  30.508 0.0000000000
53353  -59.976  -23.966  31.015 0.0000000000
52554  -60.377  -24.703  30.869 0.0000000000
61303  -58.308  -13.619  25.590 0.0000000000
60554  -60.124  -13.236  26.425 0.0000000000
61304  -59.226  -12.887  25.870 0.0000000000
63082  -59.670  -11.325  25.642 0.0000000000
63090  -59.025  -11.011  25.248 0.0000000000
63091  -60.043  -10.599  25.637 0.0000000000
46574  -47.991  -30.474  44.129 0.0000000000
47293  -47.626  -29.100  44.929 0.0000000000
48841  -46.835  -28.625  45.069 0.0000000000
48858  -47.374  -28.110  44.720 0.0000000000
49719  -48.003  -27.215  43.899 0.0000000000
110784  -26.157  -42.792  52.495 0.0000000000
36700  -26.773  -42.500  52.048 0.0000000000
36701  -27.772  -42.592  52.408 0.0000000000
37554  -28.188  -42.146  51.557 0.0000000000
37555  -29.010  -42.121  51.511 0.0000000000
125336  -29.704  -42.250  51.387 0.0000000000
37556  -30.211  -42.064  50.939 0.0000000000
35879  -38.269  -43.377  47.048 0.0000000000
37626  -40.824  -40.839  45.487 0.0000000000
128437  -41.100  -41.252  45.125 0.0000000000
37641  -41.542  -40.183  45.278 0.0000000000
38519  -41.658  -39.713  45.403 0.0000000000
130219  -43.034  -33.310  43.542 0.0000000000
125103  -42.802  -33.902  44.832 0.0000000000
45021  -42.965  -33.216  45.297 0.0000000000
45015  -43.526  -33.316  46.462 0.0000000000
45817  -43.647  -32.274  45.859 0.0000000000
45810  -43.686  -32.726  46.245 0.0000000000
45010  -44.233  -33.715  46.639 0.0000000000
45011  -44.829  -33.491  46.498 0.0000000000
123057  -45.672  -33.894  46.279 0.0000000000
44203  -46.265  -34.291  45.720 0.0000000000
45017  -46.103  -33.445  45.963 0.0000000000
45818  -46.479  -32.621  45.340 0.0000000000
115907  -45.846  -31.442  45.877 0.0000000000
46567  -46.367  -31.798  45.526 0.0000000000
124447  -46.606  -31.972  45.144 0.0000000000
46568  -46.754  -31.207  45.176 0.0000000000
46573  -47.292  -30.880  44.660 0.0000000000
48122  -51.323  -29.412  41.460 0.0000000000
47328  -51.622  -30.098  41.241 0.0000000000
121627  -52.053  -29.930  40.940 0.0000000000
123906  -52.366  -30.023  40.592 0.0000000000
123909  -52.675  -30.030  40.017 0.0000000000
48928  -52.492  -27.986  40.027 0.0000000000
119785  -53.095  -30.125  39.359 0.0000000000
47364  -53.518  -30.387  38.608 0.0000000000
47377  -53.998  -30.716  37.931 0.0000000000
50849  -56.084  -26.457  35.190 0.0000000000
50824  -56.536  -26.567  35.608 0.0000000000
48979  -57.833  -28.502  34.797 0.0000000000
48186  -58.145  -29.239  34.432 0.0000000000
47417  -58.296  -30.052  34.102 0.0000000000
57495  -57.601  -18.504  27.734 0.0000000000
132898  -57.552  -19.101  28.138 0.0000000000
56700  -58.980  -19.355  28.823 0.0000000000
56688  -59.515  -19.998  29.216 0.0000000000
56689  -60.427  -20.065  29.027 0.0000000000
55913  -59.954  -20.672  29.531 0.0000000000
55087  -60.508  -21.744  29.664 0.0000000000
55088  -60.504  -22.104  29.894 0.0000000000
47316  -44.034  -31.041  43.209 0.0000000000
114712  -44.291  -30.636  42.807 0.0000000000
45033  -42.911  -33.708  42.793 0.0000000000
45827  -43.160  -32.280  42.856 0.0000000000
47306  -43.544  -31.577  42.951 0.0000000000
50810  -52.312  -26.406  38.058 0.0000000000
49815  -52.660  -26.966  36.184 0.0000000000
49832  -54.068  -26.746  35.535 0.0000000000
49833  -54.875  -26.520  35.234 0.0000000000
49850  -55.291  -26.829  34.665 0.0000000000
49868  -56.721  -27.229  33.733 0.0000000000
49869  -57.624  -27.052  33.268 0.0000000000
58319  -56.430  -17.641  26.584 0.0000000000
58309  -56.845  -18.212  27.160 0.0000000000
57496  -58.352  -18.102  27.761 0.0000000000
58297  -59.402  -17.945  28.003 0.0000000000
58298  -60.512  -17.884  27.971 0.0000000000
113362  -59.705  -16.298  27.266 0.0000000000
58312  -60.236  -17.260  27.701 0.0000000000
58299  -61.029  -18.019  27.710 0.0000000000
57497  -61.128  -18.513  27.813 0.0000000000
57507  -61.203  -18.323  27.182 0.0000000000
56728  -60.773  -18.950  26.909 0.0000000000
59080  -61.122  -15.737  26.180 0.0000000000
60567  -61.282  -13.293  25.538 0.0000000000
61319  -61.187  -12.516  25.391 0.0000000000
45844  -50.428  -31.267  41.002 0.0000000000
47327  -50.710  -30.686  41.464 0.0000000000
47309  -49.378  -29.943  43.126 0.0000000000
48099  -49.714  -29.256  43.121 0.0000000000
47310  -49.914  -29.958  42.606 0.0000000000
48111  -50.248  -29.400  42.513 0.0000000000
48112  -50.759  -29.457  41.921 0.0000000000
49747  -51.383  -27.652  41.438 0.0000000000
50753  -51.211  -26.774  41.107 0.0000000000
50752  -50.637  -26.486  41.470 0.0000000000
132566  -51.061  -26.428  40.922 0.0000000000
51665  -51.171  -26.377  40.556 0.0000000000
50790  -50.792  -26.340  38.878 0.0000000000
48119  -44.990  -30.246  42.486 0.0000000000
48110  -46.445  -29.488  41.968 0.0000000000
48121  -46.446  -30.006  41.146 0.0000000000
114657  -46.982  -28.762  42.170 0.0000000000
48903  -47.598  -28.268  41.558 0.0000000000
49758  -48.065  -27.494  40.912 0.0000000000
50762  -48.623  -27.074  40.356 0.0000000000
50808  -50.133  -26.772  38.068 0.0000000000
36687  -27.757  -43.438  53.143 0.0000000000
35831  -28.034  -43.669  52.911 0.0000000000
123547  -30.230  -41.725  50.401 0.0000000000
36705  -31.250  -42.819  50.665 0.0000000000
126228  -32.655  -44.372  49.652 0.0000000000
33889  -32.616  -45.765  48.694 0.0000000000
131989  -35.780  -45.653  47.677 0.0000000000
33055  -36.600  -46.825  46.211 0.0000000000
33067  -37.938  -46.725  45.107 0.0000000000
33077  -38.239  -46.818  44.554 0.0000000000
37607  -38.630  -41.976  46.205 0.0000000000
36739  -38.920  -42.494  46.460 0.0000000000
130815  -39.008  -44.971  44.964 0.0000000000
33951  -39.065  -45.447  44.027 0.0000000000
37650  -41.305  -41.417  44.706 0.0000000000
37662  -41.521  -41.649  43.699 0.0000000000
36785  -41.806  -41.983  42.471 0.0000000000
41388  -41.345  -37.745  45.851 0.0000000000
133291  -41.611  -36.552  46.083 0.0000000000
132370  -41.542  -37.213  46.134 0.0000000000
41389  -41.773  -37.882  45.998 0.0000000000
40333  -42.509  -37.892  45.832 0.0000000000
40346  -43.082  -37.716  45.632 0.0000000000
43323  -42.914  -35.232  46.489 0.0000000000
42305  -43.363  -35.911  46.519 0.0000000000
42306  -43.911  -35.637  46.545 0.0000000000
41371  -43.366  -36.540  46.250 0.0000000000
41390  -43.521  -36.932  45.721 0.0000000000
40356  -43.693  -37.706  44.968 0.0000000000
40369  -44.862  -37.866  44.379 0.0000000000
40382  -45.852  -38.312  43.810 0.0000000000
44204  -46.615  -34.285  45.149 0.0000000000
44213  -46.654  -35.177  44.399 0.0000000000
44212  -46.577  -34.478  44.301 0.0000000000
123638  -45.769  -33.938  41.216 0.0000000000
128733  -46.414  -33.018  40.970 0.0000000000
33857  -26.158  -45.093  51.326 0.0000000000
46609  -52.050  -31.416  40.590 0.0000000000
49785  -54.174  -26.521  38.365 0.0000000000
50812  -54.862  -26.360  37.682 0.0000000000
49801  -54.680  -27.140  38.118 0.0000000000
48155  -54.326  -28.981  37.836 0.0000000000
49817  -56.515  -27.014  36.275 0.0000000000
48955  -56.203  -27.890  36.619 0.0000000000
48165  -56.339  -29.056  36.316 0.0000000000
48164  -55.766  -28.621  36.829 0.0000000000
121677  -55.496  -29.565  36.757 0.0000000000
47390  -55.067  -30.727  36.614 0.0000000000
46638  -54.412  -31.692  36.832 0.0000000000
50890  -57.014  -26.896  30.773 0.0000000000
50876  -58.699  -26.426  31.907 0.0000000000
56698  -57.044  -19.660  28.369 0.0000000000
113197  -56.416  -20.420  28.645 0.0000000000
55910  -57.057  -21.028  29.157 0.0000000000
55111  -56.186  -21.274  29.011 0.0000000000
52570  -56.502  -24.341  30.009 0.0000000000
113181  -57.356  -24.859  30.395 0.0000000000
52571  -58.605  -23.955  30.635 0.0000000000
132834  -58.099  -24.458  30.554 0.0000000000
50868  -59.812  -26.395  31.790 0.0000000000
49884  -60.143  -26.563  31.641 0.0000000000
49913  -60.326  -26.941  30.982 0.0000000000
50910  -60.442  -26.274  30.779 0.0000000000
113812  -59.877  -27.407  30.733 0.0000000000
40332  -41.926  -38.082  45.873 0.0000000000
42303  -41.706  -37.254  46.220 0.0000000000
42342  -41.579  -36.367  45.591 0.0000000000
43345  -42.644  -35.272  44.402 0.0000000000
43347  -46.657  -35.524  44.334 0.0000000000
44190  -43.555  -34.608  46.732 0.0000000000
44191  -43.864  -34.453  46.819 0.0000000000
45014  -43.069  -33.712  45.927 0.0000000000
45027  -42.917  -33.286  44.355 0.0000000000
45798  -43.969  -32.988  46.421 0.0000000000
46546  -44.344  -32.304  46.186 0.0000000000
46616  -52.795  -31.594  39.694 0.0000000000
47291  -45.251  -30.522  45.511 0.0000000000
47315  -43.424  -31.317  42.515 0.0000000000
47326  -45.830  -30.356  41.139 0.0000000000
47339  -51.273  -30.723  41.223 0.0000000000
48123  -51.805  -29.211  40.971 0.0000000000
48129  -52.209  -29.389  40.639 0.0000000000
48840  -46.410  -28.934  45.170 0.0000000000
49748  -51.665  -27.362  40.875 0.0000000000
49898  -57.283  -27.247  31.428 0.0000000000
50728  -48.848  -26.795  43.386 0.0000000000
50741  -49.983  -26.747  43.001 0.0000000000
50751  -50.201  -26.476  41.815 0.0000000000
50892  -60.499  -25.755  31.015 0.0000000000
51641  -49.861  -26.515  42.113 0.0000000000
51654  -50.651  -26.291  40.940 0.0000000000
51664  -50.348  -26.254  40.772 0.0000000000
52552  -59.489  -24.271  31.019 0.0000000000
54237  -59.621  -22.455  30.428 0.0000000000
54275  -60.624  -22.164  29.493 0.0000000000
55903  -60.240  -21.318  29.710 0.0000000000
58320  -57.201  -17.419  26.760 0.0000000000
58322  -61.203  -16.952  27.082 0.0000000000
59765  -60.803  -14.818  26.738 0.0000000000
59766  -60.973  -15.200  26.618 0.0000000000
63084  -60.675  -11.344  25.588 0.0000000000
111732  -42.841  -35.859  46.536 0.0000000000
112330  -43.295  -32.287  43.855 0.0000000000
112373  -44.316  -31.419  45.269 0.0000000000
131261  -28.523  -44.636  51.572 0.0000000000
131385  -56.607  -22.897  29.698 0.0000000000
132010  -56.322  -27.146  30.470 0.0000000000
132351  -60.333  -22.222  30.126 0.0000000000
132727  -57.822  -16.135  26.388 0.0000000000
