#!ascii label  , from subject sub-v1s12x0050127_ses-1 vox2ras=TkReg
993
116686  -21.227  -3.645  -23.611 0.5555555820
70081  -22.502  -3.029  -24.146 0.6666666865
70894  -22.132  -2.288  -24.291 0.7777777910
70895  -22.992  -2.496  -24.720 0.7777777910
72622  -22.994  -0.412  -25.282 0.8888888955
71763  -25.088  -0.877  -24.924 0.8888888955
70064  -20.394  -3.740  -23.126 0.5555555820
70878  -20.620  -2.975  -23.688 0.5555555820
70893  -21.189  -2.288  -24.114 0.6666666865
71737  -21.677  -1.457  -24.486 0.8888888955
71739  -23.478  -1.874  -25.028 0.8888888955
72623  -23.885  -0.625  -25.250 0.8888888955
73410  -24.220  0.239  -25.398 1.0000000000
72625  -25.370  -0.178  -25.039 0.8888888955
73412  -25.675  0.531  -25.294 1.0000000000
71723  -20.196  -1.731  -23.683 0.7777777910
73396  -21.141  -0.057  -24.886 1.0000000000
127038  -20.685  0.535  -24.952 1.0000000000
72621  -22.075  -0.016  -25.115 1.0000000000
74174  -22.734  1.347  -25.775 1.0000000000
73408  -21.357  0.720  -25.278 1.0000000000
74192  -23.653  1.658  -26.045 1.0000000000
74924  -22.111  2.091  -25.863 1.0000000000
74925  -22.953  2.193  -26.156 1.0000000000
74177  -25.987  1.378  -25.630 1.0000000000
74943  -23.731  2.491  -26.332 1.0000000000
74193  -24.440  2.051  -26.188 1.0000000000
111403  -26.610  2.169  -25.532 1.0000000000
74946  -25.983  3.203  -26.353 1.0000000000
74927  -26.543  3.022  -25.841 0.7777777910
74913  -19.922  1.831  -25.091 0.8888888955
74164  -20.620  1.314  -25.224 1.0000000000
74922  -20.579  2.306  -25.502 1.0000000000
74942  -22.417  2.840  -26.245 1.0000000000
75736  -23.711  3.298  -26.622 1.0000000000
74944  -24.504  2.949  -26.550 1.0000000000
75737  -24.929  3.644  -26.960 1.0000000000
75739  -26.448  3.924  -26.222 1.0000000000
75714  -27.247  3.619  -25.603 0.8888888955
76575  -27.199  4.382  -25.789 1.0000000000
76576  -28.020  4.237  -25.479 0.7777777910
76577  -29.067  4.026  -25.296 0.7777777910
75705  -18.909  3.162  -25.149 0.5555555820
76591  -20.070  4.867  -26.362 0.7777777910
76574  -20.244  4.005  -26.053 0.8888888955
75734  -22.015  3.657  -26.402 1.0000000000
76593  -21.598  4.470  -26.614 0.8888888955
76594  -22.634  4.551  -26.995 1.0000000000
76595  -23.645  4.242  -27.142 1.0000000000
77433  -25.902  4.603  -26.989 1.0000000000
76597  -26.766  4.904  -26.289 0.8888888955
77434  -26.291  5.417  -26.816 1.0000000000
76598  -27.737  5.157  -25.706 0.8888888955
132035  -28.589  5.523  -25.767 0.7777777910
77438  -30.464  4.847  -26.666 0.6666666865
77451  -29.919  5.831  -26.696 0.6666666865
77418  -17.627  5.599  -25.035 0.4444444478
77420  -19.148  5.066  -26.059 0.7777777910
77429  -18.777  5.880  -26.195 0.6666666865
77444  -20.881  6.049  -27.161 0.7777777910
77432  -21.036  5.210  -26.818 0.8888888955
76608  -22.724  5.418  -27.457 0.8888888955
76610  -24.111  5.095  -27.558 1.0000000000
77447  -23.141  5.933  -27.724 1.0000000000
77448  -24.043  5.818  -27.705 1.0000000000
77449  -25.566  5.485  -27.323 1.0000000000
77450  -26.148  6.239  -26.925 0.8888888955
77435  -27.054  5.909  -26.169 0.7777777910
124766  -28.986  6.048  -26.152 0.7777777910
122903  -31.109  4.652  -27.439 0.5555555820
78294  -29.412  6.660  -26.676 0.7777777910
78307  -30.328  6.490  -27.497 0.6666666865
78289  -18.416  6.835  -26.320 0.6666666865
78282  -17.958  6.146  -25.704 0.6666666865
78290  -20.155  6.285  -26.935 0.7777777910
79107  -19.143  7.337  -26.969 0.7777777910
118744  -21.525  6.733  -27.677 0.8888888955
77446  -22.353  6.194  -27.644 0.8888888955
78303  -22.920  6.724  -27.970 1.0000000000
78305  -24.233  6.259  -27.725 1.0000000000
79108  -26.210  7.128  -26.405 0.8888888955
79109  -27.165  7.426  -26.113 0.8888888955
78292  -27.583  6.780  -25.799 0.7777777910
124418  -25.515  7.754  -26.712 0.8888888955
79110  -28.064  7.477  -26.038 0.7777777910
79105  -17.833  7.477  -26.192 0.6666666865
122048  -17.553  6.985  -25.676 0.5555555820
78301  -20.032  7.181  -27.381 0.8888888955
79120  -21.039  7.549  -27.924 0.8888888955
79132  -21.742  7.924  -28.393 1.0000000000
78314  -22.245  7.225  -28.085 1.0000000000
79121  -24.133  7.580  -27.741 1.0000000000
79122  -24.941  7.159  -27.325 0.8888888955
79913  -27.664  8.232  -26.354 0.7777777910
79914  -28.548  8.761  -26.607 0.7777777910
79125  -30.442  7.421  -27.945 0.6666666865
79136  -30.788  7.559  -28.863 0.5555555820
125210  -30.829  6.750  -28.534 0.5555555820
119028  -17.802  8.181  -26.427 0.7777777910
79909  -17.125  8.750  -26.238 0.6666666865
79117  -19.016  8.053  -27.299 0.8888888955
79131  -21.052  8.590  -28.543 1.0000000000
79133  -22.347  7.962  -28.542 1.0000000000
79924  -24.302  8.446  -27.641 0.8888888955
124206  -24.800  7.903  -27.301 0.8888888955
79925  -25.142  8.597  -27.195 0.8888888955
124288  -26.573  8.024  -26.415 0.8888888955
124059  -27.748  8.964  -26.506 0.7777777910
80697  -28.935  9.573  -26.904 0.7777777910
79927  -29.461  8.880  -27.263 0.7777777910
79929  -30.493  8.099  -28.287 0.5555555820
80683  -27.315  9.512  -26.544 0.7777777910
79939  -30.235  8.912  -28.210 0.5555555820
79940  -30.638  8.320  -29.062 0.5555555820
80698  -29.627  9.740  -27.636 0.6666666865
80668  -15.868  9.519  -25.495 0.4444444478
80691  -17.995  9.805  -27.351 0.7777777910
79923  -20.241  9.014  -28.367 1.0000000000
79921  -18.567  9.223  -27.477 0.8888888955
79934  -21.266  9.338  -28.726 1.0000000000
80710  -23.104  8.959  -28.516 0.8888888955
80709  -22.351  9.378  -28.629 0.8888888955
118436  -23.773  8.902  -27.959 0.8888888955
80695  -24.535  9.243  -27.477 0.8888888955
80682  -26.383  9.406  -26.658 0.8888888955
124913  -28.500  10.120  -26.707 0.6666666865
80711  -30.047  9.826  -28.533 0.5555555820
82270  -17.309  12.038  -27.885 0.6666666865
81449  -17.194  11.232  -27.488 0.6666666865
81464  -19.285  11.144  -28.557 0.7777777910
80707  -21.265  9.922  -28.629 0.8888888955
81466  -20.767  10.483  -28.527 0.7777777910
81469  -22.332  9.943  -28.343 0.7777777910
127856  -22.862  9.533  -28.311 0.8888888955
81454  -23.265  10.108  -27.731 0.7777777910
80694  -23.577  9.421  -27.895 0.8888888955
82277  -24.945  10.361  -26.929 0.7777777910
81456  -25.188  9.902  -27.083 0.7777777910
81442  -26.741  10.192  -26.513 0.6666666865
82260  -25.142  11.017  -26.566 0.6666666865
121503  -26.600  10.943  -26.330 0.6666666865
81443  -27.417  10.934  -26.445 0.6666666865
123641  -27.780  10.201  -26.497 0.5555555820
83062  -27.451  12.398  -26.728 0.6666666865
82263  -27.860  11.686  -26.757 0.5555555820
83080  -29.275  11.606  -27.812 0.5555555820
82278  -28.655  11.733  -27.246 0.5555555820
83847  -16.449  14.651  -26.773 0.3333333433
83866  -17.140  13.818  -27.160 0.3333333433
83071  -17.592  12.975  -27.972 0.5555555820
83087  -18.501  12.191  -28.362 0.6666666865
83073  -19.471  12.462  -28.078 0.5555555820
83088  -19.261  12.016  -28.471 0.7777777910
82273  -21.146  10.877  -28.296 0.7777777910
83075  -21.101  11.573  -27.681 0.6666666865
81453  -22.446  10.556  -27.791 0.6666666865
82274  -21.741  10.977  -27.817 0.6666666865
82275  -23.417  11.094  -27.071 0.6666666865
82259  -24.484  11.497  -26.536 0.6666666865
118125  -25.298  11.811  -26.321 0.6666666865
83061  -26.685  12.390  -26.442 0.6666666865
83063  -28.151  12.438  -27.149 0.5555555820
83880  -29.193  12.888  -28.703 0.5555555820
84601  -17.243  14.488  -26.747 0.4444444478
84592  -17.022  14.816  -26.401 0.4444444478
118215  -18.592  14.573  -26.185 0.5555555820
127511  -18.683  13.167  -27.575 0.5555555820
83054  -20.023  12.614  -27.319 0.6666666865
83074  -20.329  11.993  -28.030 0.6666666865
83055  -20.723  12.432  -27.043 0.6666666865
121143  -22.517  11.204  -27.288 0.6666666865
83077  -22.898  11.807  -26.622 0.6666666865
83059  -24.915  12.566  -26.256 0.6666666865
83869  -27.417  13.678  -27.235 0.6666666865
83878  -27.963  13.841  -27.960 0.5555555820
83879  -28.590  13.352  -28.260 0.6666666865
131917  -18.188  15.131  -25.644 0.4444444478
83850  -20.305  13.322  -26.583 0.6666666865
83056  -21.550  12.404  -26.694 0.6666666865
83076  -22.002  11.664  -26.975 0.6666666865
122108  -26.455  13.082  -26.488 0.6666666865
72605  -22.371  -0.915  -24.931 0.8888888955
113025  -20.910  -0.826  -24.565 1.0000000000
73409  -22.849  0.421  -25.478 1.0000000000
74175  -24.488  1.113  -25.817 1.0000000000
78306  -25.126  6.313  -27.484 0.8888888955
79095  -17.116  7.861  -25.732 0.5555555820
81428  -15.886  10.486  -25.951 0.5555555820
79911  -18.455  8.458  -27.017 0.7777777910
79935  -21.817  8.644  -28.764 1.0000000000
79912  -26.963  8.801  -26.597 0.8888888955
80667  -15.176  10.102  -25.027 0.2222222239
81458  -29.054  10.367  -27.199 0.6666666865
81452  -21.700  10.409  -28.336 0.7777777910
81459  -29.566  10.688  -27.906 0.4444444478
83849  -19.278  13.376  -26.862 0.6666666865
78267  -17.213  6.433  -24.972 0.4444444478
83890  -28.809  13.588  -29.114 0.5555555820
84587  -16.740  15.095  -25.184 0.2222222239
84593  -17.662  14.833  -26.208 0.3333333433
68513  -22.384  -5.274  -23.283 0.5555555820
69283  -22.969  -4.711  -23.715 0.5555555820
70065  -22.043  -3.491  -23.728 0.6666666865
122217  -23.474  -3.312  -24.438 0.5555555820
133276  -24.851  -1.437  -24.868 0.7777777910
71741  -25.457  -1.489  -24.711 0.8888888955
68512  -21.495  -5.080  -23.081 0.5555555820
70896  -23.857  -2.508  -24.814 0.6666666865
71740  -24.310  -1.803  -24.932 0.8888888955
72606  -25.803  -0.797  -24.780 0.7777777910
72626  -26.128  -0.065  -24.869 0.7777777910
73413  -26.411  0.686  -25.025 0.8888888955
69265  -20.257  -4.403  -22.670 0.4444444478
70877  -19.997  -2.469  -23.431 0.5555555820
116241  -19.538  -1.007  -23.608 0.2222222239
72593  -20.172  -0.967  -24.044 0.6666666865
124861  -27.984  2.377  -24.938 0.8888888955
74929  -28.754  2.636  -25.046 0.6666666865
76578  -30.002  3.732  -25.749 0.6666666865
73387  -19.599  0.514  -24.298 0.5555555820
127693  -30.643  4.061  -26.429 0.6666666865
74911  -18.547  2.570  -24.410 0.4444444478
76601  -31.235  4.108  -27.144 0.5555555820
76620  -32.121  4.927  -28.350 0.5555555820
116238  -17.641  4.237  -24.396 0.2222222239
77458  -31.529  5.132  -27.948 0.5555555820
129359  -31.557  6.431  -28.892 0.5555555820
79080  -16.041  7.420  -24.498 0.3333333433
78324  -31.874  6.446  -29.610 0.5555555820
79142  -30.906  7.754  -29.930 0.4444444478
120234  -30.580  8.393  -29.992 0.5555555820
80718  -30.060  9.690  -29.623 0.4444444478
83846  -15.477  14.295  -26.567 0.3333333433
83053  -16.045  13.344  -26.987 0.4444444478
82289  -29.563  11.325  -28.425 0.4444444478
120770  -29.474  12.381  -29.214 0.4444444478
83891  -29.275  13.021  -29.623 0.2222222239
116236  -17.796  15.102  -25.665 0.3333333433
83851  -21.217  13.394  -26.495 0.6666666865
83057  -22.447  12.549  -26.477 0.6666666865
83854  -24.192  13.099  -26.280 0.6666666865
127965  -24.911  13.520  -26.320 0.6666666865
83868  -26.667  13.785  -26.711 0.6666666865
84626  -28.285  13.937  -28.660 0.4444444478
83901  -28.868  13.701  -30.075 0.3333333433
84602  -19.727  14.276  -26.062 0.5555555820
70080  -21.598  -2.939  -23.946 0.6666666865
120095  -22.008  -4.288  -23.432 0.6666666865
70066  -22.755  -3.811  -23.921 0.6666666865
71738  -22.648  -1.730  -24.825 0.8888888955
71760  -23.215  -1.191  -25.168 0.8888888955
72604  -21.634  -0.655  -24.777 1.0000000000
72624  -24.684  -0.366  -25.153 1.0000000000
71762  -24.463  -1.079  -25.054 0.8888888955
69282  -20.971  -4.400  -23.269 0.5555555820
70892  -20.585  -2.243  -23.789 0.6666666865
71736  -20.765  -1.605  -24.181 0.8888888955
71761  -23.892  -1.333  -25.132 0.8888888955
129670  -23.522  0.073  -25.384 1.0000000000
73411  -24.978  0.379  -25.420 1.0000000000
120718  -23.585  0.809  -25.693 1.0000000000
125262  -25.283  1.002  -25.657 1.0000000000
130940  -19.880  -1.362  -23.658 0.6666666865
72603  -20.305  -0.039  -24.524 0.8888888955
73395  -20.116  0.826  -24.745 0.8888888955
131464  -20.030  1.313  -24.900 1.0000000000
120321  -22.171  0.798  -25.440 1.0000000000
74173  -21.831  1.392  -25.562 1.0000000000
74923  -21.304  1.892  -25.596 1.0000000000
74176  -25.197  1.703  -26.039 1.0000000000
74178  -26.827  1.442  -25.103 0.8888888955
74926  -25.837  2.401  -26.110 1.0000000000
121760  -23.142  2.853  -26.406 1.0000000000
74928  -27.292  2.763  -25.351 0.8888888955
75715  -28.220  3.281  -25.239 0.7777777910
74921  -19.777  2.719  -25.355 1.0000000000
74912  -19.216  2.200  -24.837 0.5555555820
74163  -19.515  1.332  -24.584 0.6666666865
74162  -18.771  1.729  -24.226 0.5555555820
74941  -21.400  2.791  -25.998 1.0000000000
75713  -20.457  3.194  -25.782 0.8888888955
75733  -21.071  3.734  -26.224 1.0000000000
75735  -22.929  3.555  -26.625 1.0000000000
125117  -24.276  3.710  -26.921 1.0000000000
76596  -24.520  4.295  -27.292 1.0000000000
119897  -25.217  4.205  -27.180 1.0000000000
76599  -28.782  4.850  -25.558 0.7777777910
76600  -29.794  4.511  -25.858 0.6666666865
75704  -18.202  3.383  -24.496 0.5555555820
76550  -18.412  4.008  -25.063 0.6666666865
75711  -19.022  3.924  -25.473 0.6666666865
75712  -19.652  3.567  -25.607 0.7777777910
126545  -19.472  4.323  -25.859 0.7777777910
77431  -20.346  5.597  -26.702 0.8888888955
76592  -20.797  4.440  -26.400 0.8888888955
76607  -22.005  5.274  -27.191 0.8888888955
76611  -25.030  4.850  -27.455 1.0000000000
77436  -28.043  6.069  -25.769 0.8888888955
77437  -29.488  5.341  -25.969 0.7777777910
76612  -31.637  4.418  -27.698 0.5555555820
77452  -30.716  5.439  -27.441 0.6666666865
77419  -18.386  5.330  -25.620 0.5555555820
76549  -17.387  5.063  -24.533 0.3333333433
76572  -18.008  4.793  -25.077 0.4444444478
76573  -18.732  4.562  -25.553 0.6666666865
118361  -19.344  6.518  -26.688 0.6666666865
77430  -19.618  5.668  -26.486 0.7777777910
77445  -21.578  5.880  -27.340 0.8888888955
76609  -23.337  5.160  -27.478 1.0000000000
78304  -23.571  6.359  -27.805 1.0000000000
78291  -26.799  6.706  -26.172 0.7777777910
78308  -31.221  5.995  -28.153 0.5555555820
78302  -20.724  6.754  -27.445 0.8888888955
78317  -23.758  6.924  -27.857 1.0000000000
79915  -29.228  8.107  -26.914 0.7777777910
79124  -29.769  7.389  -27.185 0.7777777910
78281  -16.754  7.199  -25.069 0.4444444478
79119  -20.318  8.149  -27.913 0.8888888955
79134  -22.860  7.846  -28.494 1.0000000000
79937  -23.064  8.295  -28.527 0.8888888955
79928  -30.070  8.170  -27.598 0.6666666865
78318  -31.245  7.000  -29.429 0.5555555820
79896  -16.331  8.660  -25.453 0.5555555820
79910  -17.882  8.983  -26.841 0.6666666865
118362  -19.636  8.547  -27.797 0.8888888955
79926  -25.982  8.668  -26.669 0.8888888955
80684  -28.166  9.526  -26.522 0.8888888955
81457  -25.899  9.861  -26.686 0.8888888955
80712  -30.408  9.028  -29.294 0.5555555820
80680  -16.528  9.517  -26.121 0.5555555820
80681  -17.319  9.614  -26.721 0.5555555820
80693  -19.402  9.423  -28.109 1.0000000000
80692  -18.693  10.094  -27.999 0.7777777910
81440  -17.476  10.347  -27.248 0.7777777910
80708  -21.822  9.314  -28.752 0.8888888955
79933  -20.748  9.990  -28.659 0.7777777910
80719  -30.226  8.816  -30.347 0.5555555820
82269  -16.571  12.287  -27.344 0.5555555820
83070  -16.993  12.771  -27.693 0.4444444478
82271  -17.933  11.494  -28.146 0.6666666865
82286  -19.093  11.682  -28.522 0.6666666865
81451  -18.645  10.937  -28.408 0.7777777910
81439  -16.803  10.406  -26.700 0.7777777910
116962  -16.294  11.411  -26.703 0.6666666865
82287  -20.351  11.057  -28.495 0.7777777910
81465  -20.097  10.657  -28.595 0.7777777910
81455  -24.294  9.930  -27.383 0.7777777910
82276  -24.260  10.620  -27.027 0.6666666865
81441  -25.791  10.516  -26.558 0.6666666865
82261  -26.059  11.530  -26.276 0.6666666865
82262  -27.027  11.657  -26.447 0.6666666865
81444  -28.364  10.888  -26.831 0.5555555820
83090  -29.437  12.082  -28.480 0.4444444478
81470  -29.809  10.601  -28.926 0.4444444478
83865  -16.579  13.707  -27.263 0.4444444478
83867  -17.873  13.481  -27.420 0.5555555820
83089  -19.984  11.693  -28.424 0.7777777910
83060  -25.872  12.484  -26.304 0.6666666865
129255  -27.694  12.980  -27.020 0.6666666865
83848  -18.147  13.985  -26.793 0.5555555820
83058  -23.870  12.089  -26.422 0.6666666865
83855  -25.773  13.505  -26.406 0.6666666865
79094  -16.424  7.879  -25.051 0.4444444478
81438  -15.563  11.579  -26.089 0.3333333433
78266  -16.350  6.664  -24.407 0.4444444478
83096  -29.454  12.198  -30.112 0.3333333433
84641  -28.213  14.253  -29.511 0.3333333433
68511  -20.780  -4.949  -22.845 0.4444444478
114984  -19.785  -3.237  -23.050 0.4444444478
75716  -29.292  3.207  -25.262 0.6666666865
75688  -17.592  3.433  -23.902 0.1111111119
76548  -16.849  4.891  -23.925 0.1111111119
79093  -15.814  8.224  -24.670 0.3333333433
82258  -15.628  12.646  -26.512 0.3333333433
84616  -27.408  14.258  -27.766 0.6666666865
84625  -27.631  14.434  -28.585 0.4444444478
68516  -26.657  -6.230  -24.096 0.4444444478
113750  -28.594  -8.214  -25.179 0.2222222239
68514  -23.221  -5.572  -23.546 0.4444444478
121313  -23.898  -5.876  -23.645 0.4444444478
69284  -23.946  -5.041  -23.883 0.4444444478
69285  -25.005  -5.042  -24.150 0.4444444478
114300  -26.364  -4.576  -24.574 0.4444444478
68528  -27.678  -5.428  -24.429 0.2222222239
69295  -24.409  -4.049  -24.351 0.4444444478
69296  -25.549  -4.214  -24.521 0.4444444478
69299  -28.731  -4.857  -24.335 0.1111111119
69300  -29.739  -5.310  -24.478 0.1111111119
70083  -25.698  -3.338  -24.697 0.4444444478
118677  -27.054  -3.819  -24.722 0.3333333433
117332  -24.388  -3.101  -24.667 0.4444444478
127564  -25.021  -3.503  -24.626 0.4444444478
70084  -26.350  -3.950  -24.735 0.3333333433
70085  -27.670  -3.645  -24.591 0.3333333433
118412  -26.472  -3.166  -24.686 0.4444444478
129410  -24.540  -2.427  -24.782 0.5555555820
70082  -25.082  -2.783  -24.720 0.4444444478
120667  -28.371  -2.096  -24.583 0.2222222239
70901  -29.795  -2.491  -24.587 0.1111111119
70902  -30.690  -2.427  -24.715 0.1111111119
128741  -27.577  -2.256  -24.547 0.3333333433
131701  -27.865  -1.598  -24.557 0.3333333433
72607  -26.668  -0.776  -24.636 0.4444444478
128152  -27.695  -0.848  -24.575 0.5555555820
126695  -27.987  -0.131  -24.529 0.6666666865
72610  -29.992  -0.645  -24.869 0.4444444478
73398  -27.882  0.578  -24.573 0.6666666865
73417  -31.667  0.414  -25.665 0.3333333433
74165  -28.678  1.030  -24.707 0.6666666865
74180  -29.494  1.426  -25.046 0.5555555820
74179  -27.764  1.481  -24.726 0.6666666865
74181  -30.288  1.795  -25.516 0.5555555820
74932  -31.081  2.161  -26.049 0.5555555820
74182  -30.845  1.321  -25.697 0.4444444478
74948  -31.582  2.330  -26.824 0.3333333433
114389  -28.722  1.901  -24.809 0.5555555820
75741  -31.499  3.099  -27.154 0.4444444478
75740  -31.394  3.550  -27.085 0.5555555820
74947  -31.217  2.918  -26.579 0.4444444478
75750  -31.632  3.939  -27.462 0.4444444478
83852  -22.086  13.471  -26.361 0.5555555820
133909  -23.705  13.613  -26.326 0.5555555820
124764  -24.383  14.035  -26.364 0.5555555820
84608  -26.048  14.461  -26.699 0.5555555820
122315  -24.637  -5.863  -23.776 0.4444444478
68517  -27.704  -6.536  -24.325 0.2222222239
69298  -27.770  -4.482  -24.550 0.2222222239
133473  -28.814  -3.366  -24.464 0.2222222239
120412  -29.520  -3.323  -24.433 0.1111111119
71744  -28.509  -1.325  -24.664 0.4444444478
71746  -30.083  -1.555  -24.755 0.3333333433
73399  -28.669  0.202  -24.665 0.6666666865
73400  -30.061  0.161  -25.033 0.4444444478
74956  -31.844  2.851  -27.331 0.3333333433
75751  -31.809  3.570  -27.518 0.4444444478
77460  -32.541  5.450  -28.936 0.4444444478
84605  -22.594  14.498  -26.232 0.5555555820
72611  -31.140  -0.786  -25.110 0.2222222239
84615  -26.766  14.502  -27.262 0.5555555820
66966  -23.746  -7.101  -23.224 0.4444444478
66967  -24.724  -7.549  -23.398 0.4444444478
66968  -25.769  -7.915  -23.692 0.4444444478
67764  -27.449  -7.667  -24.322 0.2222222239
66970  -28.141  -8.959  -24.801 0.2222222239
66971  -28.872  -9.030  -25.148 0.1111111119
67759  -22.702  -6.114  -23.182 0.4444444478
67760  -23.470  -6.335  -23.399 0.4444444478
127612  -28.524  -6.647  -24.499 0.1111111119
68530  -29.892  -6.680  -24.924 0.1111111119
121720  -30.226  -5.949  -24.599 0.1111111119
70087  -30.020  -4.201  -24.302 0.1111111119
124225  -31.502  -3.942  -24.139 0.1111111119
70903  -31.565  -2.354  -24.590 0.1111111119
71747  -31.133  -1.549  -24.939 0.1111111119
72612  -31.909  -0.860  -25.096 0.2222222239
74183  -31.922  0.945  -26.120 0.1111111119
72628  -31.405  -0.197  -25.326 0.2222222239
74949  -32.308  2.214  -27.165 0.2222222239
74950  -33.069  2.246  -27.343 0.2222222239
74957  -32.523  2.994  -27.677 0.3333333433
76613  -32.138  4.302  -27.945 0.4444444478
76621  -32.648  4.927  -28.862 0.3333333433
76628  -33.080  5.039  -29.592 0.3333333433
77459  -32.037  5.792  -28.698 0.4444444478
77467  -32.430  5.937  -29.363 0.3333333433
81475  -29.775  10.415  -30.027 0.3333333433
84594  -19.083  15.141  -25.512 0.4444444478
84624  -27.064  14.702  -28.018 0.5555555820
84603  -20.787  14.350  -26.092 0.5555555820
84604  -21.721  14.451  -26.169 0.5555555820
117311  -23.573  14.528  -26.328 0.5555555820
84607  -25.391  15.078  -26.720 0.5555555820
84614  -25.984  15.123  -27.078 0.5555555820
84596  -21.276  15.430  -25.660 0.5555555820
70897  -25.006  -2.031  -24.765 0.5555555820
70898  -25.811  -2.364  -24.609 0.5555555820
71742  -26.260  -1.532  -24.591 0.6666666865
73397  -27.097  0.033  -24.649 0.6666666865
74930  -29.612  2.376  -25.255 0.5555555820
75717  -30.128  3.098  -25.624 0.5555555820
75718  -30.841  3.425  -26.288 0.4444444478
124786  -29.642  11.487  -29.367 0.3333333433
70067  -23.504  -4.176  -24.091 0.4444444478
70899  -26.739  -2.311  -24.577 0.3333333433
68515  -25.620  -5.982  -23.846 0.4444444478
68526  -26.012  -5.169  -24.206 0.4444444478
67761  -24.259  -6.570  -23.537 0.4444444478
68527  -26.894  -5.331  -24.452 0.4444444478
69297  -26.987  -4.550  -24.672 0.4444444478
68529  -29.136  -6.119  -24.434 0.1111111119
133682  -28.312  -5.469  -24.358 0.2222222239
68520  -30.375  -6.691  -24.657 0.1111111119
120413  -28.128  -2.978  -24.503 0.3333333433
114776  -27.255  -3.046  -24.618 0.3333333433
70086  -28.348  -3.885  -24.476 0.2222222239
121729  -29.189  -4.125  -24.336 0.2222222239
120778  -29.155  -1.844  -24.717 0.2222222239
120411  -30.346  -3.282  -24.480 0.1111111119
118892  -31.166  -3.213  -24.502 0.1111111119
71743  -27.129  -1.539  -24.554 0.3333333433
72608  -28.594  -0.578  -24.673 0.4444444478
72609  -29.337  -0.218  -24.810 0.4444444478
73416  -30.855  0.472  -25.409 0.3333333433
71745  -29.264  -1.033  -24.794 0.4444444478
119163  -30.604  -0.977  -24.975 0.3333333433
126304  -32.329  0.470  -25.874 0.1111111119
73415  -30.134  0.954  -25.281 0.4444444478
74166  -29.421  0.597  -24.896 0.5555555820
74931  -30.618  2.663  -25.818 0.5555555820
74195  -31.485  1.553  -26.175 0.3333333433
75752  -32.347  3.855  -27.966 0.4444444478
83853  -22.969  13.584  -26.328 0.5555555820
118761  -25.229  14.319  -26.508 0.5555555820
67762  -25.162  -6.826  -23.731 0.4444444478
67763  -26.239  -7.198  -23.924 0.4444444478
84597  -22.115  15.511  -25.791 0.5555555820
66969  -26.945  -8.628  -24.116 0.4444444478
67743  -23.031  -6.782  -23.114 0.4444444478
68495  -21.890  -5.885  -22.868 0.4444444478
68518  -29.343  -7.569  -25.218 0.1111111119
67765  -29.393  -8.517  -25.256 0.1111111119
69301  -30.428  -5.058  -24.454 0.1111111119
62633  -24.782  -13.130  -19.996 0.1111111119
113267  -23.193  -11.371  -21.835 0.3333333433
62661  -23.990  -12.273  -21.746 0.2222222239
118967  -24.457  -12.888  -20.699 0.2222222239
62646  -24.934  -12.367  -20.213 0.1111111119
65313  -21.492  -9.607  -21.582 0.3333333433
64487  -21.798  -10.550  -21.428 0.3333333433
62659  -22.474  -11.492  -21.481 0.3333333433
64489  -23.566  -10.949  -22.116 0.3333333433
63635  -24.209  -11.068  -22.159 0.3333333433
63627  -24.353  -11.623  -21.845 0.2222222239
64490  -24.692  -11.028  -21.970 0.2222222239
62645  -24.515  -12.208  -21.205 0.2222222239
63615  -25.153  -11.609  -20.558 0.1111111119
63628  -24.883  -11.320  -21.410 0.2222222239
66952  -21.339  -7.909  -22.089 0.2222222239
112792  -21.318  -8.809  -21.764 0.2222222239
112676  -21.927  -9.175  -21.920 0.3333333433
65314  -22.391  -9.852  -21.946 0.3333333433
64499  -23.274  -10.255  -22.240 0.3333333433
64491  -25.242  -10.590  -21.790 0.1111111119
66951  -20.891  -7.013  -22.223 0.2222222239
117716  -21.585  -7.166  -22.402 0.3333333433
131177  -22.006  -8.098  -22.261 0.3333333433
66953  -22.141  -7.624  -22.433 0.3333333433
66149  -21.948  -8.561  -22.115 0.3333333433
66169  -22.605  -8.326  -22.493 0.3333333433
65330  -23.917  -9.798  -22.546 0.3333333433
119379  -23.433  -8.328  -22.752 0.3333333433
65331  -24.939  -9.721  -22.641 0.3333333433
66171  -24.283  -8.889  -22.795 0.3333333433
65315  -25.676  -10.088  -22.092 0.1111111119
65332  -25.851  -9.875  -22.770 0.2222222239
67740  -20.591  -6.168  -22.326 0.2222222239
67741  -21.334  -6.473  -22.589 0.2222222239
67742  -22.263  -6.778  -22.711 0.3333333433
66955  -24.021  -7.918  -22.955 0.3333333433
121034  -24.777  -8.382  -23.164 0.3333333433
68493  -20.225  -5.211  -22.381 0.3333333433
68494  -20.993  -5.669  -22.790 0.3333333433
66179  -25.387  -8.404  -23.446 0.3333333433
66180  -26.172  -8.953  -23.682 0.3333333433
75761  -32.630  4.325  -28.583 0.2222222239
128548  -33.227  4.310  -28.877 0.2222222239
78323  -31.383  7.088  -30.170 0.3333333433
132590  -31.833  6.545  -30.264 0.2222222239
63626  -23.857  -11.618  -21.991 0.3333333433
65329  -23.059  -9.606  -22.366 0.3333333433
64501  -24.633  -10.419  -22.312 0.3333333433
64502  -25.294  -10.127  -22.324 0.3333333433
61781  -24.621  -13.891  -19.874 0.1111111119
63625  -21.658  -11.305  -21.107 0.3333333433
62660  -22.779  -12.417  -21.420 0.3333333433
131079  -23.534  -12.628  -21.526 0.3333333433
61782  -25.199  -13.436  -19.320 0.1111111119
62634  -25.359  -12.660  -19.469 0.1111111119
66148  -20.565  -8.383  -21.575 0.2222222239
64475  -25.645  -11.101  -20.084 0.1111111119
66930  -20.444  -7.516  -21.724 0.2222222239
64492  -25.857  -10.173  -21.277 0.1111111119
65316  -26.272  -9.742  -22.016 0.1111111119
65333  -26.475  -9.731  -22.971 0.1111111119
65338  -26.403  -9.513  -23.345 0.1111111119
66181  -26.924  -9.283  -23.811 0.1111111119
115121  -33.147  4.727  -29.226 0.2222222239
79149  -31.717  7.058  -30.946 0.2222222239
78329  -32.241  6.236  -30.680 0.2222222239
69264  -19.617  -3.879  -22.614 0.2222222239
72592  -19.613  -0.258  -23.969 0.5555555820
77469  -33.343  5.167  -30.222 0.2222222239
64488  -22.766  -10.743  -21.829 0.3333333433
122609  -23.346  -12.014  -21.717 0.3333333433
65312  -20.672  -9.245  -21.362 0.2222222239
64486  -20.895  -10.071  -21.154 0.2222222239
64500  -23.953  -10.543  -22.375 0.3333333433
112385  -25.445  -10.827  -20.841 0.1111111119
66954  -23.013  -7.556  -22.864 0.3333333433
66150  -22.522  -9.085  -22.249 0.3333333433
66170  -23.291  -9.004  -22.565 0.3333333433
66172  -25.455  -9.236  -23.207 0.3333333433
60958  -24.483  -14.673  -19.745 0.1111111119
61811  -23.950  -13.030  -21.306 0.2222222239
116464  -21.901  -12.035  -21.036 0.3333333433
63614  -21.117  -11.607  -20.717 0.2222222239
61810  -23.173  -13.189  -21.315 0.3333333433
76622  -33.993  4.431  -29.333 0.1111111119
75762  -34.106  3.870  -28.816 0.1111111119
76631  -35.914  4.269  -29.274 0.1111111119
76630  -34.911  4.489  -29.842 0.1111111119
77471  -35.158  4.909  -29.930 0.1111111119
77461  -35.341  5.526  -29.829 0.1111111119
77475  -32.260  6.022  -30.004 0.1111111119
77470  -34.448  5.375  -30.348 0.1111111119
77477  -33.616  5.561  -30.752 0.1111111119
78332  -34.291  5.943  -30.630 0.1111111119
78331  -33.832  6.308  -31.004 0.1111111119
80730  -29.683  9.392  -31.497 0.1111111119
80724  -29.866  9.400  -30.656 0.2222222239
82301  -29.627  11.231  -30.621 0.1111111119
80725  -29.854  8.582  -31.109 0.1111111119
125605  -29.468  10.017  -31.908 0.1111111119
133121  -20.213  16.012  -25.017 0.4444444478
84595  -20.229  15.311  -25.470 0.4444444478
83104  -29.399  12.019  -31.311 0.1111111119
84640  -27.352  14.776  -29.509 0.3333333433
83911  -28.787  13.640  -31.118 0.1111111119
83902  -29.224  12.951  -30.689 0.1111111119
83912  -29.100  12.826  -32.016 0.1111111119
122999  -23.630  15.433  -26.366 0.4444444478
84598  -22.883  15.476  -26.087 0.4444444478
85275  -23.953  15.979  -26.540 0.4444444478
84606  -24.508  15.033  -26.487 0.4444444478
85277  -25.281  15.621  -26.990 0.4444444478
129516  -25.859  15.586  -28.408 0.4444444478
131901  -26.275  15.356  -28.809 0.4444444478
85303  -26.475  15.290  -29.650 0.2222222239
85316  -27.132  15.006  -30.363 0.2222222239
85323  -27.090  15.136  -31.271 0.2222222239
84659  -27.686  14.707  -31.869 0.2222222239
86809  -22.795  17.858  -33.232 0.1111111119
112647  -24.687  16.566  -33.444 0.1111111119
125522  -27.574  14.603  -32.881 0.1111111119
119883  -21.028  16.938  -24.162 0.4444444478
85270  -21.669  16.589  -25.023 0.4444444478
85269  -20.900  16.345  -24.924 0.4444444478
85272  -23.037  16.218  -26.036 0.4444444478
85961  -24.482  16.204  -26.932 0.4444444478
85972  -24.969  16.118  -27.477 0.4444444478
85279  -25.664  15.629  -27.598 0.4444444478
85286  -25.687  15.661  -29.213 0.4444444478
128989  -24.410  16.595  -27.380 0.3333333433
85993  -24.871  16.155  -29.631 0.3333333433
85302  -25.596  15.761  -30.156 0.1111111119
85314  -25.592  15.903  -31.104 0.1111111119
85321  -25.518  15.922  -32.059 0.1111111119
85322  -26.366  15.535  -31.646 0.1111111119
85330  -26.293  15.546  -32.684 0.1111111119
121939  -23.301  16.757  -26.150 0.3333333433
85985  -25.136  16.053  -28.506 0.4444444478
85971  -24.438  16.629  -28.121 0.2222222239
85984  -24.239  16.649  -29.119 0.2222222239
86005  -24.614  16.345  -30.696 0.2222222239
86016  -24.809  16.264  -31.571 0.1111111119
85983  -23.307  17.291  -29.645 0.1111111119
85992  -23.944  16.745  -30.064 0.1111111119
86004  -23.581  16.911  -30.838 0.1111111119
86024  -24.506  16.547  -32.498 0.1111111119
85991  -22.989  17.355  -30.499 0.1111111119
86015  -23.748  16.878  -31.671 0.1111111119
85271  -22.265  16.744  -25.313 0.3333333433
85264  -22.145  17.983  -24.444 0.3333333433
121845  -22.701  17.281  -25.472 0.3333333433
85960  -23.733  16.861  -26.503 0.3333333433
86723  -23.980  17.026  -27.019 0.2222222239
86740  -23.912  17.178  -27.753 0.2222222239
86755  -23.653  17.251  -28.703 0.1111111119
86771  -22.567  17.862  -30.113 0.1111111119
86014  -22.772  17.638  -32.271 0.1111111119
87498  -22.693  18.336  -31.915 0.1111111119
85251  -22.123  18.522  -22.233 0.1111111119
85941  -22.411  18.537  -23.307 0.1111111119
85952  -22.710  18.160  -24.742 0.2222222239
86711  -23.244  18.404  -25.317 0.2222222239
85957  -23.184  17.562  -25.805 0.3333333433
86722  -23.396  17.711  -26.387 0.3333333433
87447  -23.212  18.412  -26.822 0.1111111119
87456  -22.807  18.507  -27.919 0.1111111119
87465  -22.426  18.586  -29.010 0.1111111119
86787  -22.537  18.198  -30.353 0.1111111119
86801  -22.398  17.972  -31.863 0.1111111119
87509  -23.208  18.464  -33.432 0.1111111119
87515  -23.856  18.293  -34.113 0.1111111119
125475  -22.520  18.621  -22.142 0.1111111119
86692  -23.036  18.839  -22.813 0.1111111119
86704  -23.017  18.668  -24.045 0.1111111119
86705  -23.688  18.811  -23.599 0.1111111119
87437  -23.648  18.928  -25.331 0.1111111119
113008  -23.279  18.470  -25.993 0.2222222239
88200  -23.090  19.140  -26.228 0.1111111119
88199  -22.518  19.706  -26.982 0.1111111119
87455  -22.642  19.153  -27.420 0.1111111119
88212  -22.041  19.826  -28.008 0.1111111119
86693  -23.879  18.761  -22.609 0.1111111119
87406  -24.619  18.861  -23.197 0.1111111119
87430  -24.276  18.986  -24.382 0.1111111119
88172  -24.062  19.409  -24.972 0.1111111119
117505  -23.624  20.016  -25.129 0.1111111119
88184  -22.853  20.056  -26.052 0.1111111119
87418  -25.287  19.054  -23.288 0.1111111119
88173  -24.888  19.885  -24.087 0.1111111119
114803  -36.393  3.396  -29.077 0.1111111119
76629  -34.012  4.793  -30.052 0.1111111119
77462  -35.925  4.982  -29.287 0.1111111119
78336  -32.583  6.734  -31.440 0.1111111119
79154  -31.280  7.773  -31.638 0.1111111119
82307  -29.356  10.880  -31.940 0.1111111119
85288  -26.870  14.956  -28.760 0.4444444478
129533  -27.757  14.609  -30.159 0.2222222239
84652  -28.325  14.244  -30.529 0.1111111119
84660  -28.277  14.230  -31.488 0.1111111119
85331  -27.038  15.144  -32.264 0.2222222239
85329  -25.404  15.996  -33.077 0.1111111119
85338  -26.144  15.614  -33.837 0.1111111119
130744  -23.455  17.266  -32.603 0.1111111119
88185  -23.428  19.462  -25.480 0.1111111119
112321  -24.336  19.972  -24.590 0.1111111119
76614  -36.583  4.445  -28.000 0.1111111119
76623  -36.571  4.322  -28.789 0.1111111119
124500  -30.858  7.657  -30.746 0.2222222239
85276  -24.798  15.568  -26.752 0.4444444478
86678  -24.734  18.279  -22.104 0.1111111119
87407  -25.415  18.664  -22.669 0.1111111119
129275  -24.528  19.478  -24.414 0.1111111119
76624  -37.033  3.599  -28.399 0.1111111119
74969  -34.283  3.143  -28.393 0.1111111119
74970  -35.363  3.223  -28.807 0.1111111119
75764  -36.908  3.476  -28.972 0.1111111119
76602  -36.100  4.517  -27.132 0.1111111119
76615  -36.672  3.690  -27.269 0.1111111119
77453  -35.456  5.747  -27.843 0.1111111119
78319  -35.068  6.293  -29.219 0.1111111119
79138  -34.521  6.862  -29.588 0.1111111119
79144  -34.330  6.605  -30.493 0.1111111119
79155  -32.342  7.527  -31.912 0.1111111119
79156  -33.022  7.256  -32.002 0.1111111119
79150  -33.898  7.102  -31.037 0.1111111119
79959  -32.020  8.308  -32.656 0.1111111119
79965  -31.229  8.935  -32.955 0.1111111119
81496  -30.116  9.960  -33.312 0.1111111119
81488  -29.448  10.268  -32.729 0.1111111119
82315  -29.181  10.921  -33.165 0.1111111119
83918  -28.558  13.112  -33.128 0.1111111119
83123  -29.071  11.616  -33.655 0.1111111119
85261  -20.202  16.471  -24.511 0.4444444478
84672  -28.369  13.842  -34.230 0.1111111119
118520  -27.521  14.900  -34.634 0.1111111119
85951  -21.153  17.424  -23.737 0.2222222239
85262  -21.492  17.302  -24.149 0.3333333433
85263  -21.782  17.749  -23.973 0.2222222239
86037  -26.041  15.882  -34.979 0.1111111119
85250  -21.997  17.527  -22.239 0.1111111119
86820  -24.375  18.006  -34.693 0.1111111119
88239  -24.661  18.942  -34.591 0.1111111119
85931  -22.910  18.421  -21.599 0.1111111119
86677  -23.575  18.439  -21.658 0.1111111119
127989  -24.663  17.714  -21.073 0.1111111119
119277  -25.325  17.736  -21.770 0.1111111119
88220  -21.946  19.570  -29.011 0.1111111119
87473  -22.632  18.572  -29.825 0.1111111119
110875  -23.217  18.538  -30.284 0.1111111119
113255  -22.362  20.986  -26.404 0.1111111119
79945  -30.353  8.165  -30.729 0.1111111119
85287  -26.405  15.162  -27.928 0.4444444478
81482  -29.682  10.216  -31.076 0.2222222239
78310  -35.617  5.686  -28.856 0.1111111119
78325  -34.841  6.074  -30.200 0.1111111119
79952  -30.241  8.077  -31.327 0.1111111119
80731  -30.222  8.812  -32.080 0.1111111119
83114  -29.132  11.739  -32.591 0.1111111119
119207  -28.600  13.598  -32.050 0.1111111119
83919  -28.833  12.253  -33.189 0.1111111119
85315  -26.402  15.472  -30.683 0.1111111119
84666  -28.139  14.071  -32.596 0.1111111119
86816  -23.351  17.913  -34.021 0.1111111119
86808  -22.489  18.078  -32.654 0.1111111119
85337  -25.339  16.268  -34.070 0.1111111119
86023  -23.915  17.317  -33.302 0.1111111119
86030  -24.507  17.208  -34.282 0.1111111119
116421  -25.349  16.637  -34.789 0.1111111119
84665  -27.760  14.375  -33.935 0.1111111119
131595  -27.890  14.191  -33.266 0.1111111119
85339  -27.001  15.034  -33.550 0.2222222239
86003  -22.863  17.462  -31.353 0.1111111119
86739  -23.089  17.837  -28.329 0.1111111119
86754  -22.700  17.830  -29.293 0.1111111119
86788  -22.452  17.895  -30.993 0.1111111119
86807  -22.502  18.126  -32.178 0.1111111119
87486  -22.654  18.299  -30.878 0.1111111119
87508  -22.676  18.258  -32.726 0.1111111119
123114  -22.128  18.167  -23.176 0.1111111119
119927  -23.452  17.742  -27.300 0.1111111119
86753  -22.470  18.279  -29.691 0.1111111119
87472  -22.486  18.801  -29.493 0.1111111119
128816  -23.648  18.664  -24.560 0.1111111119
88848  -22.087  20.375  -27.352 0.1111111119
112877  -22.195  19.354  -28.626 0.1111111119
128719  -22.174  19.273  -29.156 0.1111111119
88158  -24.897  19.285  -23.832 0.1111111119
124369  -37.074  2.945  -28.875 0.1111111119
77454  -36.144  5.086  -28.444 0.1111111119
113633  -26.845  15.231  -34.830 0.1111111119
85345  -26.946  15.675  -35.523 0.1111111119
88820  -23.908  20.757  -24.661 0.1111111119
77440  -35.781  5.079  -27.471 0.1111111119
79958  -30.953  8.309  -32.183 0.1111111119
80740  -30.554  9.427  -32.934 0.1111111119
129098  -28.180  13.739  -33.631 0.1111111119
85346  -27.698  15.456  -35.492 0.1111111119
86040  -26.051  17.329  -35.726 0.1111111119
86036  -25.177  17.444  -35.214 0.1111111119
113226  -21.799  19.900  -28.740 0.1111111119
88226  -22.305  19.142  -29.256 0.1111111119
88834  -23.161  20.817  -25.310 0.1111111119
89432  -22.944  21.620  -25.456 0.1111111119
62644  -22.217  -12.887  -20.995 0.2222222239
126578  -18.355  1.305  -23.633 0.2222222239
74899  -18.086  2.113  -23.699 0.2222222239
73386  -19.153  0.291  -23.796 0.3333333433
85267  -18.586  15.564  -25.069 0.2222222239
86689  -19.391  17.599  -22.561 0.1111111119
86703  -21.155  18.170  -23.118 0.1111111119
85950  -20.652  16.933  -24.007 0.2222222239
83052  -15.020  13.994  -26.483 0.2222222239
82249  -14.995  12.348  -25.739 0.1111111119
83043  -14.588  13.078  -25.540 0.1111111119
85247  -17.377  15.892  -22.862 0.1111111119
85238  -18.703  16.381  -21.572 0.1111111119
86661  -20.310  17.414  -21.480 0.1111111119
86691  -21.255  18.494  -22.039 0.1111111119
70876  -19.329  -2.722  -22.977 0.2222222239
77395  -16.754  5.778  -24.284 0.2222222239
78236  -16.049  6.248  -23.825 0.3333333433
85268  -19.526  15.832  -24.974 0.3333333433
85260  -19.377  16.238  -24.544 0.3333333433
85939  -18.556  17.323  -22.934 0.1111111119
85259  -17.188  16.082  -23.790 0.1111111119
83833  -17.115  14.538  -24.725 0.1111111119
85248  -17.812  16.521  -22.601 0.1111111119
115630  -17.374  15.713  -23.418 0.1111111119
84575  -17.915  15.415  -22.873 0.1111111119
84566  -17.869  15.914  -22.261 0.1111111119
84588  -17.112  15.595  -24.314 0.1111111119
71748  -32.070  -1.640  -24.706 0.1111111119
61795  -22.555  -13.712  -20.913 0.1111111119
61796  -23.476  -13.944  -20.954 0.1111111119
61793  -20.898  -13.226  -20.220 0.1111111119
126685  -21.205  -12.522  -20.532 0.1111111119
64474  -21.070  -10.825  -20.882 0.1111111119
64473  -20.432  -10.466  -20.782 0.1111111119
69281  -19.285  -3.481  -22.636 0.1111111119
74149  -17.531  2.098  -23.251 0.1111111119
74150  -18.978  0.948  -24.008 0.1111111119
79884  -15.288  8.738  -24.399 0.2222222239
79895  -15.486  9.065  -24.886 0.2222222239
79883  -14.938  9.506  -24.442 0.2222222239
80655  -14.687  9.923  -24.302 0.2222222239
74898  -17.557  2.704  -23.540 0.1111111119
61779  -20.394  -13.577  -19.775 0.1111111119
61794  -21.657  -13.394  -20.550 0.1111111119
60971  -22.743  -14.528  -20.739 0.1111111119
62632  -20.228  -12.706  -19.996 0.1111111119
62643  -20.388  -11.892  -20.368 0.1111111119
119201  -20.418  -11.112  -20.566 0.1111111119
65293  -20.018  -9.771  -20.866 0.1111111119
70875  -18.943  -2.466  -22.738 0.1111111119
72591  -18.958  -0.378  -23.443 0.1111111119
114973  -17.734  1.446  -23.233 0.1111111119
79861  -15.170  8.264  -23.337 0.2222222239
81390  -14.319  10.764  -23.220 0.2222222239
82209  -13.847  11.696  -23.297 0.1111111119
61797  -24.224  -13.590  -20.644 0.1111111119
60970  -21.929  -14.180  -20.443 0.1111111119
81411  -14.462  10.681  -24.439 0.2222222239
81427  -14.997  11.213  -25.461 0.1111111119
71722  -19.573  -1.816  -23.371 0.1111111119
79079  -15.568  7.604  -24.207 0.2222222239
66929  -19.784  -7.134  -21.356 0.1111111119
67724  -20.239  -6.655  -21.791 0.1111111119
73385  -18.504  0.542  -23.478 0.1111111119
131759  -19.112  -2.045  -23.008 0.1111111119
61780  -21.141  -13.868  -20.103 0.1111111119
117647  -19.113  -3.083  -22.655 0.1111111119
79837  -14.960  9.073  -23.135 0.1111111119
63613  -19.756  -11.350  -20.262 0.1111111119
64472  -19.812  -10.588  -20.512 0.1111111119
69263  -19.251  -4.050  -22.368 0.1111111119
70051  -19.214  -3.598  -22.497 0.1111111119
81380  -14.780  10.816  -22.969 0.1111111119
83007  -14.271  12.355  -22.701 0.1111111119
129766  -14.885  14.235  -26.384 0.1111111119
79056  -15.664  6.876  -23.888 0.1111111119
83837  -14.580  13.380  -25.640 0.1111111119
83839  -15.050  14.180  -26.449 0.1111111119
83840  -16.126  14.421  -26.756 0.1111111119
70900  -28.957  -2.661  -24.571 0.2222222239
72627  -30.673  -0.323  -25.111 0.2222222239
73414  -27.159  0.839  -24.765 0.6666666865
74194  -25.068  2.414  -26.316 1.0000000000
74910  -18.000  2.841  -24.007 0.1111111119
74945  -25.337  3.044  -26.531 1.0000000000
74971  -36.585  2.658  -28.714 0.1111111119
75738  -25.654  3.745  -26.762 1.0000000000
75753  -33.100  3.599  -28.376 0.1111111119
75763  -35.165  3.982  -29.352 0.1111111119
77423  -35.312  4.936  -26.528 0.1111111119
77468  -32.693  5.447  -29.621 0.3333333433
77476  -32.758  5.640  -30.393 0.1111111119
78293  -28.479  6.753  -26.108 0.7777777910
78315  -22.739  7.397  -28.272 1.0000000000
78316  -23.186  7.137  -28.118 1.0000000000
78330  -33.015  6.058  -31.085 0.1111111119
78337  -33.344  6.797  -31.456 0.1111111119
79106  -18.439  7.701  -26.677 0.7777777910
79111  -28.893  7.398  -26.557 0.7777777910
79118  -19.617  7.830  -27.500 0.8888888955
79123  -25.646  6.875  -27.095 0.8888888955
79135  -23.378  7.667  -28.181 1.0000000000
79860  -14.923  9.351  -24.325 0.1111111119
79922  -19.006  8.718  -27.543 0.7777777910
79936  -22.484  8.645  -28.710 1.0000000000
79938  -23.585  8.314  -28.134 1.0000000000
79961  -33.353  7.548  -31.575 0.1111111119
80633  -14.699  9.841  -23.189 0.2222222239
80666  -14.686  10.215  -24.488 0.2222222239
80696  -25.511  9.315  -26.959 0.8888888955
80705  -19.424  10.408  -28.487 0.7777777910
80706  -20.143  9.873  -28.614 0.7777777910
80739  -29.807  9.588  -32.417 0.1111111119
81379  -14.653  10.470  -23.101 0.2222222239
81426  -14.551  10.949  -24.799 0.2222222239
81450  -18.011  10.677  -27.820 0.7777777910
81467  -21.210  10.383  -28.496 0.7777777910
81468  -21.734  9.884  -28.571 0.8888888955
82203  -14.262  11.682  -22.882 0.1111111119
82210  -14.348  11.853  -22.877 0.1111111119
82228  -14.302  11.502  -24.632 0.1111111119
82272  -20.603  11.302  -28.321 0.7777777910
82284  -17.813  12.208  -28.193 0.6666666865
82285  -18.565  11.630  -28.420 0.6666666865
82288  -20.802  10.797  -28.433 0.7777777910
83012  -13.876  12.675  -22.883 0.1111111119
83051  -14.357  14.203  -26.047 0.1111111119
83072  -18.571  12.677  -28.178 0.5555555820
83078  -28.144  13.154  -27.540 0.6666666865
83079  -28.869  12.512  -27.826 0.5555555820
83830  -14.503  13.404  -24.263 0.1111111119
83838  -14.742  13.842  -26.240 0.1111111119
83856  -27.123  13.101  -26.682 0.6666666865
84651  -27.723  14.676  -30.932 0.2222222239
85915  -19.448  16.956  -21.239 0.1111111119
85916  -20.559  16.969  -20.929 0.1111111119
85929  -18.622  17.208  -21.992 0.1111111119
85930  -21.330  17.230  -21.291 0.1111111119
85940  -21.979  18.147  -22.708 0.1111111119
85949  -19.960  16.662  -24.212 0.1111111119
86674  -19.786  17.585  -21.962 0.1111111119
86675  -20.719  17.997  -21.879 0.1111111119
86676  -20.729  17.613  -21.411 0.1111111119
86690  -20.504  18.044  -22.450 0.1111111119
86702  -19.910  17.684  -23.214 0.2222222239
86800  -22.479  18.065  -31.457 0.1111111119
86815  -22.831  18.140  -33.419 0.1111111119
86822  -25.039  18.147  -35.373 0.1111111119
86823  -25.553  17.953  -35.718 0.1111111119
87520  -24.748  18.549  -34.975 0.1111111119
118844  -24.660  5.625  -27.620 1.0000000000
121065  -28.473  8.001  -26.459 0.7777777910
121108  -27.265  2.059  -25.108 0.8888888955
121422  -19.715  11.382  -28.518 0.7777777910
121425  -24.407  6.797  -27.639 0.8888888955
121459  -23.084  18.498  -32.648 0.1111111119
121567  -31.335  0.935  -25.797 0.4444444478
123996  -23.672  5.705  -27.665 1.0000000000
124546  -23.337  12.761  -26.372 0.6666666865
125430  -29.053  11.080  -27.374 0.5555555820
126728  -14.707  13.420  -26.167 0.1111111119
127886  -25.819  16.691  -35.323 0.1111111119
131019  -21.270  1.340  -25.456 1.0000000000
131498  -21.676  7.382  -28.028 0.8888888955
131956  -31.140  3.769  -26.810 0.5555555820
133373  -20.732  9.403  -28.640 1.0000000000
