#!ascii label  , from subject sub-v1s12x0050127_ses-1 vox2ras=TkReg
1805
30204  -26.867  -50.269  -27.770 0.5000000000
30205  -27.688  -50.410  -27.454 0.6000000238
31147  -26.987  -49.141  -26.962 0.6000000238
32114  -26.861  -48.219  -26.925 0.6000000238
30192  -26.828  -49.608  -27.547 0.5000000000
33789  -27.119  -47.138  -26.728 0.6000000238
124378  -27.570  -49.276  -26.759 0.6999999881
30194  -28.305  -49.752  -26.895 0.6999999881
31138  -27.374  -48.675  -26.466 0.6999999881
32108  -26.888  -48.048  -26.519 0.6999999881
129887  -26.739  -47.455  -26.369 0.6999999881
33777  -27.402  -46.430  -26.528 0.5000000000
33776  -26.597  -46.655  -26.176 0.6999999881
32957  -27.548  -47.565  -27.313 0.5000000000
25434  -29.694  -55.485  -21.312 0.5000000000
31139  -28.304  -48.872  -26.360 0.6999999881
32098  -27.765  -48.254  -25.892 0.6999999881
32948  -26.646  -47.443  -25.986 0.6999999881
32090  -27.391  -47.674  -25.551 0.6999999881
32939  -26.614  -46.931  -25.560 0.6999999881
32089  -26.831  -47.427  -25.702 0.6999999881
34745  -27.278  -45.188  -25.695 0.6000000238
31142  -33.682  -49.500  -25.637 0.6999999881
117234  -32.256  -48.418  -25.703 0.6999999881
32109  -29.151  -48.681  -26.106 0.6999999881
32110  -29.875  -48.742  -26.173 0.6999999881
26383  -29.431  -54.652  -21.142 0.6000000238
26415  -28.118  -55.045  -23.244 0.4000000060
32099  -28.692  -48.293  -25.765 0.6999999881
34754  -26.400  -46.098  -25.640 0.6999999881
34744  -26.433  -45.429  -25.396 0.6999999881
35749  -26.077  -44.815  -24.946 0.6999999881
35751  -27.864  -44.358  -25.460 0.6000000238
31132  -34.194  -49.166  -24.932 0.6999999881
31140  -31.707  -48.875  -26.193 0.6999999881
32103  -32.992  -48.014  -25.302 0.6999999881
32092  -33.875  -48.340  -24.778 0.6999999881
27286  -30.403  -53.694  -20.094 0.6000000238
32952  -31.940  -47.763  -25.400 0.6999999881
32949  -29.109  -47.720  -25.352 0.6999999881
32102  -31.308  -48.319  -25.746 0.6999999881
32945  -32.577  -47.264  -24.923 0.6999999881
27322  -28.303  -53.795  -22.289 0.5000000000
26399  -28.516  -54.615  -22.518 0.5000000000
33762  -26.774  -46.575  -24.948 0.6999999881
123474  -27.815  -47.333  -25.129 0.6999999881
33767  -32.204  -46.560  -24.631 0.6999999881
26414  -27.358  -54.640  -23.710 0.4000000060
33761  -26.394  -46.193  -25.291 0.6999999881
32941  -28.591  -47.223  -24.943 0.6999999881
32943  -30.501  -47.039  -25.025 0.6999999881
32944  -31.532  -47.082  -25.033 0.6999999881
26426  -26.578  -54.589  -24.234 0.4000000060
33763  -27.785  -46.750  -24.679 0.6999999881
33758  -30.397  -45.761  -24.355 0.6999999881
33766  -31.117  -46.327  -24.644 0.6999999881
33754  -26.501  -46.026  -24.733 0.6999999881
34714  -28.801  -44.667  -23.610 0.6999999881
33757  -29.635  -45.952  -24.339 0.6999999881
34724  -28.434  -45.333  -23.824 0.6999999881
36612  -27.171  -43.788  -25.112 0.6000000238
36611  -26.255  -43.831  -24.801 0.6999999881
114870  -25.793  -44.217  -24.455 0.6999999881
38387  -28.270  -41.416  -24.609 0.5000000000
38403  -30.478  -41.556  -25.486 0.4000000060
38402  -29.635  -41.802  -25.214 0.5000000000
32934  -34.045  -47.204  -23.839 0.6999999881
28240  -30.155  -52.962  -19.805 0.6000000238
32950  -29.998  -47.665  -25.384 0.6999999881
26382  -28.839  -54.220  -21.738 0.5000000000
33755  -27.184  -46.102  -24.418 0.6999999881
33756  -28.164  -46.005  -24.206 0.6999999881
35742  -26.078  -44.787  -24.684 0.6999999881
35724  -27.297  -44.253  -23.411 0.6999999881
39313  -26.525  -41.106  -24.035 0.6999999881
36602  -26.487  -43.308  -24.704 0.6999999881
37465  -26.899  -42.470  -24.577 0.6999999881
38386  -27.274  -41.644  -24.440 0.6999999881
116532  -33.756  -50.803  -20.173 0.6999999881
31099  -33.919  -49.476  -20.099 0.6999999881
31112  -34.240  -49.316  -21.042 0.8000000119
32921  -34.338  -47.825  -21.224 0.8000000119
29233  -33.259  -51.400  -19.691 0.6000000238
30128  -33.367  -50.596  -19.410 0.6000000238
31089  -33.532  -49.760  -19.205 0.6000000238
112948  -34.390  -47.858  -21.988 0.8000000119
29210  -32.741  -51.022  -19.007 0.6000000238
29209  -31.977  -51.275  -18.667 0.6000000238
33750  -34.148  -46.626  -23.068 0.6999999881
28220  -31.724  -52.677  -19.443 0.6000000238
29231  -31.425  -51.932  -18.997 0.6000000238
28239  -29.453  -52.556  -20.273 0.6000000238
28218  -29.911  -52.161  -19.632 0.6000000238
33759  -32.802  -46.030  -24.247 0.6999999881
27301  -28.649  -53.376  -21.589 0.5000000000
28258  -29.033  -52.953  -20.931 0.6000000238
33760  -33.590  -46.292  -23.841 0.6999999881
125574  -31.964  -45.939  -24.403 0.6999999881
35734  -26.478  -45.106  -24.153 0.6999999881
34723  -27.505  -45.502  -23.951 0.6999999881
38384  -25.281  -42.136  -23.808 0.8000000119
36601  -25.663  -43.586  -24.318 0.6999999881
34712  -26.881  -44.972  -23.744 0.6999999881
35735  -29.786  -44.628  -23.691 0.6999999881
126502  -25.439  -41.466  -23.682 0.8000000119
36591  -25.757  -44.223  -24.130 0.6999999881
36577  -26.126  -43.366  -23.064 0.6999999881
39315  -28.600  -40.632  -24.479 0.5000000000
39327  -29.893  -40.952  -25.103 0.5000000000
39317  -30.009  -40.035  -24.857 0.5000000000
39328  -30.740  -40.605  -25.411 0.4000000060
112400  -33.978  -48.049  -19.724 0.8000000119
32914  -34.223  -47.776  -20.483 0.8999999762
30117  -33.018  -50.269  -18.738 0.6000000238
111208  -34.323  -47.146  -20.916 0.8000000119
111010  -34.296  -47.053  -21.959 0.8000000119
120456  -34.084  -46.118  -22.393 0.8000000119
29208  -31.048  -51.185  -18.653 0.6000000238
29230  -30.459  -51.709  -19.094 0.6000000238
28272  -28.067  -53.018  -21.999 0.6000000238
28238  -28.854  -52.130  -20.805 0.6000000238
29245  -29.254  -51.734  -20.165 0.6000000238
34716  -33.652  -45.371  -22.894 0.6999999881
27321  -27.653  -53.456  -22.608 0.5000000000
120024  -32.061  -44.031  -23.514 0.6999999881
34715  -32.824  -44.743  -23.453 0.6999999881
27337  -26.502  -53.518  -23.383 0.5000000000
28271  -27.404  -52.705  -22.269 0.5000000000
34727  -31.599  -44.731  -23.850 0.6999999881
34726  -30.575  -45.046  -23.990 0.6999999881
38369  -24.669  -41.667  -23.175 0.8000000119
37463  -25.190  -42.936  -23.861 0.8000000119
123007  -26.259  -44.191  -23.591 0.6999999881
36578  -26.938  -43.553  -23.148 0.6999999881
36579  -28.573  -43.330  -23.248 0.6999999881
126603  -25.534  -43.545  -23.593 0.6999999881
39316  -29.357  -40.532  -24.708 0.5000000000
31079  -33.139  -49.645  -18.543 0.6999999881
32018  -33.269  -48.482  -18.090 0.6999999881
32029  -33.409  -49.059  -18.670 0.6999999881
112618  -33.668  -48.286  -18.852 0.8000000119
33732  -34.186  -46.708  -19.449 0.8000000119
31078  -32.623  -49.814  -18.269 0.6999999881
32889  -33.544  -47.689  -18.237 0.8000000119
110818  -34.346  -45.904  -19.843 0.8000000119
30115  -31.579  -50.564  -18.399 0.6000000238
33746  -34.279  -46.345  -21.404 0.8000000119
30127  -30.122  -50.938  -18.827 0.6000000238
34706  -34.022  -45.492  -21.880 0.6999999881
29255  -28.295  -51.754  -21.246 0.6000000238
29244  -28.662  -51.317  -20.654 0.6000000238
35729  -33.544  -44.665  -22.465 0.8000000119
35718  -33.496  -43.928  -22.048 0.6999999881
28256  -27.869  -52.233  -21.753 0.6000000238
36573  -32.963  -43.268  -22.439 0.8000000119
28287  -26.164  -52.870  -22.960 0.4000000060
35736  -30.785  -44.338  -23.745 0.6999999881
27349  -24.514  -53.391  -24.394 0.4000000060
35726  -30.184  -43.775  -23.567 0.6999999881
35727  -31.215  -43.608  -23.542 0.6999999881
38368  -24.802  -42.424  -23.299 0.8000000119
114935  -29.209  -43.901  -23.506 0.6999999881
37441  -27.731  -42.856  -22.890 0.6999999881
39297  -25.640  -40.610  -23.462 0.8000000119
39298  -26.950  -40.258  -23.826 0.6999999881
40196  -28.030  -40.013  -24.083 0.5000000000
41180  -29.970  -38.867  -24.113 0.5000000000
40197  -29.072  -39.821  -24.330 0.5000000000
40209  -30.855  -39.826  -25.183 0.4000000060
32017  -32.641  -48.589  -17.621 0.6000000238
32874  -33.049  -47.869  -17.524 0.6999999881
111889  -33.831  -46.862  -18.521 0.8000000119
33723  -34.204  -46.103  -18.885 0.8000000119
31077  -31.936  -49.934  -18.095 0.6999999881
30114  -30.699  -50.414  -18.456 0.6999999881
35705  -34.354  -45.032  -20.231 0.8000000119
30113  -29.864  -50.149  -18.625 0.6000000238
34689  -34.351  -45.314  -19.255 0.8000000119
30126  -29.348  -50.477  -19.383 0.6000000238
121695  -34.183  -44.163  -20.547 0.8000000119
35712  -34.023  -44.697  -21.338 0.8000000119
29254  -27.638  -51.471  -21.504 0.6000000238
30156  -28.071  -50.967  -21.047 0.6000000238
35728  -32.882  -43.932  -22.940 0.8999999762
36574  -33.488  -43.290  -21.664 0.8000000119
36582  -31.222  -42.723  -23.334 0.8000000119
37445  -31.799  -42.403  -22.916 0.8000000119
28270  -26.660  -52.417  -22.458 0.5000000000
111691  -29.683  -41.504  -22.541 0.8000000119
36581  -30.528  -43.103  -23.473 0.6999999881
28286  -25.417  -52.542  -23.199 0.4000000060
39295  -24.865  -40.279  -22.410 0.8000000119
37440  -24.796  -42.428  -22.925 0.8000000119
37427  -25.142  -42.371  -22.591 0.8000000119
37429  -27.124  -42.062  -22.507 0.8000000119
36580  -29.599  -43.045  -23.293 0.6999999881
40182  -25.261  -39.917  -22.756 0.8000000119
36572  -26.611  -42.841  -22.768 0.8000000119
37428  -26.027  -42.215  -22.476 0.8000000119
41159  -25.911  -39.053  -22.771 0.8000000119
38339  -25.304  -41.637  -22.274 0.8000000119
40185  -28.397  -39.225  -23.825 0.6000000238
40184  -27.417  -39.427  -23.621 0.6000000238
40198  -29.750  -39.388  -24.403 0.5000000000
32873  -32.297  -47.944  -17.136 0.6000000238
31060  -31.333  -49.299  -17.782 0.6000000238
34655  -33.849  -46.134  -17.890 0.6999999881
34674  -34.314  -44.856  -18.593 0.6999999881
31076  -30.440  -49.620  -18.173 0.6000000238
32015  -30.931  -48.514  -17.396 0.6000000238
32872  -31.393  -47.919  -16.984 0.6000000238
31059  -29.861  -48.954  -18.101 0.6000000238
35706  -34.357  -44.375  -19.521 0.8000000119
30139  -28.473  -50.460  -20.443 0.6000000238
31088  -29.273  -49.636  -19.082 0.6000000238
30155  -27.389  -50.735  -21.293 0.5000000000
36564  -33.882  -43.278  -20.770 0.8000000119
30168  -26.154  -50.944  -21.837 0.3000000119
37432  -32.967  -42.147  -21.911 0.8000000119
131876  -33.150  -42.768  -22.030 0.8000000119
116348  -31.079  -41.883  -22.874 0.8000000119
37431  -32.073  -41.760  -22.344 0.8000000119
38343  -29.101  -41.045  -22.222 0.8000000119
39257  -24.951  -40.995  -22.173 0.8000000119
37430  -28.109  -41.953  -22.540 0.8000000119
38357  -28.936  -41.746  -22.603 0.8000000119
37443  -29.587  -42.208  -22.898 0.6999999881
38340  -26.405  -41.391  -22.165 0.8000000119
41160  -26.862  -38.844  -23.141 0.6999999881
41162  -28.676  -38.534  -23.521 0.6000000238
41181  -30.760  -38.821  -24.196 0.3000000119
32854  -31.881  -47.301  -16.623 0.6000000238
33691  -33.236  -46.317  -16.881 0.6999999881
130868  -33.710  -45.613  -17.205 0.6999999881
34656  -34.099  -45.270  -17.819 0.6999999881
32899  -26.046  -46.985  -19.960 0.5000000000
131307  -30.511  -48.970  -17.776 0.6000000238
32871  -30.503  -47.769  -17.111 0.6000000238
35698  -34.389  -44.055  -18.619 0.6999999881
31098  -28.072  -49.673  -20.395 0.5000000000
32027  -29.305  -48.927  -18.725 0.5000000000
32014  -30.088  -48.372  -17.599 0.6000000238
31110  -26.493  -49.802  -21.149 0.3000000119
30138  -27.746  -50.213  -20.852 0.5000000000
36557  -34.341  -43.500  -19.296 0.8000000119
37413  -34.273  -42.068  -19.823 0.8000000119
37421  -33.860  -42.359  -20.612 0.8000000119
38359  -31.279  -41.003  -22.279 0.8999999762
123170  -32.543  -40.676  -21.485 0.8999999762
117459  -33.446  -41.803  -21.269 0.8000000119
28269  -25.879  -52.135  -22.623 0.4000000060
39277  -29.860  -40.835  -22.200 0.8999999762
38358  -30.446  -41.286  -22.500 0.8999999762
38344  -32.084  -41.030  -21.945 0.8999999762
40181  -25.005  -39.618  -22.240 0.8000000119
39275  -24.896  -40.279  -22.111 0.8000000119
38341  -27.566  -41.166  -22.103 0.8000000119
37442  -28.761  -42.542  -22.904 0.8000000119
41158  -25.284  -39.210  -22.366 0.8000000119
41143  -26.367  -38.234  -22.669 0.6999999881
41161  -27.811  -38.676  -23.371 0.6000000238
42181  -29.688  -37.938  -23.154 0.6000000238
33689  -31.517  -46.607  -16.235 0.6000000238
33690  -32.362  -46.593  -16.421 0.6000000238
34639  -33.350  -45.426  -16.511 0.6999999881
32853  -30.947  -47.228  -16.522 0.6000000238
126269  -33.929  -44.806  -16.997 0.6999999881
35665  -34.299  -43.926  -17.187 0.8000000119
32054  -28.028  -48.600  -19.856 0.6000000238
131065  -28.914  -48.355  -18.965 0.5000000000
32870  -29.724  -47.535  -17.599 0.6000000238
35679  -34.317  -44.479  -17.846 0.6999999881
37406  -34.598  -42.475  -18.331 0.8000000119
31096  -26.294  -49.152  -20.834 0.4000000060
37414  -34.391  -42.683  -19.148 0.6999999881
30154  -26.682  -50.501  -21.445 0.4000000060
117112  -34.175  -42.933  -19.949 0.8000000119
40155  -32.227  -39.983  -21.214 0.8000000119
38330  -33.860  -41.379  -20.473 0.8000000119
39261  -29.332  -40.392  -21.761 0.8999999762
40154  -31.395  -39.782  -21.337 0.8000000119
39265  -33.300  -40.998  -21.188 0.8000000119
40152  -29.623  -39.624  -21.343 0.8000000119
131013  -25.698  -39.595  -21.389 0.8000000119
39247  -27.094  -39.747  -21.284 0.8000000119
38342  -28.433  -41.297  -22.260 0.6999999881
40138  -25.140  -39.459  -21.712 0.8000000119
39259  -27.595  -40.395  -21.622 0.8000000119
39258  -26.740  -40.587  -21.713 0.8000000119
41142  -25.547  -38.452  -22.359 0.8000000119
40139  -25.465  -39.166  -21.313 0.8000000119
42160  -27.598  -37.463  -22.650 0.6999999881
42179  -28.137  -38.025  -23.036 0.6999999881
43202  -29.464  -36.788  -22.266 0.6000000238
43203  -30.288  -36.809  -22.154 0.6000000238
33688  -30.712  -46.381  -16.297 0.6000000238
35647  -33.292  -44.312  -15.735 0.8000000119
34620  -33.490  -44.747  -16.262 0.6999999881
127715  -26.972  -45.974  -19.356 0.5000000000
32888  -29.096  -47.194  -18.337 0.5000000000
36535  -34.521  -43.077  -17.560 0.8000000119
113016  -34.461  -43.782  -17.936 0.6999999881
32901  -28.138  -47.208  -19.325 0.5000000000
32887  -28.744  -47.654  -18.870 0.5000000000
36518  -34.295  -43.266  -16.566 0.8000000119
37376  -34.587  -42.485  -16.871 0.8000000119
32900  -26.796  -46.894  -19.676 0.5000000000
130968  -34.698  -42.288  -17.619 0.8000000119
38321  -34.560  -41.822  -18.963 0.8000000119
39231  -34.775  -40.846  -18.677 0.8000000119
38320  -34.381  -41.166  -19.607 0.8000000119
39264  -33.017  -40.293  -20.992 0.8000000119
40153  -30.554  -39.675  -21.371 0.8000000119
40146  -33.436  -39.995  -20.436 0.8000000119
40141  -28.770  -39.197  -21.061 0.8000000119
122045  -27.808  -39.132  -20.966 0.8999999762
42157  -25.270  -37.850  -22.000 0.8000000119
110682  -25.151  -38.079  -21.242 0.8000000119
41144  -27.285  -38.110  -22.888 0.6999999881
133295  -26.233  -37.043  -22.345 0.6999999881
42161  -29.163  -37.393  -22.703 0.6999999881
43199  -26.636  -36.593  -22.251 0.6999999881
43200  -27.701  -36.752  -22.336 0.6999999881
44057  -28.170  -36.072  -21.901 0.6999999881
43201  -28.641  -36.759  -22.325 0.6999999881
36498  -31.420  -43.702  -14.932 0.8000000119
128524  -31.323  -45.902  -15.849 0.6000000238
35645  -31.748  -44.496  -15.199 0.6000000238
115950  -33.095  -43.749  -15.126 0.8000000119
35661  -26.834  -44.731  -16.523 0.6000000238
131976  -27.283  -44.408  -18.087 0.5000000000
115108  -30.079  -45.865  -16.742 0.6000000238
34636  -30.584  -45.542  -16.079 0.6000000238
36500  -33.676  -43.620  -15.698 0.8000000119
35641  -25.461  -45.012  -15.377 0.6000000238
35642  -26.701  -44.490  -15.654 0.6000000238
35662  -27.222  -44.190  -16.303 0.6000000238
35677  -28.525  -44.030  -17.879 0.5000000000
34654  -29.488  -45.184  -17.398 0.5000000000
36490  -23.694  -42.873  -15.608 0.5000000000
36491  -24.465  -43.454  -15.229 0.5000000000
36470  -25.926  -43.381  -14.604 0.6000000238
35643  -27.203  -43.841  -15.619 0.6000000238
118523  -28.081  -45.258  -18.724 0.5000000000
34653  -28.925  -44.621  -17.914 0.5000000000
38282  -34.617  -41.873  -16.213 0.8000000119
38300  -34.834  -41.712  -17.216 0.8000000119
38262  -25.125  -42.046  -14.791 0.5000000000
33721  -28.665  -46.255  -18.541 0.5000000000
37374  -23.165  -42.437  -16.037 0.4000000060
132917  -28.515  -46.898  -18.869 0.5000000000
39219  -35.075  -40.924  -17.709 0.6999999881
40130  -33.224  -39.211  -20.173 0.8000000119
39239  -34.423  -40.293  -19.430 0.8000000119
40123  -34.757  -39.869  -18.801 0.6999999881
125212  -30.207  -39.088  -20.939 0.8000000119
40131  -34.358  -39.561  -19.345 0.8000000119
40145  -32.684  -39.598  -20.674 0.8000000119
41116  -32.326  -38.873  -20.339 0.8000000119
128327  -25.011  -37.474  -21.225 0.8999999762
42128  -25.297  -38.106  -20.894 0.8999999762
41112  -27.503  -38.523  -20.605 0.8000000119
40142  -29.532  -38.990  -20.903 0.8000000119
41111  -26.710  -38.569  -20.651 1.0000000000
124541  -28.337  -38.524  -20.589 0.8000000119
42158  -25.832  -37.520  -22.320 0.8000000119
131779  -26.007  -36.252  -22.081 0.6999999881
37362  -31.024  -42.911  -14.760 0.8000000119
36499  -32.315  -43.810  -14.898 0.8000000119
36473  -32.893  -43.121  -14.621 0.8000000119
37357  -27.311  -42.763  -14.943 0.6000000238
36497  -30.579  -43.377  -15.356 0.6000000238
35644  -30.883  -44.258  -15.382 0.6000000238
36474  -33.638  -42.966  -15.083 0.8000000119
126158  -33.933  -42.196  -14.935 0.8000000119
37356  -25.192  -43.004  -14.822 0.5000000000
35626  -26.481  -43.965  -14.910 0.6000000238
36513  -27.839  -43.525  -16.588 0.6000000238
35663  -29.839  -44.218  -16.579 0.6000000238
37363  -34.207  -42.432  -15.552 0.8000000119
38265  -34.322  -41.681  -15.284 0.8000000119
39190  -34.685  -41.033  -15.790 0.6999999881
37333  -25.961  -42.502  -14.454 0.5000000000
37375  -29.085  -42.744  -16.398 0.6000000238
35664  -30.437  -44.684  -15.987 0.6000000238
37354  -23.670  -41.878  -15.711 0.4000000060
38240  -25.161  -41.051  -14.684 0.4000000060
38242  -26.557  -41.621  -14.485 0.4000000060
39206  -35.268  -40.171  -17.213 0.6999999881
39169  -24.892  -40.037  -14.753 0.4000000060
39170  -25.719  -40.324  -14.362 0.4000000060
121884  -28.030  -41.115  -14.796 0.4000000060
40116  -35.192  -40.096  -18.092 0.6999999881
40075  -25.471  -39.449  -14.325 0.4000000060
40077  -27.259  -39.877  -14.044 0.5000000000
41097  -34.575  -39.051  -18.936 0.6999999881
40074  -24.705  -39.142  -14.761 0.3000000119
40058  -26.888  -39.199  -13.655 0.5000000000
39172  -27.662  -40.523  -14.398 0.5000000000
41115  -30.633  -38.579  -20.539 0.8000000119
119474  -31.444  -38.655  -20.457 0.8000000119
41105  -32.877  -38.388  -19.877 0.8000000119
41096  -34.295  -38.141  -18.910 0.8000000119
41106  -33.844  -38.835  -19.537 0.8000000119
42127  -25.033  -37.386  -20.969 0.8000000119
41100  -25.834  -37.780  -20.558 1.0000000000
42118  -27.154  -37.396  -20.161 0.8000000119
42129  -27.930  -37.803  -20.233 0.8000000119
42130  -28.848  -37.923  -20.217 0.8000000119
42132  -30.263  -38.116  -20.263 0.8000000119
41103  -30.980  -37.934  -20.093 0.8000000119
42117  -25.453  -37.209  -20.610 1.0000000000
133304  -29.793  -37.123  -19.640 0.8000000119
42144  -25.062  -37.129  -21.533 0.8000000119
43154  -27.154  -36.637  -19.800 0.8000000119
118570  -25.512  -36.049  -21.888 0.8999999762
44055  -26.207  -35.725  -21.861 0.6999999881
44056  -27.232  -35.915  -21.941 0.6999999881
44034  -27.808  -35.258  -21.617 0.6999999881
124621  -28.632  -35.395  -21.642 0.6999999881
44035  -29.416  -35.419  -21.636 0.6999999881
43180  -30.695  -36.161  -21.730 0.6000000238
44834  -29.833  -34.658  -21.515 0.6999999881
131256  -28.332  -34.707  -21.485 0.6999999881
44037  -31.195  -35.398  -21.542 0.6000000238
44036  -30.253  -35.416  -21.583 0.6000000238
36472  -31.959  -43.081  -14.569 0.8000000119
37338  -32.454  -42.336  -14.398 0.8000000119
36494  -27.663  -43.113  -15.626 0.5000000000
37336  -29.897  -41.899  -15.134 0.8000000119
125518  -30.632  -42.145  -14.714 0.8000000119
37337  -31.493  -42.292  -14.428 0.8000000119
37339  -33.328  -42.294  -14.605 0.8000000119
36471  -26.580  -43.109  -14.692 0.5000000000
37358  -28.023  -42.368  -15.495 0.6000000238
38263  -28.409  -41.691  -15.260 0.5000000000
37361  -30.235  -42.572  -15.310 0.8000000119
120487  -25.960  -41.075  -14.371 0.4000000060
124224  -27.297  -41.151  -14.546 0.5000000000
38244  -29.623  -41.306  -14.791 0.6999999881
37360  -29.468  -42.326  -15.704 0.6999999881
38248  -33.824  -41.426  -14.638 0.6999999881
127155  -34.366  -41.015  -15.049 0.6999999881
40094  -34.972  -39.547  -15.684 0.6999999881
40107  -35.022  -40.247  -16.241 0.6999999881
40108  -35.360  -39.328  -16.658 0.6999999881
41093  -35.425  -38.593  -17.248 0.6999999881
41043  -27.412  -38.698  -13.137 0.5000000000
41098  -35.168  -38.645  -17.921 0.6999999881
41041  -25.784  -38.371  -13.482 0.4000000060
41042  -26.518  -38.528  -13.270 0.4000000060
42123  -32.461  -37.605  -19.558 0.8000000119
133222  -34.810  -38.631  -18.472 0.6999999881
42122  -31.569  -37.420  -19.644 0.8000000119
43158  -31.191  -36.728  -19.336 0.8000000119
43147  -31.665  -36.097  -18.917 0.6999999881
114432  -27.848  -37.015  -19.806 0.8000000119
42121  -30.168  -37.528  -19.869 0.8000000119
43167  -24.755  -36.107  -20.960 0.8999999762
43178  -24.822  -36.322  -21.302 0.8999999762
43152  -25.077  -35.763  -20.627 0.8999999762
130470  -25.671  -36.226  -20.287 0.8000000119
43153  -26.512  -36.117  -19.808 0.8000000119
44008  -28.176  -35.891  -19.296 0.8000000119
44031  -25.385  -35.418  -21.544 0.8999999762
44817  -24.871  -35.032  -20.949 0.8000000119
44033  -26.851  -35.028  -21.658 0.8000000119
43204  -31.148  -36.830  -22.033 0.4000000060
44832  -27.540  -34.280  -21.479 0.6999999881
125479  -29.039  -34.667  -21.501 0.6999999881
45644  -31.171  -33.728  -21.725 0.5000000000
38245  -30.968  -41.575  -14.294 0.6999999881
38246  -31.910  -41.564  -14.127 0.8000000119
39175  -30.291  -40.918  -14.231 0.6999999881
39177  -32.308  -40.649  -13.828 0.6999999881
40076  -26.309  -39.762  -14.029 0.4000000060
39158  -29.038  -39.992  -14.032 0.6000000238
130539  -31.535  -40.264  -13.587 0.6999999881
39179  -34.155  -40.485  -14.598 0.6999999881
40079  -34.487  -39.544  -14.771 0.6999999881
41071  -34.898  -38.960  -15.253 0.6999999881
40095  -35.281  -38.766  -15.905 0.6999999881
41044  -28.304  -38.837  -13.014 0.5000000000
127683  -35.463  -38.486  -16.568 0.6999999881
41020  -26.994  -38.087  -12.629 0.4000000060
111969  -25.997  -37.150  -12.121 0.3000000119
114827  -26.663  -37.519  -12.257 0.3000000119
41021  -27.902  -38.237  -12.451 0.5000000000
43159  -32.064  -36.846  -19.261 0.6999999881
42113  -33.814  -37.289  -18.857 0.6999999881
115276  -35.361  -36.954  -17.334 0.6999999881
42044  -27.487  -37.505  -11.924 0.4000000060
43148  -32.576  -36.278  -18.833 0.6999999881
128828  -34.426  -37.494  -18.497 0.6999999881
43149  -33.463  -36.513  -18.661 0.6999999881
44007  -27.336  -35.820  -19.463 0.8000000119
43155  -28.455  -36.546  -19.499 0.8000000119
43156  -29.330  -36.732  -19.482 0.8000000119
43145  -29.804  -36.009  -19.081 0.8000000119
124622  -28.584  -35.407  -19.042 0.8000000119
44006  -25.448  -35.402  -20.200 0.8000000119
44830  -25.190  -34.803  -21.164 0.8000000119
44818  -25.242  -34.176  -20.667 0.8000000119
44804  -25.170  -34.931  -20.505 0.8999999762
44032  -25.870  -34.841  -21.495 0.8999999762
44831  -26.444  -34.184  -21.445 0.8000000119
45641  -27.778  -33.339  -21.509 0.8000000119
45643  -30.218  -33.905  -21.571 0.6999999881
44835  -30.716  -34.609  -21.513 0.6000000238
123407  -28.566  -33.902  -21.440 0.6999999881
45642  -29.140  -33.369  -21.602 0.6999999881
47160  -28.264  -31.467  -21.972 0.6999999881
40043  -30.060  -39.110  -12.746 0.6000000238
40044  -30.935  -39.143  -12.765 0.6000000238
40063  -31.249  -39.737  -13.233 0.6999999881
40064  -32.623  -39.102  -13.326 0.6999999881
39162  -32.966  -39.840  -13.747 0.6999999881
39163  -33.807  -39.772  -14.131 0.6999999881
40060  -28.671  -39.442  -13.502 0.5000000000
39159  -29.897  -40.210  -13.790 0.6000000238
126858  -33.094  -38.496  -13.327 0.6999999881
41059  -34.084  -38.921  -14.150 0.6999999881
40061  -29.545  -39.590  -13.341 0.6000000238
42043  -25.374  -37.194  -12.816 0.3000000119
41022  -28.811  -38.422  -12.270 0.5000000000
41045  -29.192  -38.992  -12.844 0.5000000000
41024  -30.587  -38.469  -12.391 0.6000000238
41072  -35.087  -38.306  -15.297 0.6999999881
42034  -28.124  -37.053  -11.302 0.4000000060
42045  -28.437  -37.743  -11.780 0.5000000000
42036  -29.847  -37.072  -11.503 0.6000000238
42087  -35.508  -37.906  -16.021 0.6999999881
43141  -34.853  -36.395  -17.851 0.6999999881
43134  -35.545  -36.359  -16.854 0.6999999881
43150  -34.274  -36.795  -18.388 0.6999999881
43901  -27.770  -35.037  -10.477 0.3000000119
112601  -33.134  -35.823  -18.497 0.6999999881
43999  -29.297  -35.234  -18.839 0.8000000119
44000  -30.254  -35.292  -18.744 0.8000000119
43146  -30.727  -36.044  -18.992 0.6999999881
44001  -31.206  -35.333  -18.651 0.6999999881
44003  -33.293  -35.135  -18.164 0.6999999881
44797  -27.669  -34.504  -19.050 0.8000000119
44799  -29.772  -34.480  -18.622 0.8000000119
44805  -25.394  -34.072  -20.031 0.8000000119
43143  -25.979  -35.466  -19.806 0.8000000119
43144  -26.652  -35.448  -19.560 0.8000000119
44798  -28.545  -34.743  -18.837 0.8000000119
45638  -25.640  -33.153  -20.631 0.8000000119
128700  -26.299  -31.781  -19.627 0.8000000119
46386  -27.532  -32.662  -19.382 0.8000000119
47118  -28.024  -32.083  -19.502 0.8000000119
47130  -27.580  -31.344  -19.762 0.8000000119
45659  -31.020  -32.862  -22.077 0.6000000238
129451  -30.463  -33.285  -21.798 0.6999999881
46423  -27.929  -32.529  -21.650 0.8000000119
46424  -29.362  -32.728  -21.857 0.6000000238
47947  -28.880  -30.294  -22.456 0.6999999881
131188  -29.394  -30.726  -22.492 0.6000000238
46441  -29.791  -31.912  -22.223 0.6000000238
41025  -31.475  -38.422  -12.547 0.6000000238
42047  -30.254  -37.810  -11.905 0.6000000238
41047  -33.699  -38.297  -13.686 0.6999999881
42067  -33.979  -37.470  -13.695 0.6999999881
42076  -34.559  -37.299  -14.266 0.6999999881
118298  -34.809  -37.864  -14.751 0.6999999881
43071  -28.582  -36.399  -10.952 0.4000000060
42035  -28.962  -37.102  -11.368 0.4000000060
123148  -31.583  -37.139  -12.086 0.5000000000
43101  -33.615  -36.798  -13.286 0.6999999881
129272  -35.210  -37.672  -15.304 0.6999999881
43084  -30.844  -36.979  -11.713 0.5000000000
43074  -31.141  -36.030  -11.553 0.5000000000
121323  -35.447  -37.098  -15.653 0.6999999881
43123  -35.608  -36.348  -16.110 0.6999999881
43914  -28.191  -35.679  -10.620 0.3000000119
114450  -28.983  -35.628  -10.773 0.3000000119
43072  -29.391  -36.333  -11.150 0.4000000060
121686  -35.551  -35.561  -16.602 0.6999999881
44727  -28.569  -34.753  -10.523 0.3000000119
43992  -34.797  -35.522  -17.678 0.6999999881
43993  -35.248  -35.093  -17.176 0.6999999881
44794  -34.690  -34.673  -17.514 0.6999999881
132156  -29.165  -34.654  -18.710 0.8000000119
44801  -31.618  -34.578  -18.376 0.6999999881
44002  -32.283  -35.366  -18.502 0.6999999881
45604  -34.522  -33.815  -17.364 0.6999999881
44802  -32.538  -34.365  -18.112 0.6999999881
45602  -32.844  -33.005  -17.760 0.6999999881
45606  -26.433  -33.382  -19.445 0.8000000119
44800  -30.730  -34.569  -18.508 0.6999999881
46378  -32.690  -32.174  -17.989 0.6999999881
114400  -25.886  -34.091  -19.596 0.8000000119
45607  -27.366  -33.782  -19.158 0.8000000119
45608  -28.707  -33.480  -18.841 0.8000000119
45609  -29.526  -33.638  -18.651 0.8000000119
116655  -30.358  -33.805  -18.505 0.8000000119
46390  -31.369  -32.595  -18.477 0.8000000119
47120  -32.541  -31.351  -18.414 0.6999999881
46395  -25.632  -32.526  -19.883 0.8000000119
46387  -28.395  -32.796  -19.163 0.8000000119
47132  -29.405  -31.557  -19.522 0.8000000119
46389  -30.586  -32.433  -18.775 0.8000000119
45626  -25.479  -33.254  -20.154 0.8000000119
46411  -25.589  -32.321  -20.313 0.8000000119
47117  -27.107  -31.937  -19.607 0.8000000119
46396  -28.902  -32.208  -19.327 0.8000000119
47133  -30.307  -31.668  -19.231 0.8000000119
45639  -26.078  -32.996  -21.074 0.8000000119
47896  -25.849  -31.265  -19.827 0.8000000119
127894  -28.088  -30.936  -19.978 0.8000000119
47911  -28.918  -30.951  -20.089 0.8000000119
130972  -30.556  -30.003  -20.077 0.8000000119
47157  -25.822  -31.210  -21.067 0.8000000119
119564  -28.225  -30.357  -20.298 0.8000000119
46421  -26.287  -32.024  -21.218 0.8000000119
46443  -31.670  -32.347  -22.595 0.5000000000
46425  -30.191  -32.699  -22.001 0.6000000238
47158  -26.541  -31.245  -21.514 0.8000000119
47936  -26.939  -30.595  -21.845 0.8000000119
46442  -30.785  -32.157  -22.396 0.6000000238
47950  -31.239  -31.150  -23.112 0.6000000238
115599  -29.878  -31.058  -22.541 0.6000000238
47176  -30.633  -31.442  -22.653 0.6000000238
112620  -32.419  -38.308  -12.834 0.6999999881
42048  -31.105  -37.751  -12.180 0.6000000238
118194  -33.043  -36.975  -12.816 0.6999999881
43945  -33.944  -35.881  -13.357 0.6999999881
43102  -34.286  -36.661  -13.775 0.6999999881
43924  -32.001  -35.807  -11.901 0.5000000000
43100  -33.247  -36.220  -12.795 0.6999999881
43915  -29.737  -35.580  -10.979 0.4000000060
130824  -30.682  -34.734  -11.237 0.4000000060
43917  -31.435  -35.043  -11.569 0.5000000000
43115  -35.335  -36.401  -15.207 0.6999999881
122951  -35.535  -35.635  -15.637 0.6999999881
121672  -29.410  -34.093  -10.645 0.3000000119
123943  -30.333  -34.102  -11.089 0.3000000119
44765  -35.423  -34.112  -15.049 0.6999999881
131091  -35.609  -34.992  -16.030 0.6999999881
45527  -28.451  -33.669  -10.567 0.3000000119
46312  -30.447  -32.679  -11.450 0.3000000119
45598  -35.392  -33.812  -16.442 0.6999999881
130924  -30.042  -32.070  -11.546 0.3000000119
130813  -35.001  -32.679  -16.841 0.6999999881
45610  -30.868  -33.197  -18.500 0.8000000119
125156  -31.817  -33.959  -18.165 0.6999999881
45603  -33.672  -33.367  -17.568 0.6999999881
120226  -31.159  -33.917  -18.332 0.6999999881
46391  -32.098  -32.783  -18.109 0.6999999881
47110  -33.263  -31.506  -17.913 0.6999999881
133704  -26.703  -33.054  -19.433 0.8000000119
46388  -29.223  -32.906  -18.908 0.8000000119
111999  -31.918  -31.968  -18.446 0.8000000119
46384  -25.895  -32.754  -19.635 0.8000000119
47898  -31.730  -31.088  -19.034 0.8000000119
47116  -25.839  -32.063  -19.709 0.8000000119
47912  -30.019  -30.725  -19.833 0.8000000119
126514  -31.057  -30.467  -19.618 0.8000000119
47909  -25.649  -30.847  -20.322 0.8000000119
47145  -25.672  -31.396  -20.571 0.8000000119
47897  -26.595  -31.157  -19.754 0.8000000119
48703  -29.126  -30.189  -20.392 0.8000000119
126842  -29.151  -29.468  -20.556 0.8000000119
48704  -30.564  -29.274  -20.402 0.8000000119
47935  -26.063  -30.352  -21.341 0.8000000119
48732  -25.854  -29.847  -21.068 0.8000000119
47910  -27.172  -30.492  -20.061 0.8000000119
48701  -27.511  -29.830  -20.422 0.8000000119
49547  -30.556  -28.419  -20.602 0.8000000119
47174  -27.985  -30.707  -22.143 0.8000000119
42049  -31.940  -37.644  -12.413 0.6000000238
43086  -32.376  -36.678  -12.356 0.6000000238
44728  -29.335  -34.976  -10.702 0.3000000119
43073  -30.263  -36.242  -11.349 0.5000000000
44737  -32.350  -34.873  -12.088 0.5000000000
43944  -33.424  -35.446  -12.846 0.6999999881
117324  -34.536  -35.205  -13.834 0.6999999881
117608  -32.610  -34.022  -12.245 0.6000000238
44748  -33.873  -34.891  -13.219 0.6999999881
44749  -34.478  -34.168  -13.713 0.6999999881
123564  -35.038  -33.923  -14.348 0.6999999881
46311  -29.616  -32.569  -11.301 0.3000000119
45529  -30.823  -33.458  -11.412 0.3000000119
45559  -34.138  -33.241  -13.395 0.6999999881
130467  -28.710  -31.744  -11.612 0.3000000119
47835  -31.281  -30.517  -12.358 0.3000000119
45575  -35.301  -33.382  -14.727 0.6999999881
48652  -29.457  -28.675  -13.544 0.3000000119
48653  -30.253  -29.035  -13.112 0.3000000119
48632  -30.819  -29.758  -12.610 0.3000000119
48654  -31.374  -29.005  -12.728 0.3000000119
50447  -29.284  -27.332  -14.576 0.3000000119
120065  -34.438  -32.957  -17.250 0.6999999881
47111  -34.062  -31.496  -17.532 0.6999999881
47899  -32.544  -30.534  -18.848 0.8000000119
119298  -31.889  -30.142  -19.456 0.8000000119
48705  -31.253  -29.677  -19.996 0.8000000119
48699  -25.808  -30.117  -20.668 0.8000000119
126660  -26.066  -30.400  -20.143 0.8000000119
49543  -26.425  -29.132  -20.873 0.8000000119
129488  -26.579  -29.727  -20.450 0.8000000119
49545  -28.522  -28.818  -20.711 0.8000000119
50484  -28.831  -27.955  -20.850 0.8000000119
49546  -29.650  -28.806  -20.622 0.8000000119
47945  -26.741  -29.907  -22.028 0.8000000119
49566  -27.736  -28.084  -20.940 0.8000000119
47946  -27.284  -30.058  -22.143 0.8000000119
48742  -27.895  -29.151  -22.454 0.6999999881
48743  -28.645  -29.443  -22.508 0.6000000238
44747  -33.160  -34.658  -12.608 0.6000000238
124187  -33.711  -33.980  -13.058 0.6000000238
115197  -31.797  -32.067  -12.009 0.4000000060
46337  -33.769  -32.412  -13.115 0.6000000238
46338  -34.582  -32.412  -13.749 0.6999999881
45560  -34.800  -33.318  -14.000 0.6999999881
47854  -33.578  -30.818  -12.998 0.4000000060
130642  -35.124  -32.775  -14.367 0.6999999881
127671  -35.491  -32.644  -15.247 0.6999999881
46373  -35.423  -32.865  -16.262 0.6999999881
133399  -32.114  -27.497  -13.297 0.3000000119
48656  -33.822  -29.956  -13.248 0.4000000060
47092  -34.803  -31.462  -13.930 0.6000000238
47098  -35.518  -31.277  -15.491 0.6999999881
46372  -35.188  -32.062  -16.574 0.6999999881
46380  -34.566  -32.154  -17.175 0.6999999881
47888  -35.042  -30.494  -16.807 0.6999999881
114962  -34.378  -30.716  -17.476 0.6999999881
47901  -33.994  -30.118  -18.054 0.6999999881
47119  -31.130  -31.813  -18.852 0.8000000119
47134  -30.865  -31.163  -19.328 0.8000000119
48706  -32.653  -29.713  -19.253 0.8000000119
124308  -29.869  -29.770  -20.368 0.8000000119
49549  -32.189  -28.478  -20.126 0.8000000119
48702  -28.357  -29.633  -20.549 0.8000000119
50486  -30.755  -27.584  -20.777 0.8000000119
49578  -26.541  -28.436  -21.829 0.8000000119
49565  -26.906  -28.342  -21.180 0.8000000119
50504  -27.949  -27.128  -21.193 0.8000000119
50503  -27.089  -27.522  -21.441 0.8000000119
47948  -29.868  -30.273  -22.640 0.6000000238
48741  -27.078  -29.277  -22.241 0.8000000119
124134  -29.317  -28.979  -22.545 0.6000000238
49584  -27.405  -28.513  -22.386 0.6999999881
50530  -28.716  -27.684  -22.538 0.6999999881
45540  -32.824  -33.232  -12.390 0.6000000238
45558  -33.473  -33.176  -12.819 0.6000000238
48634  -32.972  -30.061  -12.563 0.3000000119
120959  -32.471  -29.080  -12.545 0.3000000119
48655  -33.356  -29.131  -12.882 0.3000000119
47855  -34.355  -30.724  -13.563 0.5000000000
49509  -33.599  -28.272  -13.345 0.3000000119
49510  -34.141  -29.115  -13.554 0.5000000000
47871  -35.483  -30.573  -15.000 0.6999999881
51353  -31.304  -26.344  -14.380 0.3000000119
50449  -32.636  -27.039  -13.441 0.3000000119
49525  -35.474  -28.970  -14.992 0.4000000060
118390  -35.483  -30.549  -15.905 0.6999999881
52986  -30.818  -24.999  -15.484 0.3000000119
47889  -35.352  -29.805  -16.302 0.6000000238
48687  -34.452  -29.218  -18.037 0.6000000238
48688  -34.866  -29.305  -17.347 0.6000000238
47900  -33.285  -30.053  -18.590 0.8000000119
48691  -33.807  -29.483  -18.487 0.6999999881
49538  -34.609  -28.233  -18.353 0.6000000238
49537  -33.945  -28.759  -18.722 0.6999999881
111642  -32.035  -29.304  -19.861 0.8000000119
48707  -32.747  -28.903  -19.590 0.8000000119
50489  -33.322  -27.497  -19.800 0.6999999881
50474  -34.085  -27.930  -19.110 0.6999999881
49548  -31.348  -28.769  -20.364 0.8000000119
132225  -32.822  -28.204  -19.822 0.8000000119
51402  -33.773  -26.609  -19.788 0.6999999881
133541  -31.076  -28.169  -20.577 0.8000000119
50487  -31.608  -27.856  -20.501 0.8000000119
51419  -33.131  -26.710  -20.234 0.6999999881
48719  -25.924  -29.400  -20.778 0.8000000119
49564  -26.541  -28.632  -21.474 0.8000000119
50485  -29.860  -27.835  -20.816 0.8000000119
51401  -31.634  -26.505  -20.834 0.8000000119
50502  -26.693  -27.848  -21.690 0.8000000119
51415  -28.647  -26.526  -21.303 0.8000000119
50506  -30.077  -27.122  -21.002 0.8000000119
47944  -26.205  -29.638  -21.412 0.8000000119
50521  -26.537  -27.719  -21.923 0.8000000119
51414  -27.561  -26.159  -21.616 0.8000000119
124611  -28.722  -25.790  -21.458 0.8000000119
48740  -26.467  -29.109  -21.806 0.8000000119
50528  -26.563  -27.679  -22.068 0.8000000119
50538  -26.881  -27.066  -22.249 0.6999999881
48744  -30.150  -29.362  -22.688 0.6000000238
49587  -30.739  -28.743  -22.834 0.6000000238
132945  -26.924  -27.864  -22.278 0.8000000119
49593  -27.679  -27.763  -22.458 0.6999999881
50540  -29.166  -26.846  -22.621 0.6999999881
47870  -35.042  -30.635  -14.188 0.5000000000
47093  -35.320  -31.326  -14.657 0.5000000000
49508  -32.935  -28.417  -12.716 0.3000000119
49523  -34.447  -28.337  -13.922 0.4000000060
48672  -35.246  -29.818  -14.549 0.5000000000
48673  -35.484  -29.811  -15.427 0.6000000238
51355  -33.252  -26.551  -13.714 0.3000000119
48680  -35.489  -29.128  -15.872 0.6000000238
52205  -32.868  -25.768  -14.101 0.3000000119
51371  -33.942  -26.127  -14.275 0.3000000119
49531  -35.481  -28.405  -15.687 0.6000000238
49532  -35.400  -28.332  -16.510 0.6000000238
123864  -32.012  -24.390  -15.250 0.3000000119
51372  -34.812  -26.203  -14.866 0.3000000119
52987  -31.424  -24.483  -15.455 0.3000000119
49535  -35.072  -28.515  -17.454 0.6000000238
53821  -30.330  -23.570  -16.270 0.3000000119
50475  -34.775  -27.278  -18.726 0.6999999881
50490  -34.132  -27.191  -19.362 0.6999999881
52273  -30.469  -25.915  -21.307 0.8000000119
131243  -31.926  -26.033  -20.889 0.6999999881
51418  -32.441  -26.400  -20.590 0.6999999881
52274  -31.336  -25.795  -21.133 0.6999999881
51416  -29.707  -26.397  -21.282 0.8000000119
122554  -30.640  -25.169  -21.403 0.6999999881
114498  -27.052  -26.813  -21.658 0.8000000119
52272  -29.745  -25.507  -21.452 0.6000000238
117535  -32.352  -28.604  -23.697 0.6000000238
51438  -27.241  -26.241  -22.312 0.6999999881
132867  -26.787  -26.479  -22.065 0.6999999881
50531  -29.696  -27.724  -22.581 0.6999999881
50541  -30.256  -27.131  -22.686 0.6999999881
50539  -27.913  -26.914  -22.511 0.6999999881
53894  -30.138  -23.649  -23.490 0.5000000000
53895  -31.124  -23.425  -23.504 0.5000000000
50467  -35.501  -27.660  -16.037 0.6000000238
50470  -35.407  -27.646  -16.972 0.6000000238
116084  -35.524  -26.098  -17.048 0.6000000238
111804  -35.589  -26.233  -17.970 0.6000000238
51390  -35.192  -26.416  -18.685 0.6999999881
52257  -34.240  -25.850  -19.763 0.6999999881
128065  -28.786  -21.623  -17.170 0.3000000119
52275  -33.323  -25.866  -20.364 0.6999999881
51403  -34.565  -26.545  -19.285 0.6999999881
53035  -34.058  -25.105  -20.254 0.6999999881
126101  -28.896  -25.050  -21.555 0.6999999881
121989  -31.540  -24.850  -21.290 0.6999999881
53048  -32.405  -24.427  -21.099 0.6000000238
50529  -26.585  -27.000  -22.010 0.6999999881
51430  -26.779  -26.394  -21.981 0.6999999881
52271  -27.823  -25.126  -21.762 0.6999999881
53045  -28.521  -24.275  -21.712 0.6000000238
52290  -27.632  -24.854  -22.374 0.6999999881
125078  -31.061  -27.410  -22.777 0.6000000238
50542  -31.535  -28.056  -23.041 0.5000000000
131058  -29.156  -26.180  -22.713 0.6999999881
52298  -29.081  -25.573  -22.871 0.6999999881
52299  -29.963  -25.325  -23.142 0.6999999881
112261  -30.862  -25.073  -23.224 0.6000000238
51377  -35.534  -26.828  -16.388 0.5000000000
122171  -35.585  -25.349  -16.586 0.4000000060
53007  -35.696  -24.437  -17.033 0.5000000000
52237  -35.670  -25.300  -17.653 0.6000000238
53026  -35.556  -24.339  -18.779 0.6000000238
118904  -28.415  -20.436  -17.429 0.3000000119
114751  -29.062  -21.028  -17.211 0.3000000119
111574  -34.749  -25.125  -19.678 0.6999999881
116162  -34.000  -24.270  -20.453 0.6000000238
126263  -34.571  -24.514  -20.046 0.6000000238
53049  -33.205  -24.846  -20.674 0.6000000238
128284  -30.115  -23.877  -21.559 0.6000000238
52284  -27.440  -24.978  -22.065 0.6999999881
133413  -29.371  -23.877  -21.618 0.6000000238
53047  -30.779  -24.295  -21.477 0.6000000238
53044  -27.736  -24.438  -21.929 0.6999999881
53874  -28.447  -23.033  -21.913 0.6000000238
52297  -28.180  -25.080  -22.785 0.6999999881
52300  -30.821  -25.838  -22.942 0.6999999881
51441  -32.712  -26.837  -23.091 0.5000000000
51440  -31.698  -26.311  -22.827 0.6000000238
131571  -33.070  -26.280  -22.944 0.5000000000
53068  -28.949  -24.654  -23.166 0.6000000238
126364  -31.492  -25.567  -22.985 0.5000000000
53069  -30.045  -24.495  -23.389 0.5000000000
112216  -31.742  -24.924  -23.130 0.5000000000
53072  -32.705  -24.913  -22.885 0.5000000000
53071  -32.020  -24.026  -23.236 0.5000000000
53896  -31.891  -23.183  -23.437 0.5000000000
53006  -35.438  -24.000  -16.429 0.4000000060
53825  -35.646  -23.523  -16.956 0.4000000060
54699  -32.994  -22.530  -15.742 0.4000000060
53017  -35.763  -24.411  -17.957 0.6000000238
56338  -29.100  -20.232  -17.388 0.3000000119
128755  -29.507  -19.762  -17.390 0.3000000119
56340  -30.507  -20.507  -16.858 0.3000000119
53036  -35.134  -24.381  -19.538 0.6000000238
57877  -28.820  -18.520  -17.531 0.3000000119
132434  -34.499  -23.151  -20.383 0.6000000238
122738  -32.503  -23.517  -21.233 0.5000000000
53858  -34.013  -23.493  -20.614 0.6000000238
53865  -30.759  -23.308  -21.505 0.6000000238
54748  -31.791  -22.996  -21.470 0.6000000238
53864  -29.665  -23.231  -21.595 0.6000000238
53863  -28.752  -23.401  -21.757 0.6000000238
54746  -30.042  -22.466  -21.627 0.6000000238
53057  -27.693  -24.329  -22.143 0.6999999881
54745  -29.012  -22.569  -21.806 0.6000000238
122168  -28.403  -23.794  -23.107 0.6999999881
53070  -31.008  -24.273  -23.406 0.5000000000
54777  -31.281  -22.603  -23.525 0.5000000000
53810  -34.535  -23.271  -15.727 0.4000000060
53824  -35.209  -23.336  -16.258 0.4000000060
53839  -35.740  -23.804  -17.581 0.5000000000
55514  -34.605  -21.379  -16.391 0.4000000060
119358  -35.706  -22.986  -17.711 0.4000000060
53852  -35.707  -23.683  -18.315 0.4000000060
53860  -35.425  -23.577  -19.269 0.5000000000
117590  -29.627  -19.014  -17.464 0.3000000119
57129  -30.312  -19.588  -17.204 0.3000000119
132992  -35.187  -23.181  -19.786 0.4000000060
57878  -29.682  -18.076  -17.448 0.3000000119
129404  -31.093  -19.043  -16.861 0.4000000060
54741  -34.136  -22.760  -20.642 0.5000000000
53859  -34.799  -23.670  -20.124 0.6000000238
117600  -33.312  -23.113  -20.975 0.5000000000
54749  -32.641  -22.658  -21.312 0.5000000000
54747  -31.082  -22.364  -21.553 0.6000000238
117741  -32.808  -21.038  -21.396 0.5000000000
55553  -29.475  -21.781  -21.857 0.6000000238
53892  -28.480  -23.079  -22.942 0.6000000238
55569  -29.002  -21.908  -22.408 0.6000000238
53893  -29.150  -23.043  -23.345 0.5000000000
116054  -29.285  -23.911  -23.374 0.5000000000
54776  -30.273  -22.762  -23.499 0.5000000000
55583  -31.482  -21.811  -23.531 0.5000000000
54778  -32.245  -22.449  -23.443 0.5000000000
54711  -34.696  -22.669  -16.015 0.4000000060
54712  -35.447  -22.583  -16.786 0.4000000060
114955  -35.579  -22.120  -17.530 0.4000000060
54739  -35.596  -22.232  -18.503 0.4000000060
56327  -35.071  -20.837  -16.770 0.4000000060
130937  -35.549  -21.604  -18.790 0.4000000060
55549  -35.356  -21.857  -19.568 0.4000000060
111620  -28.953  -17.546  -17.536 0.3000000119
55548  -34.469  -21.812  -20.545 0.4000000060
54742  -34.940  -22.742  -20.166 0.5000000000
59438  -28.183  -16.342  -17.591 0.3000000119
55557  -33.566  -21.403  -21.124 0.4000000060
132468  -32.177  -21.470  -21.494 0.5000000000
56371  -32.865  -20.087  -21.328 0.4000000060
55554  -30.405  -21.656  -21.680 0.6000000238
55555  -31.388  -21.544  -21.567 0.5000000000
55562  -29.304  -21.336  -22.225 0.6000000238
56368  -29.866  -20.985  -21.924 0.5000000000
119324  -30.770  -20.848  -21.726 0.5000000000
122592  -29.569  -21.972  -23.307 0.5000000000
55580  -29.147  -21.849  -22.926 0.6000000238
55570  -29.397  -21.083  -22.757 0.6000000238
55581  -29.636  -20.869  -23.174 0.6000000238
127685  -30.586  -21.929  -23.498 0.5000000000
134004  -30.925  -21.295  -23.499 0.5000000000
122616  -32.892  -21.823  -23.400 0.5000000000
61760  -27.345  -13.343  -18.247 0.3000000119
119296  -27.918  -14.000  -17.870 0.4000000060
119559  -28.854  -13.729  -17.777 0.4000000060
56375  -29.698  -20.405  -22.586 0.5000000000
63575  -27.300  -11.995  -18.743 0.4000000060
56382  -29.680  -20.172  -23.016 0.5000000000
116742  -30.558  -18.777  -22.254 0.5000000000
57912  -31.193  -18.007  -21.716 0.5000000000
56416  -30.146  -19.651  -23.325 0.5000000000
57922  -30.146  -18.791  -22.859 0.5000000000
55582  -30.161  -21.128  -23.450 0.5000000000
56396  -30.643  -19.856  -23.539 0.6000000238
120762  -33.401  -21.332  -23.388 0.5000000000
121098  -31.586  -20.912  -23.555 0.6000000238
56397  -31.808  -20.145  -23.660 0.5000000000
55585  -32.606  -20.741  -23.563 0.6000000238
115499  -33.630  -20.593  -23.484 0.4000000060
61761  -28.236  -13.176  -18.165 0.4000000060
132469  -30.278  -14.544  -17.521 0.4000000060
57182  -29.907  -19.563  -23.113 0.5000000000
57183  -30.495  -19.163  -23.469 0.5000000000
57947  -31.058  -18.440  -23.529 0.5000000000
111529  -30.638  -18.066  -23.134 0.5000000000
127283  -31.227  -20.158  -23.616 0.5000000000
125506  -33.941  -19.557  -23.575 0.4000000060
56398  -32.310  -19.608  -23.719 0.5000000000
127907  -33.084  -19.894  -23.653 0.5000000000
61762  -29.746  -13.435  -17.913 0.4000000060
63576  -28.048  -11.858  -18.699 0.4000000060
57946  -30.286  -18.669  -23.174 0.5000000000
57923  -30.655  -18.048  -22.447 0.4000000060
57185  -32.087  -18.682  -23.751 0.4000000060
57949  -32.861  -18.188  -23.711 0.4000000060
57186  -33.002  -19.002  -23.777 0.5000000000
119033  -33.699  -18.481  -23.655 0.3000000119
58757  -30.809  -17.657  -22.753 0.4000000060
58760  -33.539  -17.955  -23.490 0.5000000000
57950  -34.298  -18.069  -23.576 0.4000000060
58759  -32.705  -17.698  -23.331 0.4000000060
58746  -35.388  -17.596  -22.452 0.4000000060
58745  -34.141  -17.812  -23.029 0.4000000060
117527  -32.606  -17.126  -22.578 0.4000000060
113073  -34.760  -17.655  -22.198 0.4000000060
58729  -36.291  -17.591  -21.756 0.4000000060
129440  -33.257  -17.030  -22.198 0.4000000060
58727  -33.962  -17.455  -22.105 0.3000000119
59475  -33.667  -16.593  -21.638 0.4000000060
60203  -33.264  -15.851  -21.436 0.4000000060
59476  -34.665  -16.939  -21.370 0.3000000119
59460  -35.586  -16.812  -20.871 0.4000000060
58728  -35.525  -17.448  -21.498 0.4000000060
58715  -37.057  -17.342  -20.980 0.4000000060
133306  -36.235  -16.599  -20.547 0.5000000000
59459  -35.043  -16.220  -20.789 0.4000000060
32074  -34.420  -48.358  -22.454 0.6999999881
27285  -29.641  -53.381  -20.386 0.6000000238
32041  -33.783  -48.876  -19.483 0.6999999881
33739  -34.333  -46.527  -20.425 0.8000000119
32016  -31.825  -48.613  -17.410 0.6000000238
33708  -32.750  -47.220  -16.959 0.6000000238
110844  -33.395  -47.038  -17.619 0.6999999881
116692  -33.495  -42.612  -21.390 0.8000000119
32051  -25.662  -48.461  -20.767 0.4000000060
39245  -25.221  -40.030  -21.703 0.8000000119
35646  -32.572  -44.485  -15.351 0.6000000238
35696  -27.509  -44.609  -18.476 0.5000000000
38312  -34.838  -41.686  -18.112 0.8000000119
115162  -33.907  -39.744  -19.851 0.8000000119
36501  -34.075  -43.088  -15.841 0.8000000119
38261  -24.421  -41.515  -15.240 0.4000000060
36496  -29.776  -42.980  -16.005 0.6000000238
37334  -26.775  -42.398  -14.628 0.5000000000
38243  -28.848  -41.125  -14.916 0.6000000238
39178  -33.366  -40.623  -14.176 0.6999999881
126205  -34.609  -38.624  -14.706 0.6999999881
42065  -32.618  -37.461  -12.696 0.6999999881
43961  -34.567  -35.982  -13.953 0.6999999881
47891  -33.702  -30.848  -17.890 0.6999999881
132694  -33.528  -30.459  -18.206 0.6999999881
47104  -34.821  -31.372  -17.013 0.6999999881
47892  -34.619  -29.941  -17.473 0.6000000238
46336  -33.085  -32.451  -12.558 0.6000000238
49524  -34.922  -29.068  -14.183 0.5000000000
131107  -35.539  -26.049  -16.217 0.4000000060
53867  -33.213  -23.943  -20.838 0.6000000238
123592  -34.906  -22.022  -16.351 0.4000000060
55584  -32.177  -21.565  -23.517 0.5000000000
55545  -35.552  -21.347  -18.025 0.4000000060
57948  -31.973  -17.929  -23.550 0.4000000060
31157  -26.759  -49.460  -27.736 0.5000000000
32115  -27.135  -48.213  -27.426 0.5000000000
30207  -29.887  -50.533  -27.463 0.6999999881
34756  -27.899  -45.713  -26.223 0.5000000000
25420  -31.003  -55.094  -20.712 0.5000000000
35750  -26.660  -44.644  -25.274 0.6999999881
127677  -34.194  -47.947  -24.194 0.6999999881
32946  -33.543  -47.555  -24.612 0.6999999881
32942  -29.527  -47.114  -24.934 0.6999999881
33765  -30.014  -46.467  -24.614 0.6999999881
35725  -28.273  -44.096  -23.426 0.6999999881
125543  -29.032  -45.715  -24.114 0.6999999881
38401  -28.821  -41.987  -24.920 0.5000000000
37466  -27.949  -42.196  -24.710 0.6000000238
28219  -30.770  -52.476  -19.377 0.6000000238
115376  -32.307  -45.379  -24.023 0.6999999881
38385  -26.140  -41.939  -24.238 0.6999999881
29232  -32.449  -51.956  -19.312 0.6000000238
32929  -34.367  -47.519  -22.801 0.8000000119
34728  -33.198  -45.574  -23.687 0.6999999881
111656  -34.209  -47.291  -20.003 0.8000000119
29229  -29.654  -51.350  -19.479 0.6000000238
30140  -29.039  -50.951  -20.036 0.6000000238
39276  -24.766  -41.184  -22.622 0.8000000119
31061  -32.256  -49.275  -17.810 0.6999999881
34699  -34.311  -45.684  -20.863 0.6999999881
29268  -27.151  -51.961  -21.950 0.5000000000
37446  -32.506  -42.587  -22.483 0.8000000119
34673  -34.207  -45.560  -18.473 0.6999999881
31087  -28.718  -49.825  -19.834 0.6000000238
129064  -34.261  -43.650  -20.032 0.8000000119
130297  -30.228  -41.865  -22.819 0.8000000119
41163  -29.452  -38.442  -23.619 0.6000000238
32028  -29.366  -48.168  -18.254 0.6000000238
39260  -28.428  -40.586  -21.807 0.8999999762
39246  -26.085  -39.993  -21.486 0.8000000119
42180  -28.920  -37.945  -23.154 0.6000000238
41165  -31.044  -38.362  -23.606 0.4000000060
32050  -24.821  -47.960  -21.012 0.3000000119
129598  -28.271  -49.224  -19.974 0.5000000000
133429  -27.790  -49.092  -20.226 0.5000000000
31111  -27.129  -50.114  -21.113 0.5000000000
31109  -25.664  -49.411  -21.272 0.4000000060
39278  -30.531  -40.701  -22.160 0.8999999762
117944  -25.131  -37.913  -21.670 0.8000000119
34637  -31.990  -46.088  -15.986 0.6000000238
34619  -32.917  -45.075  -15.831 0.6000000238
36517  -33.860  -44.032  -16.367 0.8000000119
33707  -30.091  -46.836  -16.951 0.5000000000
32052  -26.538  -48.555  -20.457 0.4000000060
32039  -27.561  -47.725  -19.704 0.5000000000
32040  -28.363  -48.084  -19.395 0.5000000000
40144  -31.835  -39.335  -20.810 0.8000000119
117646  -28.371  -37.405  -22.692 0.6999999881
43179  -29.825  -36.154  -21.824 0.6000000238
34688  -26.465  -45.245  -19.100 0.5000000000
133658  -27.481  -46.816  -19.461 0.5000000000
126102  -29.614  -46.005  -17.402 0.5000000000
128965  -27.881  -46.179  -19.124 0.5000000000
39205  -34.974  -41.003  -16.738 0.6999999881
34617  -31.157  -45.106  -15.552 0.6000000238
35676  -27.448  -44.130  -17.312 0.5000000000
36533  -28.147  -43.698  -17.490 0.6000000238
126916  -27.816  -44.086  -18.059 0.5000000000
34635  -29.962  -44.978  -16.651 0.5000000000
36492  -25.451  -44.071  -14.910 0.6000000238
120492  -26.099  -44.637  -15.203 0.6000000238
35697  -28.274  -44.530  -18.329 0.5000000000
35678  -29.310  -44.233  -17.347 0.6000000238
36534  -28.784  -43.652  -17.410 0.6000000238
34672  -28.952  -45.436  -18.130 0.5000000000
39189  -24.369  -40.618  -15.249 0.4000000060
40124  -35.041  -39.290  -18.318 0.6999999881
42131  -29.624  -38.010  -20.229 0.8000000119
41101  -26.497  -37.901  -20.447 0.8999999762
37335  -27.497  -41.877  -14.841 0.5000000000
36495  -28.390  -42.824  -16.207 0.6000000238
36514  -28.612  -43.301  -16.912 0.6000000238
36515  -29.346  -43.483  -16.779 0.6000000238
38264  -29.172  -41.692  -15.369 0.6000000238
39171  -26.683  -40.613  -14.319 0.4000000060
39173  -28.516  -40.528  -14.484 0.5000000000
40117  -35.317  -39.367  -17.598 0.6999999881
40057  -25.988  -39.011  -13.764 0.4000000060
40059  -27.791  -39.331  -13.588 0.5000000000
40078  -28.166  -39.927  -14.050 0.5000000000
42124  -33.403  -37.858  -19.361 0.6999999881
133471  -26.311  -37.051  -20.197 0.8000000119
44833  -29.426  -33.956  -21.468 0.6999999881
38247  -32.904  -41.504  -14.262 0.6999999881
133621  -30.276  -41.560  -14.635 0.6999999881
39176  -31.282  -40.881  -13.897 0.6999999881
42102  -35.520  -37.816  -16.927 0.6999999881
42109  -34.864  -37.262  -17.995 0.6999999881
42064  -26.064  -37.842  -12.842 0.4000000060
39160  -30.765  -40.295  -13.644 0.6000000238
40062  -30.407  -39.710  -13.209 0.6000000238
39161  -32.072  -39.781  -13.443 0.6999999881
39174  -29.366  -40.652  -14.422 0.6000000238
128773  -27.445  -36.899  -11.331 0.3000000119
120208  -35.348  -35.962  -17.323 0.6999999881
123355  -27.785  -36.423  -10.835 0.3000000119
115076  -25.651  -33.960  -21.141 0.8999999762
128094  -27.027  -32.736  -21.408 0.8000000119
46440  -28.719  -32.114  -21.920 0.6000000238
122608  -29.785  -33.309  -21.695 0.6000000238
47159  -27.512  -31.336  -21.797 0.8000000119
41023  -29.708  -38.488  -12.271 0.6000000238
41046  -31.796  -39.115  -12.961 0.6999999881
42066  -33.218  -37.692  -13.172 0.6999999881
42046  -29.340  -37.837  -11.761 0.5000000000
44004  -34.044  -35.877  -18.234 0.6999999881
44792  -32.970  -33.724  -17.807 0.6999999881
46420  -25.816  -32.120  -20.757 0.8000000119
46422  -27.232  -31.978  -21.551 0.8000000119
43114  -34.827  -36.523  -14.439 0.6999999881
43971  -35.458  -34.893  -15.268 0.6999999881
44788  -35.435  -34.653  -16.597 0.6999999881
113246  -29.101  -33.115  -10.848 0.3000000119
128048  -34.116  -35.113  -17.855 0.6999999881
44787  -35.207  -34.208  -17.107 0.6999999881
44793  -33.669  -34.318  -17.741 0.6999999881
45597  -35.087  -33.380  -16.898 0.6999999881
46379  -33.629  -32.379  -17.581 0.6999999881
46397  -29.751  -32.308  -19.071 0.8000000119
112854  -30.048  -33.031  -18.652 0.8000000119
44729  -29.996  -34.825  -10.875 0.3000000119
44730  -31.147  -34.193  -11.444 0.5000000000
43962  -35.119  -35.622  -14.637 0.6999999881
45528  -29.959  -33.325  -11.085 0.3000000119
44736  -31.944  -34.179  -11.766 0.5000000000
45530  -31.569  -33.606  -11.639 0.4000000060
44773  -35.567  -34.312  -15.881 0.6999999881
47060  -29.060  -31.147  -12.048 0.3000000119
128585  -33.175  -33.800  -12.605 0.6000000238
47836  -32.249  -30.748  -12.371 0.3000000119
48633  -31.897  -29.862  -12.447 0.3000000119
45583  -35.532  -33.512  -15.640 0.6999999881
49506  -30.884  -28.345  -13.353 0.3000000119
49507  -31.997  -28.187  -12.896 0.3000000119
49585  -28.429  -28.556  -22.510 0.6999999881
47074  -33.355  -31.646  -12.772 0.6000000238
47075  -34.070  -31.577  -13.348 0.6000000238
47853  -32.968  -30.979  -12.546 0.4000000060
129135  -35.490  -31.873  -15.162 0.6999999881
115491  -35.550  -32.006  -15.888 0.6999999881
47105  -35.348  -31.298  -16.303 0.6999999881
131334  -35.031  -29.732  -16.952 0.6000000238
50488  -32.457  -27.717  -20.230 0.8000000119
51417  -30.768  -26.634  -21.038 0.8000000119
50505  -29.208  -27.164  -21.066 0.8000000119
122235  -29.249  -28.286  -22.546 0.6000000238
49586  -29.991  -28.505  -22.599 0.6000000238
47063  -32.524  -31.693  -12.345 0.5000000000
48657  -34.671  -29.882  -13.818 0.5000000000
52203  -31.048  -25.676  -14.921 0.3000000119
51354  -32.238  -26.312  -13.881 0.3000000119
131080  -35.372  -28.346  -15.095 0.5000000000
48684  -35.254  -29.080  -16.681 0.6000000238
48690  -33.320  -29.237  -19.011 0.8000000119
50476  -35.219  -27.621  -17.926 0.6000000238
51439  -29.942  -26.219  -22.811 0.6999999881
51356  -34.004  -26.997  -13.954 0.3000000119
52218  -31.741  -25.008  -15.021 0.3000000119
133031  -34.502  -26.774  -14.473 0.3000000119
53806  -30.791  -24.120  -15.809 0.3000000119
52988  -32.519  -24.048  -15.269 0.3000000119
51380  -35.465  -26.894  -17.442 0.6000000238
111502  -28.269  -26.036  -22.610 0.6999999881
52296  -27.564  -25.549  -22.419 0.6999999881
52249  -35.449  -25.630  -18.526 0.6000000238
53866  -31.647  -23.906  -21.374 0.6000000238
132182  -28.085  -24.453  -22.881 0.6999999881
110817  -31.846  -27.283  -22.912 0.5000000000
52991  -35.415  -24.663  -16.051 0.4000000060
128950  -27.922  -23.827  -22.285 0.6000000238
54756  -28.596  -22.486  -22.119 0.6000000238
111657  -32.394  -25.795  -22.854 0.6000000238
126894  -32.966  -24.162  -22.975 0.4000000060
119528  -32.041  -21.180  -16.455 0.4000000060
55556  -32.776  -21.840  -21.355 0.5000000000
121622  -31.990  -22.158  -21.493 0.5000000000
53064  -27.886  -24.138  -22.572 0.5000000000
126792  -35.638  -23.035  -18.633 0.4000000060
56341  -31.189  -19.797  -16.711 0.4000000060
57879  -30.614  -18.439  -17.200 0.4000000060
54750  -33.481  -22.273  -21.061 0.5000000000
117841  -35.479  -21.031  -19.057 0.4000000060
56358  -34.241  -20.783  -20.702 0.4000000060
56370  -31.877  -20.707  -21.581 0.5000000000
56395  -30.130  -20.298  -23.393 0.6000000238
60940  -29.588  -14.218  -17.586 0.4000000060
57170  -29.815  -19.548  -22.965 0.5000000000
58744  -33.351  -17.567  -22.797 0.4000000060
58714  -36.268  -17.222  -20.926 0.4000000060
60188  -34.162  -15.865  -21.017 0.4000000060
59461  -36.862  -16.804  -20.444 0.3000000119
26453  -32.986  -54.668  -27.873 0.5000000000
27391  -32.188  -53.480  -28.402 0.5000000000
25500  -33.513  -55.814  -25.544 0.4000000060
116509  -33.561  -54.254  -25.947 0.5000000000
116636  -33.417  -55.296  -26.425 0.5000000000
26454  -33.297  -54.048  -27.357 0.5000000000
27382  -32.927  -53.324  -27.745 0.6000000238
28320  -32.389  -52.628  -28.006 0.6000000238
113471  -33.586  -55.052  -25.333 0.5000000000
26428  -33.641  -54.884  -24.460 0.5000000000
133257  -33.666  -53.320  -26.236 0.5000000000
26416  -33.638  -54.612  -23.686 0.5000000000
28311  -33.624  -52.385  -26.645 0.6000000238
29293  -32.801  -51.169  -27.199 0.6000000238
28321  -33.107  -52.555  -27.423 0.6000000238
29307  -32.605  -51.924  -27.606 0.6000000238
30209  -31.847  -50.820  -27.338 0.6000000238
30198  -32.442  -50.374  -26.801 0.6000000238
30208  -30.901  -50.636  -27.452 0.6000000238
30196  -30.497  -49.953  -27.046 0.6000000238
133081  -33.718  -54.227  -24.221 0.5000000000
28305  -33.944  -52.634  -25.698 0.5000000000
29287  -33.972  -51.744  -25.945 0.6000000238
128531  -33.635  -54.385  -22.977 0.5000000000
27339  -33.818  -53.797  -23.512 0.5000000000
29294  -33.515  -51.454  -26.632 0.6000000238
25438  -33.048  -55.051  -21.606 0.5000000000
26401  -33.457  -54.682  -22.277 0.5000000000
30199  -33.314  -50.667  -26.536 0.6000000238
31150  -31.096  -49.431  -26.591 0.6000000238
30195  -29.485  -49.875  -26.994 0.6000000238
116618  -34.101  -52.846  -24.810 0.5000000000
127187  -34.219  -52.031  -25.080 0.5000000000
27323  -33.745  -53.809  -22.392 0.5000000000
111761  -34.088  -53.040  -22.945 0.5000000000
111168  -34.124  -52.959  -23.917 0.5000000000
132244  -34.266  -52.313  -24.320 0.5000000000
127980  -33.879  -51.024  -26.111 0.6000000238
26384  -33.359  -54.206  -21.525 0.5000000000
113410  -33.947  -53.075  -22.143 0.5000000000
30186  -33.848  -50.333  -25.875 0.6000000238
25437  -32.336  -55.355  -21.312 0.5000000000
133590  -32.573  -54.440  -20.856 0.5000000000
31141  -32.757  -49.021  -25.981 0.6000000238
31151  -32.103  -49.600  -26.497 0.6000000238
31149  -30.149  -49.341  -26.577 0.6000000238
29275  -34.389  -51.285  -23.613 0.5000000000
30182  -34.385  -50.707  -24.307 0.6000000238
113308  -34.409  -49.789  -24.199 0.6000000238
28259  -33.876  -52.685  -21.559 0.5000000000
113170  -34.214  -51.063  -25.267 0.6000000238
113126  -34.293  -50.059  -25.085 0.6000000238
25421  -31.834  -55.045  -20.862 0.5000000000
26371  -30.671  -54.389  -20.412 0.5000000000
32111  -30.746  -48.794  -26.217 0.6000000238
32101  -30.389  -48.265  -25.748 0.6000000238
29256  -34.141  -51.752  -21.572 0.5000000000
28273  -34.182  -52.377  -22.378 0.5000000000
111771  -34.340  -51.467  -22.734 0.5000000000
30176  -34.402  -50.493  -23.270 0.6000000238
28241  -33.161  -52.964  -20.468 0.5000000000
132102  -32.033  -53.967  -20.297 0.5000000000
127527  -32.525  -52.814  -19.884 0.6000000238
115368  -34.186  -50.859  -21.066 0.6000000238
111676  -34.359  -50.740  -22.125 0.5000000000
30169  -34.413  -49.835  -22.564 0.5000000000
31127  -34.456  -48.984  -22.979 0.6000000238
29246  -33.749  -51.588  -20.544 0.6000000238
112826  -34.376  -48.812  -24.035 0.6000000238
27274  -31.042  -53.226  -19.692 0.5000000000
26370  -29.842  -54.192  -20.528 0.4000000060
28221  -33.187  -52.222  -20.066 0.6000000238
30141  -34.066  -50.116  -20.626 0.6000000238
30157  -34.309  -50.010  -21.577 0.5000000000
31120  -34.377  -49.174  -22.024 0.6000000238
32081  -34.387  -48.112  -23.420 0.6000000238
32067  -34.342  -48.518  -21.534 0.6999999881
43925  -32.786  -35.599  -12.424 0.5000000000
47121  -33.136  -30.796  -18.302 0.6000000238
121195  -29.372  -29.685  -22.568 0.5000000000
48745  -30.922  -29.362  -23.074 0.5000000000
114532  -30.939  -26.677  -22.781 0.5000000000
60191  -37.354  -16.413  -20.087 0.3000000119
60172  -37.520  -15.849  -19.643 0.3000000119
60962  -37.779  -15.110  -19.024 0.3000000119
23673  -33.389  -57.468  -25.305 0.4000000060
24618  -33.298  -56.232  -27.015 0.5000000000
25515  -33.170  -55.438  -27.531 0.5000000000
28329  -31.570  -52.650  -28.511 0.5000000000
25487  -33.583  -55.770  -24.661 0.4000000060
28319  -31.830  -51.944  -28.064 0.6000000238
29306  -31.301  -51.348  -27.762 0.5000000000
29305  -30.316  -51.221  -27.872 0.5000000000
24595  -33.467  -56.609  -24.275 0.4000000060
25472  -33.369  -55.815  -23.192 0.5000000000
25454  -32.720  -55.836  -21.853 0.5000000000
25455  -33.232  -55.491  -22.375 0.5000000000
24551  -32.156  -56.033  -21.561 0.3000000119
25435  -30.480  -55.705  -21.078 0.4000000060
26400  -29.100  -55.056  -21.922 0.4000000060
41164  -30.219  -38.394  -23.657 0.4000000060
42163  -30.775  -37.398  -22.544 0.4000000060
42162  -29.963  -37.417  -22.623 0.4000000060
45539  -32.183  -33.405  -11.936 0.5000000000
47949  -30.649  -30.743  -22.882 0.5000000000
48749  -31.495  -29.789  -23.514 0.5000000000
49588  -31.489  -28.919  -23.284 0.5000000000
60171  -36.850  -15.235  -19.585 0.3000000119
60945  -37.600  -14.331  -18.579 0.3000000119
23664  -33.401  -57.228  -24.639 0.4000000060
26372  -31.587  -54.485  -20.495 0.5000000000
27275  -31.908  -53.399  -19.872 0.6000000238
47957  -31.498  -30.598  -23.532 0.5000000000
25436  -31.486  -55.742  -21.208 0.4000000060
24612  -33.435  -56.336  -26.106 0.4000000060
27373  -33.517  -53.868  -26.680 0.5000000000
27383  -33.447  -53.252  -27.056 0.6000000238
119295  -33.690  -54.258  -24.960 0.5000000000
124430  -33.492  -56.030  -23.891 0.5000000000
28288  -34.298  -52.148  -23.457 0.5000000000
27303  -33.638  -53.420  -21.549 0.5000000000
129671  -33.562  -53.046  -21.007 0.5000000000
60190  -36.654  -16.032  -20.100 0.4000000060
24581  -33.289  -56.567  -23.426 0.4000000060
29314  -30.832  -51.923  -28.400 0.4000000060
29304  -29.236  -51.155  -27.816 0.4000000060
24569  -32.970  -56.351  -22.569 0.4000000060
34687  -25.296  -45.466  -19.323 0.4000000060
33731  -26.070  -45.871  -19.484 0.3000000119
111134  -26.051  -47.839  -20.321 0.4000000060
34652  -26.161  -45.462  -17.812 0.4000000060
34670  -26.648  -44.969  -18.533 0.4000000060
33670  -24.292  -46.288  -15.739 0.4000000060
34615  -25.647  -45.789  -16.034 0.4000000060
35675  -26.835  -44.695  -17.626 0.4000000060
33668  -22.482  -45.710  -15.792 0.3000000119
34613  -23.781  -45.499  -15.546 0.3000000119
131459  -22.916  -43.972  -15.871 0.4000000060
34616  -26.236  -45.127  -15.807 0.4000000060
34612  -23.060  -45.322  -15.691 0.4000000060
35639  -23.962  -44.795  -15.436 0.5000000000
35640  -24.589  -44.466  -15.285 0.5000000000
46313  -31.487  -32.807  -11.702 0.3000000119
50452  -35.092  -28.323  -14.599 0.3000000119
132984  -34.054  -27.714  -13.767 0.3000000119
50451  -34.652  -27.550  -14.387 0.3000000119
50465  -35.328  -27.747  -15.167 0.3000000119
127458  -35.420  -27.110  -15.603 0.3000000119
56376  -30.266  -20.213  -22.105 0.4000000060
127630  -34.147  -24.175  -15.225 0.3000000119
54700  -33.824  -22.897  -15.624 0.3000000119
57163  -30.083  -19.526  -22.593 0.4000000060
112440  -32.955  -21.815  -16.005 0.3000000119
56323  -31.462  -20.706  -16.581 0.3000000119
57159  -31.960  -19.835  -21.554 0.4000000060
57158  -31.404  -19.093  -21.706 0.3000000119
57164  -30.607  -19.516  -22.095 0.4000000060
57933  -30.465  -18.100  -22.827 0.4000000060
58758  -31.194  -17.728  -23.192 0.3000000119
54710  -33.972  -22.025  -15.851 0.3000000119
55513  -33.645  -21.262  -16.180 0.3000000119
56326  -34.328  -20.655  -16.466 0.3000000119
56324  -32.446  -20.564  -16.432 0.3000000119
56342  -34.930  -20.136  -16.861 0.3000000119
56343  -35.334  -20.652  -17.347 0.3000000119
57131  -32.775  -19.197  -16.490 0.3000000119
57119  -34.092  -19.873  -16.544 0.3000000119
120430  -34.686  -19.354  -17.102 0.3000000119
57134  -35.221  -19.820  -17.616 0.3000000119
56352  -35.439  -20.414  -18.294 0.3000000119
56359  -35.123  -20.915  -20.041 0.3000000119
57130  -31.953  -19.072  -16.575 0.3000000119
58683  -30.496  -17.320  -17.292 0.3000000119
58682  -29.717  -16.864  -17.428 0.3000000119
59423  -29.684  -15.958  -17.414 0.3000000119
114177  -33.506  -20.653  -21.172 0.3000000119
125079  -32.454  -19.181  -21.286 0.3000000119
62613  -27.692  -12.564  -18.463 0.3000000119
62614  -28.530  -12.408  -18.405 0.3000000119
58742  -30.820  -17.567  -22.417 0.3000000119
58743  -31.860  -17.285  -22.936 0.3000000119
57881  -32.964  -18.312  -16.596 0.3000000119
57132  -33.779  -18.989  -16.684 0.3000000119
57146  -35.228  -19.608  -18.492 0.3000000119
56360  -35.251  -20.203  -19.277 0.3000000119
57880  -31.776  -18.284  -16.728 0.3000000119
111095  -32.644  -17.474  -16.842 0.3000000119
57883  -34.505  -18.581  -17.390 0.3000000119
126697  -34.952  -18.999  -18.595 0.3000000119
57909  -34.587  -18.640  -19.086 0.3000000119
57145  -34.875  -19.406  -19.312 0.3000000119
116088  -34.677  -20.038  -20.114 0.3000000119
58684  -31.573  -17.486  -16.996 0.3000000119
59425  -31.684  -16.579  -17.196 0.3000000119
58686  -33.601  -17.524  -17.142 0.3000000119
56372  -33.895  -19.952  -20.850 0.3000000119
59439  -28.791  -15.749  -17.530 0.3000000119
59424  -30.788  -16.136  -17.301 0.3000000119
57160  -33.364  -19.210  -20.833 0.3000000119
57914  -32.959  -18.453  -20.754 0.3000000119
60155  -29.566  -15.078  -17.470 0.3000000119
57913  -32.093  -18.333  -21.223 0.3000000119
121724  -29.104  -12.938  -18.150 0.3000000119
125259  -29.340  -12.141  -18.403 0.3000000119
59487  -31.448  -16.758  -22.344 0.3000000119
59497  -31.210  -17.311  -22.701 0.3000000119
57133  -35.048  -19.055  -17.863 0.3000000119
58687  -34.300  -17.842  -17.661 0.3000000119
57897  -34.695  -18.454  -18.201 0.3000000119
58707  -34.336  -17.869  -18.587 0.3000000119
118678  -31.925  -15.809  -17.396 0.3000000119
58685  -33.247  -16.786  -17.360 0.3000000119
58699  -33.947  -17.060  -17.982 0.3000000119
57151  -34.222  -19.113  -20.075 0.3000000119
60142  -30.515  -15.213  -17.395 0.3000000119
57915  -33.644  -18.545  -20.278 0.3000000119
58712  -32.656  -17.629  -20.600 0.3000000119
62615  -29.939  -12.674  -18.274 0.3000000119
119742  -31.870  -17.586  -21.089 0.3000000119
58710  -31.436  -17.092  -21.311 0.3000000119
63602  -29.470  -11.291  -18.733 0.3000000119
63578  -30.146  -11.879  -18.559 0.3000000119
124874  -31.320  -16.659  -21.596 0.3000000119
58726  -30.944  -17.321  -21.961 0.3000000119
132875  -30.992  -16.991  -22.046 0.3000000119
59488  -31.995  -16.495  -22.342 0.3000000119
58706  -33.868  -17.349  -19.094 0.3000000119
60144  -32.443  -15.354  -17.751 0.3000000119
127264  -33.616  -16.644  -18.611 0.3000000119
57908  -34.043  -18.210  -19.547 0.3000000119
58713  -33.462  -17.803  -20.028 0.3000000119
59440  -33.233  -15.980  -18.684 0.3000000119
60941  -30.447  -13.878  -17.756 0.3000000119
60156  -31.175  -14.398  -17.704 0.3000000119
60157  -32.098  -14.691  -17.949 0.3000000119
61763  -30.539  -13.188  -18.248 0.3000000119
62616  -30.716  -12.437  -18.593 0.3000000119
61764  -31.261  -12.922  -18.738 0.3000000119
59458  -31.581  -16.316  -20.814 0.3000000119
63603  -30.344  -11.181  -19.002 0.3000000119
63579  -30.855  -11.736  -18.965 0.3000000119
114007  -31.455  -15.923  -21.139 0.3000000119
59474  -31.338  -16.442  -21.805 0.3000000119
111141  -31.681  -16.090  -21.829 0.3000000119
59489  -32.735  -16.342  -21.941 0.3000000119
124547  -33.055  -15.556  -18.025 0.3000000119
58705  -33.198  -16.813  -19.643 0.3000000119
119945  -31.168  -13.615  -18.228 0.3000000119
60942  -31.748  -13.990  -18.437 0.3000000119
60943  -32.240  -14.620  -18.744 0.3000000119
112608  -31.676  -15.622  -20.499 0.3000000119
64462  -30.586  -10.480  -19.491 0.3000000119
62617  -31.312  -12.279  -19.168 0.3000000119
60201  -31.541  -15.523  -21.309 0.3000000119
60202  -31.858  -15.454  -21.475 0.3000000119
132207  -32.123  -15.952  -21.865 0.3000000119
124263  -32.499  -15.555  -21.509 0.3000000119
60169  -31.952  -15.052  -19.788 0.3000000119
59449  -32.390  -15.929  -19.792 0.3000000119
113419  -31.743  -13.451  -19.071 0.3000000119
111728  -31.721  -14.337  -19.862 0.3000000119
60187  -31.600  -15.178  -20.713 0.3000000119
63604  -31.015  -11.116  -19.441 0.3000000119
61783  -31.610  -12.862  -19.712 0.3000000119
60974  -31.655  -14.730  -20.846 0.3000000119
122210  -31.408  -11.683  -19.594 0.3000000119
60987  -32.165  -14.866  -21.218 0.3000000119
130992  -34.228  -15.068  -20.654 0.3000000119
64463  -31.288  -10.553  -19.730 0.3000000119
112294  -31.760  -13.785  -20.331 0.3000000119
63616  -31.656  -11.064  -19.905 0.3000000119
123237  -31.950  -11.692  -20.149 0.3000000119
62636  -31.689  -12.297  -19.953 0.3000000119
60975  -31.811  -14.347  -20.926 0.3000000119
60986  -31.714  -14.970  -21.153 0.3000000119
113262  -32.762  -14.179  -20.785 0.3000000119
112210  -33.930  -14.398  -20.584 0.3000000119
60976  -33.258  -15.099  -21.003 0.3000000119
64478  -31.978  -10.354  -20.172 0.3000000119
63617  -32.413  -11.086  -20.241 0.3000000119
62647  -32.270  -12.285  -20.307 0.3000000119
61799  -32.094  -13.628  -20.591 0.3000000119
122590  -32.596  -12.886  -20.455 0.3000000119
61800  -33.770  -13.604  -20.485 0.3000000119
130319  -32.908  -13.416  -20.579 0.3000000119
128853  -34.709  -14.622  -20.431 0.3000000119
110863  -34.807  -13.812  -20.307 0.3000000119
60189  -35.768  -16.042  -20.473 0.3000000119
60977  -35.052  -15.359  -20.490 0.3000000119
121426  -32.677  -11.667  -20.312 0.3000000119
62648  -33.418  -12.119  -20.405 0.3000000119
116369  -33.635  -12.879  -20.433 0.3000000119
60979  -36.025  -15.245  -20.137 0.3000000119
30206  -28.792  -50.485  -27.390 0.4000000060
33669  -23.393  -46.176  -15.678 0.3000000119
34634  -26.406  -45.428  -16.724 0.4000000060
34614  -24.687  -45.500  -15.509 0.4000000060
37355  -24.401  -42.452  -15.258 0.4000000060
46322  -32.352  -32.605  -12.159 0.3000000119
50464  -35.088  -26.960  -14.955 0.3000000119
57117  -32.118  -19.861  -16.506 0.3000000119
56369  -31.126  -20.042  -21.774 0.4000000060
60154  -28.587  -14.763  -17.619 0.3000000119
63577  -28.780  -11.730  -18.570 0.3000000119
33685  -23.913  -47.035  -15.985 0.4000000060
32852  -24.489  -47.430  -16.906 0.4000000060
33706  -25.556  -46.380  -17.236 0.4000000060
34633  -25.928  -46.033  -16.836 0.4000000060
35660  -22.455  -44.646  -15.948 0.3000000119
126988  -23.664  -43.895  -15.545 0.4000000060
57118  -33.092  -19.823  -16.403 0.3000000119
57882  -33.949  -18.151  -16.971 0.3000000119
119780  -32.439  -16.833  -17.127 0.3000000119
63601  -28.483  -11.115  -19.037 0.3000000119
59426  -32.772  -16.051  -17.492 0.3000000119
58698  -33.447  -16.233  -17.953 0.3000000119
60143  -31.557  -15.219  -17.501 0.3000000119
58711  -32.163  -16.869  -20.561 0.3000000119
60158  -32.578  -15.112  -18.167 0.3000000119
60170  -32.685  -15.306  -18.739 0.3000000119
61798  -31.889  -12.977  -20.268 0.3000000119
60978  -35.439  -14.521  -20.157 0.3000000119
62649  -34.516  -12.303  -20.487 0.3000000119
32851  -23.417  -47.852  -16.401 0.4000000060
27350  -25.327  -53.696  -24.153 0.3000000119
27351  -26.136  -53.912  -23.967 0.3000000119
27335  -24.959  -52.966  -23.782 0.3000000119
27338  -27.223  -53.828  -23.245 0.3000000119
36512  -22.238  -43.558  -16.273 0.3000000119
122883  -23.030  -43.193  -16.001 0.3000000119
37373  -22.448  -42.488  -16.431 0.3000000119
33720  -25.461  -46.049  -18.170 0.3000000119
132472  -25.087  -46.875  -16.906 0.3000000119
33671  -24.991  -46.253  -15.923 0.3000000119
130108  -25.539  -45.293  -18.928 0.3000000119
32869  -24.611  -47.578  -17.976 0.3000000119
33719  -24.826  -46.530  -18.404 0.3000000119
40199  -30.426  -39.344  -24.616 0.3000000119
24604  -33.499  -56.611  -25.204 0.4000000060
25419  -30.120  -54.980  -20.733 0.5000000000
26398  -27.913  -54.206  -22.998 0.4000000060
26413  -26.781  -54.087  -23.736 0.3000000119
26446  -33.460  -54.451  -26.729 0.5000000000
27287  -31.283  -53.872  -20.113 0.6000000238
27288  -32.584  -53.536  -20.372 0.5000000000
27289  -33.215  -53.634  -20.897 0.5000000000
27302  -29.200  -53.810  -21.012 0.5000000000
27320  -26.934  -53.145  -22.810 0.5000000000
27336  -25.735  -53.269  -23.548 0.3000000119
27352  -33.864  -53.599  -24.461 0.5000000000
27364  -33.794  -53.495  -25.346 0.5000000000
28257  -28.478  -52.555  -21.424 0.6000000238
29253  -26.907  -51.216  -21.687 0.5000000000
29267  -26.397  -51.675  -22.140 0.4000000060
30116  -32.340  -50.498  -18.498 0.6000000238
30193  -27.274  -49.769  -27.216 0.6000000238
30197  -31.475  -50.117  -26.968 0.6000000238
31062  -32.947  -49.188  -18.083 0.6999999881
31075  -29.711  -49.478  -18.501 0.6000000238
31097  -27.178  -49.405  -20.644 0.5000000000
31137  -26.990  -48.523  -26.661 0.6999999881
31146  -26.868  -48.869  -27.140 0.5000000000
31148  -29.224  -49.239  -26.482 0.6999999881
31152  -33.088  -49.860  -26.316 0.6000000238
32053  -27.317  -48.541  -20.164 0.4000000060
32055  -34.139  -48.555  -20.502 0.8999999762
32091  -28.227  -47.771  -25.408 0.6999999881
32097  -27.040  -48.022  -25.969 0.6999999881
32100  -29.543  -48.252  -25.727 0.6999999881
32104  -33.449  -48.729  -25.412 0.6999999881
32118  -26.858  -48.894  -27.560 0.5000000000
32902  -33.912  -47.487  -19.108 0.8000000119
32913  -26.731  -47.781  -20.052 0.4000000060
32940  -27.113  -47.140  -25.243 0.6999999881
32951  -30.933  -47.659  -25.438 0.6999999881
32956  -27.017  -47.736  -27.022 0.5000000000
33686  -24.720  -46.772  -16.319 0.4000000060
33687  -25.347  -46.410  -16.542 0.4000000060
33705  -25.075  -46.931  -17.531 0.3000000119
33722  -29.386  -46.560  -17.844 0.5000000000
33764  -28.974  -46.493  -24.493 0.6999999881
33768  -33.193  -46.757  -24.446 0.6999999881
33772  -26.494  -46.792  -25.832 0.6999999881
34618  -32.069  -45.362  -15.560 0.6000000238
34638  -32.680  -45.838  -16.157 0.6000000238
34671  -27.205  -45.213  -18.945 0.5000000000
34713  -27.852  -44.837  -23.606 0.6999999881
34722  -26.697  -45.541  -24.300 0.6999999881
34725  -29.757  -45.364  -24.034 0.6999999881
34729  -33.789  -45.942  -23.235 0.6999999881
34736  -26.269  -45.516  -24.776 0.6999999881
34743  -26.227  -45.488  -25.138 0.6999999881
34755  -26.761  -45.896  -26.032 0.6999999881
35638  -23.286  -44.674  -15.659 0.4000000060
36493  -27.088  -43.425  -15.037 0.6000000238
36516  -30.158  -43.803  -16.033 0.6000000238
36551  -34.459  -43.269  -18.489 0.6999999881
36570  -25.377  -42.958  -22.976 0.8000000119
36571  -25.726  -42.806  -22.730 0.8000000119
36583  -32.141  -43.167  -23.175 0.8000000119
36590  -25.090  -42.945  -23.483 0.6999999881
36600  -25.367  -43.627  -23.995 0.8000000119
37359  -28.797  -42.229  -15.802 0.6000000238
37444  -30.383  -42.458  -23.188 0.8000000119
37464  -25.776  -42.812  -24.302 0.6999999881
38241  -25.750  -41.678  -14.488 0.4000000060
38260  -23.879  -41.086  -15.585 0.4000000060
38329  -25.682  -40.764  -21.902 0.8000000119
38345  -32.775  -41.403  -21.713 0.8999999762
38356  -24.796  -41.827  -22.555 0.8000000119
38388  -29.125  -41.230  -24.817 0.5000000000
39238  -33.982  -40.541  -20.100 0.8000000119
39248  -33.545  -40.643  -20.648 0.8000000119
39262  -30.131  -40.260  -21.744 0.8999999762
39263  -30.936  -40.307  -21.762 0.8999999762
39296  -24.762  -40.826  -22.970 0.8000000119
39314  -27.632  -40.825  -24.283 0.6999999881
40065  -33.421  -39.081  -13.692 0.6999999881
40140  -26.245  -39.250  -21.052 0.8000000119
40143  -31.010  -39.160  -20.927 0.8000000119
40150  -28.095  -39.812  -21.391 0.8999999762
40151  -28.849  -39.912  -21.479 0.8999999762
40166  -24.926  -39.602  -22.018 0.8000000119
40183  -26.314  -39.654  -23.326 0.6999999881
40186  -29.223  -38.995  -24.017 0.6000000238
41048  -34.303  -38.093  -14.173 0.6999999881
41102  -27.165  -38.035  -20.427 0.8999999762
41104  -31.933  -38.133  -20.003 0.8000000119
41109  -25.303  -38.739  -21.333 0.8000000119
41110  -25.848  -38.528  -20.785 1.0000000000
41113  -29.168  -38.536  -20.582 0.8000000119
41114  -29.903  -38.554  -20.568 0.8000000119
41126  -25.184  -38.822  -21.660 0.8000000119
41141  -25.096  -38.834  -22.030 0.8000000119
42077  -35.069  -37.153  -14.902 0.6999999881
42110  -35.225  -37.888  -17.600 0.6999999881
42112  -32.963  -37.035  -19.142 0.6999999881
42114  -34.821  -38.014  -18.237 0.6999999881
42116  -25.025  -36.595  -20.807 0.8999999762
42119  -28.631  -37.252  -19.818 0.8000000119
42120  -29.396  -37.437  -19.850 0.8000000119
42159  -26.744  -37.427  -22.523 0.6999999881
42182  -30.475  -37.930  -23.098 0.4000000060
43085  -31.610  -36.548  -11.881 0.5000000000
43157  -30.269  -36.773  -19.433 0.8000000119
43197  -25.173  -36.485  -21.758 0.8999999762
43198  -25.769  -36.695  -22.144 0.6999999881
43916  -30.543  -35.426  -11.249 0.5000000000
43995  -25.571  -34.774  -19.865 0.8000000119
43996  -26.301  -34.837  -19.527 0.8000000119
43997  -27.123  -35.016  -19.302 0.8000000119
43998  -27.913  -35.226  -19.123 0.8000000119
44009  -28.942  -35.978  -19.157 0.8000000119
44020  -24.840  -35.473  -20.890 0.8999999762
44030  -24.753  -35.660  -21.117 0.8000000119
44054  -24.984  -35.850  -21.505 0.8999999762
44058  -29.011  -36.122  -21.910 0.6999999881
44796  -26.797  -34.267  -19.317 0.8000000119
44829  -24.934  -35.344  -21.220 0.8000000119
45611  -31.599  -33.348  -18.257 0.6999999881
45612  -32.283  -33.546  -17.999 0.6999999881
45615  -25.678  -33.318  -19.767 0.8000000119
45640  -26.835  -33.519  -21.401 0.8000000119
46355  -35.187  -32.088  -14.459 0.6999999881
46385  -26.575  -32.601  -19.507 0.8000000119
47049  -29.369  -31.872  -11.570 0.3000000119
47062  -31.595  -31.331  -12.156 0.4000000060
47129  -25.592  -31.686  -20.022 0.8000000119
47131  -28.501  -31.520  -19.690 0.8000000119
47175  -28.980  -31.202  -22.310 0.6000000238
47923  -25.713  -30.550  -20.838 0.8000000119
47956  -30.745  -30.017  -23.070 0.5000000000
48700  -26.058  -29.766  -20.608 0.8000000119
48733  -26.322  -29.234  -21.395 0.8000000119
49544  -27.341  -29.017  -20.693 0.8000000119
49550  -33.391  -28.432  -19.356 0.8000000119
49583  -26.668  -28.442  -22.132 0.8000000119
50431  -32.826  -27.755  -13.099 0.3000000119
50507  -32.039  -27.119  -20.555 0.6999999881
50508  -32.698  -27.101  -20.336 0.8000000119
50522  -26.616  -27.136  -21.887 0.8000000119
50532  -30.651  -27.977  -22.713 0.6000000238
51373  -35.346  -26.442  -15.577 0.3000000119
51391  -35.319  -26.904  -18.185 0.6000000238
51435  -27.143  -25.740  -22.084 0.6999999881
52258  -35.006  -25.799  -19.225 0.6999999881
52259  -35.355  -25.057  -19.088 0.6000000238
52301  -33.367  -25.772  -22.904 0.5000000000
53046  -29.757  -24.590  -21.540 0.6000000238
53058  -28.053  -23.745  -21.955 0.6999999881
53883  -28.288  -23.191  -22.326 0.6000000238
54743  -35.420  -22.764  -19.370 0.4000000060
54764  -28.688  -22.521  -22.642 0.6000000238
54775  -28.897  -22.486  -23.080 0.5000000000
55512  -32.743  -21.193  -16.289 0.3000000119
55515  -35.394  -21.524  -16.941 0.4000000060
55535  -28.218  -21.382  -17.343 0.3000000119
55552  -28.968  -21.989  -22.025 0.6000000238
56325  -33.375  -20.557  -16.335 0.3000000119
56339  -29.735  -20.397  -17.233 0.3000000119
57184  -31.336  -19.394  -23.692 0.4000000060
57945  -29.989  -19.154  -23.055 0.5000000000
57964  -30.101  -19.217  -23.214 0.5000000000
59486  -31.034  -17.135  -22.306 0.3000000119
111029  -33.671  -52.400  -20.830 0.5000000000
111966  -25.912  -45.181  -19.030 0.4000000060
113339  -27.785  -43.617  -23.234 0.6999999881
113996  -28.697  -48.951  -19.426 0.5000000000
114759  -33.339  -54.777  -27.209 0.5000000000
115174  -28.594  -32.996  -21.663 0.6999999881
115384  -25.361  -37.092  -22.000 0.8000000119
115896  -27.897  -33.332  -19.092 0.8000000119
115949  -35.594  -24.945  -18.404 0.6000000238
116437  -24.858  -36.839  -21.085 0.8999999762
117184  -31.223  -49.969  -18.179 0.6999999881
117214  -34.634  -40.325  -15.331 0.6999999881
117932  -27.066  -39.068  -20.842 0.8000000119
117993  -35.579  -37.078  -16.498 0.6999999881
118704  -24.594  -41.977  -22.890 0.8000000119
118921  -27.101  -33.152  -19.344 0.8000000119
119084  -27.955  -29.845  -22.370 0.8000000119
119116  -32.820  -53.984  -28.007 0.5000000000
119160  -32.306  -25.456  -20.882 0.6999999881
119179  -33.468  -55.053  -23.058 0.5000000000
119535  -30.769  -20.604  -23.521 0.6000000238
119635  -28.857  -32.371  -11.295 0.3000000119
119684  -33.563  -55.363  -23.838 0.5000000000
120185  -35.459  -28.730  -16.189 0.6000000238
121659  -30.837  -37.277  -19.667 0.8000000119
122749  -28.187  -34.002  -18.816 0.8000000119
123195  -27.178  -25.689  -21.954 0.6999999881
123713  -31.315  -45.494  -24.294 0.6999999881
123870  -33.814  -43.872  -21.269 0.8000000119
123957  -33.442  -57.027  -25.855 0.4000000060
124009  -35.059  -34.659  -14.440 0.6999999881
125290  -33.186  -57.394  -23.787 0.4000000060
126472  -31.350  -27.126  -20.757 0.8000000119
126557  -28.992  -34.165  -18.671 0.8000000119
126997  -34.350  -51.592  -24.338 0.6000000238
127246  -32.086  -51.444  -27.596 0.6000000238
129252  -34.387  -42.642  -16.187 0.8000000119
129335  -32.481  -25.205  -14.524 0.3000000119
130051  -29.901  -20.034  -23.218 0.5000000000
130060  -29.174  -45.151  -23.811 0.6999999881
130535  -28.137  -23.613  -22.647 0.5000000000
130605  -27.973  -31.902  -21.769 0.8000000119
130801  -31.736  -40.455  -21.675 0.8999999762
131051  -27.794  -36.385  -19.556 0.8000000119
131055  -32.088  -27.905  -23.269 0.5000000000
131139  -27.188  -37.053  -22.450 0.6999999881
131340  -33.742  -50.166  -19.878 0.6999999881
131597  -32.869  -48.539  -25.601 0.6999999881
131719  -28.884  -50.421  -19.945 0.6000000238
131827  -33.991  -43.503  -16.118 0.8000000119
131883  -26.161  -33.633  -21.290 0.8000000119
131925  -31.121  -28.408  -22.934 0.6000000238
132649  -31.424  -44.186  -23.679 0.6999999881
132835  -34.453  -49.591  -23.397 0.6000000238
133065  -33.212  -51.868  -27.170 0.6000000238
133109  -32.609  -56.862  -22.489 0.4000000060
133996  -25.528  -38.727  -21.028 0.8999999762
133997  -24.945  -41.168  -23.300 0.8000000119
