#!ascii label  , from subject sub-v1s12x0050127_ses-1 vox2ras=TkReg
1109
39458  25.231  -43.341  38.993 0.0000000000
60530  34.897  -19.009  23.779 0.0000000000
51365  26.018  -30.701  29.608 0.0000000000
37292  4.195  -45.245  42.044 0.0000000000
41344  18.259  -40.597  40.745 0.0000000000
56162  26.516  -24.822  28.319 0.0000000000
43264  9.877  -39.763  38.911 0.0000000000
38361  8.800  -44.580  40.624 0.0000000000
42285  14.504  -40.498  38.749 0.0000000000
118587  39.674  -21.517  23.620 0.0000000000
44123  21.805  -38.948  40.778 0.0000000000
129885  23.276  -36.372  36.509 0.0000000000
43236  26.835  -39.523  39.179 0.0000000000
63134  39.152  -16.097  24.232 0.0000000000
124835  42.920  -18.096  22.166 0.0000000000
61441  31.479  -18.506  26.716 0.0000000000
117142  34.518  -22.773  26.499 0.0000000000
57050  30.587  -23.864  26.157 0.0000000000
132229  30.686  -29.350  28.545 0.0000000000
36294  22.749  -46.619  41.282 0.0000000000
33184  2.341  -49.610  44.284 0.0000000000
32181  -2.111  -50.497  43.557 0.0000000000
31127  -3.784  -50.908  47.910 0.0000000000
39462  21.713  -43.102  38.799 0.0000000000
38358  17.804  -44.775  39.902 0.0000000000
112609  21.891  -32.125  32.538 0.0000000000
48486  27.462  -33.614  34.448 0.0000000000
64872  45.381  -14.057  21.653 0.0000000000
59616  37.105  -20.607  23.577 0.0000000000
113129  36.858  -21.641  25.115 0.0000000000
113213  23.967  -41.248  39.465 0.0000000000
43254  24.523  -39.986  38.103 0.0000000000
40454  25.872  -41.908  38.590 0.0000000000
63130  35.473  -16.223  25.415 0.0000000000
113319  37.854  -14.790  25.986 0.0000000000
62316  37.238  -17.051  24.193 0.0000000000
61466  38.767  -18.466  23.510 0.0000000000
27278  -4.831  -55.278  46.288 0.0000000000
58701  30.680  -21.220  25.983 0.0000000000
58663  29.057  -21.334  27.953 0.0000000000
53045  25.667  -27.888  28.205 0.0000000000
53825  27.793  -27.331  26.976 0.0000000000
52234  28.601  -29.932  29.136 0.0000000000
51345  28.734  -31.151  31.335 0.0000000000
37304  6.905  -45.649  41.340 0.0000000000
132014  8.119  -46.270  43.224 0.0000000000
35289  6.050  -47.458  43.029 0.0000000000
34229  4.694  -49.019  45.320 0.0000000000
35292  3.359  -47.525  42.326 0.0000000000
34244  -0.839  -47.970  44.247 0.0000000000
117757  -3.585  -50.394  45.581 0.0000000000
40415  20.053  -42.452  40.201 0.0000000000
38395  19.773  -44.176  38.363 0.0000000000
40457  18.301  -42.451  38.027 0.0000000000
42258  13.072  -40.709  41.179 0.0000000000
40403  14.946  -42.216  41.568 0.0000000000
46793  25.772  -35.514  38.624 0.0000000000
47619  24.676  -34.843  35.130 0.0000000000
57015  28.153  -23.202  29.379 0.0000000000
54554  25.891  -25.944  30.971 0.0000000000
121018  24.067  -28.544  29.670 0.0000000000
41359  11.283  -41.272  39.628 0.0000000000
39415  10.062  -43.024  41.395 0.0000000000
41381  8.965  -42.065  39.260 0.0000000000
40405  6.593  -42.513  40.895 0.0000000000
40392  4.954  -42.592  41.932 0.0000000000
43256  17.437  -39.671  38.273 0.0000000000
45036  14.998  -37.588  38.380 0.0000000000
112722  13.040  -38.806  37.871 0.0000000000
117918  20.824  -37.036  39.867 0.0000000000
45953  20.416  -36.229  36.955 0.0000000000
45049  21.997  -38.295  37.925 0.0000000000
45047  24.643  -37.401  38.176 0.0000000000
64007  42.268  -15.453  23.228 0.0000000000
62324  41.010  -17.236  23.261 0.0000000000
60524  41.186  -19.722  22.871 0.0000000000
61449  32.865  -18.240  25.088 0.0000000000
58719  34.563  -21.180  25.097 0.0000000000
58721  32.783  -21.177  25.333 0.0000000000
57048  32.745  -23.378  26.177 0.0000000000
54587  33.301  -26.592  26.948 0.0000000000
56183  28.257  -24.682  26.664 0.0000000000
53832  30.232  -27.129  26.760 0.0000000000
37316  24.287  -45.838  39.859 0.0000000000
38336  26.806  -44.105  40.491 0.0000000000
62290  33.851  -16.608  27.142 0.0000000000
37280  2.168  -45.332  43.050 0.0000000000
35295  1.130  -47.968  42.627 0.0000000000
32179  0.177  -49.981  43.455 0.0000000000
31151  -0.599  -51.596  45.258 0.0000000000
30153  -2.226  -52.427  44.457 0.0000000000
131716  -4.552  -53.193  44.990 0.0000000000
30117  -5.079  -53.233  47.049 0.0000000000
29094  -6.376  -53.393  49.327 0.0000000000
39460  23.277  -43.263  38.966 0.0000000000
37334  21.650  -45.188  38.764 0.0000000000
36312  20.218  -46.176  40.628 0.0000000000
40439  16.183  -42.587  39.293 0.0000000000
50421  23.283  -31.292  30.647 0.0000000000
47639  21.501  -34.845  33.868 0.0000000000
48519  24.165  -33.751  32.498 0.0000000000
49430  26.425  -32.526  32.286 0.0000000000
40396  27.764  -42.358  40.711 0.0000000000
64032  46.920  -15.434  19.425 0.0000000000
63152  44.056  -16.170  22.037 0.0000000000
61486  45.893  -17.742  20.739 0.0000000000
60529  35.907  -19.219  23.539 0.0000000000
58754  36.695  -21.045  23.871 0.0000000000
132573  35.532  -20.662  24.115 0.0000000000
41372  24.394  -41.896  39.067 0.0000000000
42301  24.698  -41.232  38.593 0.0000000000
40435  25.584  -42.589  38.765 0.0000000000
62318  35.256  -17.556  24.342 0.0000000000
63138  35.883  -16.792  24.610 0.0000000000
61459  36.186  -18.339  23.666 0.0000000000
121092  37.489  -19.062  23.431 0.0000000000
27280  -6.051  -55.245  46.646 0.0000000000
58662  29.564  -20.722  28.480 0.0000000000
58648  29.665  -21.125  29.366 0.0000000000
52237  25.897  -29.220  28.509 0.0000000000
52250  26.664  -28.955  28.160 0.0000000000
51384  26.940  -30.212  29.278 0.0000000000
51382  28.745  -30.411  29.865 0.0000000000
51364  27.183  -30.800  29.959 0.0000000000
37305  5.494  -45.285  41.612 0.0000000000
36299  6.649  -46.303  41.892 0.0000000000
36286  5.254  -46.534  42.194 0.0000000000
35277  4.650  -47.970  43.083 0.0000000000
36287  3.864  -46.823  42.143 0.0000000000
40401  19.389  -41.870  40.558 0.0000000000
40438  19.822  -42.130  38.846 0.0000000000
41374  18.976  -41.012  38.984 0.0000000000
42259  12.317  -40.823  41.448 0.0000000000
48455  20.872  -33.248  37.647 0.0000000000
47597  26.455  -35.008  37.725 0.0000000000
53790  24.678  -26.958  29.879 0.0000000000
53778  24.196  -27.287  31.474 0.0000000000
41396  10.865  -40.643  38.640 0.0000000000
41379  10.454  -41.777  39.283 0.0000000000
42289  9.767  -40.682  38.882 0.0000000000
41362  7.333  -41.507  40.551 0.0000000000
41336  6.388  -41.583  41.627 0.0000000000
40406  6.044  -42.442  41.301 0.0000000000
44124  16.277  -38.368  40.364 0.0000000000
45041  10.918  -37.826  39.387 0.0000000000
45054  12.317  -37.706  38.608 0.0000000000
43262  11.410  -39.078  38.302 0.0000000000
42287  12.130  -40.128  38.513 0.0000000000
45035  21.165  -37.817  39.052 0.0000000000
45034  21.639  -38.426  38.998 0.0000000000
43252  26.270  -39.675  38.562 0.0000000000
115763  24.452  -38.286  37.813 0.0000000000
44144  26.502  -38.870  38.990 0.0000000000
44132  26.033  -38.014  38.912 0.0000000000
43223  27.082  -38.934  39.925 0.0000000000
63995  38.461  -15.051  25.325 0.0000000000
64009  40.654  -15.830  23.739 0.0000000000
63133  39.905  -15.973  23.966 0.0000000000
131219  39.336  -20.661  23.455 0.0000000000
60525  40.422  -19.487  23.201 0.0000000000
111978  40.626  -21.225  23.365 0.0000000000
130956  32.227  -18.231  25.685 0.0000000000
59605  32.297  -19.733  25.064 0.0000000000
60514  31.704  -19.389  25.562 0.0000000000
120258  30.502  -23.031  26.065 0.0000000000
57820  31.279  -22.811  25.928 0.0000000000
128011  31.396  -24.110  26.190 0.0000000000
56179  32.696  -25.020  26.411 0.0000000000
118242  31.749  -24.908  26.321 0.0000000000
122816  26.955  -24.082  28.749 0.0000000000
57026  27.430  -23.621  28.163 0.0000000000
55375  26.897  -25.075  27.517 0.0000000000
53054  28.993  -28.236  27.497 0.0000000000
53833  29.496  -27.155  26.754 0.0000000000
124810  30.554  -27.812  27.217 0.0000000000
53823  31.469  -27.847  27.351 0.0000000000
36310  23.246  -46.403  40.525 0.0000000000
133420  24.973  -46.334  41.152 0.0000000000
61416  31.912  -18.237  28.150 0.0000000000
62301  32.471  -17.433  26.896 0.0000000000
62309  33.405  -17.391  25.550 0.0000000000
39416  9.688  -43.731  41.136 0.0000000000
38326  9.199  -44.758  42.347 0.0000000000
33182  3.983  -49.330  44.944 0.0000000000
33154  4.358  -49.514  46.789 0.0000000000
33166  3.432  -49.659  45.509 0.0000000000
32156  2.022  -50.051  45.787 0.0000000000
36253  1.536  -45.603  44.286 0.0000000000
36271  1.555  -46.468  42.842 0.0000000000
36255  0.681  -46.522  44.209 0.0000000000
34245  -1.281  -48.649  43.698 0.0000000000
33197  -0.669  -49.044  43.137 0.0000000000
32180  -1.361  -50.229  43.440 0.0000000000
31164  -0.199  -50.980  44.705 0.0000000000
31165  -0.968  -51.408  44.280 0.0000000000
31152  -1.317  -52.097  44.821 0.0000000000
129759  -2.309  -51.124  43.682 0.0000000000
32148  -3.722  -50.584  46.586 0.0000000000
31154  -4.329  -51.549  45.526 0.0000000000
31141  -4.667  -52.042  46.044 0.0000000000
121048  -4.960  -53.044  45.850 0.0000000000
30116  -4.621  -52.471  47.761 0.0000000000
120112  22.575  -43.017  41.076 0.0000000000
134487  23.047  -42.917  40.954 0.0000000000
39461  22.526  -43.160  38.906 0.0000000000
38375  22.864  -43.939  38.770 0.0000000000
38376  22.040  -44.021  38.657 0.0000000000
38378  19.188  -44.841  38.774 0.0000000000
37336  19.706  -45.360  39.270 0.0000000000
37337  18.696  -45.269  39.762 0.0000000000
42304  16.038  -40.079  37.799 0.0000000000
134224  16.982  -41.030  37.738 0.0000000000
41376  15.487  -41.477  38.953 0.0000000000
39414  16.041  -43.513  41.632 0.0000000000
57844  34.112  -21.579  25.609 0.0000000000
58699  35.789  -21.539  26.311 0.0000000000
57799  35.791  -22.087  26.872 0.0000000000
51312  22.031  -30.264  33.134 0.0000000000
51347  22.656  -30.388  31.241 0.0000000000
49450  22.414  -32.089  31.743 0.0000000000
45960  21.324  -36.611  36.292 0.0000000000
46824  20.818  -35.596  35.567 0.0000000000
46822  22.407  -35.931  35.094 0.0000000000
47635  26.154  -34.223  34.776 0.0000000000
48489  24.473  -34.337  33.674 0.0000000000
48488  25.241  -33.890  33.630 0.0000000000
49431  25.511  -32.778  32.177 0.0000000000
130627  26.755  -32.893  32.993 0.0000000000
50386  28.115  -32.263  32.759 0.0000000000
131420  27.500  -43.686  41.011 0.0000000000
64871  46.046  -14.730  20.383 0.0000000000
63154  42.561  -16.774  22.614 0.0000000000
64013  43.473  -15.676  22.532 0.0000000000
62336  43.153  -17.355  22.250 0.0000000000
61480  45.226  -18.077  21.136 0.0000000000
115650  46.612  -18.933  20.445 0.0000000000
44137  10.297  -38.321  39.615 0.0000000000
43229  8.900  -39.517  40.155 0.0000000000
59614  38.747  -21.237  23.604 0.0000000000
127680  39.460  -22.371  25.093 0.0000000000
57843  38.540  -21.986  24.652 0.0000000000
43225  22.723  -40.086  40.627 0.0000000000
44147  22.717  -39.537  38.617 0.0000000000
42281  23.918  -40.582  38.667 0.0000000000
42300  25.442  -40.799  38.328 0.0000000000
133691  26.586  -40.925  38.720 0.0000000000
63987  37.139  -14.943  27.567 0.0000000000
63997  36.553  -15.597  25.671 0.0000000000
63128  37.005  -15.846  25.112 0.0000000000
62315  38.002  -16.953  24.122 0.0000000000
63148  38.782  -16.836  23.910 0.0000000000
61467  37.992  -18.379  23.562 0.0000000000
118924  38.259  -19.216  23.426 0.0000000000
28194  -3.589  -54.687  46.268 0.0000000000
60474  31.178  -18.884  28.382 0.0000000000
60506  30.823  -19.735  26.405 0.0000000000
59560  30.010  -20.267  27.606 0.0000000000
58674  29.495  -21.506  27.085 0.0000000000
126115  29.260  -23.098  26.552 0.0000000000
126224  25.905  -26.695  28.029 0.0000000000
54592  26.416  -26.453  27.618 0.0000000000
53056  27.151  -27.785  27.437 0.0000000000
53042  28.266  -28.813  27.792 0.0000000000
52247  29.368  -29.537  28.660 0.0000000000
52233  29.453  -30.004  29.417 0.0000000000
51361  29.645  -30.613  30.712 0.0000000000
35286  21.738  -46.867  42.577 0.0000000000
38342  7.579  -45.213  40.982 0.0000000000
36283  8.212  -45.924  41.953 0.0000000000
36284  7.498  -46.229  41.901 0.0000000000
36285  6.759  -47.242  43.111 0.0000000000
35259  6.451  -47.650  44.581 0.0000000000
34256  4.162  -48.573  43.476 0.0000000000
34257  3.302  -48.754  43.092 0.0000000000
35261  0.154  -46.974  44.715 0.0000000000
34231  -1.486  -48.544  44.647 0.0000000000
33169  -2.076  -49.084  45.165 0.0000000000
127372  -3.047  -50.268  44.062 0.0000000000
33158  -2.757  -49.625  45.749 0.0000000000
32147  -3.066  -50.040  46.727 0.0000000000
32125  -3.266  -50.208  48.310 0.0000000000
39437  20.960  -42.816  39.629 0.0000000000
38393  21.200  -43.658  38.590 0.0000000000
40455  20.160  -42.740  38.556 0.0000000000
39482  19.516  -43.290  38.200 0.0000000000
38397  18.042  -43.986  38.438 0.0000000000
42269  14.091  -40.707  39.859 0.0000000000
129887  15.080  -41.572  39.829 0.0000000000
41345  14.362  -41.474  41.210 0.0000000000
56169  34.847  -24.528  26.863 0.0000000000
49402  21.218  -33.077  34.294 0.0000000000
46804  24.709  -35.851  37.405 0.0000000000
46814  23.719  -35.887  36.112 0.0000000000
46812  25.312  -35.190  36.835 0.0000000000
47609  25.917  -34.840  36.176 0.0000000000
64865  44.930  -14.124  22.213 0.0000000000
117478  -7.557  -55.488  47.200 0.0000000000
128346  28.101  -23.869  29.957 0.0000000000
55353  26.630  -24.808  30.015 0.0000000000
55354  26.017  -25.324  29.618 0.0000000000
54566  25.168  -26.409  29.503 0.0000000000
53800  24.479  -27.808  29.357 0.0000000000
52238  24.471  -29.342  29.191 0.0000000000
41348  11.483  -41.133  41.683 0.0000000000
41334  10.841  -41.549  42.272 0.0000000000
41360  10.731  -41.874  40.201 0.0000000000
39441  9.936  -43.192  40.484 0.0000000000
39466  8.925  -43.401  39.641 0.0000000000
118074  8.406  -41.332  39.613 0.0000000000
41361  8.011  -42.118  39.755 0.0000000000
112431  8.053  -44.212  40.249 0.0000000000
39418  6.359  -43.463  40.879 0.0000000000
39419  5.738  -43.996  41.168 0.0000000000
38328  4.662  -44.068  41.858 0.0000000000
42268  17.879  -39.896  40.133 0.0000000000
43227  17.001  -38.703  39.716 0.0000000000
43239  16.685  -38.534  38.658 0.0000000000
44150  15.337  -38.469  37.787 0.0000000000
132148  13.763  -37.123  39.583 0.0000000000
45052  13.927  -37.508  38.125 0.0000000000
42306  14.168  -39.729  38.212 0.0000000000
42271  12.835  -40.481  39.382 0.0000000000
42272  12.140  -40.754  39.609 0.0000000000
46783  20.459  -35.390  39.567 0.0000000000
47587  20.413  -34.819  38.282 0.0000000000
45944  20.447  -36.676  38.352 0.0000000000
45062  21.014  -37.346  37.465 0.0000000000
116174  22.337  -37.205  37.093 0.0000000000
124174  23.549  -38.902  37.766 0.0000000000
45048  23.808  -37.820  37.629 0.0000000000
45943  23.841  -37.015  37.590 0.0000000000
45941  24.826  -36.625  38.480 0.0000000000
45934  25.837  -36.547  39.549 0.0000000000
64862  41.748  -14.787  23.865 0.0000000000
63144  41.998  -16.209  23.022 0.0000000000
63155  41.777  -17.018  22.895 0.0000000000
121919  40.068  -18.078  23.357 0.0000000000
117263  40.744  -18.007  23.155 0.0000000000
123419  34.065  -18.795  24.161 0.0000000000
58734  34.804  -20.527  24.381 0.0000000000
129130  33.539  -19.445  24.387 0.0000000000
58720  33.638  -21.141  25.225 0.0000000000
57845  33.376  -21.762  25.639 0.0000000000
58722  31.778  -21.070  25.511 0.0000000000
57819  32.156  -22.689  25.875 0.0000000000
57047  33.748  -23.228  26.348 0.0000000000
56178  34.108  -24.467  26.597 0.0000000000
55373  33.989  -26.044  26.796 0.0000000000
57779  28.506  -22.255  29.027 0.0000000000
57052  28.695  -23.245  26.856 0.0000000000
56182  29.038  -24.551  26.437 0.0000000000
54602  28.053  -26.043  26.558 0.0000000000
55386  29.439  -25.719  26.391 0.0000000000
55385  30.216  -25.556  26.355 0.0000000000
54598  31.611  -26.419  26.675 0.0000000000
38373  24.462  -44.394  39.214 0.0000000000
39433  26.054  -43.877  39.588 0.0000000000
38356  25.922  -44.696  40.060 0.0000000000
37298  26.377  -45.337  41.329 0.0000000000
63123  34.529  -16.169  26.761 0.0000000000
62308  34.212  -17.115  25.249 0.0000000000
38329  3.937  -44.160  42.358 0.0000000000
38298  3.107  -43.959  44.075 0.0000000000
38330  3.522  -44.931  42.376 0.0000000000
36288  3.036  -46.834  42.145 0.0000000000
35293  2.543  -47.593  42.324 0.0000000000
33208  1.651  -49.047  42.803 0.0000000000
34259  0.249  -47.955  42.995 0.0000000000
34271  0.899  -48.773  42.797 0.0000000000
33185  1.505  -49.779  44.001 0.0000000000
32169  1.007  -50.103  44.634 0.0000000000
31150  0.052  -51.098  45.692 0.0000000000
131537  -2.560  -53.714  45.743 0.0000000000
31168  -3.510  -51.033  44.337 0.0000000000
29168  -3.934  -52.899  44.520 0.0000000000
28203  -3.753  -54.214  45.481 0.0000000000
28205  -5.051  -53.977  45.747 0.0000000000
29143  -5.466  -53.940  46.412 0.0000000000
28196  -6.106  -54.523  46.840 0.0000000000
127992  -4.659  -52.402  48.623 0.0000000000
29110  -6.104  -53.780  48.543 0.0000000000
118159  -6.660  -54.360  47.799 0.0000000000
117227  24.163  -42.258  39.566 0.0000000000
40414  23.895  -42.393  39.996 0.0000000000
114605  23.922  -43.526  39.044 0.0000000000
38374  23.598  -44.400  38.983 0.0000000000
37332  23.592  -45.503  39.389 0.0000000000
125107  22.402  -46.398  40.456 0.0000000000
37345  21.252  -44.501  38.578 0.0000000000
37318  21.142  -45.755  39.259 0.0000000000
36295  21.886  -46.529  41.271 0.0000000000
41393  17.538  -41.045  37.861 0.0000000000
40458  17.456  -42.503  38.225 0.0000000000
39464  16.983  -43.757  39.330 0.0000000000
40440  15.602  -42.185  39.737 0.0000000000
39439  16.500  -43.532  40.106 0.0000000000
38359  17.436  -44.661  40.790 0.0000000000
58718  35.397  -21.449  25.484 0.0000000000
53005  23.282  -28.607  31.355 0.0000000000
122153  23.606  -29.961  30.077 0.0000000000
51366  24.651  -30.767  29.674 0.0000000000
48469  20.492  -34.156  35.958 0.0000000000
48479  20.755  -33.819  34.919 0.0000000000
48506  21.504  -33.446  33.405 0.0000000000
47620  23.796  -35.167  34.854 0.0000000000
47655  23.051  -34.743  33.352 0.0000000000
48521  22.618  -33.613  32.382 0.0000000000
49448  23.839  -32.683  31.409 0.0000000000
50419  25.271  -32.004  30.849 0.0000000000
50418  26.281  -31.770  30.942 0.0000000000
134716  27.555  -31.547  31.168 0.0000000000
39432  26.662  -43.421  39.826 0.0000000000
40412  27.385  -42.287  39.981 0.0000000000
41354  27.690  -41.527  40.282 0.0000000000
41328  28.066  -41.507  41.836 0.0000000000
43222  27.599  -39.569  40.611 0.0000000000
64886  47.323  -14.665  19.099 0.0000000000
64012  44.214  -15.309  22.274 0.0000000000
64020  44.773  -15.817  21.676 0.0000000000
62343  44.598  -17.605  21.531 0.0000000000
62342  45.326  -17.236  21.193 0.0000000000
63158  45.908  -16.072  20.644 0.0000000000
63167  46.500  -16.607  20.188 0.0000000000
62349  47.101  -17.228  19.775 0.0000000000
59617  36.178  -20.377  23.690 0.0000000000
59602  35.249  -19.917  23.827 0.0000000000
40436  24.761  -42.553  38.836 0.0000000000
61460  35.461  -18.325  23.821 0.0000000000
120046  25.974  -29.939  28.930 0.0000000000
37306  4.742  -44.775  41.790 0.0000000000
37291  5.000  -45.674  41.891 0.0000000000
120814  4.425  -46.181  42.072 0.0000000000
41356  19.014  -41.027  40.138 0.0000000000
42248  12.176  -40.851  42.302 0.0000000000
48442  20.976  -33.408  38.560 0.0000000000
42308  10.458  -40.259  38.634 0.0000000000
41397  10.361  -41.073  38.760 0.0000000000
44155  10.654  -38.379  38.896 0.0000000000
133872  11.149  -38.575  38.504 0.0000000000
43263  10.661  -39.270  38.574 0.0000000000
42307  11.276  -39.894  38.423 0.0000000000
45021  21.510  -38.313  40.221 0.0000000000
44134  22.027  -38.997  39.437 0.0000000000
113546  25.757  -38.954  38.348 0.0000000000
64001  38.743  -15.503  24.762 0.0000000000
63994  39.106  -14.920  25.151 0.0000000000
64000  39.571  -15.348  24.539 0.0000000000
59613  40.083  -20.490  23.373 0.0000000000
58750  40.468  -22.025  23.767 0.0000000000
29142  -2.381  -53.811  46.516 0.0000000000
61451  31.717  -18.629  25.910 0.0000000000
60505  31.261  -19.165  26.213 0.0000000000
132747  31.130  -23.463  26.065 0.0000000000
56180  30.738  -24.765  26.263 0.0000000000
56161  27.026  -24.290  27.905 0.0000000000
53040  30.220  -29.126  28.195 0.0000000000
53053  29.929  -28.421  27.602 0.0000000000
53052  30.876  -28.500  27.739 0.0000000000
36293  23.631  -46.604  41.298 0.0000000000
61431  31.868  -17.934  27.253 0.0000000000
61430  32.592  -17.735  27.843 0.0000000000
61440  31.968  -17.965  26.362 0.0000000000
38341  9.320  -44.359  40.960 0.0000000000
124690  9.458  -44.258  41.742 0.0000000000
131177  9.083  -44.887  41.420 0.0000000000
33183  3.185  -49.488  44.602 0.0000000000
33167  2.616  -49.769  45.207 0.0000000000
36254  1.216  -46.137  43.766 0.0000000000
127092  -1.944  -49.838  43.528 0.0000000000
33198  -1.380  -49.431  43.390 0.0000000000
31186  -1.545  -50.973  43.653 0.0000000000
31166  -1.891  -51.686  43.990 0.0000000000
117530  -3.857  -50.944  47.169 0.0000000000
31140  -4.186  -51.260  46.430 0.0000000000
31128  -4.276  -51.684  47.243 0.0000000000
31117  -4.175  -51.659  48.381 0.0000000000
39436  21.948  -43.028  39.922 0.0000000000
39435  22.896  -42.950  39.853 0.0000000000
38379  18.298  -44.643  38.957 0.0000000000
37321  18.744  -45.570  40.659 0.0000000000
37322  18.066  -45.193  40.862 0.0000000000
42284  15.358  -40.675  38.439 0.0000000000
57816  35.040  -22.079  26.454 0.0000000000
57045  35.183  -22.854  26.811 0.0000000000
50387  21.733  -31.141  33.224 0.0000000000
50405  22.022  -31.316  32.273 0.0000000000
45958  22.361  -36.677  36.528 0.0000000000
45959  21.939  -36.264  35.756 0.0000000000
46815  22.868  -36.215  35.840 0.0000000000
48478  26.987  -34.081  34.963 0.0000000000
115846  25.875  -33.890  34.151 0.0000000000
48487  26.626  -33.742  34.265 0.0000000000
48502  26.113  -33.393  33.512 0.0000000000
49400  27.058  -33.194  33.761 0.0000000000
49399  27.964  -33.142  33.922 0.0000000000
65737  45.695  -13.232  21.680 0.0000000000
65744  45.874  -13.847  20.846 0.0000000000
124734  45.588  -14.734  21.063 0.0000000000
62337  42.379  -17.620  22.545 0.0000000000
44127  10.079  -38.457  40.500 0.0000000000
43228  9.427  -39.034  40.794 0.0000000000
44116  9.941  -38.646  41.398 0.0000000000
45028  10.679  -37.850  40.202 0.0000000000
59615  37.928  -20.907  23.559 0.0000000000
58752  38.176  -21.597  23.976 0.0000000000
58753  37.361  -21.295  23.907 0.0000000000
58732  36.786  -21.462  24.398 0.0000000000
58731  37.574  -21.681  24.541 0.0000000000
43224  23.336  -40.663  39.934 0.0000000000
43237  22.976  -40.180  39.171 0.0000000000
133011  25.455  -41.414  38.503 0.0000000000
41390  26.052  -41.221  38.442 0.0000000000
42299  26.108  -40.495  38.416 0.0000000000
41370  26.640  -41.647  38.917 0.0000000000
63122  35.232  -15.835  26.348 0.0000000000
63121  35.942  -15.667  25.945 0.0000000000
126651  36.561  -17.145  24.253 0.0000000000
63137  36.744  -16.511  24.618 0.0000000000
63136  37.524  -16.327  24.563 0.0000000000
62328  37.638  -17.649  23.794 0.0000000000
60527  37.703  -19.970  23.411 0.0000000000
123162  38.632  -20.157  23.431 0.0000000000
27277  -4.194  -55.309  46.572 0.0000000000
60475  30.496  -19.564  28.001 0.0000000000
59561  29.567  -20.908  27.594 0.0000000000
57822  29.662  -22.408  26.491 0.0000000000
57800  28.953  -22.015  27.358 0.0000000000
53812  25.625  -27.139  28.237 0.0000000000
53057  26.288  -27.331  27.750 0.0000000000
53044  26.488  -28.235  27.863 0.0000000000
52249  27.540  -29.247  28.210 0.0000000000
52248  28.453  -29.391  28.429 0.0000000000
51362  28.918  -30.764  30.676 0.0000000000
51344  29.473  -30.885  31.386 0.0000000000
51327  29.686  -30.944  32.254 0.0000000000
37303  7.791  -45.750  41.461 0.0000000000
117205  6.178  -46.890  42.436 0.0000000000
117793  7.152  -46.759  42.474 0.0000000000
36269  6.968  -47.256  43.961 0.0000000000
35275  6.292  -47.636  43.691 0.0000000000
35260  5.765  -48.045  44.258 0.0000000000
35276  5.518  -47.827  43.411 0.0000000000
35291  4.231  -47.459  42.509 0.0000000000
34269  3.740  -48.126  42.739 0.0000000000
34214  -1.372  -48.676  45.816 0.0000000000
33170  -2.671  -49.665  44.522 0.0000000000
33157  -1.839  -49.176  46.354 0.0000000000
32136  -2.726  -49.885  47.730 0.0000000000
40400  19.565  -42.490  41.274 0.0000000000
40399  20.343  -42.846  40.925 0.0000000000
40437  20.380  -42.421  39.099 0.0000000000
41391  19.124  -41.935  38.442 0.0000000000
40456  19.556  -42.546  38.356 0.0000000000
119248  19.030  -42.726  38.095 0.0000000000
39483  18.601  -43.320  38.153 0.0000000000
42270  13.350  -40.568  40.259 0.0000000000
41358  13.800  -40.881  40.809 0.0000000000
49401  21.428  -32.040  34.814 0.0000000000
49389  21.105  -32.769  35.307 0.0000000000
46794  25.089  -35.930  38.271 0.0000000000
46803  25.642  -35.288  37.784 0.0000000000
47585  26.983  -34.980  38.291 0.0000000000
47598  26.276  -35.063  36.989 0.0000000000
47596  27.190  -34.786  37.275 0.0000000000
28182  -8.163  -54.963  47.316 0.0000000000
56139  27.486  -24.392  30.225 0.0000000000
55341  25.653  -25.869  30.066 0.0000000000
55355  25.568  -25.853  29.280 0.0000000000
53791  24.183  -27.530  30.328 0.0000000000
52220  23.886  -29.378  29.697 0.0000000000
122072  11.277  -41.367  40.743 0.0000000000
41349  10.837  -41.676  41.301 0.0000000000
40441  9.745  -42.414  39.292 0.0000000000
40420  10.222  -42.583  39.882 0.0000000000
40421  9.627  -43.126  39.745 0.0000000000
40442  9.179  -42.807  39.380 0.0000000000
42273  8.355  -40.421  39.950 0.0000000000
116488  6.829  -41.812  40.968 0.0000000000
40422  7.247  -42.464  40.332 0.0000000000
120908  8.097  -43.292  39.843 0.0000000000
39417  7.200  -43.417  40.432 0.0000000000
38363  7.288  -44.367  40.627 0.0000000000
39397  5.574  -42.952  41.427 0.0000000000
39398  4.971  -43.485  41.708 0.0000000000
43226  17.299  -39.369  40.548 0.0000000000
119956  16.768  -38.900  40.751 0.0000000000
44125  15.753  -37.668  39.950 0.0000000000
44135  16.343  -38.004  39.354 0.0000000000
44149  15.967  -38.019  38.455 0.0000000000
111844  16.115  -38.680  37.981 0.0000000000
44153  12.646  -38.256  37.992 0.0000000000
45053  13.173  -37.731  38.247 0.0000000000
43260  13.826  -38.920  37.742 0.0000000000
42286  13.074  -39.681  38.246 0.0000000000
42288  11.458  -40.693  38.769 0.0000000000
42260  11.860  -40.954  40.687 0.0000000000
45928  20.501  -35.958  40.252 0.0000000000
46795  20.316  -35.694  38.584 0.0000000000
45936  20.472  -36.344  39.289 0.0000000000
118049  21.530  -38.152  38.516 0.0000000000
45051  20.721  -37.287  38.017 0.0000000000
45050  21.233  -37.764  38.150 0.0000000000
45951  21.498  -37.125  36.931 0.0000000000
45061  21.757  -37.666  37.520 0.0000000000
43255  23.665  -39.804  38.168 0.0000000000
134610  24.269  -36.968  38.079 0.0000000000
45942  24.434  -36.466  38.013 0.0000000000
45032  26.408  -37.634  39.826 0.0000000000
45033  26.012  -37.125  39.670 0.0000000000
64840  37.683  -14.513  27.048 0.0000000000
127161  41.731  -14.099  24.369 0.0000000000
64853  40.964  -14.351  24.584 0.0000000000
64008  41.448  -15.629  23.516 0.0000000000
63145  41.225  -16.425  23.344 0.0000000000
62326  39.337  -17.677  23.568 0.0000000000
61464  40.424  -18.620  23.216 0.0000000000
61463  41.205  -18.837  22.870 0.0000000000
61461  33.387  -18.700  24.525 0.0000000000
59589  32.453  -20.477  25.141 0.0000000000
122587  33.110  -20.652  24.942 0.0000000000
59582  30.438  -20.361  26.605 0.0000000000
59581  31.044  -20.392  25.832 0.0000000000
57049  31.839  -23.448  26.071 0.0000000000
57818  33.108  -22.527  25.968 0.0000000000
132016  33.926  -23.907  26.489 0.0000000000
123016  33.305  -24.203  26.401 0.0000000000
55382  33.052  -25.859  26.594 0.0000000000
116250  33.599  -25.158  26.564 0.0000000000
57038  27.561  -24.002  27.556 0.0000000000
57037  28.029  -23.447  27.453 0.0000000000
117452  28.516  -23.969  26.744 0.0000000000
53826  27.033  -26.937  27.201 0.0000000000
55374  27.098  -25.931  27.008 0.0000000000
54591  27.626  -26.629  26.805 0.0000000000
121935  29.051  -26.843  26.644 0.0000000000
54600  29.734  -26.428  26.527 0.0000000000
54599  30.697  -26.373  26.585 0.0000000000
54590  31.108  -27.142  26.864 0.0000000000
38357  25.032  -45.263  39.789 0.0000000000
36292  25.024  -46.525  41.712 0.0000000000
36291  25.407  -46.151  41.218 0.0000000000
62320  33.817  -17.953  24.651 0.0000000000
115618  10.404  -42.258  41.791 0.0000000000
40389  10.357  -42.150  42.726 0.0000000000
129534  10.038  -42.764  42.210 0.0000000000
125099  8.427  -45.888  42.687 0.0000000000
34212  4.847  -49.051  46.264 0.0000000000
39376  3.862  -43.164  43.085 0.0000000000
37270  2.021  -45.113  44.182 0.0000000000
116122  2.550  -44.459  44.537 0.0000000000
37269  2.568  -44.646  43.491 0.0000000000
38314  3.122  -44.316  42.863 0.0000000000
37279  2.867  -45.127  42.602 0.0000000000
37293  3.526  -45.914  42.176 0.0000000000
37294  2.659  -46.034  42.432 0.0000000000
35294  1.695  -47.408  42.480 0.0000000000
36289  2.269  -46.796  42.374 0.0000000000
34270  1.912  -48.369  42.551 0.0000000000
35262  -0.286  -47.474  44.279 0.0000000000
35279  0.128  -47.193  43.731 0.0000000000
35280  -0.318  -47.749  43.708 0.0000000000
33196  0.121  -49.319  43.088 0.0000000000
133284  0.005  -48.732  42.995 0.0000000000
33195  1.013  -49.501  43.163 0.0000000000
134969  0.808  -49.979  43.867 0.0000000000
30138  -1.665  -52.738  45.403 0.0000000000
29155  -1.973  -53.322  46.016 0.0000000000
30139  -2.546  -53.216  45.029 0.0000000000
32159  -3.217  -50.107  44.787 0.0000000000
30140  -4.560  -52.349  45.188 0.0000000000
29169  -4.222  -52.487  44.655 0.0000000000
29157  -3.958  -53.608  44.839 0.0000000000
28204  -4.414  -53.947  45.274 0.0000000000
29130  -5.875  -53.897  47.342 0.0000000000
30103  -4.451  -51.955  49.217 0.0000000000
116156  -5.140  -52.650  49.368 0.0000000000
129397  -5.707  -53.259  49.147 0.0000000000
29111  -6.935  -53.862  48.710 0.0000000000
41355  23.958  -41.764  40.226 0.0000000000
39434  23.536  -42.712  39.869 0.0000000000
39459  24.131  -42.870  38.971 0.0000000000
37333  22.704  -45.079  38.883 0.0000000000
36321  22.939  -46.068  39.691 0.0000000000
36322  21.939  -46.072  39.466 0.0000000000
39481  20.389  -43.462  38.438 0.0000000000
38394  20.560  -44.326  38.495 0.0000000000
37319  20.354  -45.802  39.699 0.0000000000
36311  21.029  -46.193  40.068 0.0000000000
36296  20.950  -46.443  41.169 0.0000000000
36297  20.050  -46.368  41.497 0.0000000000
42283  17.986  -39.733  38.944 0.0000000000
42302  18.262  -40.587  38.530 0.0000000000
42303  17.713  -40.233  38.180 0.0000000000
41375  16.175  -41.967  38.718 0.0000000000
41394  17.028  -41.686  37.989 0.0000000000
39485  16.702  -42.562  38.654 0.0000000000
39484  17.109  -43.212  38.722 0.0000000000
39465  16.549  -43.135  39.347 0.0000000000
40419  15.017  -41.877  40.603 0.0000000000
40418  15.515  -42.581  40.726 0.0000000000
39440  16.008  -43.224  40.827 0.0000000000
39413  16.514  -43.818  40.937 0.0000000000
38360  16.948  -44.329  41.115 0.0000000000
58733  35.394  -21.180  24.682 0.0000000000
52995  23.231  -28.369  32.316 0.0000000000
52189  22.887  -28.962  31.814 0.0000000000
52203  23.076  -29.548  31.039 0.0000000000
51367  23.239  -30.380  30.601 0.0000000000
131867  23.974  -30.433  29.718 0.0000000000
127666  23.778  -30.778  30.065 0.0000000000
46806  20.279  -35.544  37.660 0.0000000000
121199  20.365  -34.772  37.417 0.0000000000
47599  20.350  -34.866  36.553 0.0000000000
46841  21.100  -35.248  34.663 0.0000000000
47622  20.630  -34.777  35.164 0.0000000000
47621  20.926  -34.574  34.434 0.0000000000
48490  21.117  -34.016  33.972 0.0000000000
47657  21.628  -34.195  33.420 0.0000000000
46820  24.175  -35.306  35.679 0.0000000000
46821  23.328  -35.718  35.320 0.0000000000
119252  24.570  -33.965  33.108 0.0000000000
47654  23.784  -34.653  33.653 0.0000000000
48504  23.762  -34.325  32.992 0.0000000000
47670  22.820  -34.266  32.798 0.0000000000
48520  23.393  -33.914  32.479 0.0000000000
49433  23.421  -33.353  31.899 0.0000000000
49447  24.903  -32.517  31.473 0.0000000000
49446  25.932  -32.253  31.583 0.0000000000
50417  26.995  -31.577  30.961 0.0000000000
50404  27.059  -31.972  31.629 0.0000000000
123024  27.812  -43.059  41.214 0.0000000000
129738  27.358  -43.120  40.379 0.0000000000
118487  27.896  -41.012  41.141 0.0000000000
114458  46.561  -14.740  19.726 0.0000000000
64887  46.855  -13.927  19.625 0.0000000000
64861  42.694  -14.790  23.394 0.0000000000
63159  45.362  -16.388  21.193 0.0000000000
62341  45.938  -16.909  20.683 0.0000000000
62350  46.560  -17.472  20.308 0.0000000000
60528  36.846  -19.692  23.445 0.0000000000
59601  36.100  -21.112  24.206 0.0000000000
41371  25.158  -41.935  38.702 0.0000000000
62307  34.994  -16.900  24.956 0.0000000000
62317  36.028  -17.632  24.038 0.0000000000
62329  36.827  -17.801  23.800 0.0000000000
121205  37.348  -18.301  23.595 0.0000000000
61468  36.763  -18.752  23.504 0.0000000000
27279  -5.383  -55.367  46.426 0.0000000000
59546  30.145  -20.081  28.500 0.0000000000
59531  30.177  -20.388  29.206 0.0000000000
57790  29.028  -21.502  28.756 0.0000000000
52251  25.923  -28.594  28.259 0.0000000000
52236  26.793  -29.606  28.630 0.0000000000
52235  27.707  -29.819  28.867 0.0000000000
51383  27.880  -30.357  29.571 0.0000000000
51363  28.068  -30.810  30.271 0.0000000000
51346  28.167  -31.248  30.918 0.0000000000
117346  5.988  -44.992  41.246 0.0000000000
133431  6.168  -45.708  41.579 0.0000000000
36300  5.807  -46.092  41.905 0.0000000000
35290  5.247  -47.313  42.697 0.0000000000
129697  4.628  -46.889  42.298 0.0000000000
33145  -1.524  -49.240  47.458 0.0000000000
40416  19.868  -42.047  39.607 0.0000000000
41373  19.492  -41.572  39.411 0.0000000000
41347  12.900  -40.798  41.996 0.0000000000
48468  20.782  -33.258  36.665 0.0000000000
46781  26.010  -35.840  39.320 0.0000000000
46802  26.211  -35.109  38.329 0.0000000000
46792  26.392  -35.223  38.902 0.0000000000
54555  25.257  -26.337  30.493 0.0000000000
53777  24.780  -26.725  31.095 0.0000000000
53017  23.680  -28.079  30.796 0.0000000000
41378  10.918  -41.172  38.911 0.0000000000
41380  9.724  -41.576  38.979 0.0000000000
42290  9.036  -41.047  39.250 0.0000000000
42262  7.704  -40.567  40.885 0.0000000000
41350  7.089  -41.131  41.447 0.0000000000
45023  15.085  -37.254  39.492 0.0000000000
45040  11.659  -37.585  39.327 0.0000000000
45039  12.543  -37.365  39.524 0.0000000000
45055  11.364  -37.952  38.760 0.0000000000
44154  11.803  -38.387  38.243 0.0000000000
43261  12.174  -39.159  38.127 0.0000000000
126189  21.241  -37.814  39.809 0.0000000000
43253  25.401  -39.937  38.195 0.0000000000
44146  24.733  -39.124  37.932 0.0000000000
44145  25.255  -38.146  38.206 0.0000000000
45046  25.388  -37.089  38.872 0.0000000000
44131  26.573  -38.265  39.654 0.0000000000
44121  26.928  -37.939  40.447 0.0000000000
64843  39.025  -14.232  26.293 0.0000000000
63999  40.863  -15.138  24.083 0.0000000000
126982  40.226  -15.415  24.166 0.0000000000
63146  40.416  -16.583  23.569 0.0000000000
118629  38.968  -19.251  23.420 0.0000000000
61465  39.649  -18.747  23.394 0.0000000000
60526  39.523  -19.772  23.397 0.0000000000
59612  40.872  -20.390  23.090 0.0000000000
119003  41.310  -20.993  23.090 0.0000000000
58749  41.379  -21.704  23.454 0.0000000000
60522  32.817  -19.194  24.711 0.0000000000
61450  32.214  -18.890  25.265 0.0000000000
59590  31.747  -20.170  25.438 0.0000000000
57821  30.587  -22.181  26.019 0.0000000000
125078  32.291  -24.183  26.263 0.0000000000
55383  32.139  -25.722  26.508 0.0000000000
127245  27.512  -23.449  28.793 0.0000000000
56171  27.507  -24.669  27.169 0.0000000000
53824  28.767  -27.485  26.956 0.0000000000
117196  29.670  -27.731  27.102 0.0000000000
36308  24.900  -46.083  40.553 0.0000000000
36309  24.050  -46.304  40.537 0.0000000000
128659  24.470  -46.473  41.223 0.0000000000
61415  32.728  -18.185  28.702 0.0000000000
61414  33.405  -17.645  28.415 0.0000000000
62291  33.228  -17.178  27.513 0.0000000000
62300  33.196  -17.043  26.542 0.0000000000
62310  32.593  -17.600  25.961 0.0000000000
39395  9.765  -43.471  42.051 0.0000000000
34243  4.479  -48.855  44.402 0.0000000000
33165  4.178  -49.444  45.859 0.0000000000
33155  3.617  -49.788  46.394 0.0000000000
33156  2.830  -49.931  46.072 0.0000000000
37281  1.686  -45.732  43.476 0.0000000000
36270  2.034  -46.059  42.754 0.0000000000
35278  0.857  -47.006  43.060 0.0000000000
34260  -0.557  -48.298  43.383 0.0000000000
118683  -0.612  -49.793  43.293 0.0000000000
32170  0.294  -50.410  44.201 0.0000000000
31185  -0.575  -50.618  43.739 0.0000000000
31153  -4.025  -51.083  45.133 0.0000000000
134472  -4.010  -50.943  45.840 0.0000000000
30125  -4.769  -52.511  46.762 0.0000000000
29095  -7.118  -53.168  49.251 0.0000000000
38377  19.973  -44.839  38.665 0.0000000000
37320  19.463  -45.780  40.311 0.0000000000
134099  19.607  -46.126  41.050 0.0000000000
37300  19.061  -45.870  41.136 0.0000000000
43257  16.651  -39.353  37.968 0.0000000000
112477  16.940  -40.390  37.793 0.0000000000
41395  16.317  -41.030  38.063 0.0000000000
40386  15.142  -42.714  42.173 0.0000000000
40402  15.528  -42.932  41.541 0.0000000000
39393  15.552  -43.236  42.293 0.0000000000
58700  34.844  -21.653  25.865 0.0000000000
128111  22.516  -29.644  33.678 0.0000000000
52178  22.412  -29.563  32.876 0.0000000000
52190  22.535  -29.592  31.915 0.0000000000
51329  22.170  -30.442  32.192 0.0000000000
50422  22.503  -31.292  31.461 0.0000000000
45961  20.765  -36.247  36.247 0.0000000000
123313  20.484  -35.645  36.307 0.0000000000
45973  21.149  -36.151  35.754 0.0000000000
46823  21.509  -35.820  35.158 0.0000000000
46840  21.859  -35.526  34.364 0.0000000000
47618  25.577  -34.614  35.357 0.0000000000
119779  25.172  -34.327  34.464 0.0000000000
49432  24.538  -33.122  32.013 0.0000000000
48503  25.167  -33.398  32.831 0.0000000000
129521  26.004  -32.969  32.778 0.0000000000
49429  27.270  -32.395  32.486 0.0000000000
49413  27.623  -32.800  33.188 0.0000000000
129015  26.778  -44.734  41.159 0.0000000000
38335  27.311  -44.305  41.401 0.0000000000
39408  27.775  -43.723  41.763 0.0000000000
64880  46.306  -14.081  20.131 0.0000000000
64027  46.379  -15.618  20.081 0.0000000000
64014  42.751  -15.979  22.743 0.0000000000
129328  42.950  -15.337  22.946 0.0000000000
63153  43.330  -16.505  22.362 0.0000000000
62335  43.930  -17.067  21.920 0.0000000000
61479  45.835  -18.624  20.797 0.0000000000
61485  46.460  -18.188  20.463 0.0000000000
43240  9.990  -38.900  39.139 0.0000000000
132742  9.478  -39.400  39.488 0.0000000000
44138  9.638  -38.898  39.881 0.0000000000
45027  11.937  -37.470  40.186 0.0000000000
134196  11.228  -37.595  39.929 0.0000000000
58730  39.658  -22.241  24.185 0.0000000000
58751  38.955  -21.963  23.971 0.0000000000
44133  22.376  -39.568  40.022 0.0000000000
113869  24.793  -40.518  38.272 0.0000000000
42280  26.794  -40.250  38.905 0.0000000000
63992  36.499  -15.333  26.360 0.0000000000
63996  37.110  -15.270  25.783 0.0000000000
63129  36.261  -16.069  25.176 0.0000000000
63127  37.839  -15.501  25.057 0.0000000000
63135  38.342  -16.192  24.425 0.0000000000
62327  38.405  -17.629  23.720 0.0000000000
61432  31.422  -18.475  27.557 0.0000000000
60491  30.910  -19.084  27.182 0.0000000000
60492  30.466  -19.760  27.153 0.0000000000
58673  29.958  -20.939  26.828 0.0000000000
58702  30.048  -21.640  26.428 0.0000000000
57051  29.833  -23.420  26.264 0.0000000000
54577  25.972  -26.110  28.153 0.0000000000
115304  26.381  -25.614  27.845 0.0000000000
53043  27.358  -28.578  27.744 0.0000000000
53055  28.048  -28.083  27.347 0.0000000000
53041  29.213  -28.945  27.999 0.0000000000
52232  30.222  -30.020  29.752 0.0000000000
51380  30.213  -30.352  30.388 0.0000000000
51381  29.530  -30.358  30.151 0.0000000000
117568  30.200  -30.649  31.001 0.0000000000
36278  22.211  -46.768  42.009 0.0000000000
36277  23.090  -46.863  42.058 0.0000000000
35285  22.437  -46.984  42.746 0.0000000000
38362  8.126  -44.873  40.675 0.0000000000
37302  8.420  -45.314  41.280 0.0000000000
36267  7.893  -46.403  42.561 0.0000000000
36268  7.549  -46.798  43.338 0.0000000000
34242  5.248  -48.568  44.780 0.0000000000
34255  4.982  -48.341  43.883 0.0000000000
121474  3.675  -49.054  44.031 0.0000000000
33193  2.843  -49.240  43.656 0.0000000000
35244  -0.349  -47.532  45.062 0.0000000000
34230  -0.873  -48.091  45.370 0.0000000000
33186  -2.021  -49.216  44.014 0.0000000000
33199  -2.508  -50.010  43.780 0.0000000000
33146  -2.307  -49.589  47.031 0.0000000000
32137  -3.416  -50.353  47.443 0.0000000000
128238  21.097  -43.009  40.705 0.0000000000
39463  20.897  -42.947  38.685 0.0000000000
38396  18.880  -44.102  38.316 0.0000000000
41377  14.782  -41.056  39.349 0.0000000000
41357  14.513  -41.232  40.329 0.0000000000
41346  13.623  -41.063  41.654 0.0000000000
41330  14.192  -41.665  42.044 0.0000000000
57046  34.535  -23.666  26.642 0.0000000000
57036  35.385  -23.823  26.971 0.0000000000
50375  21.718  -31.178  34.405 0.0000000000
49414  21.507  -32.297  33.569 0.0000000000
46805  24.004  -36.227  36.805 0.0000000000
46813  24.502  -35.551  36.482 0.0000000000
47610  25.050  -35.071  35.946 0.0000000000
47617  26.472  -34.467  35.546 0.0000000000
61476  43.172  -18.857  22.008 0.0000000000
28181  -6.828  -55.065  47.178 0.0000000000
57014  29.001  -22.779  29.848 0.0000000000
56150  27.444  -23.818  29.424 0.0000000000
56151  26.917  -24.308  29.520 0.0000000000
56152  26.436  -24.755  29.160 0.0000000000
55363  25.955  -25.494  28.709 0.0000000000
54578  25.497  -26.393  28.636 0.0000000000
53799  25.020  -27.315  28.803 0.0000000000
53029  24.957  -28.552  28.696 0.0000000000
130442  25.187  -29.466  28.796 0.0000000000
51385  25.018  -30.097  29.166 0.0000000000
40404  10.400  -42.489  40.798 0.0000000000
39442  9.327  -43.856  40.278 0.0000000000
43241  9.172  -40.103  39.379 0.0000000000
42274  7.863  -41.117  40.099 0.0000000000
40443  8.650  -42.780  39.502 0.0000000000
39443  8.694  -43.961  40.023 0.0000000000
38343  6.621  -44.658  40.947 0.0000000000
38344  5.275  -44.430  41.529 0.0000000000
42282  18.456  -40.419  39.562 0.0000000000
124587  17.556  -39.322  39.586 0.0000000000
43238  17.389  -39.088  38.812 0.0000000000
43258  15.665  -39.251  37.746 0.0000000000
42305  15.108  -39.856  38.011 0.0000000000
45037  14.231  -37.155  38.951 0.0000000000
45038  13.316  -37.305  38.870 0.0000000000
44151  14.390  -38.229  37.682 0.0000000000
43259  14.772  -39.060  37.624 0.0000000000
120570  13.611  -40.449  38.990 0.0000000000
127541  12.625  -40.697  40.529 0.0000000000
47586  20.627  -34.170  38.867 0.0000000000
47578  20.439  -34.884  39.025 0.0000000000
121924  20.300  -36.242  37.788 0.0000000000
45935  20.746  -37.237  38.786 0.0000000000
45063  20.570  -36.851  37.521 0.0000000000
45952  20.814  -36.834  36.841 0.0000000000
44148  22.410  -38.908  38.205 0.0000000000
120650  22.938  -38.382  37.674 0.0000000000
45060  22.820  -37.634  37.425 0.0000000000
45950  23.267  -36.799  37.098 0.0000000000
45949  24.088  -36.511  37.427 0.0000000000
121075  25.418  -36.182  38.925 0.0000000000
64852  42.405  -14.166  23.968 0.0000000000
63147  39.596  -16.724  23.742 0.0000000000
62325  40.192  -17.385  23.441 0.0000000000
62338  41.563  -17.885  22.848 0.0000000000
61477  42.277  -18.631  22.510 0.0000000000
59603  34.361  -19.666  24.087 0.0000000000
59588  33.842  -20.407  24.627 0.0000000000
59604  32.962  -20.017  24.694 0.0000000000
57817  34.111  -22.213  26.073 0.0000000000
126243  31.270  -19.779  25.811 0.0000000000
57847  31.476  -21.986  25.731 0.0000000000
57846  32.452  -21.879  25.636 0.0000000000
55381  34.413  -25.229  26.791 0.0000000000
57791  28.511  -21.975  28.207 0.0000000000
57025  27.932  -22.814  28.382 0.0000000000
122758  28.434  -22.626  27.514 0.0000000000
118662  29.203  -23.780  26.466 0.0000000000
56181  29.876  -24.352  26.262 0.0000000000
128288  27.305  -25.270  27.070 0.0000000000
55388  27.812  -25.344  26.707 0.0000000000
54601  28.344  -26.788  26.663 0.0000000000
113786  28.895  -26.193  26.482 0.0000000000
55387  28.728  -25.374  26.459 0.0000000000
117176  29.577  -25.084  26.322 0.0000000000
134112  30.104  -24.943  26.256 0.0000000000
55384  31.197  -25.615  26.448 0.0000000000
54597  32.487  -26.491  26.783 0.0000000000
54589  31.983  -27.164  26.998 0.0000000000
54588  32.783  -27.155  27.190 0.0000000000
128531  24.584  -43.680  39.071 0.0000000000
38372  25.254  -44.253  39.435 0.0000000000
37315  25.726  -45.529  40.694 0.0000000000
37314  26.328  -44.876  40.748 0.0000000000
63131  34.670  -16.376  25.783 0.0000000000
62299  33.915  -16.657  26.165 0.0000000000
62319  34.557  -17.545  24.631 0.0000000000
116372  34.638  -18.196  24.157 0.0000000000
40390  9.817  -42.972  43.044 0.0000000000
38327  8.789  -45.419  42.053 0.0000000000
39399  4.356  -43.544  42.243 0.0000000000
114242  2.868  -48.250  42.535 0.0000000000
34258  2.429  -48.908  42.848 0.0000000000
33194  1.977  -49.392  43.348 0.0000000000
33168  1.781  -49.884  44.928 0.0000000000
32157  1.239  -50.266  45.497 0.0000000000
32158  0.507  -50.581  45.145 0.0000000000
32146  0.737  -50.713  46.019 0.0000000000
30137  -1.003  -52.153  45.877 0.0000000000
28202  -2.979  -54.213  45.956 0.0000000000
32171  -2.770  -50.773  43.767 0.0000000000
31167  -2.903  -51.699  43.897 0.0000000000
30154  -3.175  -52.629  44.337 0.0000000000
31169  -4.154  -51.761  44.726 0.0000000000
30155  -3.700  -52.103  44.346 0.0000000000
29167  -3.388  -53.261  44.688 0.0000000000
29156  -3.181  -53.766  45.225 0.0000000000
130115  -4.473  -54.636  45.874 0.0000000000
121240  -5.131  -54.792  46.073 0.0000000000
28195  -5.573  -54.617  46.305 0.0000000000
30104  -5.218  -53.181  48.312 0.0000000000
28169  -7.500  -54.365  47.776 0.0000000000
37331  24.239  -45.171  39.375 0.0000000000
37317  23.654  -46.116  39.938 0.0000000000
37335  20.672  -45.188  38.826 0.0000000000
121248  21.633  -46.372  40.496 0.0000000000
36279  21.383  -46.697  42.005 0.0000000000
41392  18.375  -41.448  38.145 0.0000000000
113033  17.747  -41.826  37.926 0.0000000000
130355  17.811  -43.242  38.318 0.0000000000
133428  17.452  -43.763  38.737 0.0000000000
38380  17.544  -44.269  39.163 0.0000000000
40417  16.023  -42.913  40.009 0.0000000000
39438  17.061  -44.215  40.158 0.0000000000
114368  36.099  -21.524  24.923 0.0000000000
58717  36.240  -21.337  25.882 0.0000000000
57035  35.913  -23.002  27.200 0.0000000000
53004  23.616  -27.763  31.944 0.0000000000
52221  23.562  -29.035  30.395 0.0000000000
51386  24.192  -30.020  29.499 0.0000000000
48443  20.584  -34.006  38.007 0.0000000000
48456  20.508  -34.010  37.047 0.0000000000
118161  20.796  -33.298  35.802 0.0000000000
47611  20.453  -35.072  35.846 0.0000000000
115459  21.872  -33.083  32.684 0.0000000000
46839  22.855  -35.515  34.506 0.0000000000
47638  22.399  -35.147  33.786 0.0000000000
47636  24.225  -34.710  34.324 0.0000000000
47637  23.370  -35.020  34.060 0.0000000000
47656  22.211  -34.571  33.285 0.0000000000
48505  22.003  -33.923  32.867 0.0000000000
49434  22.412  -32.875  32.001 0.0000000000
131559  22.991  -32.691  31.515 0.0000000000
49449  23.131  -32.082  31.159 0.0000000000
50420  24.163  -32.126  30.859 0.0000000000
50436  24.480  -31.514  30.279 0.0000000000
50435  25.599  -31.394  30.249 0.0000000000
50434  26.615  -31.281  30.397 0.0000000000
50433  27.441  -31.249  30.613 0.0000000000
50416  28.120  -31.521  31.664 0.0000000000
50403  27.843  -32.012  32.115 0.0000000000
51328  28.958  -31.259  31.979 0.0000000000
39457  26.142  -43.134  39.151 0.0000000000
40434  26.335  -42.428  38.940 0.0000000000
40413  26.817  -42.773  39.601 0.0000000000
40433  26.903  -42.185  39.390 0.0000000000
41369  27.236  -41.723  39.581 0.0000000000
42279  27.243  -40.938  39.425 0.0000000000
43235  27.298  -39.937  39.695 0.0000000000
40382  27.966  -42.302  41.586 0.0000000000
41341  27.911  -41.757  41.079 0.0000000000
42267  27.692  -40.513  40.362 0.0000000000
44120  27.484  -38.640  40.986 0.0000000000
64867  43.555  -14.813  22.902 0.0000000000
64866  44.382  -14.477  22.529 0.0000000000
64873  44.949  -14.863  21.789 0.0000000000
61475  43.747  -18.065  21.811 0.0000000000
63160  44.711  -16.711  21.619 0.0000000000
64019  45.410  -15.541  21.183 0.0000000000
64018  45.848  -15.343  20.642 0.0000000000
63166  46.993  -16.294  19.576 0.0000000000
37299  25.966  -45.882  41.428 0.0000000000
44136  15.745  -37.522  39.105 0.0000000000
44152  13.499  -38.164  37.799 0.0000000000
56170  27.964  -24.146  27.050 0.0000000000
57823  28.959  -22.639  26.896 0.0000000000
64848  38.735  -14.634  25.835 0.0000000000
128467  20.304  -35.456  36.938 0.0000000000
131783  21.940  -30.791  32.697 0.0000000000
133168  39.158  -22.215  24.433 0.0000000000
