#!ascii label  , from subject sub-v1s12x0050120_ses-1 vox2ras=TkReg
493
72019  -25.017  -11.255  -27.146 0.0000000000
68851  -20.631  -14.596  -25.977 0.0000000000
67142  -29.555  -16.693  -25.502 0.0000000000
117982  -25.271  -20.409  -25.926 0.0000000000
80633  -24.779  0.575  -27.221 0.0000000000
78202  -27.880  -2.673  -25.452 0.0000000000
74984  -22.006  -6.419  -28.132 0.0000000000
61380  -23.311  -23.007  -24.243 0.0000000000
66317  -22.145  -16.864  -26.660 0.0000000000
65450  -20.912  -18.616  -26.392 0.0000000000
113576  -26.994  -1.083  -26.669 0.0000000000
78236  -23.977  -2.599  -28.369 0.0000000000
112910  -21.715  -10.400  -27.310 0.0000000000
128630  -20.363  -8.209  -27.091 0.0000000000
73515  -23.843  -9.051  -27.952 0.0000000000
74952  -26.416  -7.169  -26.126 0.0000000000
72760  -27.776  -9.264  -25.402 0.0000000000
71283  -30.352  -11.907  -24.944 0.0000000000
71279  -19.831  -11.882  -25.838 0.0000000000
70514  -23.750  -12.574  -27.562 0.0000000000
69679  -26.840  -13.566  -26.610 0.0000000000
68037  -25.112  -14.658  -26.909 0.0000000000
65457  -27.434  -18.441  -26.272 0.0000000000
62994  -29.253  -21.770  -25.343 0.0000000000
120313  -20.564  -4.250  -27.131 0.0000000000
76568  -25.368  -4.388  -27.984 0.0000000000
76527  -29.980  -5.161  -24.365 0.0000000000
63784  -19.998  -20.500  -25.492 0.0000000000
62220  -24.736  -22.047  -25.305 0.0000000000
123098  -19.675  -17.137  -25.049 0.0000000000
66293  -19.464  -17.687  -24.569 0.0000000000
79081  -22.550  -1.303  -27.618 0.0000000000
118257  -20.996  -1.853  -27.138 0.0000000000
72017  -23.400  -10.596  -27.742 0.0000000000
72778  -22.328  -9.646  -27.770 0.0000000000
124898  -24.101  -9.968  -27.679 0.0000000000
73498  -25.934  -9.075  -26.593 0.0000000000
72008  -26.398  -10.580  -26.421 0.0000000000
71995  -28.882  -10.864  -24.767 0.0000000000
71280  -27.587  -11.559  -25.938 0.0000000000
70483  -19.517  -12.961  -25.392 0.0000000000
116986  -20.738  -12.031  -26.387 0.0000000000
69676  -21.848  -13.679  -26.762 0.0000000000
69699  -24.489  -13.606  -27.301 0.0000000000
118476  -23.378  -14.969  -26.959 0.0000000000
65454  -23.455  -18.479  -26.644 0.0000000000
66319  -24.140  -17.575  -26.564 0.0000000000
109380  -26.324  -19.543  -26.328 0.0000000000
63801  -27.878  -20.100  -26.514 0.0000000000
63007  -27.354  -20.881  -26.348 0.0000000000
81339  -22.608  1.422  -26.370 0.0000000000
81333  -23.287  2.057  -25.914 0.0000000000
81342  -25.245  1.391  -27.020 0.0000000000
82001  -26.434  2.597  -29.347 0.0000000000
80650  -27.823  0.896  -27.239 0.0000000000
113111  -27.084  -1.893  -26.673 0.0000000000
74227  -20.923  -7.108  -27.743 0.0000000000
74964  -19.832  -6.453  -26.899 0.0000000000
76566  -21.427  -5.172  -27.812 0.0000000000
118391  -22.721  -4.458  -28.380 0.0000000000
75760  -23.543  -5.435  -28.590 0.0000000000
74189  -29.074  -7.624  -24.343 0.0000000000
74954  -27.916  -6.073  -24.700 0.0000000000
74938  -30.956  -6.286  -24.690 0.0000000000
68028  -28.015  -15.172  -26.052 0.0000000000
118089  -29.440  -14.040  -25.450 0.0000000000
62201  -21.373  -22.119  -24.391 0.0000000000
62975  -21.196  -21.733  -25.590 0.0000000000
63004  -21.154  -21.121  -26.531 0.0000000000
116929  -24.382  -22.571  -24.812 0.0000000000
68012  -20.096  -15.426  -25.549 0.0000000000
68024  -22.235  -15.897  -26.683 0.0000000000
113592  -20.879  -16.488  -26.099 0.0000000000
66333  -21.856  -17.909  -26.743 0.0000000000
64564  -22.545  -19.542  -26.874 0.0000000000
80645  -23.479  -0.072  -27.265 0.0000000000
79884  -26.072  -0.615  -27.334 0.0000000000
79881  -23.939  -0.742  -27.658 0.0000000000
79084  -25.573  -1.976  -27.959 0.0000000000
112026  -26.302  -2.756  -27.946 0.0000000000
72004  -19.392  -10.257  -25.869 0.0000000000
72769  -20.506  -8.932  -26.987 0.0000000000
72784  -21.904  -8.620  -27.959 0.0000000000
74236  -22.429  -7.547  -28.284 0.0000000000
74239  -24.419  -6.782  -28.351 0.0000000000
74218  -25.163  -7.773  -27.436 0.0000000000
120162  -27.026  -8.235  -25.749 0.0000000000
73473  -29.626  -8.301  -24.331 0.0000000000
72745  -30.204  -9.579  -24.432 0.0000000000
59694  -25.497  -25.119  -23.207 0.0000000000
60555  -25.853  -24.422  -23.666 0.0000000000
71291  -20.492  -11.244  -26.413 0.0000000000
71300  -22.381  -11.329  -27.392 0.0000000000
71303  -24.531  -11.998  -27.399 0.0000000000
70502  -26.010  -12.311  -26.790 0.0000000000
69701  -25.481  -13.353  -26.991 0.0000000000
68854  -25.843  -13.923  -26.892 0.0000000000
67156  -26.913  -15.931  -26.363 0.0000000000
67166  -23.918  -15.885  -26.719 0.0000000000
67154  -25.981  -16.363  -26.544 0.0000000000
66323  -28.102  -17.386  -25.889 0.0000000000
64570  -29.412  -19.752  -26.528 0.0000000000
63010  -30.621  -21.188  -25.812 0.0000000000
80622  -28.750  0.193  -25.694 0.0000000000
77421  -21.739  -3.716  -27.853 0.0000000000
111686  -23.900  -3.408  -28.540 0.0000000000
77409  -26.570  -3.755  -27.127 0.0000000000
75739  -25.790  -5.952  -27.251 0.0000000000
76543  -27.051  -4.675  -25.866 0.0000000000
76525  -28.524  -4.219  -24.790 0.0000000000
70504  -28.288  -12.938  -25.818 0.0000000000
69660  -30.972  -13.303  -25.279 0.0000000000
65433  -19.239  -18.051  -24.137 0.0000000000
65440  -20.393  -18.850  -25.698 0.0000000000
63797  -22.275  -20.086  -26.735 0.0000000000
63789  -24.513  -20.710  -25.698 0.0000000000
61370  -26.188  -23.681  -24.076 0.0000000000
62204  -26.118  -22.442  -25.030 0.0000000000
62222  -26.878  -21.943  -25.456 0.0000000000
115412  -20.132  -1.717  -26.528 0.0000000000
71310  -24.437  -11.309  -27.432 0.0000000000
72027  -23.840  -10.394  -27.690 0.0000000000
72018  -24.396  -10.550  -27.481 0.0000000000
72007  -24.911  -10.333  -27.215 0.0000000000
123854  -25.500  -10.764  -26.886 0.0000000000
71993  -27.391  -10.760  -25.914 0.0000000000
71294  -26.661  -11.518  -26.396 0.0000000000
68842  -19.895  -14.558  -25.490 0.0000000000
69658  -19.268  -13.952  -25.161 0.0000000000
69659  -20.176  -13.779  -25.741 0.0000000000
69675  -21.017  -13.688  -26.286 0.0000000000
68853  -22.270  -14.438  -26.834 0.0000000000
68852  -21.456  -14.545  -26.472 0.0000000000
113472  -24.721  -19.502  -26.146 0.0000000000
108527  -24.406  -18.628  -26.397 0.0000000000
126577  -25.635  -19.778  -26.188 0.0000000000
63800  -26.954  -20.210  -26.415 0.0000000000
114542  -26.178  -20.342  -26.239 0.0000000000
81341  -24.455  1.229  -26.588 0.0000000000
80647  -25.494  0.837  -27.548 0.0000000000
81351  -26.118  1.352  -28.050 0.0000000000
80649  -27.150  0.839  -27.777 0.0000000000
78201  -27.194  -2.608  -26.080 0.0000000000
114178  -28.355  -2.113  -25.279 0.0000000000
78192  -28.712  -2.704  -24.964 0.0000000000
74235  -21.730  -7.153  -28.085 0.0000000000
74226  -20.200  -7.080  -27.253 0.0000000000
74976  -21.292  -6.473  -27.855 0.0000000000
75748  -20.948  -5.778  -27.599 0.0000000000
75749  -21.675  -5.837  -27.948 0.0000000000
76578  -22.017  -5.306  -28.071 0.0000000000
75758  -22.305  -5.774  -28.240 0.0000000000
74190  -30.016  -7.561  -24.355 0.0000000000
74936  -29.508  -6.817  -24.342 0.0000000000
67141  -28.622  -16.089  -25.655 0.0000000000
68013  -28.872  -15.260  -25.617 0.0000000000
107871  -29.576  -15.789  -25.419 0.0000000000
61379  -22.854  -23.165  -23.947 0.0000000000
62202  -22.576  -22.556  -24.463 0.0000000000
62974  -20.570  -21.658  -25.268 0.0000000000
62976  -21.992  -21.782  -24.896 0.0000000000
62977  -22.862  -21.871  -24.985 0.0000000000
62203  -23.511  -22.545  -24.680 0.0000000000
68011  -19.125  -15.911  -25.046 0.0000000000
123435  -20.538  -15.978  -25.826 0.0000000000
108981  -20.062  -16.430  -25.434 0.0000000000
66302  -20.155  -17.696  -25.286 0.0000000000
111767  -20.602  -17.343  -25.866 0.0000000000
66316  -21.232  -18.117  -26.544 0.0000000000
123196  -21.807  -18.540  -26.790 0.0000000000
65451  -21.486  -18.842  -26.719 0.0000000000
80644  -22.485  0.126  -27.153 0.0000000000
79880  -23.014  -0.642  -27.507 0.0000000000
78224  -23.117  -2.189  -28.027 0.0000000000
79095  -23.985  -1.908  -28.134 0.0000000000
79096  -24.797  -2.133  -28.093 0.0000000000
78225  -25.589  -2.609  -28.147 0.0000000000
72005  -20.210  -10.406  -26.406 0.0000000000
72015  -20.776  -9.847  -26.887 0.0000000000
72785  -22.889  -9.156  -28.014 0.0000000000
73513  -22.603  -8.316  -28.180 0.0000000000
73512  -21.958  -7.870  -28.133 0.0000000000
119387  -23.028  -7.981  -28.285 0.0000000000
109934  -24.207  -7.775  -28.140 0.0000000000
125564  -24.093  -8.588  -27.997 0.0000000000
72759  -27.176  -9.226  -25.800 0.0000000000
73486  -26.758  -8.807  -26.018 0.0000000000
73487  -27.414  -8.666  -25.557 0.0000000000
73472  -28.763  -8.439  -24.496 0.0000000000
72744  -29.346  -9.152  -24.373 0.0000000000
128123  -30.116  -8.833  -24.384 0.0000000000
128907  -29.542  -9.735  -24.404 0.0000000000
71282  -29.334  -11.745  -24.977 0.0000000000
71268  -29.928  -11.120  -24.573 0.0000000000
114251  -31.230  -12.286  -25.291 0.0000000000
59686  -24.602  -25.087  -22.849 0.0000000000
58863  -26.007  -25.834  -22.819 0.0000000000
117535  -19.084  -11.060  -25.387 0.0000000000
70512  -22.145  -12.120  -27.077 0.0000000000
70513  -22.969  -12.166  -27.459 0.0000000000
113191  -23.661  -11.774  -27.656 0.0000000000
70515  -24.594  -12.517  -27.387 0.0000000000
109455  -24.298  -12.920  -27.483 0.0000000000
68872  -24.300  -14.309  -27.139 0.0000000000
68874  -25.380  -13.927  -26.964 0.0000000000
68038  -25.724  -14.545  -26.841 0.0000000000
112625  -26.176  -14.524  -26.781 0.0000000000
68026  -26.233  -15.364  -26.670 0.0000000000
114215  -21.617  -16.222  -26.509 0.0000000000
68034  -22.826  -15.918  -26.695 0.0000000000
67165  -23.197  -16.421  -26.623 0.0000000000
65456  -26.327  -18.442  -26.292 0.0000000000
66320  -25.135  -16.923  -26.559 0.0000000000
66321  -26.645  -17.438  -26.261 0.0000000000
66322  -27.418  -17.451  -26.118 0.0000000000
124105  -28.043  -18.087  -26.059 0.0000000000
65459  -29.198  -19.090  -26.385 0.0000000000
65458  -28.360  -18.810  -26.327 0.0000000000
123913  -28.846  -21.153  -25.925 0.0000000000
120803  -28.968  -20.658  -26.252 0.0000000000
63009  -29.666  -20.987  -25.906 0.0000000000
62996  -31.280  -21.865  -25.785 0.0000000000
79885  -26.719  -0.506  -26.977 0.0000000000
79872  -27.465  -0.426  -26.495 0.0000000000
119716  -19.680  -8.518  -26.453 0.0000000000
77407  -19.398  -3.856  -26.257 0.0000000000
77408  -20.071  -3.549  -26.661 0.0000000000
77420  -20.892  -3.583  -27.343 0.0000000000
76581  -23.939  -4.600  -28.630 0.0000000000
77433  -23.225  -3.961  -28.517 0.0000000000
77436  -25.210  -3.700  -28.175 0.0000000000
77423  -25.749  -3.703  -27.886 0.0000000000
76569  -26.026  -4.265  -27.460 0.0000000000
74965  -25.451  -6.909  -27.352 0.0000000000
74977  -25.150  -6.215  -28.007 0.0000000000
74966  -26.033  -6.584  -26.653 0.0000000000
114354  -29.007  -5.875  -24.351 0.0000000000
75728  -27.472  -5.337  -25.287 0.0000000000
75729  -28.231  -5.150  -24.687 0.0000000000
76544  -27.725  -4.531  -25.291 0.0000000000
75711  -29.036  -4.932  -24.418 0.0000000000
76528  -30.971  -4.993  -24.555 0.0000000000
110014  -26.353  -12.936  -26.782 0.0000000000
70503  -27.348  -12.934  -26.339 0.0000000000
69680  -27.874  -13.618  -26.140 0.0000000000
120359  -30.314  -14.088  -25.347 0.0000000000
110634  -19.612  -19.942  -24.776 0.0000000000
64555  -19.870  -19.469  -25.164 0.0000000000
65439  -19.767  -18.538  -24.773 0.0000000000
64556  -20.376  -19.933  -26.035 0.0000000000
62988  -23.151  -21.118  -25.317 0.0000000000
63786  -21.681  -20.819  -26.458 0.0000000000
63787  -22.573  -20.531  -26.048 0.0000000000
63788  -23.581  -20.511  -25.757 0.0000000000
62989  -24.216  -21.324  -25.438 0.0000000000
62205  -27.092  -22.651  -24.761 0.0000000000
125187  -19.105  -16.572  -24.841 0.0000000000
67131  -18.516  -17.040  -24.478 0.0000000000
124070  -20.154  -18.168  -25.187 0.0000000000
79080  -21.516  -1.111  -27.262 0.0000000000
114249  -21.983  -2.026  -27.665 0.0000000000
72016  -22.740  -10.520  -27.685 0.0000000000
72025  -23.192  -9.962  -27.803 0.0000000000
72786  -23.616  -9.621  -27.838 0.0000000000
73516  -24.181  -9.255  -27.799 0.0000000000
122949  -24.663  -9.103  -27.577 0.0000000000
72770  -25.099  -9.463  -27.154 0.0000000000
72758  -26.552  -9.579  -26.225 0.0000000000
118512  -27.264  -9.903  -25.840 0.0000000000
71994  -28.151  -10.117  -25.260 0.0000000000
109593  -28.110  -10.974  -25.455 0.0000000000
71281  -28.425  -11.631  -25.368 0.0000000000
70484  -20.458  -12.845  -26.087 0.0000000000
70500  -21.443  -12.683  -26.634 0.0000000000
70501  -22.359  -12.929  -27.068 0.0000000000
69698  -23.863  -13.455  -27.409 0.0000000000
69677  -22.567  -13.695  -27.021 0.0000000000
68870  -23.167  -14.178  -27.102 0.0000000000
116208  -23.899  -14.781  -27.038 0.0000000000
66318  -23.066  -17.969  -26.730 0.0000000000
66335  -22.776  -17.396  -26.655 0.0000000000
65455  -25.233  -17.969  -26.349 0.0000000000
64568  -27.923  -19.299  -26.441 0.0000000000
63008  -28.232  -20.911  -26.289 0.0000000000
62993  -28.312  -21.593  -25.674 0.0000000000
119682  -24.170  1.848  -26.014 0.0000000000
81350  -25.826  1.718  -27.865 0.0000000000
81343  -28.453  1.071  -26.666 0.0000000000
79086  -26.471  -1.444  -27.299 0.0000000000
79071  -27.583  -1.165  -26.119 0.0000000000
79062  -28.540  -1.313  -25.470 0.0000000000
74963  -19.361  -6.577  -26.213 0.0000000000
75738  -19.496  -5.863  -26.384 0.0000000000
119922  -20.121  -5.625  -27.007 0.0000000000
76565  -20.692  -4.991  -27.341 0.0000000000
119282  -21.220  -4.407  -27.629 0.0000000000
76579  -22.546  -5.093  -28.306 0.0000000000
75761  -24.219  -5.281  -28.552 0.0000000000
74207  -27.551  -7.051  -24.984 0.0000000000
115432  -26.597  -6.321  -26.008 0.0000000000
74935  -28.494  -6.870  -24.442 0.0000000000
74937  -30.104  -6.116  -24.413 0.0000000000
68856  -27.415  -14.316  -26.363 0.0000000000
68857  -28.565  -14.406  -25.784 0.0000000000
68843  -29.686  -14.853  -25.385 0.0000000000
62973  -20.106  -21.571  -24.879 0.0000000000
63778  -20.231  -21.355  -25.587 0.0000000000
62985  -20.736  -21.552  -26.118 0.0000000000
63785  -20.497  -21.003  -26.232 0.0000000000
62986  -21.217  -21.411  -26.290 0.0000000000
62987  -22.028  -21.292  -25.651 0.0000000000
62219  -23.838  -21.991  -25.141 0.0000000000
118483  -21.883  -15.306  -26.636 0.0000000000
68023  -21.033  -15.513  -26.181 0.0000000000
67152  -21.392  -17.198  -26.476 0.0000000000
66334  -22.313  -17.718  -26.723 0.0000000000
65472  -22.471  -18.371  -26.826 0.0000000000
65453  -22.737  -18.888  -26.869 0.0000000000
64565  -23.465  -19.315  -26.561 0.0000000000
81338  -21.707  1.373  -26.247 0.0000000000
80630  -22.036  0.853  -26.768 0.0000000000
80631  -23.031  0.661  -26.800 0.0000000000
115938  -25.099  -0.026  -27.332 0.0000000000
80648  -25.840  0.313  -27.410 0.0000000000
80646  -24.355  -0.139  -27.362 0.0000000000
79883  -25.426  -0.718  -27.459 0.0000000000
79085  -25.823  -1.418  -27.674 0.0000000000
79082  -23.537  -1.365  -27.845 0.0000000000
79083  -24.372  -1.394  -27.882 0.0000000000
78226  -26.168  -2.122  -27.911 0.0000000000
78227  -26.680  -2.364  -27.543 0.0000000000
78212  -26.987  -2.653  -27.043 0.0000000000
72777  -21.370  -9.291  -27.457 0.0000000000
122489  -21.012  -8.383  -27.540 0.0000000000
120213  -21.330  -7.784  -27.894 0.0000000000
119425  -22.337  -6.904  -28.334 0.0000000000
74985  -22.622  -6.345  -28.438 0.0000000000
74238  -23.734  -7.067  -28.474 0.0000000000
74228  -24.855  -7.361  -27.957 0.0000000000
74219  -25.756  -7.520  -26.809 0.0000000000
73497  -25.333  -8.514  -27.133 0.0000000000
74205  -26.353  -8.130  -26.324 0.0000000000
74206  -26.976  -7.579  -25.650 0.0000000000
74188  -28.216  -7.754  -24.690 0.0000000000
73474  -30.486  -8.231  -24.463 0.0000000000
112765  -30.837  -8.924  -24.615 0.0000000000
119529  -31.561  -8.969  -25.122 0.0000000000
71981  -29.672  -10.292  -24.439 0.0000000000
66305  -29.660  -17.604  -25.760 0.0000000000
60554  -24.162  -24.264  -23.300 0.0000000000
61368  -24.522  -23.644  -23.811 0.0000000000
72006  -20.948  -10.669  -26.770 0.0000000000
71292  -21.444  -11.489  -26.831 0.0000000000
71301  -23.180  -11.245  -27.685 0.0000000000
71302  -23.789  -11.045  -27.698 0.0000000000
71304  -24.942  -11.995  -27.207 0.0000000000
71305  -25.339  -12.194  -27.044 0.0000000000
128304  -25.177  -12.544  -27.110 0.0000000000
70517  -25.589  -12.850  -27.006 0.0000000000
69678  -26.015  -13.453  -26.905 0.0000000000
69700  -25.042  -13.412  -27.157 0.0000000000
68855  -26.432  -14.108  -26.755 0.0000000000
68027  -26.941  -15.032  -26.473 0.0000000000
118054  -28.109  -16.644  -25.836 0.0000000000
68035  -23.521  -15.550  -26.785 0.0000000000
67167  -24.748  -15.501  -26.821 0.0000000000
67153  -24.415  -16.410  -26.671 0.0000000000
124527  -25.170  -16.065  -26.759 0.0000000000
68025  -25.515  -15.361  -26.784 0.0000000000
129143  -26.464  -16.045  -26.497 0.0000000000
111606  -27.486  -16.661  -26.077 0.0000000000
66304  -28.799  -17.130  -25.671 0.0000000000
65441  -28.874  -18.148  -25.996 0.0000000000
108745  -29.978  -19.337  -26.446 0.0000000000
64569  -28.610  -19.593  -26.518 0.0000000000
63802  -29.568  -20.268  -26.389 0.0000000000
119152  -26.535  0.230  -27.373 0.0000000000
80635  -28.106  0.382  -26.359 0.0000000000
79873  -28.237  -0.437  -25.877 0.0000000000
78221  -20.503  -2.673  -26.954 0.0000000000
78222  -21.403  -2.803  -27.532 0.0000000000
78223  -22.348  -2.970  -27.978 0.0000000000
77422  -22.544  -3.829  -28.275 0.0000000000
78237  -24.695  -2.930  -28.381 0.0000000000
116094  -25.196  -3.177  -28.267 0.0000000000
77425  -26.745  -3.017  -27.508 0.0000000000
77410  -26.957  -3.325  -26.550 0.0000000000
74987  -23.908  -6.139  -28.583 0.0000000000
74988  -24.519  -5.935  -28.404 0.0000000000
75750  -25.570  -5.184  -27.685 0.0000000000
75740  -26.331  -5.693  -26.624 0.0000000000
75727  -26.822  -5.473  -25.938 0.0000000000
76542  -26.542  -4.717  -26.685 0.0000000000
76557  -26.818  -4.074  -26.400 0.0000000000
117397  -27.247  -3.963  -25.811 0.0000000000
77396  -28.288  -3.390  -25.176 0.0000000000
77384  -29.086  -3.440  -24.625 0.0000000000
117869  -26.948  -12.265  -26.392 0.0000000000
70485  -27.896  -12.272  -25.907 0.0000000000
70487  -29.630  -12.479  -25.174 0.0000000000
69681  -28.819  -13.546  -25.575 0.0000000000
122785  -29.809  -13.294  -25.298 0.0000000000
122094  -30.395  -12.655  -25.160 0.0000000000
63795  -21.111  -20.283  -26.479 0.0000000000
64561  -20.986  -19.328  -26.425 0.0000000000
64562  -21.710  -19.580  -26.684 0.0000000000
64563  -22.270  -19.622  -26.820 0.0000000000
63798  -23.017  -19.962  -26.575 0.0000000000
63799  -24.081  -20.001  -26.033 0.0000000000
124804  -24.882  -23.102  -24.377 0.0000000000
61382  -25.698  -23.077  -24.475 0.0000000000
123542  -25.218  -22.562  -24.919 0.0000000000
110247  -26.401  -23.058  -24.510 0.0000000000
62221  -25.479  -22.063  -25.353 0.0000000000
111984  -26.097  -21.725  -25.620 0.0000000000
63005  -26.065  -21.057  -26.020 0.0000000000
62991  -26.777  -21.373  -26.033 0.0000000000
61367  -23.584  -23.543  -23.681 0.0000000000
61369  -25.368  -23.679  -23.939 0.0000000000
61381  -24.047  -23.072  -24.269 0.0000000000
61383  -26.985  -23.504  -24.220 0.0000000000
62990  -25.219  -21.378  -25.667 0.0000000000
62992  -27.535  -21.501  -25.943 0.0000000000
62995  -30.310  -21.780  -25.428 0.0000000000
63006  -26.683  -20.825  -26.274 0.0000000000
63796  -21.835  -20.333  -26.572 0.0000000000
64566  -25.474  -18.987  -26.271 0.0000000000
64567  -27.174  -19.368  -26.425 0.0000000000
65452  -22.348  -19.095  -26.924 0.0000000000
65470  -22.041  -19.059  -26.915 0.0000000000
65471  -22.161  -18.549  -26.849 0.0000000000
66303  -20.572  -18.123  -25.921 0.0000000000
66336  -23.523  -16.907  -26.613 0.0000000000
67155  -26.811  -16.634  -26.293 0.0000000000
67157  -27.658  -15.917  -26.071 0.0000000000
67164  -22.679  -16.772  -26.613 0.0000000000
68036  -24.329  -14.923  -26.955 0.0000000000
68871  -23.897  -14.234  -27.207 0.0000000000
68873  -24.815  -14.097  -27.095 0.0000000000
69697  -23.146  -13.175  -27.295 0.0000000000
70486  -28.768  -12.342  -25.384 0.0000000000
70516  -25.021  -12.736  -27.202 0.0000000000
71290  -19.783  -10.976  -26.055 0.0000000000
71293  -25.736  -11.527  -26.821 0.0000000000
71309  -24.118  -11.211  -27.588 0.0000000000
71980  -28.950  -9.924  -24.513 0.0000000000
72026  -23.665  -10.303  -27.734 0.0000000000
72028  -24.047  -10.536  -27.635 0.0000000000
72743  -28.468  -9.241  -24.759 0.0000000000
72746  -31.136  -9.694  -24.784 0.0000000000
72771  -25.681  -9.969  -26.732 0.0000000000
72779  -24.461  -9.776  -27.538 0.0000000000
72787  -23.896  -9.790  -27.760 0.0000000000
73488  -28.033  -8.549  -25.031 0.0000000000
73506  -24.591  -8.384  -27.754 0.0000000000
73514  -23.358  -8.735  -28.098 0.0000000000
74237  -23.036  -7.157  -28.511 0.0000000000
74953  -27.202  -6.184  -25.386 0.0000000000
74975  -20.542  -6.435  -27.434 0.0000000000
74986  -23.274  -6.284  -28.588 0.0000000000
75751  -26.099  -5.154  -27.175 0.0000000000
75759  -22.909  -5.607  -28.508 0.0000000000
75762  -24.931  -5.229  -28.227 0.0000000000
76567  -22.037  -4.582  -28.083 0.0000000000
76580  -23.225  -4.750  -28.526 0.0000000000
76582  -24.671  -4.454  -28.389 0.0000000000
77385  -30.032  -3.447  -24.395 0.0000000000
77395  -27.447  -3.299  -25.650 0.0000000000
77424  -26.278  -3.366  -27.757 0.0000000000
77434  -23.738  -4.084  -28.612 0.0000000000
77435  -24.469  -3.730  -28.474 0.0000000000
77437  -25.804  -3.155  -28.108 0.0000000000
78235  -23.200  -3.158  -28.350 0.0000000000
79061  -27.617  -1.936  -25.733 0.0000000000
79864  -29.142  -0.452  -25.369 0.0000000000
79882  -24.724  -0.772  -27.606 0.0000000000
80632  -23.977  0.498  -26.888 0.0000000000
80634  -27.292  0.221  -27.053 0.0000000000
81337  -21.088  1.198  -26.102 0.0000000000
81340  -23.601  1.267  -26.410 0.0000000000
81360  -26.170  2.141  -28.763 0.0000000000
107636  -25.876  -17.406  -26.362 0.0000000000
109028  -24.111  -12.040  -27.604 0.0000000000
110713  -25.139  -1.433  -27.778 0.0000000000
115200  -23.644  -8.092  -28.175 0.0000000000
116555  -27.549  -7.978  -25.275 0.0000000000
118852  -22.647  -15.131  -26.836 0.0000000000
120246  -28.773  -20.226  -26.519 0.0000000000
124278  -27.881  -3.898  -25.379 0.0000000000
124567  -26.928  -6.866  -25.578 0.0000000000
125433  -23.053  -16.159  -26.639 0.0000000000
129011  -29.063  -12.925  -25.401 0.0000000000
129287  -24.746  -13.004  -27.324 0.0000000000
