#!ascii label  , from subject sub-v1s12x0050120_ses-1 vox2ras=TkReg
1821
6266  -30.711  -84.596  -33.813 0.1000000015
7616  -29.499  -84.192  -33.777 0.1000000015
7605  -28.503  -83.546  -32.350 0.1000000015
7628  -28.964  -83.553  -34.178 0.1000000015
8324  -28.185  -82.882  -33.557 0.1000000015
7656  -29.243  -83.222  -35.861 0.1000000015
125424  -28.051  -82.442  -34.740 0.1000000015
8365  -28.747  -82.502  -36.104 0.1000000015
9049  -28.614  -81.744  -36.570 0.1000000015
8364  -28.112  -81.746  -35.826 0.1000000015
9064  -28.319  -80.894  -36.797 0.1000000015
9726  -28.801  -80.574  -37.498 0.1000000015
9725  -27.942  -80.114  -37.014 0.1000000015
9709  -27.555  -80.442  -36.474 0.1000000015
10412  -28.336  -79.712  -37.592 0.1000000015
11142  -28.544  -77.943  -38.497 0.1000000015
9724  -26.976  -79.895  -36.671 0.1000000015
10423  -27.890  -78.945  -37.939 0.1000000015
108236  -27.430  -79.390  -37.244 0.1000000015
115951  -30.563  -82.431  -34.163 0.1000000015
6931  -30.639  -84.261  -34.469 0.1000000015
7630  -31.030  -83.592  -34.719 0.1000000015
7629  -29.740  -84.060  -34.751 0.1000000015
8353  -30.605  -82.244  -35.235 0.1000000015
7644  -30.423  -83.518  -35.729 0.1000000015
7643  -29.840  -83.769  -35.570 0.1000000015
7658  -30.539  -82.676  -36.108 0.1000000015
109030  -29.385  -82.962  -36.533 0.1000000015
8373  -29.755  -82.149  -37.075 0.1000000015
9065  -29.127  -81.516  -37.253 0.1000000015
118721  -32.343  -74.415  -37.818 0.1000000015
13571  -30.817  -74.826  -38.408 0.1000000015
13552  -30.610  -75.664  -38.133 0.1000000015
11899  -28.875  -77.190  -38.631 0.1000000015
11143  -29.198  -77.838  -38.278 0.1000000015
11130  -29.230  -78.572  -38.213 0.1000000015
10425  -29.244  -79.366  -38.082 0.1000000015
11129  -28.595  -78.766  -38.268 0.1000000015
10424  -28.646  -79.379  -38.010 0.1000000015
8983  -29.925  -81.872  -32.546 0.1000000015
9683  -29.014  -80.355  -33.483 0.2000000030
8982  -29.233  -81.195  -32.948 0.2000000030
8325  -30.555  -82.492  -33.196 0.1000000015
10385  -29.336  -79.777  -34.310 0.1000000015
127330  -29.777  -80.909  -34.834 0.1000000015
8996  -29.896  -81.793  -33.515 0.1000000015
9690  -29.857  -80.229  -35.071 0.1000000015
17102  -40.895  -71.648  -31.219 0.1000000015
17117  -39.482  -71.742  -31.902 0.1000000015
119183  -30.394  -80.248  -35.791 0.1000000015
9029  -30.397  -81.178  -35.898 0.1000000015
8368  -30.716  -81.908  -36.580 0.1000000015
119882  -38.990  -70.896  -32.195 0.1000000015
17116  -38.664  -71.574  -32.384 0.1000000015
16221  -38.235  -72.332  -32.798 0.1000000015
15324  -36.790  -73.493  -34.753 0.1000000015
122236  -36.581  -73.795  -35.249 0.1000000015
13531  -35.390  -74.704  -35.922 0.1000000015
9710  -30.582  -79.946  -36.255 0.1000000015
9068  -30.405  -80.920  -36.624 0.1000000015
9727  -29.548  -80.879  -37.854 0.1000000015
16237  -36.901  -72.963  -34.693 0.1000000015
15337  -36.483  -73.354  -35.251 0.1000000015
115256  -36.225  -73.705  -35.651 0.1000000015
112423  -34.076  -74.725  -36.378 0.1000000015
13543  -34.146  -75.571  -36.304 0.1000000015
12714  -32.897  -76.518  -36.679 0.1000000015
11888  -31.857  -77.162  -37.121 0.1000000015
9067  -30.028  -80.948  -37.663 0.1000000015
107552  -29.896  -80.140  -37.976 0.1000000015
15336  -35.597  -73.444  -35.967 0.1000000015
14460  -33.083  -74.240  -37.358 0.1000000015
13555  -32.764  -75.027  -37.234 0.1000000015
12732  -32.166  -76.560  -37.000 0.1000000015
11132  -30.874  -78.223  -37.453 0.1000000015
11131  -29.959  -78.214  -37.990 0.1000000015
13554  -31.910  -75.249  -37.566 0.1000000015
119057  -31.287  -75.832  -37.611 0.1000000015
12731  -31.501  -76.530  -37.326 0.1000000015
11886  -30.406  -77.313  -37.797 0.1000000015
111905  -29.925  -79.158  -37.974 0.1000000015
9738  -29.126  -80.037  -37.893 0.1000000015
10379  -29.183  -79.308  -33.547 0.1000000015
10371  -29.044  -79.652  -32.789 0.2000000030
8972  -29.511  -81.112  -31.883 0.1000000015
9669  -29.642  -80.551  -31.170 0.2000000030
112397  -30.066  -81.158  -30.897 0.2000000030
11081  -29.490  -78.389  -33.526 0.1000000015
10386  -29.895  -79.245  -34.933 0.1000000015
17104  -42.147  -71.521  -30.828 0.1000000015
10392  -30.472  -79.506  -35.569 0.1000000015
9698  -30.873  -79.372  -35.995 0.1000000015
10394  -31.773  -78.466  -35.809 0.1000000015
16212  -38.896  -72.435  -32.098 0.1000000015
16230  -37.748  -72.781  -33.444 0.1000000015
15310  -37.203  -73.117  -34.108 0.1000000015
9051  -30.397  -80.029  -36.461 0.1000000015
14412  -36.850  -73.553  -34.325 0.1000000015
13532  -35.829  -74.836  -35.612 0.1000000015
12717  -35.004  -75.819  -36.159 0.1000000015
11874  -34.210  -77.187  -36.339 0.1000000015
11116  -32.555  -78.017  -37.075 0.1000000015
10428  -31.303  -78.810  -37.003 0.1000000015
9728  -30.342  -80.100  -36.767 0.1000000015
107860  -30.425  -78.894  -37.651 0.1000000015
122535  -30.012  -76.817  -31.877 0.1000000015
11798  -30.119  -77.040  -31.311 0.1000000015
12636  -30.355  -76.302  -32.243 0.1000000015
12620  -29.912  -77.053  -32.547 0.1000000015
11797  -29.699  -77.453  -31.918 0.1000000015
11062  -29.485  -78.322  -31.998 0.2000000030
11063  -29.716  -78.903  -31.248 0.2000000030
11072  -29.297  -78.794  -32.795 0.2000000030
10351  -30.242  -79.330  -30.385 0.2000000030
9657  -30.076  -80.298  -30.433 0.2000000030
128647  -29.847  -78.157  -34.114 0.1000000015
12652  -30.514  -76.649  -33.102 0.1000000015
107406  -30.464  -77.691  -34.402 0.1000000015
11091  -31.001  -78.021  -35.151 0.1000000015
17103  -41.533  -71.898  -30.875 0.1000000015
16199  -41.072  -72.794  -30.823 0.1000000015
16198  -40.284  -73.401  -31.104 0.1000000015
126981  -39.647  -73.377  -31.225 0.1000000015
11090  -30.153  -78.440  -34.732 0.1000000015
11097  -31.551  -78.465  -35.679 0.1000000015
18061  -42.802  -71.032  -30.702 0.1000000015
17091  -43.242  -71.369  -30.057 0.1000000015
17101  -40.281  -72.329  -31.394 0.1000000015
117763  -39.619  -72.802  -31.526 0.1000000015
15283  -37.802  -72.957  -32.703 0.1000000015
127134  -36.847  -73.539  -33.641 0.1000000015
13500  -36.354  -74.642  -34.629 0.1000000015
12671  -35.090  -76.163  -34.933 0.1000000015
11100  -33.927  -78.064  -35.692 0.1000000015
11847  -33.138  -78.153  -35.680 0.1000000015
10395  -32.401  -78.362  -35.980 0.1000000015
18078  -43.004  -70.255  -31.230 0.1000000015
13517  -35.877  -75.179  -35.221 0.1000000015
11849  -35.190  -76.634  -35.527 0.1000000015
11118  -33.967  -77.860  -36.476 0.1000000015
11106  -33.322  -78.239  -36.482 0.1000000015
10413  -31.739  -78.427  -36.687 0.1000000015
19046  -43.771  -69.721  -31.209 0.1000000015
19086  -43.034  -68.687  -32.380 0.1000000015
19068  -44.338  -69.065  -31.246 0.1000000015
14323  -32.152  -74.044  -31.639 0.1000000015
108916  -30.778  -75.868  -32.258 0.1000000015
14324  -32.968  -73.821  -31.891 0.1000000015
13472  -32.114  -75.059  -32.773 0.1000000015
13448  -30.734  -75.757  -30.985 0.1000000015
112167  -29.883  -77.853  -31.233 0.1000000015
11052  -30.439  -78.293  -30.415 0.2000000030
14342  -33.442  -74.209  -32.598 0.1000000015
13480  -31.714  -75.691  -33.166 0.1000000015
12637  -30.982  -76.045  -32.757 0.1000000015
14343  -34.353  -74.214  -32.716 0.1000000015
13481  -32.588  -75.438  -33.501 0.1000000015
17067  -44.897  -71.138  -28.443 0.1000000015
16179  -43.871  -71.777  -29.317 0.1000000015
16178  -43.551  -72.552  -28.869 0.1000000015
17089  -41.848  -72.428  -30.456 0.1000000015
125554  -42.295  -72.781  -29.763 0.1000000015
16189  -41.554  -73.290  -30.133 0.1000000015
15280  -34.757  -73.934  -32.227 0.1000000015
14363  -33.903  -74.795  -33.165 0.1000000015
12654  -32.165  -76.017  -33.969 0.1000000015
12667  -31.769  -76.647  -34.349 0.1000000015
17090  -42.537  -71.905  -30.236 0.1000000015
15270  -39.118  -73.303  -31.253 0.1000000015
14327  -38.359  -73.046  -31.673 0.1000000015
14325  -37.210  -73.400  -32.678 0.1000000015
13496  -34.051  -75.756  -34.353 0.1000000015
12655  -33.070  -75.851  -34.262 0.1000000015
110637  -32.161  -77.803  -35.434 0.1000000015
18028  -45.527  -70.720  -27.879 0.1000000015
14347  -38.331  -72.858  -31.955 0.1000000015
108304  -36.839  -73.726  -32.944 0.1000000015
13498  -35.368  -75.466  -34.455 0.1000000015
13497  -34.807  -75.899  -34.558 0.1000000015
12669  -33.629  -76.547  -34.887 0.1000000015
11833  -33.196  -77.383  -35.293 0.1000000015
18044  -44.504  -70.874  -29.388 0.1000000015
18063  -44.146  -70.254  -30.181 0.1000000015
18045  -45.230  -70.324  -28.952 0.1000000015
19047  -44.400  -69.536  -30.592 0.1000000015
19048  -45.039  -69.087  -30.118 0.1000000015
20065  -44.687  -68.265  -31.513 0.1000000015
20088  -43.702  -68.236  -32.459 0.1000000015
13459  -31.077  -75.138  -31.454 0.1000000015
15265  -33.959  -73.753  -31.929 0.1000000015
108898  -34.145  -73.555  -30.974 0.1000000015
15263  -31.992  -73.849  -30.850 0.1000000015
12607  -30.565  -76.508  -30.748 0.1000000015
15266  -34.836  -73.736  -31.559 0.1000000015
15247  -35.950  -73.525  -30.503 0.1000000015
13449  -31.141  -75.054  -30.585 0.1000000015
117460  -30.433  -77.328  -30.622 0.1000000015
15248  -36.751  -73.425  -30.674 0.1000000015
15267  -35.660  -73.690  -31.383 0.1000000015
11786  -30.983  -77.678  -30.018 0.2000000030
17054  -45.134  -71.475  -27.466 0.1000000015
16177  -42.890  -73.064  -28.908 0.1000000015
15254  -42.026  -73.473  -29.423 0.1000000015
15269  -37.309  -73.349  -31.254 0.1000000015
14344  -35.201  -74.211  -32.761 0.1000000015
11778  -30.909  -76.817  -30.063 0.1000000015
11779  -31.416  -77.310  -29.519 0.2000000030
16164  -44.059  -72.259  -28.485 0.1000000015
15252  -40.853  -73.813  -30.510 0.1000000015
109527  -40.327  -74.130  -30.283 0.1000000015
14326  -37.856  -73.260  -31.815 0.1000000015
15282  -36.926  -73.523  -32.182 0.1000000015
14365  -35.749  -74.472  -33.349 0.1000000015
19014  -45.872  -69.715  -28.357 0.1000000015
19031  -45.389  -69.407  -29.361 0.1000000015
19032  -45.968  -68.783  -29.127 0.1000000015
20032  -45.497  -68.670  -29.724 0.1000000015
20047  -44.845  -68.686  -30.812 0.1000000015
20048  -45.384  -68.254  -30.322 0.1000000015
20066  -45.315  -67.739  -31.031 0.1000000015
15231  -36.588  -73.327  -28.963 0.1000000015
15230  -35.839  -73.374  -29.522 0.1000000015
15229  -34.300  -73.328  -30.042 0.1000000015
15218  -37.541  -73.356  -28.559 0.1000000015
15246  -35.022  -73.576  -30.739 0.1000000015
15245  -33.402  -73.376  -30.404 0.1000000015
14322  -31.528  -74.452  -31.140 0.1000000015
110459  -36.623  -73.388  -29.921 0.1000000015
15244  -32.625  -73.535  -30.608 0.1000000015
12608  -31.012  -75.840  -30.098 0.1000000015
15250  -38.203  -73.395  -30.868 0.1000000015
15249  -37.374  -73.370  -30.345 0.1000000015
14315  -31.604  -74.337  -30.306 0.1000000015
18011  -45.869  -71.273  -26.828 0.1000000015
17033  -45.223  -71.560  -26.819 0.1000000015
16127  -44.791  -71.524  -26.732 0.1000000015
16163  -43.513  -72.687  -28.308 0.1000000015
15237  -42.290  -73.427  -28.652 0.1000000015
15235  -40.994  -74.028  -29.801 0.1000000015
15234  -39.801  -74.053  -29.653 0.1000000015
110553  -31.379  -74.936  -29.752 0.1000000015
18012  -46.329  -70.651  -26.700 0.1000000015
15253  -41.407  -73.735  -29.858 0.1000000015
15271  -40.032  -73.948  -30.959 0.1000000015
19000  -46.691  -70.042  -27.002 0.1000000015
19016  -47.094  -69.065  -27.337 0.1000000015
19015  -46.470  -68.870  -28.287 0.1000000015
21024  -47.030  -67.366  -29.062 0.1000000015
20033  -45.987  -67.893  -29.798 0.1000000015
108950  -46.647  -66.482  -30.288 0.1000000015
16158  -37.286  -73.120  -27.759 0.1000000015
15217  -36.630  -73.183  -28.046 0.1000000015
15216  -35.687  -73.156  -28.514 0.1000000015
16159  -38.106  -73.248  -27.903 0.1000000015
113736  -34.938  -73.254  -29.274 0.1000000015
16160  -39.072  -73.387  -28.031 0.1000000015
112987  -33.965  -73.162  -29.138 0.1000000015
15226  -32.051  -73.729  -30.086 0.1000000015
15219  -39.842  -73.802  -28.719 0.1000000015
127762  -39.652  -73.464  -28.034 0.1000000015
124382  -32.925  -73.344  -29.009 0.1000000015
18963  -46.641  -69.595  -26.117 0.1000000015
16162  -42.913  -73.035  -28.218 0.1000000015
115300  -40.860  -73.918  -28.813 0.1000000015
16161  -40.209  -73.513  -28.083 0.1000000015
126716  -32.237  -73.660  -29.415 0.1000000015
13442  -31.347  -75.580  -29.218 0.1000000015
18978  -47.025  -69.284  -26.163 0.1000000015
17979  -46.172  -70.181  -26.086 0.1000000015
112841  -45.555  -70.811  -26.046 0.1000000015
16126  -44.134  -71.752  -27.405 0.1000000015
16125  -43.466  -71.887  -27.507 0.1000000015
15203  -42.417  -73.281  -28.071 0.1000000015
14297  -31.573  -74.757  -28.909 0.1000000015
19001  -47.017  -69.486  -26.680 0.1000000015
119334  -48.074  -67.919  -26.451 0.1000000015
19992  -47.500  -68.682  -26.418 0.1000000015
21012  -48.316  -67.105  -27.142 0.1000000015
126442  -47.671  -67.812  -27.490 0.1000000015
21026  -48.181  -66.732  -28.245 0.1000000015
21038  -47.305  -66.555  -29.379 0.1000000015
116959  -40.153  -72.031  -27.590 0.1000000015
116960  -39.237  -71.799  -27.542 0.1000000015
16137  -36.640  -72.749  -27.543 0.1000000015
17050  -40.850  -71.237  -27.561 0.1000000015
15201  -35.985  -72.903  -27.838 0.1000000015
17032  -43.604  -71.112  -27.193 0.1000000015
17052  -42.471  -72.088  -27.525 0.1000000015
17051  -41.628  -71.971  -27.516 0.1000000015
16139  -39.597  -72.886  -27.658 0.1000000015
15215  -34.626  -73.048  -28.482 0.1000000015
18964  -46.995  -69.062  -25.891 0.1000000015
125999  -46.319  -69.190  -26.008 0.1000000015
112942  -44.232  -71.240  -26.890 0.1000000015
16142  -42.849  -72.793  -27.771 0.1000000015
16141  -41.974  -72.932  -27.676 0.1000000015
15214  -33.690  -73.174  -28.320 0.1000000015
19976  -47.509  -68.516  -25.866 0.1000000015
14308  -31.754  -74.171  -29.507 0.1000000015
13428  -31.490  -75.476  -28.401 0.1000000015
19977  -48.130  -67.883  -25.512 0.1000000015
20970  -48.665  -67.391  -25.503 0.1000000015
20993  -49.110  -67.001  -26.139 0.1000000015
22007  -49.556  -66.298  -26.577 0.1000000015
22015  -48.920  -66.412  -27.948 0.1000000015
22017  -50.132  -65.769  -26.971 0.1000000015
22989  -49.848  -65.500  -27.555 0.1000000015
22028  -47.962  -66.254  -29.009 0.1000000015
125356  -38.497  -72.614  -27.474 0.1000000015
16138  -37.511  -72.784  -27.440 0.1000000015
17046  -36.979  -72.238  -27.335 0.1000000015
19974  -46.156  -68.261  -25.814 0.1000000015
17990  -44.077  -70.646  -26.636 0.1000000015
116171  -41.867  -71.138  -27.476 0.1000000015
111419  -48.292  -67.382  -25.124 0.1000000015
20969  -47.632  -67.955  -25.449 0.1000000015
20968  -46.831  -67.712  -25.493 0.1000000015
18962  -45.593  -69.826  -26.081 0.1000000015
18976  -44.848  -70.332  -26.180 0.1000000015
20961  -48.899  -66.940  -25.135 0.1000000015
20962  -49.210  -66.455  -25.415 0.1000000015
21965  -49.605  -65.873  -25.585 0.1000000015
21988  -49.615  -66.162  -25.774 0.1000000015
22934  -50.825  -64.914  -25.916 0.1000000015
22977  -50.615  -65.366  -26.559 0.1000000015
23930  -51.167  -64.427  -26.610 0.1000000015
22978  -51.036  -64.841  -26.872 0.1000000015
128438  -50.995  -64.655  -27.298 0.1000000015
18008  -41.296  -70.186  -27.567 0.1000000015
17049  -39.800  -71.003  -27.571 0.1000000015
17048  -38.399  -71.430  -27.477 0.1000000015
17047  -37.638  -71.972  -27.328 0.1000000015
18005  -38.328  -70.265  -27.634 0.1000000015
118494  -42.800  -71.176  -27.386 0.1000000015
21986  -48.425  -66.595  -24.971 0.1000000015
21985  -47.644  -66.740  -24.905 0.1000000015
21964  -48.888  -66.143  -25.248 0.1000000015
109993  -49.969  -64.294  -25.616 0.1000000015
23954  -51.302  -64.214  -27.032 0.1000000015
109744  -51.050  -64.120  -27.336 0.1000000015
114019  -39.316  -70.081  -27.648 0.1000000015
18998  -42.636  -69.568  -27.295 0.1000000015
20967  -45.903  -67.347  -25.589 0.1000000015
127511  -45.612  -68.823  -26.070 0.1000000015
19991  -44.767  -68.954  -26.265 0.1000000015
18999  -43.392  -69.836  -26.938 0.1000000015
22962  -48.695  -65.031  -25.277 0.1000000015
23906  -49.307  -64.642  -25.455 0.1000000015
24793  -51.322  -63.665  -26.242 0.1000000015
24800  -51.611  -63.900  -26.690 0.1000000015
24821  -51.749  -63.490  -27.073 0.1000000015
24830  -51.718  -62.885  -27.381 0.1000000015
111573  -41.777  -69.351  -27.582 0.1000000015
19990  -43.721  -68.466  -26.510 0.1000000015
20010  -43.130  -69.022  -26.892 0.1000000015
20009  -42.276  -68.698  -27.343 0.1000000015
22959  -47.017  -66.037  -24.769 0.1000000015
21984  -46.666  -66.784  -25.137 0.1000000015
20991  -45.271  -67.992  -25.973 0.1000000015
20990  -44.340  -67.724  -26.200 0.1000000015
22960  -47.797  -65.952  -24.883 0.1000000015
25781  -51.527  -62.710  -26.501 0.1000000015
116305  -52.045  -62.378  -26.898 0.1000000015
26760  -51.970  -61.601  -26.981 0.1000000015
26787  -52.004  -61.850  -27.162 0.1000000015
20966  -44.967  -67.029  -25.777 0.1000000015
23905  -48.498  -64.308  -25.293 0.1000000015
24785  -49.211  -63.718  -25.513 0.1000000015
24786  -50.283  -63.627  -25.762 0.1000000015
26742  -51.617  -61.903  -26.682 0.1000000015
27729  -50.883  -61.249  -26.638 0.1000000015
22933  -47.280  -65.405  -24.814 0.1000000015
25766  -48.783  -62.960  -25.468 0.1000000015
25767  -49.550  -62.897  -25.675 0.1000000015
25780  -50.544  -62.836  -26.018 0.1000000015
26741  -50.666  -62.035  -26.311 0.1000000015
110979  -50.052  -60.762  -26.423 0.1000000015
26740  -49.872  -61.383  -26.163 0.1000000015
118190  -48.254  -63.454  -25.279 0.1000000015
119647  -48.900  -62.264  -25.529 0.1000000015
26726  -49.720  -62.119  -25.851 0.1000000015
123746  -48.990  -61.411  -25.694 0.1000000015
8309  -28.087  -82.983  -32.721 0.1000000015
7642  -29.145  -83.456  -35.063 0.1000000015
8339  -28.427  -82.963  -34.502 0.1000000015
7657  -29.859  -83.267  -36.232 0.1000000015
8352  -28.596  -82.828  -35.285 0.1000000015
8351  -28.047  -82.140  -35.288 0.1000000015
8372  -29.328  -82.437  -36.970 0.1000000015
8340  -31.034  -83.099  -34.638 0.1000000015
120729  -29.959  -81.513  -34.475 0.1000000015
6942  -30.830  -83.818  -34.982 0.1000000015
8354  -30.693  -82.112  -35.991 0.1000000015
8366  -29.800  -82.947  -36.989 0.1000000015
9050  -30.411  -81.082  -36.256 0.1000000015
8374  -30.132  -81.651  -37.122 0.1000000015
128202  -29.938  -75.799  -38.530 0.1000000015
12748  -30.102  -76.456  -38.152 0.1000000015
12747  -29.335  -76.336  -38.665 0.1000000015
9677  -29.090  -80.428  -32.511 0.2000000030
9028  -30.137  -81.117  -35.312 0.1000000015
120837  -35.398  -75.437  -35.961 0.1000000015
14449  -34.432  -74.266  -36.269 0.1000000015
12715  -33.772  -76.445  -36.431 0.1000000015
13541  -32.436  -75.799  -37.026 0.1000000015
12716  -34.810  -76.600  -36.247 0.1000000015
11872  -32.700  -77.524  -37.008 0.1000000015
11887  -31.202  -77.283  -37.403 0.1000000015
11133  -31.824  -77.942  -37.093 0.1000000015
9739  -30.225  -80.157  -37.315 0.1000000015
114201  -31.405  -78.559  -37.085 0.1000000015
10426  -30.386  -79.507  -37.627 0.1000000015
11810  -29.557  -77.890  -32.718 0.1000000015
115622  -29.199  -79.822  -32.189 0.2000000030
9668  -29.343  -80.240  -31.731 0.2000000030
11820  -29.979  -77.476  -33.517 0.1000000015
10393  -31.101  -78.988  -35.793 0.1000000015
9711  -31.018  -79.128  -36.616 0.1000000015
15284  -38.170  -72.691  -32.563 0.1000000015
14386  -36.782  -73.981  -34.079 0.1000000015
11850  -35.372  -76.280  -35.726 0.1000000015
11848  -34.558  -77.621  -35.775 0.1000000015
10414  -32.582  -78.352  -36.807 0.1000000015
9740  -30.752  -79.414  -37.096 0.1000000015
12653  -31.312  -76.294  -33.563 0.1000000015
16213  -38.991  -72.941  -31.684 0.1000000015
11098  -32.490  -78.418  -35.862 0.1000000015
18043  -43.830  -70.919  -29.924 0.1000000015
14367  -36.763  -73.734  -33.416 0.1000000015
13499  -36.032  -74.948  -34.265 0.1000000015
12672  -35.729  -75.424  -34.806 0.1000000015
12670  -34.456  -76.492  -34.932 0.1000000015
10401  -32.528  -78.434  -36.473 0.1000000015
19067  -43.107  -69.491  -31.811 0.1000000015
15264  -32.571  -73.697  -31.252 0.1000000015
13471  -31.236  -75.421  -32.325 0.1000000015
128432  -31.083  -78.253  -29.919 0.2000000030
117532  -36.192  -73.765  -32.082 0.1000000015
124198  -34.218  -75.180  -33.728 0.1000000015
13482  -33.465  -75.291  -33.680 0.1000000015
12668  -32.672  -76.524  -34.703 0.1000000015
14316  -38.669  -73.314  -31.186 0.1000000015
14366  -36.465  -74.155  -33.324 0.1000000015
14345  -35.972  -74.076  -32.722 0.1000000015
12596  -31.284  -76.428  -29.409 0.1000000015
20021  -46.499  -68.008  -29.049 0.1000000015
20049  -45.925  -67.386  -30.573 0.1000000015
127434  -38.856  -73.655  -28.978 0.1000000015
21037  -46.729  -67.059  -29.743 0.1000000015
15202  -40.904  -73.540  -28.069 0.1000000015
109806  -41.035  -72.394  -27.599 0.1000000015
22030  -49.174  -65.860  -28.106 0.1000000015
23977  -49.331  -65.298  -27.938 0.1000000015
18975  -43.994  -69.579  -26.508 0.1000000015
17917  -41.797  -70.244  -20.653 0.5000000000
10973  -41.499  -78.298  -23.299 0.5000000000
11720  -42.217  -77.812  -22.969 0.5000000000
18903  -41.595  -69.697  -20.124 0.5000000000
18932  -41.356  -69.984  -21.028 0.5000000000
16985  -41.754  -70.657  -21.179 0.5000000000
11719  -41.251  -77.476  -22.822 0.5000000000
19933  -40.999  -68.508  -19.717 0.5000000000
18913  -41.427  -69.605  -20.561 0.5000000000
114147  -41.303  -76.677  -22.497 0.5000000000
19950  -40.843  -68.507  -20.479 0.5000000000
19932  -40.347  -67.984  -20.256 0.5000000000
18931  -40.797  -69.289  -21.057 0.5000000000
19949  -40.056  -68.400  -21.113 0.4000000060
116866  -40.070  -69.933  -21.628 0.4000000060
11735  -39.606  -78.117  -23.530 0.5000000000
124560  -38.824  -78.610  -24.171 0.5000000000
11734  -38.712  -78.044  -23.480 0.5000000000
11733  -37.712  -77.683  -23.303 0.5000000000
11732  -36.697  -77.273  -23.151 0.5000000000
11715  -37.475  -77.076  -22.964 0.5000000000
12513  -35.464  -76.399  -22.753 0.4000000060
14272  -34.359  -75.051  -22.143 0.4000000060
10929  -42.735  -79.231  -19.925 0.1000000015
10975  -42.706  -78.400  -22.325 0.5000000000
18902  -41.153  -69.303  -19.611 0.5000000000
124584  -41.810  -70.379  -20.245 0.5000000000
17929  -42.279  -70.784  -20.844 0.5000000000
16080  -42.726  -71.888  -21.121 0.4000000060
12519  -42.161  -77.030  -22.720 0.5000000000
18892  -40.576  -68.799  -19.054 0.5000000000
19908  -39.929  -68.533  -18.614 0.5000000000
18880  -39.438  -68.828  -18.042 0.5000000000
19919  -40.268  -68.180  -19.357 0.5000000000
19898  -39.013  -68.568  -17.720 0.4000000060
19907  -39.475  -68.342  -18.231 0.3000000119
18930  -39.841  -69.174  -21.518 0.4000000060
20903  -39.601  -67.968  -18.909 0.3000000119
16983  -40.340  -70.795  -21.610 0.6999999881
16077  -40.211  -72.601  -21.525 0.5000000000
20902  -38.917  -67.872  -18.364 0.3000000119
20926  -39.621  -67.744  -19.815 0.3000000119
126444  -39.390  -68.317  -21.156 0.4000000060
116454  -39.437  -70.591  -21.657 0.5000000000
113983  -39.669  -71.632  -21.612 0.6000000238
15156  -39.780  -73.672  -21.398 0.6000000238
14255  -40.557  -74.450  -21.461 0.6000000238
10992  -40.264  -78.492  -24.299 0.3000000119
20915  -39.047  -67.678  -19.297 0.3000000119
19931  -39.494  -67.960  -20.700 0.3000000119
17945  -39.058  -69.664  -21.704 0.4000000060
113984  -38.718  -71.990  -21.548 0.5000000000
15155  -38.846  -73.537  -21.418 0.6000000238
118706  -39.013  -75.081  -21.528 0.6000000238
12517  -39.484  -76.765  -22.682 0.5000000000
11717  -39.005  -77.436  -22.973 0.5000000000
125081  -37.961  -68.220  -20.588 0.4000000060
18929  -38.368  -69.084  -21.493 0.4000000060
116455  -38.510  -70.506  -21.631 0.5000000000
16075  -38.420  -72.826  -21.496 0.5000000000
13364  -38.160  -75.282  -21.711 0.5000000000
13387  -38.934  -75.929  -22.185 0.5000000000
11716  -38.191  -77.247  -22.970 0.5000000000
19918  -37.580  -67.886  -19.938 0.4000000060
19947  -37.748  -68.714  -21.087 0.4000000060
17943  -37.193  -69.884  -21.512 0.5000000000
113985  -37.855  -72.223  -21.492 0.5000000000
15153  -37.523  -73.830  -21.414 0.4000000060
13386  -37.959  -76.024  -22.244 0.5000000000
12515  -37.715  -76.616  -22.670 0.5000000000
18928  -37.464  -69.331  -21.356 0.4000000060
116456  -37.446  -70.650  -21.521 0.5000000000
122823  -36.974  -72.492  -21.418 0.5000000000
120543  -36.757  -74.141  -21.478 0.4000000060
13362  -36.369  -75.465  -22.043 0.4000000060
12514  -36.946  -76.620  -22.726 0.5000000000
16979  -35.751  -70.711  -21.490 0.5000000000
16073  -36.006  -72.764  -21.383 0.4000000060
13361  -35.333  -75.244  -22.010 0.4000000060
114800  -35.551  -71.719  -21.447 0.3000000119
16072  -34.926  -72.648  -21.432 0.4000000060
15150  -34.369  -73.440  -21.609 0.3000000119
15170  -33.869  -74.173  -21.983 0.3000000119
11656  -42.421  -78.598  -18.928 0.1000000015
11678  -42.236  -79.043  -19.531 0.1000000015
11657  -43.426  -78.634  -18.874 0.1000000015
10917  -42.898  -78.971  -19.332 0.1000000015
11679  -44.187  -77.722  -20.185 0.4000000060
10931  -43.518  -78.195  -20.949 0.4000000060
10955  -42.940  -78.896  -21.335 0.4000000060
129432  -43.213  -78.080  -21.932 0.5000000000
11702  -43.838  -77.203  -21.100 0.4000000060
11701  -43.481  -77.306  -21.934 0.5000000000
11721  -42.917  -77.476  -22.593 0.5000000000
17916  -41.471  -70.248  -19.882 0.5000000000
16956  -42.138  -70.953  -19.923 0.5000000000
17918  -42.270  -70.790  -20.464 0.5000000000
16986  -42.513  -71.171  -21.038 0.4000000060
109683  -42.927  -75.861  -21.701 0.5000000000
12499  -42.893  -76.566  -22.331 0.5000000000
18891  -39.889  -69.083  -18.530 0.5000000000
18901  -40.337  -69.549  -19.084 0.5000000000
17915  -40.678  -70.394  -19.458 0.5000000000
18890  -39.230  -69.226  -18.071 0.5000000000
14256  -41.916  -74.269  -21.426 0.6000000238
18879  -38.918  -69.015  -17.521 0.4000000060
20885  -38.418  -68.093  -17.476 0.2000000030
20884  -37.860  -68.207  -16.684 0.2000000030
20914  -38.236  -67.627  -19.199 0.3000000119
20901  -37.912  -67.651  -18.251 0.3000000119
111360  -37.530  -67.652  -17.405 0.3000000119
20900  -36.873  -67.508  -18.160 0.4000000060
20913  -37.172  -67.669  -19.048 0.4000000060
108085  -36.129  -67.675  -18.813 0.3000000119
19917  -36.360  -68.108  -19.744 0.4000000060
19946  -36.802  -68.939  -21.030 0.4000000060
18927  -36.470  -69.527  -21.334 0.4000000060
20912  -35.297  -67.774  -19.300 0.3000000119
19945  -35.782  -69.010  -21.096 0.3000000119
17942  -36.547  -70.296  -21.492 0.4000000060
19928  -34.969  -68.575  -20.732 0.3000000119
17941  -35.159  -70.147  -21.579 0.3000000119
19944  -34.786  -68.947  -21.300 0.2000000030
18925  -34.601  -69.520  -21.648 0.2000000030
17940  -34.343  -70.268  -21.798 0.3000000119
16071  -33.995  -72.585  -21.610 0.3000000119
113733  -33.470  -67.576  -21.363 0.1000000015
18924  -33.876  -69.577  -22.041 0.2000000030
120178  -34.029  -71.054  -21.770 0.4000000060
23878  -33.639  -64.605  -21.904 0.1000000015
11647  -44.466  -77.506  -18.295 0.1000000015
11658  -44.435  -78.015  -19.064 0.1000000015
12466  -44.574  -76.935  -19.617 0.2000000030
109684  -44.077  -76.467  -20.633 0.4000000060
12500  -43.586  -76.447  -21.628 0.4000000060
16955  -41.302  -71.114  -19.617 0.5000000000
128597  -42.605  -71.406  -19.852 0.4000000060
16049  -43.021  -71.828  -19.827 0.4000000060
15133  -43.617  -72.960  -20.710 0.4000000060
14258  -43.289  -74.285  -20.834 0.5000000000
124787  -43.465  -75.719  -21.106 0.5000000000
109886  -39.859  -70.374  -19.198 0.5000000000
115962  -40.432  -71.344  -19.444 0.4000000060
13368  -42.289  -75.147  -21.499 0.4000000060
18889  -38.616  -69.414  -17.749 0.4000000060
17906  -38.808  -69.724  -18.381 0.4000000060
17914  -39.434  -69.810  -18.808 0.5000000000
18878  -38.303  -69.203  -17.034 0.4000000060
18871  -37.943  -69.202  -16.169 0.3000000119
19897  -38.345  -68.844  -16.966 0.3000000119
20862  -37.433  -68.000  -15.859 0.2000000030
109027  -37.094  -67.538  -16.640 0.2000000030
20861  -36.651  -67.216  -15.937 0.1000000015
21890  -36.210  -67.045  -16.684 0.3000000119
122294  -35.677  -66.981  -17.300 0.3000000119
127333  -35.545  -66.632  -16.722 0.2000000030
21889  -34.978  -66.452  -17.125 0.2000000030
20899  -35.156  -67.335  -18.564 0.2000000030
112805  -34.544  -67.660  -19.706 0.2000000030
21888  -34.363  -66.220  -17.695 0.2000000030
20898  -34.418  -67.224  -19.125 0.2000000030
21909  -34.385  -66.709  -18.438 0.2000000030
21924  -33.793  -66.565  -19.064 0.1000000015
20938  -33.993  -68.245  -21.091 0.2000000030
116653  -33.299  -64.979  -19.014 0.1000000015
21923  -33.516  -66.359  -19.638 0.1000000015
20937  -33.403  -68.136  -21.817 0.1000000015
123739  -33.292  -65.155  -19.713 0.1000000015
22894  -33.304  -65.462  -20.486 0.1000000015
117909  -33.293  -66.776  -21.323 0.1000000015
23866  -33.359  -64.592  -20.395 0.1000000015
112204  -33.380  -64.960  -21.231 0.1000000015
24761  -33.617  -64.044  -21.200 0.1000000015
25718  -34.741  -62.010  -20.792 0.1000000015
11648  -44.746  -76.942  -18.691 0.3000000119
12467  -44.529  -75.985  -19.160 0.3000000119
14208  -43.977  -74.552  -17.021 0.3000000119
14217  -43.941  -74.543  -17.811 0.3000000119
13343  -43.964  -75.133  -19.344 0.3000000119
13354  -43.837  -75.096  -20.008 0.3000000119
12486  -43.793  -75.575  -20.493 0.4000000060
15107  -42.674  -73.463  -18.722 0.3000000119
15108  -43.648  -73.878  -18.730 0.3000000119
14235  -43.886  -74.291  -19.692 0.5000000000
13353  -43.461  -75.000  -20.655 0.5000000000
16032  -40.180  -72.783  -19.145 0.4000000060
15106  -42.084  -72.943  -19.142 0.5000000000
16050  -43.626  -72.464  -19.850 0.4000000060
16062  -43.734  -72.626  -20.256 0.4000000060
120646  -43.651  -73.633  -20.571 0.5000000000
16943  -37.161  -70.816  -19.000 0.4000000060
16952  -38.084  -71.066  -19.233 0.4000000060
16954  -39.727  -71.154  -19.356 0.5000000000
17896  -36.614  -70.096  -17.692 0.4000000060
17897  -37.784  -69.700  -17.644 0.4000000060
17905  -38.033  -70.134  -18.524 0.4000000060
118894  -37.590  -69.584  -16.741 0.4000000060
17885  -36.630  -69.912  -16.602 0.4000000060
17886  -37.310  -69.631  -15.849 0.3000000119
19884  -37.868  -68.779  -15.927 0.3000000119
19869  -37.540  -68.552  -15.075 0.3000000119
20848  -37.046  -67.622  -15.152 0.1000000015
127179  -35.834  -66.228  -15.463 0.1000000015
21871  -35.859  -66.504  -16.037 0.1000000015
21870  -35.087  -66.114  -16.404 0.2000000030
21852  -35.284  -65.699  -15.573 0.1000000015
22840  -34.342  -65.746  -16.835 0.2000000030
22859  -33.792  -65.511  -17.591 0.1000000015
22839  -33.795  -64.976  -16.850 0.1000000015
22870  -33.449  -65.254  -18.354 0.1000000015
24707  -33.450  -63.828  -17.846 0.1000000015
25674  -33.633  -62.783  -18.965 0.1000000015
24735  -33.491  -63.352  -19.530 0.1000000015
25717  -34.106  -62.517  -20.318 0.1000000015
26654  -34.670  -61.557  -19.600 0.1000000015
26670  -34.474  -61.844  -20.106 0.1000000015
27655  -35.621  -60.721  -20.042 0.1000000015
27656  -36.159  -60.459  -20.593 0.1000000015
28614  -36.787  -59.800  -20.494 0.1000000015
28615  -37.476  -59.286  -20.687 0.1000000015
14193  -44.439  -74.846  -16.443 0.3000000119
13311  -44.646  -75.271  -16.612 0.2000000030
14207  -43.138  -74.349  -17.012 0.3000000119
117504  -41.680  -73.460  -18.609 0.4000000060
15091  -41.329  -74.030  -17.913 0.3000000119
16043  -37.229  -71.656  -19.276 0.3000000119
16044  -37.927  -71.971  -19.378 0.4000000060
16031  -39.206  -72.737  -19.168 0.4000000060
15090  -40.293  -74.077  -17.923 0.3000000119
17895  -35.563  -70.779  -18.089 0.3000000119
16942  -36.539  -71.377  -19.066 0.3000000119
15103  -38.692  -73.404  -18.614 0.4000000060
15104  -39.682  -73.461  -18.635 0.4000000060
15089  -39.233  -74.010  -17.908 0.3000000119
111480  -35.881  -70.072  -16.158 0.3000000119
17884  -35.627  -70.281  -17.223 0.3000000119
17876  -36.427  -70.156  -15.027 0.3000000119
128607  -36.701  -69.972  -15.731 0.3000000119
121110  -37.047  -70.029  -15.068 0.3000000119
126865  -37.535  -69.470  -15.121 0.3000000119
20847  -36.887  -67.234  -14.596 0.1000000015
21820  -37.055  -66.696  -13.670 0.1000000015
21853  -36.356  -66.735  -15.235 0.1000000015
112624  -36.690  -66.029  -13.825 0.1000000015
21836  -35.913  -65.995  -14.941 0.1000000015
22805  -36.165  -65.623  -14.249 0.1000000015
22804  -35.522  -65.201  -14.715 0.1000000015
22823  -34.584  -64.998  -15.747 0.2000000030
23805  -34.697  -64.252  -15.451 0.2000000030
24687  -34.133  -63.548  -16.499 0.1000000015
24669  -34.454  -63.694  -15.842 0.1000000015
126212  -34.325  -62.905  -16.863 0.1000000015
116288  -34.223  -62.587  -17.569 0.1000000015
25675  -34.123  -62.280  -18.421 0.1000000015
25655  -34.679  -61.907  -17.836 0.1000000015
26632  -34.713  -61.600  -18.733 0.1000000015
26671  -35.049  -61.335  -20.276 0.1000000015
120694  -36.236  -60.207  -19.918 0.1000000015
27642  -36.557  -60.178  -19.114 0.1000000015
28602  -36.763  -59.786  -19.799 0.1000000015
27643  -37.097  -59.693  -19.323 0.1000000015
28603  -37.376  -59.303  -19.919 0.1000000015
28604  -38.203  -58.706  -19.536 0.1000000015
29590  -38.997  -57.969  -19.575 0.1000000015
13300  -44.561  -75.088  -15.203 0.2000000030
13310  -44.466  -75.344  -16.003 0.2000000030
118694  -43.961  -74.675  -14.287 0.2000000030
14191  -42.939  -74.455  -16.109 0.3000000119
115165  -42.853  -74.458  -14.360 0.2000000030
14206  -42.084  -74.270  -17.014 0.3000000119
16029  -37.402  -72.531  -19.089 0.3000000119
16030  -38.277  -72.678  -19.141 0.3000000119
16936  -35.040  -71.598  -17.921 0.3000000119
16027  -35.753  -71.653  -18.687 0.3000000119
16028  -36.539  -72.222  -19.049 0.3000000119
15102  -37.747  -73.279  -18.617 0.3000000119
123465  -34.850  -70.422  -16.673 0.3000000119
17894  -34.800  -70.935  -17.481 0.3000000119
108073  -37.235  -73.639  -18.100 0.3000000119
15088  -38.120  -73.933  -17.871 0.3000000119
14204  -39.877  -74.429  -17.010 0.2000000030
17875  -35.264  -70.073  -15.488 0.2000000030
111122  -36.097  -70.186  -14.487 0.3000000119
122510  -36.871  -70.255  -14.582 0.3000000119
17862  -37.122  -70.147  -14.313 0.3000000119
126214  -37.395  -69.771  -14.360 0.3000000119
20838  -37.391  -68.180  -14.263 0.1000000015
19854  -37.537  -69.074  -13.597 0.2000000030
108859  -37.555  -68.405  -13.218 0.1000000015
20828  -37.170  -67.384  -13.860 0.1000000015
22788  -37.376  -66.202  -13.286 0.1000000015
22768  -37.943  -65.895  -12.792 0.1000000015
23767  -39.903  -66.211  -12.070 0.1000000015
123707  -38.445  -65.537  -12.646 0.1000000015
23778  -39.714  -64.897  -12.707 0.1000000015
23768  -40.560  -65.974  -12.263 0.1000000015
22789  -41.966  -66.423  -12.630 0.1000000015
22787  -36.677  -65.297  -13.730 0.1000000015
24638  -39.130  -64.029  -13.257 0.1000000015
23780  -41.473  -65.151  -13.318 0.1000000015
23781  -42.307  -65.677  -13.459 0.1000000015
23790  -36.034  -64.727  -14.154 0.1000000015
25591  -35.754  -63.164  -14.729 0.2000000030
24670  -34.966  -63.448  -15.297 0.1000000015
25613  -35.324  -62.762  -15.464 0.1000000015
25612  -34.692  -62.899  -16.089 0.1000000015
25633  -35.494  -62.147  -16.230 0.1000000015
25656  -34.784  -62.290  -16.970 0.1000000015
26614  -35.485  -61.586  -17.412 0.1000000015
26633  -35.521  -61.173  -18.489 0.1000000015
27616  -36.167  -60.695  -18.598 0.1000000015
27601  -36.751  -60.534  -18.254 0.1000000015
27615  -35.849  -60.646  -19.276 0.1000000015
27617  -37.247  -59.983  -18.619 0.1000000015
28579  -37.646  -59.353  -19.044 0.1000000015
28580  -38.273  -59.103  -18.783 0.1000000015
14152  -39.411  -74.804  -13.896 0.2000000030
14172  -41.605  -74.395  -15.066 0.2000000030
14190  -41.829  -74.344  -16.096 0.3000000119
14205  -41.003  -74.294  -17.027 0.3000000119
13289  -38.395  -75.055  -14.246 0.2000000030
113746  -39.863  -74.634  -14.617 0.2000000030
14171  -40.336  -74.508  -15.343 0.2000000030
14189  -40.714  -74.419  -16.123 0.3000000119
16015  -35.322  -72.333  -18.121 0.3000000119
16016  -35.970  -72.742  -18.453 0.3000000119
109615  -36.413  -73.528  -17.943 0.3000000119
14201  -37.144  -74.150  -17.387 0.3000000119
16935  -34.308  -71.705  -17.350 0.3000000119
16014  -34.716  -72.401  -17.644 0.3000000119
15078  -36.060  -73.975  -17.198 0.3000000119
14202  -38.025  -74.421  -17.163 0.3000000119
17873  -33.136  -70.701  -15.860 0.2000000030
17883  -33.393  -71.181  -16.484 0.3000000119
14203  -38.835  -74.408  -17.207 0.2000000030
14188  -39.274  -74.595  -16.546 0.2000000030
17859  -34.208  -70.011  -15.334 0.2000000030
17860  -35.339  -69.965  -14.549 0.2000000030
17843  -36.221  -70.210  -13.753 0.3000000119
17861  -36.696  -70.320  -14.197 0.3000000119
108756  -37.280  -69.888  -13.619 0.2000000030
18833  -36.889  -70.291  -13.539 0.3000000119
18820  -37.040  -69.992  -12.838 0.2000000030
19841  -37.335  -69.312  -12.670 0.2000000030
21801  -38.207  -67.245  -12.423 0.1000000015
24636  -37.484  -63.654  -13.731 0.1000000015
24639  -39.920  -63.886  -13.604 0.1000000015
23791  -40.916  -64.172  -13.886 0.1000000015
24646  -36.670  -63.337  -14.213 0.1000000015
24648  -38.179  -63.092  -13.973 0.1000000015
24650  -40.405  -63.389  -14.423 0.1000000015
24647  -37.374  -62.959  -14.216 0.1000000015
25594  -37.967  -62.547  -14.602 0.1000000015
118945  -38.954  -62.669  -14.512 0.1000000015
25595  -39.916  -62.683  -14.861 0.1000000015
25592  -36.518  -62.696  -14.708 0.1000000015
25615  -37.667  -62.122  -15.242 0.1000000015
26573  -38.192  -61.738  -15.823 0.1000000015
112560  -35.996  -62.398  -15.318 0.1000000015
25634  -36.424  -61.863  -15.995 0.1000000015
26595  -36.948  -61.406  -16.747 0.1000000015
26594  -36.103  -61.601  -16.692 0.1000000015
120252  -36.320  -61.299  -17.249 0.1000000015
26634  -36.191  -61.034  -17.911 0.1000000015
13253  -37.359  -75.770  -12.655 0.3000000119
13288  -37.057  -75.278  -14.111 0.3000000119
13299  -37.874  -75.130  -15.084 0.3000000119
14170  -39.281  -74.732  -15.726 0.2000000030
124139  -39.877  -74.559  -16.165 0.2000000030
13298  -36.883  -75.188  -15.025 0.3000000119
14169  -37.266  -74.904  -15.855 0.3000000119
108223  -38.252  -74.952  -15.829 0.3000000119
16005  -34.013  -72.452  -17.125 0.3000000119
117790  -35.047  -73.777  -16.830 0.3000000119
14168  -36.314  -74.756  -15.833 0.3000000119
14186  -37.632  -74.645  -16.594 0.3000000119
14187  -38.547  -74.687  -16.540 0.2000000030
15076  -33.294  -72.546  -16.445 0.3000000119
115728  -33.741  -73.253  -16.148 0.3000000119
17858  -33.217  -70.109  -14.981 0.2000000030
18847  -34.390  -69.645  -14.517 0.2000000030
18848  -35.387  -69.815  -13.945 0.2000000030
120229  -36.566  -70.080  -13.031 0.3000000119
26615  -36.889  -60.956  -17.539 0.1000000015
12380  -37.266  -76.316  -12.029 0.1000000015
123648  -36.343  -76.533  -11.714 0.2000000030
13252  -36.540  -76.017  -12.413 0.3000000119
125663  -36.689  -75.604  -12.968 0.3000000119
13271  -36.345  -75.354  -13.642 0.3000000119
13286  -35.690  -75.087  -14.281 0.3000000119
14167  -35.317  -74.384  -15.799 0.3000000119
14149  -35.142  -74.719  -14.872 0.3000000119
15997  -32.547  -72.357  -15.892 0.3000000119
15066  -33.147  -73.122  -15.613 0.3000000119
15067  -33.951  -73.588  -15.601 0.3000000119
14166  -34.527  -74.131  -15.292 0.3000000119
16912  -31.810  -71.482  -14.569 0.2000000030
124965  -33.336  -69.409  -14.129 0.1000000015
19839  -33.944  -68.756  -13.482 0.1000000015
18831  -34.744  -69.349  -13.775 0.2000000030
18832  -35.840  -69.803  -13.288 0.2000000030
19840  -35.183  -69.120  -12.934 0.2000000030
18818  -36.175  -69.669  -12.761 0.3000000119
107078  -35.969  -75.650  -12.873 0.3000000119
13270  -35.333  -75.251  -13.467 0.3000000119
14140  -34.480  -74.846  -13.710 0.3000000119
14148  -34.446  -74.465  -14.494 0.3000000119
15054  -32.246  -72.927  -14.111 0.3000000119
15055  -32.955  -73.468  -14.615 0.3000000119
15056  -33.806  -73.811  -14.923 0.3000000119
15979  -31.730  -72.133  -13.977 0.2000000030
17841  -31.775  -70.746  -13.863 0.1000000015
18830  -32.173  -69.773  -13.613 0.1000000015
117242  -34.552  -75.553  -12.308 0.3000000119
111193  -34.125  -75.620  -11.651 0.2000000030
13269  -34.560  -75.236  -12.949 0.3000000119
14130  -33.846  -74.786  -13.138 0.3000000119
119223  -31.979  -72.672  -13.339 0.2000000030
15047  -32.851  -73.802  -13.680 0.3000000119
14139  -33.658  -74.246  -13.985 0.3000000119
16889  -31.688  -72.009  -13.003 0.2000000030
15970  -31.923  -72.826  -12.562 0.2000000030
17822  -31.451  -70.452  -11.505 0.1000000015
17831  -31.474  -70.722  -12.206 0.1000000015
17818  -31.497  -70.664  -10.640 0.1000000015
18816  -31.564  -69.887  -12.102 0.1000000015
18817  -31.919  -69.334  -12.747 0.1000000015
19838  -32.799  -68.913  -13.295 0.1000000015
19826  -33.383  -68.248  -12.886 0.1000000015
13249  -33.439  -75.208  -11.839 0.2000000030
14125  -32.968  -74.611  -11.531 0.2000000030
14129  -33.137  -74.750  -12.494 0.2000000030
15038  -32.154  -73.469  -12.214 0.2000000030
14128  -32.818  -74.113  -12.950 0.2000000030
15962  -31.544  -72.076  -11.431 0.1000000015
126116  -31.681  -72.300  -12.154 0.2000000030
18808  -31.494  -69.801  -11.197 0.1000000015
18809  -31.778  -69.089  -11.809 0.1000000015
19825  -32.428  -68.453  -12.416 0.1000000015
20818  -32.970  -67.718  -12.333 0.1000000015
20819  -33.908  -67.568  -12.426 0.1000000015
19816  -31.591  -69.040  -10.817 0.1000000015
19817  -32.016  -68.267  -11.406 0.1000000015
126735  -32.467  -67.967  -11.998 0.1000000015
116608  -31.518  -69.022  -9.876 0.1000000015
19813  -31.634  -68.282  -10.383 0.1000000015
20799  -32.000  -67.554  -10.801 0.1000000015
16078  -41.208  -72.543  -21.479 0.4000000060
16984  -41.137  -70.935  -21.483 0.5000000000
17946  -40.922  -70.239  -21.390 0.5000000000
16079  -41.813  -71.580  -21.378 0.4000000060
113158  -40.729  -71.656  -21.565 0.6000000238
15157  -41.624  -73.402  -21.435 0.5000000000
15159  -43.014  -72.712  -21.172 0.4000000060
118923  -42.447  -73.442  -21.339 0.4000000060
12498  -41.813  -76.251  -22.260 0.5000000000
121182  -40.744  -73.465  -21.425 0.6000000238
12518  -40.418  -76.579  -22.525 0.5000000000
10972  -40.516  -78.127  -23.351 0.3000000119
10991  -39.479  -78.470  -24.283 0.5000000000
13367  -41.408  -75.215  -21.752 0.5000000000
10275  -41.587  -79.108  -23.377 0.5000000000
12497  -40.899  -75.960  -22.244 0.5000000000
128704  -39.722  -77.642  -22.950 0.4000000060
119793  -36.162  -76.575  -22.765 0.4000000060
12533  -35.575  -77.033  -23.137 0.4000000060
115028  -35.777  -75.951  -22.437 0.4000000060
14249  -34.841  -74.339  -21.763 0.4000000060
10918  -43.564  -78.704  -19.759 0.2000000030
16969  -42.681  -71.212  -20.667 0.5000000000
15158  -42.188  -72.567  -21.388 0.4000000060
115503  -39.233  -68.777  -21.457 0.3000000119
16076  -39.271  -72.700  -21.510 0.6000000238
122919  -38.670  -67.765  -20.157 0.4000000060
19948  -38.691  -68.334  -21.055 0.4000000060
14254  -39.780  -74.764  -21.462 0.6000000238
128034  -41.237  -74.160  -21.439 0.6000000238
13366  -40.412  -75.309  -21.880 0.5000000000
11718  -40.253  -77.363  -22.781 0.5000000000
17944  -38.018  -69.812  -21.634 0.4000000060
16981  -38.120  -71.363  -21.522 0.5000000000
119874  -39.145  -74.266  -21.369 0.6000000238
13365  -39.678  -75.509  -21.972 0.5000000000
12516  -38.538  -76.653  -22.655 0.5000000000
13388  -39.722  -76.085  -22.379 0.5000000000
16074  -37.628  -73.029  -21.451 0.5000000000
14252  -37.458  -74.660  -21.536 0.4000000060
14253  -38.328  -74.316  -21.401 0.5000000000
19930  -37.099  -68.421  -20.547 0.4000000060
16980  -37.219  -71.642  -21.460 0.5000000000
14251  -36.743  -74.854  -21.666 0.4000000060
13363  -37.293  -75.402  -21.908 0.5000000000
122617  -36.477  -71.170  -21.453 0.5000000000
14250  -35.912  -74.480  -21.642 0.4000000060
15152  -36.149  -73.645  -21.448 0.4000000060
125158  -35.898  -69.998  -21.487 0.4000000060
113986  -36.426  -71.964  -21.423 0.4000000060
15151  -35.348  -73.550  -21.495 0.4000000060
16048  -42.087  -71.936  -19.513 0.5000000000
16958  -43.164  -71.853  -20.362 0.4000000060
117623  -42.264  -75.854  -21.963 0.5000000000
17913  -38.663  -70.291  -18.893 0.5000000000
14257  -42.647  -74.295  -21.221 0.5000000000
20883  -36.540  -67.346  -17.372 0.3000000119
20882  -35.882  -67.345  -18.008 0.3000000119
19929  -36.056  -68.586  -20.579 0.3000000119
19916  -35.206  -68.213  -20.019 0.3000000119
18926  -35.465  -69.491  -21.394 0.3000000119
118044  -34.877  -70.945  -21.593 0.4000000060
16978  -34.478  -71.794  -21.551 0.4000000060
19943  -33.976  -68.866  -21.719 0.2000000030
20924  -33.673  -67.361  -20.704 0.2000000030
120663  -33.357  -65.310  -22.041 0.1000000015
16047  -40.796  -72.020  -19.428 0.4000000060
15134  -44.099  -73.355  -20.106 0.4000000060
119705  -43.173  -73.523  -21.052 0.5000000000
16953  -39.065  -70.798  -19.209 0.5000000000
21910  -35.056  -66.857  -17.854 0.2000000030
21908  -33.771  -66.038  -18.356 0.1000000015
20925  -34.293  -67.877  -20.338 0.2000000030
22885  -33.406  -65.783  -19.114 0.1000000015
20911  -33.821  -67.119  -19.817 0.2000000030
23842  -33.317  -64.421  -18.494 0.1000000015
121822  -33.340  -65.844  -19.861 0.1000000015
21933  -33.392  -66.408  -20.434 0.1000000015
111026  -33.113  -67.226  -22.016 0.1000000015
23856  -33.325  -64.249  -19.446 0.1000000015
22904  -33.235  -65.843  -21.289 0.1000000015
109929  -33.506  -63.756  -20.256 0.1000000015
24749  -33.853  -63.259  -20.774 0.1000000015
12451  -44.645  -76.722  -17.890 0.3000000119
120714  -44.265  -75.273  -18.646 0.3000000119
14209  -44.536  -74.897  -17.058 0.3000000119
15093  -43.307  -74.118  -18.075 0.3000000119
120179  -44.539  -75.227  -17.729 0.3000000119
14218  -43.852  -74.554  -18.520 0.3000000119
15109  -43.862  -73.590  -19.346 0.3000000119
119262  -43.485  -73.464  -18.971 0.3000000119
15119  -43.042  -72.730  -19.362 0.3000000119
15092  -42.372  -73.982  -17.913 0.3000000119
16051  -44.084  -72.922  -19.724 0.3000000119
16046  -39.799  -71.991  -19.412 0.4000000060
15105  -40.689  -73.478  -18.613 0.4000000060
16033  -41.205  -72.823  -19.156 0.4000000060
107513  -37.146  -70.258  -18.368 0.4000000060
16045  -38.818  -71.788  -19.388 0.4000000060
17904  -36.363  -70.740  -18.629 0.4000000060
124268  -34.676  -65.548  -16.161 0.2000000030
119820  -34.992  -64.867  -15.159 0.2000000030
117752  -34.223  -65.158  -16.305 0.1000000015
23832  -33.488  -64.686  -17.655 0.1000000015
24686  -33.700  -64.133  -17.001 0.1000000015
24708  -33.876  -63.323  -17.300 0.1000000015
24720  -33.396  -63.576  -18.722 0.1000000015
25654  -33.661  -63.006  -18.114 0.1000000015
25700  -33.740  -62.751  -19.674 0.1000000015
25701  -34.135  -62.123  -19.407 0.1000000015
26655  -35.203  -61.135  -19.411 0.1000000015
13301  -44.543  -74.991  -15.839 0.2000000030
14192  -44.010  -74.650  -16.056 0.2000000030
12428  -44.636  -75.790  -16.727 0.2000000030
109393  -37.543  -69.228  -14.342 0.1000000015
21837  -36.552  -66.504  -14.363 0.1000000015
23789  -35.327  -64.182  -14.700 0.1000000015
23816  -34.149  -64.404  -16.195 0.1000000015
129172  -35.068  -61.536  -18.101 0.1000000015
14174  -44.409  -74.873  -15.082 0.2000000030
14173  -42.872  -74.437  -15.194 0.2000000030
123674  -43.812  -74.578  -15.284 0.3000000119
15101  -36.848  -73.070  -18.603 0.3000000119
17874  -34.040  -70.492  -16.242 0.3000000119
124694  -34.067  -71.094  -16.921 0.3000000119
21821  -37.653  -67.571  -12.872 0.1000000015
23766  -39.172  -65.841  -12.279 0.1000000015
112965  -37.287  -65.199  -13.358 0.1000000015
23765  -37.805  -64.668  -13.201 0.1000000015
23777  -38.717  -64.674  -12.861 0.1000000015
23779  -40.644  -64.840  -13.036 0.1000000015
23769  -41.217  -65.819  -12.586 0.1000000015
23776  -36.808  -64.351  -13.749 0.1000000015
24637  -38.361  -63.836  -13.430 0.1000000015
123224  -36.079  -63.908  -14.254 0.1000000015
14151  -38.840  -74.926  -14.916 0.2000000030
113348  -40.933  -74.475  -14.306 0.2000000030
124964  -37.614  -75.203  -14.450 0.3000000119
15087  -35.386  -73.196  -17.706 0.3000000119
16927  -33.531  -71.778  -16.815 0.3000000119
15086  -34.590  -73.059  -17.274 0.3000000119
14184  -35.872  -74.300  -16.472 0.3000000119
14185  -36.698  -74.476  -16.580 0.3000000119
20821  -37.753  -68.665  -12.073 0.2000000030
24649  -39.038  -63.332  -13.759 0.1000000015
23792  -41.759  -64.571  -14.143 0.1000000015
124282  -39.662  -63.133  -14.205 0.1000000015
121624  -36.914  -62.850  -14.416 0.1000000015
25593  -37.194  -62.531  -14.706 0.1000000015
25614  -36.831  -62.179  -15.274 0.1000000015
26572  -37.329  -61.746  -15.925 0.1000000015
13272  -37.242  -75.431  -13.348 0.3000000119
113554  -37.873  -75.234  -13.754 0.3000000119
13287  -36.374  -75.202  -14.432 0.3000000119
15077  -34.134  -73.158  -16.718 0.3000000119
15068  -34.449  -73.727  -16.073 0.3000000119
16919  -32.691  -71.661  -16.172 0.3000000119
15996  -32.104  -71.899  -15.413 0.3000000119
17857  -32.252  -71.024  -15.254 0.2000000030
18819  -36.745  -69.615  -12.487 0.2000000030
124533  -37.098  -69.422  -12.268 0.2000000030
19830  -37.370  -68.977  -11.815 0.2000000030
121068  -37.962  -76.527  -11.626 0.1000000015
12379  -35.720  -76.094  -12.142 0.2000000030
14150  -35.927  -75.003  -15.085 0.3000000119
14141  -35.017  -74.899  -14.173 0.3000000119
15988  -31.925  -72.205  -14.722 0.3000000119
15989  -32.393  -72.655  -15.134 0.3000000119
126291  -31.937  -70.904  -14.572 0.2000000030
17842  -32.364  -70.317  -14.420 0.2000000030
13251  -35.198  -75.614  -12.605 0.3000000119
16899  -31.633  -71.478  -13.727 0.2000000030
17832  -31.600  -70.203  -12.970 0.1000000015
16898  -31.523  -71.086  -13.030 0.1000000015
124992  -34.221  -68.344  -12.906 0.1000000015
13250  -33.892  -75.254  -12.398 0.3000000119
116906  -33.268  -74.352  -13.255 0.3000000119
15046  -32.357  -73.434  -13.025 0.2000000030
16888  -31.538  -71.576  -12.199 0.1000000015
16879  -31.456  -71.216  -11.414 0.1000000015
14124  -32.526  -74.119  -12.296 0.2000000030
16872  -31.606  -71.663  -10.662 0.1000000015
11008  -39.998  -78.744  -25.096 0.3000000119
9594  -39.534  -80.389  -25.205 0.3000000119
10287  -40.134  -79.063  -25.330 0.3000000119
7518  -34.703  -82.563  -25.629 0.2000000030
6809  -33.214  -83.930  -26.237 0.2000000030
8917  -38.634  -81.186  -25.479 0.4000000060
8239  -37.097  -82.910  -25.184 0.3000000119
11020  -39.557  -79.099  -25.535 0.4000000060
7507  -36.246  -82.852  -24.452 0.3000000119
11007  -39.255  -78.872  -24.973 0.4000000060
9605  -38.401  -80.200  -26.285 0.4000000060
8238  -36.081  -83.097  -25.340 0.3000000119
6811  -34.327  -83.292  -26.205 0.2000000030
10286  -38.775  -79.364  -25.558 0.4000000060
9617  -38.704  -79.618  -25.936 0.4000000060
8249  -36.844  -82.396  -26.400 0.4000000060
11006  -38.422  -79.068  -24.609 0.4000000060
8938  -37.398  -81.191  -26.975 0.4000000060
8248  -35.955  -83.179  -26.257 0.3000000119
6829  -34.676  -83.928  -26.563 0.3000000119
8939  -37.443  -80.213  -26.649 0.4000000060
8260  -36.434  -81.210  -27.341 0.3000000119
123643  -35.287  -83.100  -26.310 0.4000000060
10990  -38.037  -78.502  -23.783 0.4000000060
10326  -37.227  -80.011  -26.413 0.4000000060
8259  -35.786  -81.553  -27.460 0.3000000119
10303  -37.839  -79.794  -25.953 0.4000000060
10317  -37.561  -79.942  -26.294 0.4000000060
8949  -35.896  -80.298  -26.935 0.4000000060
10989  -37.007  -78.234  -23.646 0.4000000060
108222  -36.613  -79.819  -26.735 0.4000000060
8270  -35.399  -80.780  -27.455 0.3000000119
10302  -36.872  -79.672  -25.679 0.4000000060
10316  -36.956  -79.948  -26.438 0.4000000060
9627  -35.757  -80.142  -27.017 0.4000000060
11019  -36.836  -79.379  -24.937 0.4000000060
10301  -36.106  -79.598  -26.296 0.4000000060
109443  -36.090  -79.741  -26.903 0.4000000060
8948  -34.999  -80.430  -27.682 0.3000000119
113656  -36.193  -78.715  -24.318 0.4000000060
127382  -35.685  -79.346  -26.637 0.4000000060
110384  -35.574  -79.710  -27.166 0.4000000060
121814  -34.847  -79.849  -27.909 0.3000000119
8279  -34.443  -81.647  -28.118 0.2000000030
10988  -35.943  -77.878  -23.580 0.3000000119
11018  -35.937  -79.250  -25.397 0.4000000060
125783  -35.277  -78.688  -24.737 0.4000000060
11017  -34.869  -78.800  -25.520 0.4000000060
10315  -34.979  -79.171  -26.992 0.4000000060
10332  -34.996  -79.775  -27.839 0.4000000060
8959  -34.740  -80.805  -27.945 0.2000000030
8958  -34.491  -80.918  -28.213 0.2000000030
117580  -33.258  -82.660  -28.705 0.3000000119
11730  -34.650  -77.015  -23.346 0.3000000119
11731  -35.142  -77.576  -23.572 0.3000000119
10314  -34.820  -79.456  -27.905 0.3000000119
9647  -34.450  -80.333  -28.312 0.2000000030
9637  -34.755  -79.923  -28.163 0.2000000030
8278  -33.906  -81.745  -28.315 0.2000000030
7583  -33.017  -83.424  -29.615 0.2000000030
12532  -34.924  -76.530  -22.943 0.3000000119
11747  -34.422  -77.642  -23.890 0.3000000119
11026  -34.522  -78.778  -26.475 0.4000000060
10341  -34.256  -79.834  -28.407 0.1000000015
13397  -34.052  -76.301  -23.006 0.3000000119
11746  -33.598  -77.510  -24.352 0.3000000119
11016  -33.926  -78.347  -25.698 0.2000000030
11033  -34.246  -78.830  -27.448 0.2000000030
8957  -33.913  -81.062  -28.425 0.1000000015
8277  -32.643  -82.925  -29.367 0.2000000030
11745  -32.885  -77.233  -24.918 0.2000000030
11755  -32.998  -77.691  -25.980 0.2000000030
113222  -33.589  -78.544  -27.887 0.1000000015
10340  -33.422  -79.626  -28.583 0.1000000015
8956  -32.813  -81.207  -28.582 0.1000000015
8276  -32.214  -82.286  -29.163 0.1000000015
13383  -33.969  -75.567  -22.570 0.2000000030
11729  -33.775  -76.962  -23.663 0.3000000119
15149  -33.543  -73.285  -21.965 0.2000000030
14271  -33.467  -74.859  -22.494 0.1000000015
13396  -33.257  -75.579  -22.983 0.3000000119
11032  -33.075  -78.051  -27.157 0.1000000015
120182  -32.191  -80.823  -28.707 0.1000000015
15180  -33.052  -73.895  -22.586 0.2000000030
13395  -32.632  -75.578  -23.573 0.2000000030
12530  -32.562  -76.173  -23.956 0.2000000030
12554  -32.382  -76.802  -25.559 0.1000000015
11031  -32.938  -78.111  -28.162 0.1000000015
11038  -32.675  -78.301  -28.824 0.1000000015
10339  -32.419  -79.475  -28.859 0.1000000015
8966  -31.075  -81.485  -29.612 0.1000000015
8297  -31.576  -82.943  -31.002 0.1000000015
119107  -32.321  -75.032  -23.842 0.1000000015
12544  -32.315  -76.382  -24.678 0.2000000030
12565  -32.374  -77.041  -26.265 0.1000000015
11768  -32.416  -77.520  -27.531 0.1000000015
125271  -32.291  -78.454  -29.127 0.1000000015
10338  -31.617  -79.422  -29.267 0.1000000015
9658  -30.636  -80.892  -29.963 0.1000000015
126517  -31.153  -82.463  -30.762 0.1000000015
8311  -31.380  -83.019  -32.010 0.1000000015
12573  -32.039  -76.959  -26.916 0.1000000015
11044  -31.648  -78.181  -29.560 0.1000000015
11053  -31.133  -78.855  -29.735 0.1000000015
8973  -30.229  -81.888  -31.586 0.1000000015
8310  -30.662  -82.516  -32.268 0.1000000015
19829  -36.951  -69.085  -11.834 0.2000000030
16092  -33.322  -72.484  -22.108 0.2000000030
124741  -33.032  -73.050  -22.474 0.1000000015
14278  -32.700  -74.756  -23.166 0.1000000015
120703  -32.578  -73.907  -23.334 0.1000000015
12543  -31.934  -76.150  -25.385 0.1000000015
14277  -32.365  -74.341  -23.896 0.1000000015
12564  -31.880  -76.339  -26.198 0.1000000015
11767  -31.840  -76.944  -27.773 0.1000000015
8965  -30.719  -81.888  -30.578 0.1000000015
10352  -30.804  -79.863  -29.698 0.1000000015
112386  -31.651  -76.937  -28.742 0.1000000015
9606  -39.107  -80.061  -25.927 0.4000000060
7519  -35.225  -82.771  -25.559 0.3000000119
8927  -37.753  -81.872  -25.942 0.3000000119
6812  -34.772  -83.098  -26.223 0.3000000119
110803  -38.340  -79.720  -25.897 0.4000000060
114163  -36.265  -82.309  -27.075 0.3000000119
124057  -36.670  -80.424  -26.927 0.4000000060
128528  -35.991  -80.976  -27.217 0.3000000119
11005  -37.394  -79.023  -24.298 0.4000000060
11027  -35.214  -79.072  -26.153 0.4000000060
113840  -32.951  -81.972  -28.685 0.2000000030
11003  -34.351  -78.224  -24.701 0.3000000119
10331  -34.544  -79.652  -28.286 0.2000000030
9646  -33.759  -80.332  -28.489 0.1000000015
124417  -33.498  -77.845  -25.101 0.2000000030
11025  -33.699  -78.370  -26.656 0.2000000030
10330  -33.822  -79.356  -28.511 0.1000000015
8288  -32.075  -83.011  -30.131 0.1000000015
11039  -33.375  -78.754  -28.525 0.1000000015
9645  -32.740  -80.245  -28.636 0.1000000015
12545  -32.935  -76.837  -24.096 0.3000000119
9644  -31.565  -80.416  -29.063 0.1000000015
8287  -31.394  -82.347  -29.939 0.1000000015
116316  -32.653  -73.166  -23.121 0.1000000015
13400  -32.215  -75.617  -24.214 0.1000000015
11762  -32.556  -77.470  -26.747 0.1000000015
116012  -32.047  -78.835  -29.191 0.1000000015
8296  -30.944  -82.501  -31.384 0.1000000015
11771  -32.240  -77.617  -28.419 0.1000000015
8326  -31.146  -83.074  -32.897 0.1000000015
12572  -31.654  -76.270  -27.139 0.1000000015
14280  -31.841  -75.033  -25.299 0.1000000015
9556  -40.139  -81.002  -21.430 0.3000000119
8877  -39.777  -81.361  -22.096 0.2000000030
114979  -39.195  -81.160  -21.671 0.3000000119
10263  -42.423  -79.423  -21.778 0.4000000060
9571  -41.455  -80.479  -21.937 0.2000000030
9570  -40.753  -80.876  -22.230 0.3000000119
8876  -38.327  -81.887  -22.368 0.2000000030
10974  -42.112  -78.766  -22.800 0.4000000060
8878  -40.182  -81.150  -22.866 0.2000000030
128923  -39.322  -81.750  -22.849 0.2000000030
9568  -37.599  -81.405  -22.329 0.1000000015
8875  -37.392  -81.886  -22.770 0.2000000030
8874  -36.767  -81.668  -23.017 0.1000000015
9584  -40.791  -80.329  -23.545 0.3000000119
9567  -36.934  -81.350  -22.705 0.1000000015
8889  -38.216  -82.157  -23.249 0.2000000030
8873  -36.299  -81.214  -23.126 0.1000000015
8902  -35.649  -81.370  -23.805 0.1000000015
8210  -36.304  -81.734  -23.462 0.1000000015
8209  -35.816  -81.911  -23.969 0.1000000015
8900  -33.993  -81.372  -24.796 0.1000000015
8901  -34.796  -81.328  -24.315 0.1000000015
8224  -35.197  -81.733  -24.386 0.1000000015
116344  -33.268  -81.584  -25.492 0.1000000015
8223  -34.534  -81.754  -24.948 0.1000000015
10274  -41.115  -79.373  -24.030 0.3000000119
8904  -39.118  -81.519  -24.174 0.2000000030
8212  -37.568  -82.547  -23.811 0.2000000030
124781  -37.245  -82.342  -23.190 0.2000000030
119265  -36.596  -82.604  -23.653 0.2000000030
8236  -33.495  -82.348  -25.907 0.1000000015
8916  -32.519  -81.677  -25.835 0.1000000015
10288  -40.574  -78.914  -24.709 0.2000000030
9595  -40.597  -79.562  -24.652 0.3000000119
8903  -38.337  -82.062  -24.286 0.2000000030
8225  -35.846  -82.368  -24.181 0.2000000030
8237  -34.100  -82.228  -25.587 0.1000000015
7531  -31.648  -83.072  -26.371 0.1000000015
8235  -32.839  -82.331  -26.069 0.1000000015
125313  -40.137  -79.692  -25.199 0.3000000119
8240  -37.846  -82.345  -24.813 0.3000000119
10993  -41.035  -78.650  -24.021 0.2000000030
7506  -35.249  -82.305  -24.890 0.2000000030
7505  -34.796  -82.026  -25.115 0.1000000015
7514  -32.377  -82.989  -26.192 0.1000000015
7515  -32.972  -83.122  -26.157 0.1000000015
7517  -34.144  -82.634  -25.898 0.1000000015
113749  -31.455  -83.863  -26.534 0.1000000015
6826  -32.952  -84.760  -26.259 0.1000000015
6810  -33.829  -83.652  -26.256 0.1000000015
6825  -31.546  -84.609  -26.550 0.1000000015
6828  -34.221  -84.389  -26.386 0.1000000015
6827  -33.680  -84.893  -26.235 0.1000000015
6164  -34.091  -85.169  -26.501 0.1000000015
6161  -30.547  -85.557  -26.573 0.1000000015
6162  -31.469  -85.576  -26.598 0.1000000015
6163  -33.140  -85.611  -26.299 0.1000000015
5555  -33.622  -85.682  -26.530 0.1000000015
7551  -35.760  -82.807  -27.126 0.3000000119
107251  -32.031  -86.831  -26.632 0.1000000015
10262  -41.911  -79.785  -22.394 0.3000000119
9585  -41.424  -80.085  -22.990 0.2000000030
7516  -33.581  -82.934  -26.138 0.1000000015
7532  -32.282  -83.981  -26.260 0.1000000015
8226  -37.110  -83.013  -24.245 0.2000000030
115610  -40.057  -80.694  -24.108 0.3000000119
121025  -35.427  -82.061  -24.442 0.1000000015
123574  -30.944  -84.948  -26.697 0.1000000015
6824  -30.334  -84.795  -26.857 0.1000000015
109296  -32.400  -86.051  -26.510 0.1000000015
4964  -32.687  -86.806  -27.702 0.1000000015
4978  -32.123  -87.282  -28.294 0.1000000015
5585  -32.541  -86.665  -28.660 0.2000000030
4977  -31.508  -87.669  -28.780 0.1000000015
6200  -34.123  -85.058  -27.733 0.2000000030
128138  -33.801  -85.252  -28.250 0.2000000030
4991  -31.973  -87.106  -29.154 0.2000000030
114312  -33.478  -85.533  -28.619 0.1000000015
4990  -31.324  -87.397  -29.552 0.1000000015
5602  -32.902  -86.030  -29.218 0.2000000030
6210  -33.311  -85.203  -29.427 0.1000000015
6848  -34.993  -83.969  -27.256 0.2000000030
5008  -31.762  -86.855  -29.888 0.1000000015
5613  -32.283  -86.161  -30.089 0.1000000015
7550  -35.277  -83.058  -27.552 0.2000000030
6860  -34.399  -84.089  -27.899 0.2000000030
6869  -33.810  -84.608  -28.739 0.1000000015
5614  -33.078  -84.875  -30.110 0.1000000015
6870  -33.946  -83.508  -28.546 0.1000000015
113533  -33.496  -83.816  -29.313 0.1000000015
8258  -35.308  -81.875  -27.688 0.2000000030
7564  -34.722  -82.345  -27.964 0.2000000030
7571  -34.214  -82.710  -28.157 0.2000000030
6882  -33.153  -84.102  -30.084 0.1000000015
8269  -34.894  -81.207  -27.807 0.2000000030
7570  -33.497  -83.064  -28.694 0.1000000015
6892  -32.685  -84.519  -30.677 0.1000000015
6847  -34.537  -84.776  -26.907 0.1000000015
6199  -33.707  -85.720  -27.762 0.1000000015
9558  -41.847  -80.270  -21.206 0.2000000030
12439  -44.817  -75.841  -17.316 0.2000000030
11627  -44.175  -77.366  -17.665 0.1000000015
13273  -38.844  -75.090  -13.369 0.1000000015
13291  -44.191  -75.168  -13.009 0.1000000015
12403  -44.171  -75.453  -13.911 0.1000000015
107558  -44.363  -75.087  -14.174 0.1000000015
13254  -39.251  -75.467  -12.573 0.2000000030
13274  -40.212  -74.980  -12.777 0.1000000015
13275  -43.822  -75.375  -12.349 0.1000000015
14153  -40.574  -74.627  -13.529 0.1000000015
14142  -42.637  -74.574  -12.839 0.1000000015
14155  -43.425  -74.583  -13.382 0.1000000015
122906  -43.999  -75.044  -12.510 0.1000000015
10233  -42.440  -79.653  -20.650 0.2000000030
14156  -44.154  -74.908  -13.118 0.1000000015
14154  -42.115  -74.490  -13.899 0.1000000015
117930  -38.123  -75.404  -12.957 0.2000000030
12438  -44.502  -76.504  -17.178 0.1000000015
13290  -43.979  -75.591  -12.987 0.1000000015
124529  -41.542  -74.536  -13.360 0.1000000015
10232  -41.838  -79.933  -20.489 0.1000000015
10249  -41.347  -80.379  -20.793 0.1000000015
13239  -33.575  -75.255  -11.127 0.1000000015
12372  -34.603  -76.071  -11.098 0.1000000015
12365  -34.856  -76.454  -10.556 0.1000000015
12373  -35.418  -76.487  -11.250 0.1000000015
11552  -37.018  -77.423  -10.534 0.1000000015
13240  -34.955  -75.911  -11.854 0.1000000015
13227  -34.175  -75.766  -9.488 0.1000000015
12362  -34.764  -76.508  -9.848 0.1000000015
12363  -35.455  -76.982  -9.488 0.1000000015
11543  -36.867  -77.802  -9.547 0.1000000015
13230  -34.271  -76.086  -10.323 0.1000000015
11551  -36.047  -77.428  -9.931 0.1000000015
11553  -38.115  -77.674  -10.174 0.1000000015
13226  -33.815  -75.420  -10.352 0.1000000015
12360  -37.174  -77.417  -7.823 0.1000000015
13223  -34.835  -75.412  -8.725 0.1000000015
13228  -34.967  -76.347  -9.100 0.1000000015
12358  -35.674  -76.830  -8.732 0.1000000015
12359  -36.382  -77.171  -8.325 0.1000000015
11539  -36.112  -77.441  -9.042 0.1000000015
10800  -37.675  -78.191  -8.202 0.1000000015
14116  -33.379  -74.685  -10.608 0.1000000015
15024  -32.953  -73.916  -10.792 0.1000000015
13224  -36.111  -75.468  -8.013 0.1000000015
110732  -36.151  -76.325  -8.116 0.1000000015
12351  -36.721  -76.647  -7.796 0.1000000015
14110  -34.240  -74.760  -8.971 0.1000000015
109022  -33.392  -73.999  -10.024 0.1000000015
15032  -32.433  -73.742  -11.556 0.1000000015
110663  -38.239  -68.198  -11.672 0.1000000015
15018  -33.365  -73.399  -9.492 0.1000000015
114081  -32.347  -73.221  -10.811 0.1000000015
15963  -31.894  -72.923  -11.622 0.1000000015
19828  -36.121  -68.952  -12.227 0.1000000015
19819  -37.166  -68.705  -11.417 0.1000000015
21803  -39.325  -67.744  -11.268 0.1000000015
21802  -38.724  -67.857  -11.442 0.1000000015
110439  -35.519  -75.918  -8.473 0.1000000015
13209  -36.805  -75.643  -7.615 0.1000000015
113421  -37.367  -76.429  -7.369 0.1000000015
12374  -37.121  -76.879  -11.346 0.1000000015
12366  -35.418  -76.875  -10.320 0.1000000015
11560  -36.181  -77.037  -10.881 0.1000000015
14109  -33.734  -74.780  -9.762 0.1000000015
15019  -33.875  -73.990  -9.298 0.1000000015
20808  -37.717  -68.304  -11.319 0.1000000015
126036  -33.487  -71.188  -22.125 0.1000000015
16995  -33.080  -70.953  -22.656 0.1000000015
17939  -33.585  -70.400  -22.214 0.1000000015
11699  -38.814  -78.143  -20.885 0.1000000015
11698  -37.922  -78.173  -21.107 0.1000000015
10952  -38.622  -79.123  -21.134 0.1000000015
11675  -37.895  -77.271  -20.717 0.1000000015
129067  -37.146  -78.521  -21.253 0.1000000015
10953  -39.765  -79.048  -20.841 0.1000000015
12483  -38.124  -76.736  -20.193 0.1000000015
11677  -39.749  -77.328  -20.263 0.1000000015
11700  -39.526  -77.879  -20.646 0.1000000015
112721  -37.172  -76.922  -20.457 0.1000000015
117158  -37.324  -76.597  -19.708 0.1000000015
12484  -39.035  -76.796  -20.010 0.1000000015
12463  -36.577  -76.509  -19.028 0.1000000015
12464  -38.295  -76.633  -19.492 0.1000000015
8097  -35.403  -82.696  -12.138 0.1000000015
8087  -35.079  -82.057  -11.766 0.1000000015
8780  -32.496  -81.233  -13.789 0.1000000015
9488  -32.346  -80.512  -14.208 0.1000000015
10154  -32.299  -79.767  -14.751 0.1000000015
129171  -31.970  -79.326  -15.371 0.1000000015
108666  -31.265  -79.181  -15.769 0.1000000015
10864  -32.155  -78.734  -15.832 0.1000000015
12482  -36.263  -76.647  -20.024 0.1000000015
12462  -35.621  -76.487  -19.284 0.1000000015
9555  -38.403  -80.642  -21.628 0.1000000015
121726  -30.763  -78.762  -16.312 0.1000000015
10894  -31.717  -77.819  -16.924 0.1000000015
11636  -32.871  -76.857  -17.979 0.1000000015
12461  -34.682  -76.491  -19.580 0.1000000015
12446  -35.018  -76.552  -18.548 0.1000000015
12447  -35.891  -76.706  -18.380 0.1000000015
12448  -37.580  -76.635  -18.823 0.1000000015
9569  -38.372  -81.341  -21.966 0.1000000015
10878  -30.039  -78.725  -16.766 0.1000000015
11635  -31.462  -76.928  -18.356 0.1000000015
11638  -34.489  -76.834  -17.846 0.1000000015
11639  -35.300  -76.982  -17.729 0.1000000015
8766  -34.317  -81.662  -12.039 0.1000000015
8765  -33.609  -81.355  -12.521 0.1000000015
9450  -33.531  -80.688  -13.026 0.1000000015
125954  -40.689  -77.692  -20.030 0.1000000015
10927  -40.438  -78.193  -20.476 0.1000000015
9470  -32.916  -80.596  -13.630 0.1000000015
9489  -32.821  -79.998  -14.148 0.1000000015
109702  -39.290  -80.299  -21.223 0.1000000015
10895  -32.540  -77.614  -17.019 0.1000000015
11617  -33.301  -77.374  -17.264 0.1000000015
11637  -33.681  -76.804  -17.927 0.1000000015
116307  -34.129  -77.957  -16.841 0.1000000015
116624  -34.063  -77.284  -17.341 0.1000000015
11618  -34.754  -77.541  -17.242 0.1000000015
11640  -36.850  -76.950  -18.066 0.1000000015
8088  -35.793  -81.747  -11.457 0.1000000015
8767  -35.099  -81.275  -11.811 0.1000000015
8750  -36.659  -81.473  -11.172 0.1000000015
111895  -37.578  -81.275  -10.906 0.1000000015
108131  -41.513  -78.215  -19.410 0.1000000015
9451  -34.364  -80.759  -12.416 0.1000000015
10928  -41.480  -78.854  -20.075 0.1000000015
9471  -34.157  -80.292  -13.213 0.1000000015
12465  -39.143  -76.917  -19.292 0.1000000015
10954  -40.975  -79.607  -20.556 0.1000000015
10138  -33.551  -80.093  -13.865 0.1000000015
10155  -33.116  -79.568  -14.615 0.1000000015
10865  -33.156  -78.611  -16.004 0.1000000015
10896  -33.260  -78.021  -16.665 0.1000000015
10880  -33.889  -78.439  -16.429 0.1000000015
11619  -35.596  -77.767  -17.154 0.1000000015
119510  -36.028  -77.175  -17.693 0.1000000015
10881  -34.557  -78.591  -16.450 0.1000000015
10897  -34.963  -78.217  -16.800 0.1000000015
9438  -35.977  -80.957  -11.595 0.1000000015
9439  -36.945  -80.616  -11.496 0.1000000015
8751  -38.359  -81.123  -10.838 0.1000000015
8752  -39.109  -81.338  -10.710 0.1000000015
11654  -39.885  -77.399  -18.847 0.1000000015
12485  -39.891  -77.166  -19.778 0.1000000015
9452  -35.427  -80.461  -12.197 0.1000000015
10248  -40.506  -80.396  -20.903 0.1000000015
9472  -35.024  -79.967  -13.116 0.1000000015
11620  -36.507  -77.668  -17.305 0.1000000015
12449  -38.506  -76.897  -18.672 0.1000000015
10898  -35.560  -78.334  -16.709 0.1000000015
10172  -33.550  -79.181  -15.306 0.1000000015
10866  -34.114  -78.889  -16.009 0.1000000015
10867  -34.903  -79.090  -16.034 0.1000000015
9440  -37.960  -80.598  -11.341 0.1000000015
12450  -39.218  -77.239  -18.511 0.1000000015
121002  -42.211  -79.534  -20.058 0.1000000015
10899  -36.177  -78.205  -16.814 0.1000000015
11621  -37.418  -77.609  -17.362 0.1000000015
10174  -35.276  -79.421  -15.427 0.1000000015
10139  -34.451  -79.910  -13.926 0.1000000015
10156  -33.970  -79.587  -14.599 0.1000000015
10173  -34.457  -79.324  -15.380 0.1000000015
11642  -38.835  -77.395  -17.914 0.1000000015
11644  -40.574  -77.653  -18.268 0.1000000015
11622  -38.373  -77.651  -17.277 0.1000000015
115157  -36.237  -80.285  -11.981 0.1000000015
120097  -36.543  -78.463  -16.478 0.1000000015
10900  -36.955  -78.166  -16.871 0.1000000015
11597  -37.834  -78.060  -16.720 0.1000000015
9473  -36.130  -79.755  -12.809 0.1000000015
10868  -35.646  -79.050  -15.973 0.1000000015
10883  -35.937  -78.630  -16.407 0.1000000015
10175  -36.040  -79.260  -15.339 0.1000000015
10157  -34.844  -79.651  -14.729 0.1000000015
11624  -40.199  -77.636  -17.431 0.1000000015
11625  -41.155  -77.669  -17.642 0.1000000015
11598  -38.835  -77.962  -16.511 0.1000000015
9453  -36.937  -79.899  -12.293 0.1000000015
10870  -37.336  -78.554  -15.582 0.1000000015
10885  -38.032  -78.316  -16.029 0.1000000015
10869  -36.492  -78.784  -15.920 0.1000000015
10884  -37.201  -78.430  -16.306 0.1000000015
10140  -35.816  -79.558  -13.834 0.1000000015
11600  -40.678  -77.562  -16.883 0.1000000015
11599  -39.791  -77.705  -16.730 0.1000000015
9454  -37.624  -80.110  -11.996 0.1000000015
11591  -41.114  -77.118  -16.081 0.1000000015
8753  -41.974  -81.519  -11.805 0.1000000015
127540  -41.270  -81.270  -11.646 0.1000000015
126674  -39.662  -81.046  -11.234 0.1000000015
119981  -40.194  -81.490  -10.897 0.1000000015
8781  -33.002  -81.263  -13.108 0.1000000015
10171  -32.699  -79.164  -15.307 0.1000000015
10188  -31.512  -78.431  -16.332 0.1000000015
10893  -30.855  -78.189  -16.883 0.1000000015
10879  -32.404  -78.161  -16.454 0.1000000015
11616  -32.561  -77.221  -17.523 0.1000000015
12444  -33.275  -76.490  -18.699 0.1000000015
12445  -34.143  -76.486  -18.657 0.1000000015
12480  -34.116  -76.717  -20.181 0.1000000015
10882  -35.245  -78.700  -16.421 0.1000000015
11643  -39.677  -77.542  -17.988 0.1000000015
11641  -37.930  -77.157  -18.014 0.1000000015
11623  -39.295  -77.641  -17.244 0.1000000015
10852  -36.783  -78.897  -15.093 0.1000000015
124203  -41.369  -82.065  -11.341 0.1000000015
127042  -21.831  -90.867  -28.526 0.1000000015
120577  -22.256  -92.792  -27.977 0.1000000015
128260  -20.925  -86.278  -31.255 0.1000000015
5609  -21.105  -86.772  -30.922 0.1000000015
5002  -21.890  -87.086  -30.846 0.1000000015
110255  -21.732  -87.756  -30.432 0.1000000015
3857  -21.522  -89.750  -29.209 0.1000000015
6226  -21.284  -85.774  -31.763 0.1000000015
6900  -21.061  -84.850  -32.836 0.1000000015
6916  -21.201  -84.683  -33.698 0.1000000015
3338  -22.567  -91.446  -28.576 0.1000000015
2422  -22.904  -93.027  -27.692 0.1000000015
125418  -22.672  -93.262  -27.057 0.1000000015
3846  -23.392  -90.457  -29.212 0.1000000015
4429  -21.804  -88.949  -29.650 0.1000000015
3845  -22.154  -90.290  -28.769 0.1000000015
120003  -22.014  -93.360  -27.217 0.1000000015
5018  -21.908  -86.402  -31.476 0.1000000015
4428  -21.034  -89.327  -29.675 0.1000000015
4448  -21.073  -88.509  -30.156 0.1000000015
6254  -21.810  -85.481  -33.445 0.1000000015
6264  -21.879  -85.343  -34.512 0.1000000015
5582  -25.042  -86.037  -27.925 0.1000000015
4958  -23.755  -87.957  -27.068 0.1000000015
5566  -25.687  -86.785  -27.600 0.1000000015
2423  -23.631  -92.774  -28.075 0.1000000015
2408  -23.875  -92.537  -26.953 0.1000000015
114770  -23.152  -91.999  -26.481 0.1000000015
3823  -23.438  -89.824  -26.509 0.1000000015
4387  -23.803  -88.875  -26.716 0.1000000015
4402  -24.399  -88.456  -27.009 0.1000000015
2862  -24.096  -92.332  -28.631 0.1000000015
109181  -22.880  -90.726  -26.425 0.1000000015
3339  -23.803  -91.759  -29.116 0.1000000015
2847  -22.416  -92.689  -26.564 0.1000000015
4430  -22.913  -88.833  -29.876 0.1000000015
3858  -22.532  -89.525  -29.291 0.1000000015
6241  -21.575  -85.519  -32.542 0.1000000015
6179  -25.898  -85.871  -27.883 0.1000000015
5565  -24.760  -86.871  -27.581 0.1000000015
3319  -24.036  -91.069  -26.543 0.1000000015
3824  -24.479  -89.947  -26.633 0.1000000015
4388  -24.849  -89.215  -26.767 0.1000000015
2848  -23.956  -92.094  -26.563 0.1000000015
2416  -24.264  -92.447  -27.749 0.1000000015
124130  -23.252  -88.343  -30.506 0.1000000015
5003  -22.919  -87.623  -30.834 0.1000000015
5019  -22.897  -86.944  -31.578 0.1000000015
5623  -22.841  -86.494  -32.251 0.1000000015
5635  -22.162  -86.040  -32.315 0.1000000015
4959  -24.537  -87.739  -27.296 0.1000000015
115069  -23.478  -89.561  -29.801 0.1000000015
115136  -23.767  -87.040  -27.478 0.1000000015
2854  -24.765  -92.016  -28.375 0.1000000015
3340  -24.609  -91.652  -29.047 0.1000000015
5581  -24.160  -86.181  -27.949 0.1000000015
3860  -24.843  -90.296  -30.227 0.1000000015
3861  -25.394  -90.212  -29.806 0.1000000015
4434  -26.142  -88.768  -29.321 0.1000000015
4403  -25.197  -88.533  -26.998 0.1000000015
3320  -25.287  -90.762  -26.577 0.1000000015
2850  -25.318  -91.272  -26.845 0.1000000015
3341  -25.404  -91.351  -28.369 0.1000000015
3328  -25.851  -91.091  -27.370 0.1000000015
3357  -25.068  -90.873  -29.342 0.1000000015
3847  -25.766  -90.639  -28.678 0.1000000015
3321  -26.092  -90.677  -26.761 0.1000000015
112657  -25.381  -89.961  -26.530 0.1000000015
3825  -26.152  -90.228  -26.541 0.1000000015
3329  -26.479  -90.589  -27.224 0.1000000015
2855  -25.074  -91.712  -27.586 0.1000000015
4433  -25.468  -89.335  -30.347 0.1000000015
3342  -26.072  -90.875  -27.874 0.1000000015
2415  -23.436  -92.946  -27.340 0.1000000015
2849  -24.543  -91.943  -26.962 0.1000000015
2861  -23.284  -92.535  -28.452 0.1000000015
4389  -25.813  -89.478  -26.481 0.1000000015
4432  -25.072  -89.804  -30.681 0.1000000015
4437  -31.006  -87.965  -29.180 0.1000000015
4449  -22.261  -88.246  -30.157 0.1000000015
5553  -31.696  -86.417  -26.592 0.1000000015
5586  -33.204  -86.264  -28.140 0.1000000015
5601  -32.290  -86.545  -29.419 0.2000000030
5636  -22.856  -86.277  -32.921 0.1000000015
6198  -26.040  -84.992  -28.087 0.1000000015
6861  -34.789  -83.341  -27.851 0.2000000030
6915  -20.545  -84.042  -33.920 0.1000000015
6930  -30.173  -84.523  -34.115 0.1000000015
6941  -30.293  -84.103  -35.018 0.1000000015
7533  -35.267  -83.525  -26.782 0.4000000060
7563  -34.373  -83.143  -28.156 0.1000000015
7615  -28.733  -83.575  -33.243 0.1000000015
7645  -30.899  -83.080  -35.379 0.1000000015
8211  -36.754  -82.038  -23.248 0.2000000030
8222  -33.940  -81.864  -25.387 0.1000000015
8234  -32.126  -82.258  -26.176 0.1000000015
8367  -30.222  -82.440  -36.719 0.1000000015
8928  -38.089  -80.928  -26.496 0.3000000119
8955  -31.756  -81.505  -29.003 0.1000000015
8995  -29.345  -81.147  -33.754 0.1000000015
9066  -29.730  -81.396  -37.232 0.1000000015
9557  -41.066  -80.671  -21.298 0.3000000119
9628  -36.590  -80.108  -26.626 0.4000000060
9648  -34.794  -80.327  -28.021 0.2000000030
9689  -29.417  -80.679  -34.336 0.1000000015
9699  -31.223  -79.080  -36.370 0.1000000015
9729  -30.687  -79.424  -36.802 0.1000000015
10285  -37.777  -79.486  -25.219 0.4000000060
10304  -39.510  -79.372  -25.635 0.4000000060
10318  -38.006  -79.911  -26.213 0.4000000060
10325  -35.416  -79.665  -27.393 0.4000000060
10361  -29.351  -79.183  -32.148 0.2000000030
10362  -29.648  -79.825  -31.055 0.2000000030
10400  -31.735  -78.603  -36.471 0.1000000015
10427  -30.870  -78.978  -37.280 0.1000000015
11004  -35.185  -78.200  -24.057 0.3000000119
11037  -32.049  -77.812  -29.145 0.1000000015
11040  -34.124  -79.129  -28.251 0.2000000030
11045  -32.923  -78.936  -28.848 0.1000000015
11089  -29.528  -78.861  -34.248 0.1000000015
11096  -30.660  -78.773  -35.368 0.1000000015
11099  -33.230  -78.407  -36.024 0.1000000015
11107  -34.080  -78.083  -36.070 0.1000000015
11117  -33.273  -78.068  -36.976 0.1000000015
11615  -31.930  -77.335  -17.545 0.1000000015
11676  -38.783  -77.253  -20.527 0.1000000015
11821  -30.834  -76.943  -33.978 0.1000000015
11832  -31.404  -77.328  -34.737 0.1000000015
11834  -34.182  -77.288  -35.337 0.1000000015
11835  -34.801  -76.991  -35.415 0.1000000015
11861  -34.661  -77.421  -36.058 0.1000000015
11862  -35.215  -76.846  -36.020 0.1000000015
11873  -33.478  -77.282  -36.628 0.1000000015
11900  -29.593  -77.212  -38.185 0.1000000015
12427  -44.335  -76.045  -16.471 0.2000000030
12487  -44.138  -75.910  -19.914 0.3000000119
12531  -33.145  -76.262  -23.507 0.3000000119
12621  -30.363  -76.351  -31.470 0.1000000015
12685  -35.515  -75.965  -35.316 0.1000000015
12701  -35.282  -76.144  -36.079 0.1000000015
12730  -30.823  -76.495  -37.707 0.1000000015
13331  -44.799  -76.020  -18.225 0.3000000119
13369  -42.944  -75.076  -21.157 0.5000000000
13384  -34.842  -75.882  -22.525 0.3000000119
13385  -37.126  -76.038  -22.378 0.5000000000
13389  -40.200  -75.854  -22.254 0.5000000000
13399  -31.910  -75.601  -24.950 0.1000000015
13458  -30.680  -75.763  -31.773 0.1000000015
13473  -33.018  -74.885  -33.023 0.1000000015
13483  -34.841  -75.349  -34.071 0.1000000015
13484  -35.567  -74.983  -33.902 0.1000000015
13485  -36.165  -74.623  -33.794 0.1000000015
13486  -36.522  -74.364  -33.937 0.1000000015
13518  -36.283  -74.578  -35.179 0.1000000015
13542  -33.213  -75.663  -36.668 0.1000000015
13544  -34.794  -75.023  -36.121 0.1000000015
13553  -31.249  -75.240  -38.001 0.1000000015
13569  -29.507  -75.451  -39.026 0.1000000015
14143  -43.701  -74.831  -12.517 0.1000000015
14226  -43.842  -74.574  -19.087 0.3000000119
14234  -43.726  -74.230  -20.295 0.5000000000
14281  -32.081  -74.858  -24.562 0.1000000015
14340  -31.707  -74.689  -31.997 0.1000000015
14341  -32.541  -74.398  -32.376 0.1000000015
14346  -37.761  -73.113  -32.326 0.1000000015
14364  -34.847  -74.743  -33.401 0.1000000015
14387  -37.050  -73.363  -33.831 0.1000000015
14411  -36.684  -74.055  -34.855 0.1000000015
14429  -35.873  -74.187  -35.845 0.1000000015
14430  -36.342  -74.202  -35.456 0.1000000015
14447  -33.493  -74.857  -36.787 0.1000000015
14450  -35.054  -73.942  -36.067 0.1000000015
14458  -31.548  -74.592  -38.170 0.1000000015
15120  -43.967  -73.015  -19.293 0.3000000119
15154  -38.152  -73.502  -21.431 0.5000000000
15220  -41.684  -73.581  -28.287 0.1000000015
15227  -32.725  -73.408  -29.869 0.1000000015
15228  -33.439  -73.264  -29.696 0.1000000015
15232  -37.236  -73.377  -29.501 0.1000000015
15233  -38.100  -73.452  -29.794 0.1000000015
15236  -41.603  -73.782  -29.189 0.1000000015
15251  -39.274  -73.828  -30.454 0.1000000015
15268  -36.483  -73.547  -31.343 0.1000000015
15281  -35.449  -73.897  -32.121 0.1000000015
15300  -37.533  -72.984  -33.382 0.1000000015
15350  -34.357  -73.536  -36.648 0.1000000015
16081  -43.280  -72.208  -20.770 0.4000000060
16140  -40.499  -72.975  -27.681 0.1000000015
16143  -43.519  -72.482  -27.860 0.1000000015
16144  -44.098  -72.191  -27.862 0.1000000015
16229  -37.347  -72.636  -34.053 0.1000000015
16957  -42.723  -71.270  -20.175 0.4000000060
16977  -33.693  -71.807  -21.826 0.4000000060
16982  -38.907  -71.206  -21.574 0.5000000000
16987  -42.950  -71.577  -20.819 0.4000000060
17053  -44.605  -71.632  -27.344 0.1000000015
17066  -44.506  -71.787  -28.132 0.1000000015
17077  -43.096  -72.308  -29.536 0.1000000015
17078  -44.428  -71.637  -28.775 0.1000000015
17991  -44.871  -71.171  -26.285 0.1000000015
17992  -45.440  -71.324  -26.375 0.1000000015
17993  -46.032  -70.853  -26.310 0.1000000015
18006  -39.013  -70.891  -27.574 0.1000000015
18009  -42.240  -70.271  -27.454 0.1000000015
18010  -43.123  -70.425  -27.207 0.1000000015
18029  -46.248  -70.475  -27.295 0.1000000015
18062  -43.517  -70.488  -30.593 0.1000000015
18077  -42.367  -70.736  -31.146 0.1000000015
18912  -41.430  -68.977  -20.154 0.5000000000
18977  -46.524  -70.045  -26.424 0.1000000015
19030  -44.760  -69.884  -29.766 0.1000000015
19975  -47.009  -68.546  -25.730 0.1000000015
19993  -48.170  -68.091  -25.834 0.1000000015
20022  -47.041  -68.050  -28.311 0.1000000015
20089  -44.414  -67.908  -32.216 0.1000000015
20971  -49.160  -66.756  -25.560 0.1000000015
20992  -48.651  -67.508  -26.131 0.1000000015
21013  -48.982  -66.720  -26.873 0.1000000015
21025  -47.567  -67.116  -28.671 0.1000000015
21987  -49.555  -66.450  -26.027 0.1000000015
22008  -50.036  -65.924  -26.251 0.1000000015
22016  -49.510  -66.083  -27.459 0.1000000015
22029  -48.572  -66.090  -28.565 0.1000000015
22961  -48.496  -65.738  -25.145 0.1000000015
22963  -50.360  -65.475  -25.948 0.1000000015
22964  -51.007  -64.974  -26.274 0.1000000015
22990  -50.590  -65.194  -27.188 0.1000000015
23907  -50.140  -65.068  -25.678 0.1000000015
23908  -50.742  -64.387  -25.844 0.1000000015
23920  -47.926  -65.029  -25.059 0.1000000015
23921  -51.128  -64.418  -26.214 0.1000000015
23953  -50.301  -64.797  -27.556 0.1000000015
25716  -33.674  -63.109  -20.124 0.1000000015
25800  -51.938  -63.177  -26.859 0.1000000015
27730  -51.676  -61.402  -26.862 0.1000000015
107924  -32.214  -76.945  -18.005 0.1000000015
108601  -35.221  -73.426  -30.016 0.1000000015
108865  -33.272  -73.560  -31.194 0.1000000015
109082  -31.860  -78.286  -36.974 0.1000000015
109915  -33.401  -84.491  -29.601 0.1000000015
110279  -31.180  -78.964  -36.921 0.1000000015
110422  -49.229  -65.471  -25.407 0.1000000015
110857  -32.254  -77.091  -34.950 0.1000000015
111520  -35.485  -75.640  -35.659 0.1000000015
111790  -32.313  -85.110  -26.428 0.1000000015
112568  -47.476  -67.359  -25.174 0.1000000015
113422  -35.329  -80.137  -27.277 0.4000000060
115609  -37.216  -73.256  -33.130 0.1000000015
115715  -40.421  -74.106  -29.522 0.1000000015
115723  -38.332  -77.659  -20.821 0.1000000015
116888  -36.821  -73.315  -21.408 0.5000000000
117020  -35.047  -77.228  -35.814 0.1000000015
117186  -20.459  -84.322  -33.134 0.1000000015
123023  -46.376  -67.087  -30.261 0.1000000015
123094  -30.264  -80.819  -37.123 0.1000000015
123768  -39.062  -79.351  -25.715 0.4000000060
123786  -52.059  -62.718  -27.058 0.1000000015
123858  -23.098  -92.892  -26.655 0.1000000015
123915  -35.617  -82.693  -24.796 0.3000000119
124315  -34.053  -75.705  -10.894 0.1000000015
124786  -46.464  -69.638  -27.588 0.1000000015
124867  -39.025  -81.651  -22.077 0.2000000030
125185  -30.188  -82.968  -36.411 0.1000000015
125244  -31.447  -78.740  -36.734 0.1000000015
125873  -29.417  -79.596  -31.670 0.2000000030
126039  -36.480  -76.134  -22.480 0.5000000000
126499  -36.537  -73.852  -32.693 0.1000000015
126521  -33.646  -78.438  -27.292 0.2000000030
126779  -24.621  -91.454  -26.654 0.1000000015
127292  -43.959  -69.995  -30.671 0.1000000015
127410  -44.748  -75.304  -17.115 0.3000000119
128032  -32.824  -85.548  -29.892 0.1000000015
128320  -35.146  -79.704  -14.077 0.1000000015
128348  -36.263  -82.127  -23.670 0.2000000030
128448  -41.224  -73.169  -27.772 0.1000000015
128606  -34.896  -74.483  -36.053 0.1000000015
128785  -31.807  -75.956  -37.219 0.1000000015
129253  -44.060  -75.494  -19.605 0.3000000119
