#!ascii label  , from subject sub-v1s12x0050113_ses-1 vox2ras=TkReg
1407
5973  -27.030  -81.978  -29.570 0.5000000000
5978  -26.232  -82.307  -29.934 0.6000000238
115955  -33.861  -79.463  -23.078 0.3000000119
5976  -24.917  -83.238  -30.014 0.5000000000
7156  -32.630  -80.995  -24.767 0.4000000060
7144  -34.096  -80.694  -24.121 0.4000000060
7739  -34.818  -80.230  -23.842 0.4000000060
8371  -34.582  -79.551  -23.506 0.3000000119
7158  -34.773  -80.315  -24.594 0.4000000060
7787  -27.164  -79.516  -30.088 0.5000000000
7796  -27.446  -80.238  -30.234 0.5000000000
6604  -27.158  -81.470  -29.973 0.5000000000
7786  -25.369  -78.694  -30.172 0.6000000238
7794  -25.801  -79.651  -30.246 0.5000000000
6603  -26.590  -81.737  -30.171 0.6000000238
9071  -33.454  -77.829  -22.439 0.3000000119
7189  -24.453  -81.314  -30.308 0.5000000000
7756  -32.388  -80.115  -25.450 0.5000000000
8362  -34.108  -78.478  -23.072 0.3000000119
7793  -25.018  -80.062  -30.190 0.6000000238
6601  -24.959  -82.521  -30.308 0.5000000000
7765  -33.271  -79.573  -25.748 0.5000000000
114791  -33.313  -80.259  -25.162 0.4000000060
7146  -35.337  -80.101  -24.215 0.4000000060
8372  -35.005  -78.669  -23.630 0.3000000119
8407  -33.350  -78.851  -26.490 0.4000000060
116085  -34.201  -79.978  -25.342 0.4000000060
7758  -35.715  -79.932  -24.882 0.4000000060
121519  -34.004  -79.337  -26.005 0.4000000060
9842  -28.523  -76.755  -28.875 0.6999999881
9133  -28.312  -77.673  -29.166 0.6999999881
122942  -27.629  -78.109  -29.429 0.6999999881
6598  -28.659  -81.420  -28.750 0.5000000000
9831  -27.013  -75.794  -29.043 0.6999999881
9840  -26.421  -76.393  -29.394 0.6999999881
9132  -26.687  -77.515  -29.552 0.8000000119
8435  -26.907  -78.595  -29.766 0.5000000000
8434  -26.062  -78.034  -30.041 0.6999999881
6592  -29.174  -81.794  -27.825 0.5000000000
9839  -25.667  -76.120  -29.460 0.6999999881
129452  -30.199  -80.906  -27.846 0.4000000060
7166  -31.107  -80.687  -26.175 0.5000000000
9784  -33.698  -76.982  -22.250 0.3000000119
8433  -24.664  -77.755  -29.868 0.6000000238
7763  -31.235  -79.696  -26.529 0.5000000000
7764  -32.235  -79.189  -26.263 0.5000000000
9072  -34.060  -77.497  -22.785 0.3000000119
8432  -23.682  -78.236  -29.595 0.5000000000
8406  -31.569  -78.796  -27.186 0.5000000000
9110  -33.266  -77.742  -28.184 0.4000000060
8417  -33.780  -78.316  -27.375 0.4000000060
7767  -35.558  -79.566  -25.598 0.4000000060
7748  -36.149  -79.516  -24.481 0.4000000060
8373  -35.903  -78.810  -24.038 0.4000000060
8418  -34.664  -78.339  -27.323 0.3000000119
8408  -34.349  -78.845  -26.600 0.4000000060
108963  -27.533  -74.770  -27.432 0.5000000000
11248  -27.765  -74.020  -28.075 0.6000000238
11249  -28.096  -73.305  -28.226 0.6000000238
10554  -28.161  -74.608  -29.010 0.6000000238
9832  -27.789  -75.664  -28.920 0.6000000238
10517  -27.410  -75.371  -25.768 0.5000000000
118265  -27.478  -76.129  -26.252 0.5000000000
10530  -27.481  -75.042  -26.657 0.6000000238
10543  -27.372  -75.139  -28.125 0.6000000238
10553  -27.631  -74.958  -28.747 0.6999999881
8441  -28.466  -79.515  -29.984 0.6000000238
10466  -32.206  -75.292  -19.225 0.3000000119
120788  -27.370  -77.414  -24.149 0.6999999881
9800  -27.460  -76.518  -25.472 0.6000000238
9812  -27.230  -76.903  -26.088 0.6000000238
9822  -27.406  -75.818  -27.159 0.6000000238
9821  -26.739  -75.793  -28.219 0.6999999881
126717  -26.201  -75.704  -29.052 0.6999999881
109936  -29.116  -79.246  -29.751 0.6000000238
7789  -29.297  -79.726  -29.551 0.6000000238
7178  -29.381  -81.042  -28.655 0.5000000000
9787  -27.594  -76.960  -23.786 0.6999999881
9084  -27.132  -77.464  -24.802 0.6000000238
9095  -26.777  -77.421  -25.560 0.6000000238
9811  -26.926  -76.544  -26.990 0.6000000238
9809  -24.820  -75.708  -27.681 0.6999999881
10552  -24.647  -75.106  -28.801 0.6999999881
7179  -30.033  -80.471  -28.450 0.5000000000
9779  -33.319  -76.547  -21.542 0.3000000119
114857  -27.194  -77.920  -22.647 0.6999999881
9076  -27.300  -77.633  -23.428 0.6000000238
110538  -26.672  -77.926  -24.130 0.6999999881
9104  -25.234  -76.734  -26.651 0.6000000238
116113  -24.615  -76.753  -29.505 0.6999999881
8438  -30.484  -78.387  -28.938 0.5000000000
118898  -31.090  -78.621  -28.116 0.5000000000
121034  -25.605  -77.839  -24.571 0.6000000238
119896  -24.412  -76.873  -25.798 0.6000000238
10541  -23.604  -74.725  -28.062 0.6000000238
9827  -22.935  -75.582  -28.543 0.6000000238
9129  -23.944  -77.134  -29.391 0.6000000238
8427  -31.464  -77.734  -28.598 0.5000000000
9077  -34.668  -77.646  -23.269 0.3000000119
112992  -25.502  -78.163  -23.601 0.6999999881
125168  -24.747  -77.778  -24.197 0.6000000238
9094  -25.657  -77.459  -25.599 0.6000000238
9103  -23.938  -75.891  -26.770 0.6000000238
9808  -22.790  -75.353  -26.388 0.5000000000
10528  -23.167  -74.915  -27.313 0.5000000000
126422  -22.150  -75.974  -28.357 0.5000000000
9128  -23.066  -77.482  -29.229 0.5000000000
8428  -32.368  -77.624  -28.376 0.5000000000
9126  -35.391  -77.451  -28.824 0.3000000119
9113  -35.767  -77.731  -27.851 0.3000000119
8419  -35.433  -78.276  -27.178 0.3000000119
8410  -36.717  -78.760  -26.072 0.4000000060
7759  -36.457  -79.570  -25.069 0.4000000060
8426  -22.145  -77.739  -29.027 0.5000000000
9139  -34.112  -77.068  -29.468 0.3000000119
9125  -34.552  -77.500  -28.869 0.3000000119
8409  -35.310  -78.973  -26.437 0.4000000060
11967  -27.190  -73.255  -25.791 0.5000000000
11231  -27.334  -73.969  -26.257 0.5000000000
11969  -28.136  -72.898  -26.183 0.5000000000
11978  -28.479  -72.873  -27.024 0.5000000000
10505  -26.683  -74.968  -24.131 0.5000000000
11220  -26.371  -73.935  -24.873 0.5000000000
10511  -27.102  -75.101  -25.022 0.5000000000
11240  -27.606  -73.682  -27.082 0.5000000000
11985  -28.238  -72.930  -27.662 0.5000000000
118346  -29.245  -73.910  -28.773 0.6000000238
10555  -29.020  -74.528  -29.025 0.6000000238
10560  -29.766  -75.425  -29.165 0.6000000238
9134  -29.195  -77.708  -29.216 0.8000000119
11166  -33.037  -73.957  -18.261 0.3000000119
10501  -27.174  -76.143  -22.497 0.6000000238
10506  -27.358  -76.241  -23.440 0.6000000238
121257  -27.416  -76.168  -24.352 0.6000000238
9844  -30.478  -76.321  -29.273 0.4000000060
11906  -33.881  -73.622  -18.735 0.3000000119
9069  -27.397  -77.562  -22.130 0.6999999881
9136  -30.862  -77.044  -29.139 0.5000000000
123515  -29.571  -78.483  -29.455 0.6000000238
10478  -33.230  -75.386  -20.452 0.3000000119
10490  -33.606  -75.794  -21.202 0.3000000119
9066  -27.185  -77.788  -21.503 0.6999999881
111274  -31.733  -76.524  -29.487 0.4000000060
9780  -34.024  -76.197  -21.957 0.3000000119
8360  -26.494  -78.272  -22.332 0.6000000238
9075  -26.552  -78.194  -23.155 0.6999999881
8439  -31.191  -77.316  -28.969 0.4000000060
9078  -35.446  -77.826  -23.695 0.3000000119
8359  -25.767  -78.443  -21.916 0.6000000238
129637  -25.101  -78.428  -22.210 0.6999999881
9082  -24.648  -77.440  -24.940 0.6000000238
9799  -23.383  -76.293  -25.753 0.5000000000
9798  -22.469  -75.973  -25.667 0.5000000000
10549  -22.261  -75.058  -27.959 0.6000000238
9137  -32.536  -76.430  -29.822 0.4000000060
9122  -32.049  -77.062  -29.080 0.4000000060
10565  -35.564  -75.630  -30.367 0.3000000119
9849  -35.454  -76.541  -29.990 0.3000000119
9835  -36.952  -76.422  -28.913 0.3000000119
9127  -36.198  -77.182  -28.681 0.3000000119
8420  -36.210  -78.136  -26.876 0.4000000060
9079  -36.282  -77.886  -24.045 0.3000000119
9073  -23.400  -77.901  -23.704 0.6000000238
9093  -23.113  -76.791  -25.096 0.5000000000
9092  -22.298  -76.920  -25.161 0.5000000000
9807  -21.775  -75.164  -26.269 0.5000000000
10539  -21.228  -75.119  -27.434 0.5000000000
9826  -21.335  -75.752  -28.082 0.6000000238
9118  -20.374  -76.528  -28.226 0.5000000000
9138  -33.399  -76.785  -29.654 0.3000000119
9848  -33.989  -76.419  -30.127 0.3000000119
113323  -23.048  -77.441  -24.549 0.5000000000
9797  -21.533  -75.940  -25.786 0.5000000000
9805  -19.927  -75.411  -26.725 0.5000000000
9102  -19.626  -76.329  -26.530 0.5000000000
11959  -26.036  -73.178  -24.664 0.5000000000
120703  -26.733  -73.093  -24.771 0.5000000000
11232  -27.971  -73.168  -25.463 0.5000000000
11233  -28.872  -73.836  -25.231 0.5000000000
119404  -28.815  -73.305  -26.320 0.5000000000
11241  -29.246  -73.327  -27.061 0.5000000000
10500  -26.117  -74.504  -23.420 0.5000000000
11960  -26.743  -73.455  -25.076 0.5000000000
11251  -30.294  -74.186  -28.095 0.4000000060
124441  -26.756  -75.394  -23.184 0.5000000000
120372  -29.732  -73.922  -28.549 0.4000000060
11157  -33.047  -74.141  -17.206 0.3000000119
12662  -34.794  -72.980  -17.333 0.3000000119
9776  -26.841  -75.976  -21.574 0.6000000238
10556  -29.955  -74.522  -29.088 0.4000000060
10561  -30.712  -75.260  -29.433 0.4000000060
127320  -27.100  -76.675  -21.018 0.6000000238
9777  -27.451  -76.948  -21.735 0.6000000238
11174  -34.073  -74.027  -19.704 0.3000000119
11181  -34.310  -74.429  -20.537 0.3000000119
9065  -26.781  -78.082  -20.856 0.6000000238
9845  -31.322  -75.917  -29.619 0.4000000060
124098  -26.431  -78.227  -20.264 0.6000000238
10563  -32.384  -75.041  -30.214 0.4000000060
128855  -32.595  -75.716  -30.273 0.4000000060
10502  -34.724  -75.779  -22.309 0.3000000119
8343  -26.147  -78.404  -20.715 0.6999999881
9847  -33.157  -76.122  -30.269 0.3000000119
9854  -34.108  -75.725  -30.467 0.3000000119
11947  -27.847  -73.287  -24.069 0.5000000000
11961  -27.348  -73.211  -25.156 0.5000000000
11223  -29.454  -74.220  -24.231 0.5000000000
11234  -30.016  -74.635  -24.937 0.4000000060
11208  -25.739  -73.586  -24.069 0.5000000000
10531  -30.676  -74.991  -25.961 0.4000000060
11242  -30.054  -74.221  -27.065 0.4000000060
11199  -25.505  -73.746  -23.048 0.6000000238
11252  -31.132  -74.534  -28.410 0.4000000060
11253  -31.821  -74.619  -28.721 0.4000000060
11907  -34.546  -73.469  -19.335 0.3000000119
128856  -34.425  -73.324  -18.744 0.3000000119
9057  -26.798  -77.710  -20.256 0.6000000238
11262  -31.488  -74.680  -29.331 0.4000000060
10562  -31.615  -75.036  -29.831 0.4000000060
11269  -32.068  -74.707  -29.899 0.4000000060
10564  -33.047  -74.920  -30.183 0.4000000060
9852  -33.039  -75.393  -30.385 0.3000000119
11277  -34.369  -74.747  -30.202 0.3000000119
8342  -25.392  -78.615  -20.559 0.6000000238
11209  -28.961  -73.791  -23.926 0.5000000000
11224  -30.430  -74.680  -24.050 0.4000000060
11945  -25.578  -72.656  -23.990 0.5000000000
11946  -26.648  -72.693  -24.137 0.5000000000
10518  -31.735  -75.396  -25.435 0.4000000060
11931  -25.135  -72.974  -22.578 0.6000000238
12746  -25.177  -71.944  -23.401 0.6000000238
10532  -31.514  -75.267  -26.488 0.4000000060
11187  -26.302  -75.010  -21.272 0.6000000238
11186  -25.680  -73.977  -21.989 0.6000000238
116540  -32.686  -75.262  -27.326 0.4000000060
10545  -32.506  -74.783  -28.372 0.4000000060
9768  -26.631  -76.000  -20.657 0.6000000238
11263  -32.263  -74.563  -29.353 0.4000000060
10558  -33.229  -74.567  -29.060 0.4000000060
11264  -34.308  -74.458  -29.213 0.4000000060
129116  -34.486  -74.835  -21.187 0.3000000119
11916  -35.584  -73.337  -20.496 0.3000000119
9046  -26.632  -77.332  -19.618 0.6000000238
11271  -34.750  -74.436  -29.886 0.4000000060
10503  -35.452  -75.322  -22.563 0.3000000119
10492  -34.915  -75.003  -21.833 0.3000000119
8329  -26.431  -78.080  -19.659 0.6000000238
8327  -24.929  -78.794  -19.574 0.6000000238
8295  -25.302  -78.488  -18.017 0.6999999881
107805  -25.724  -77.258  -17.345 0.6999999881
8313  -25.501  -78.574  -18.893 0.6000000238
9010  -25.022  -78.268  -17.202 0.6999999881
8985  -24.602  -77.864  -16.427 0.6999999881
8293  -23.868  -78.517  -17.546 0.6000000238
10435  -25.497  -76.599  -16.694 0.6999999881
9694  -25.150  -76.260  -15.893 0.6000000238
9009  -23.446  -78.174  -17.045 0.6999999881
9706  -24.963  -77.102  -16.029 0.6999999881
11948  -28.787  -73.326  -23.541 0.5000000000
11949  -29.843  -73.986  -23.517 0.5000000000
12748  -27.124  -72.001  -23.371 0.5000000000
12749  -28.271  -72.156  -23.429 0.5000000000
119825  -27.793  -72.869  -23.609 0.5000000000
11950  -31.567  -73.674  -23.432 0.5000000000
11225  -31.402  -74.893  -23.981 0.4000000060
10513  -31.769  -75.230  -24.553 0.4000000060
12731  -25.177  -72.359  -22.120 0.6000000238
12733  -25.856  -71.313  -23.056 0.6000000238
13531  -26.704  -71.156  -23.189 0.6000000238
13532  -27.554  -70.933  -23.390 0.6000000238
10519  -32.533  -75.458  -25.339 0.4000000060
13525  -26.012  -71.082  -22.504 0.6000000238
13527  -27.517  -70.531  -23.126 0.6000000238
10533  -32.404  -75.442  -26.328 0.4000000060
10464  -26.436  -76.246  -19.686 0.6000000238
11179  -26.066  -74.169  -20.894 0.6000000238
12713  -25.751  -72.655  -21.129 0.6000000238
112272  -26.605  -71.577  -21.000 0.6000000238
13514  -26.713  -70.931  -21.928 0.6000000238
10546  -33.338  -75.066  -27.772 0.4000000060
11255  -35.483  -74.354  -27.865 0.4000000060
10463  -26.159  -75.339  -19.416 0.6000000238
11171  -26.162  -74.406  -19.736 0.6000000238
12698  -26.139  -72.251  -20.777 0.6000000238
13502  -28.457  -71.119  -20.771 0.6000000238
11254  -34.116  -74.746  -28.170 0.4000000060
126361  -34.829  -74.498  -28.375 0.4000000060
9745  -26.413  -76.981  -18.984 0.6000000238
110367  -25.960  -74.945  -18.805 0.5000000000
11904  -26.233  -73.663  -19.504 0.6000000238
12699  -26.692  -72.319  -20.062 0.6000000238
13500  -27.351  -71.917  -20.008 0.6000000238
9032  -25.879  -78.213  -18.425 0.6999999881
9758  -26.101  -76.064  -18.651 0.6000000238
119216  -26.058  -74.219  -18.954 0.6000000238
11905  -26.402  -73.296  -19.215 0.6000000238
13489  -28.391  -71.786  -19.824 0.6000000238
112617  -29.395  -71.506  -20.072 0.6000000238
13503  -30.415  -71.266  -20.188 0.6000000238
109153  -26.573  -73.391  -18.132 0.6000000238
12683  -27.851  -72.259  -19.202 0.6000000238
13490  -29.385  -72.076  -19.171 0.6000000238
13491  -30.194  -71.789  -19.332 0.6000000238
122704  -25.651  -75.773  -17.157 0.6000000238
11164  -25.921  -74.490  -18.117 0.6000000238
12658  -27.051  -72.971  -18.132 0.5000000000
12671  -28.258  -72.505  -18.303 0.6000000238
124327  -30.009  -72.142  -18.610 0.6000000238
123002  -26.466  -73.787  -17.088 0.5000000000
8983  -22.988  -77.590  -16.510 0.6999999881
9693  -24.485  -76.412  -15.329 0.6999999881
128867  -25.473  -75.148  -15.794 0.5000000000
11139  -25.738  -74.837  -16.311 0.6000000238
11876  -27.103  -73.247  -17.082 0.5000000000
12659  -27.700  -72.776  -17.623 0.5000000000
11875  -26.677  -73.519  -16.235 0.6000000238
110576  -14.974  -69.518  -17.576 0.6000000238
14279  -15.836  -69.770  -17.413 0.6000000238
13468  -15.092  -71.243  -16.816 0.6000000238
12750  -29.560  -72.958  -23.386 0.5000000000
13534  -29.261  -71.523  -23.836 0.5000000000
12751  -31.090  -72.840  -23.576 0.5000000000
11212  -32.713  -74.353  -23.790 0.5000000000
10515  -32.928  -75.261  -24.762 0.4000000060
13515  -27.383  -70.567  -22.363 0.5000000000
14341  -27.871  -70.152  -23.780 0.5000000000
14342  -28.303  -69.770  -24.166 0.5000000000
11235  -33.689  -75.100  -24.958 0.4000000060
11236  -34.447  -74.759  -25.254 0.4000000060
14336  -28.161  -69.868  -23.443 0.5000000000
15158  -28.939  -69.394  -23.861 0.5000000000
10534  -33.310  -75.392  -26.637 0.4000000060
11244  -34.718  -74.964  -26.281 0.4000000060
11245  -35.433  -74.500  -26.662 0.4000000060
13516  -28.223  -70.542  -21.760 0.5000000000
110487  -28.975  -69.683  -22.901 0.5000000000
107468  -34.803  -74.753  -27.372 0.4000000060
14317  -29.385  -70.753  -21.132 0.6000000238
14329  -29.729  -70.097  -21.977 0.6000000238
108602  -30.612  -70.645  -21.071 0.6000000238
14330  -30.797  -70.080  -21.874 0.5000000000
13504  -31.466  -70.868  -20.133 0.4000000060
14318  -32.167  -70.346  -20.452 0.4000000060
15141  -32.496  -69.918  -21.244 0.4000000060
118660  -30.890  -71.640  -17.891 0.6000000238
13492  -31.022  -71.436  -19.305 0.6000000238
14310  -32.278  -70.460  -19.633 0.5000000000
15123  -32.879  -69.958  -20.179 0.4000000060
129236  -33.109  -69.710  -20.759 0.4000000060
111933  -34.394  -68.788  -20.266 0.4000000060
9705  -22.355  -76.996  -16.937 0.6999999881
12672  -29.309  -72.377  -18.158 0.6000000238
14301  -31.879  -70.841  -18.151 0.5000000000
15124  -33.419  -69.634  -19.569 0.4000000060
10396  -24.342  -75.627  -14.802 0.6000000238
12647  -27.767  -72.737  -16.505 0.5000000000
12660  -28.657  -72.531  -17.103 0.5000000000
13472  -31.329  -71.162  -17.613 0.5000000000
14289  -32.447  -70.306  -17.860 0.5000000000
129229  -32.872  -70.041  -18.415 0.4000000060
107378  -34.254  -68.864  -18.748 0.4000000060
11122  -25.469  -74.624  -15.376 0.6000000238
12648  -29.306  -72.121  -16.335 0.5000000000
15102  -15.443  -68.668  -19.397 0.6999999881
15103  -16.271  -69.090  -18.994 0.6000000238
15115  -16.191  -68.699  -19.885 0.6999999881
15091  -16.486  -69.456  -18.000 0.6000000238
15135  -17.645  -68.899  -20.610 0.6000000238
14280  -16.637  -70.131  -17.154 0.6000000238
15117  -17.828  -69.370  -19.060 0.6000000238
116099  -18.324  -69.246  -20.003 0.6000000238
15136  -19.222  -69.298  -20.687 0.6000000238
15149  -20.370  -69.473  -21.913 0.6000000238
13450  -15.823  -71.772  -16.644 0.5000000000
14282  -18.196  -70.001  -17.434 0.6000000238
15105  -18.498  -69.617  -18.272 0.6000000238
15118  -19.247  -69.481  -19.549 0.6000000238
15137  -20.122  -69.556  -21.001 0.6000000238
11951  -32.484  -73.787  -23.558 0.5000000000
11871  -16.790  -72.840  -16.749 0.5000000000
14261  -17.508  -71.277  -16.561 0.5000000000
15107  -19.997  -69.737  -19.055 0.5000000000
15119  -20.590  -69.745  -19.469 0.5000000000
13535  -30.422  -71.815  -24.057 0.5000000000
11952  -33.348  -73.824  -23.881 0.5000000000
11228  -33.988  -74.301  -24.469 0.4000000060
13452  -17.983  -71.811  -16.318 0.5000000000
14262  -18.296  -70.792  -16.716 0.5000000000
14283  -20.851  -70.385  -17.673 0.5000000000
14307  -21.323  -69.821  -19.400 0.5000000000
13539  -29.811  -70.556  -24.719 0.5000000000
11970  -34.777  -73.913  -24.735 0.4000000060
11971  -35.526  -73.562  -25.060 0.4000000060
11972  -36.219  -73.271  -25.421 0.4000000060
12644  -17.753  -72.704  -16.455 0.5000000000
111036  -19.709  -71.311  -16.263 0.5000000000
110742  -19.939  -70.286  -17.366 0.6000000238
107862  -21.848  -70.695  -17.717 0.6000000238
11979  -35.924  -74.005  -25.925 0.4000000060
124672  -19.637  -72.700  -15.605 0.6000000238
13433  -20.077  -71.908  -15.751 0.6000000238
13454  -21.302  -70.995  -16.703 0.6999999881
15159  -30.068  -69.191  -23.756 0.4000000060
14338  -30.975  -69.622  -22.682 0.5000000000
11895  -19.896  -73.931  -19.117 0.6000000238
15152  -31.998  -69.599  -22.412 0.4000000060
11153  -20.429  -74.873  -17.684 0.6000000238
122905  -31.630  -69.973  -21.843 0.4000000060
10434  -21.295  -75.787  -16.970 0.6000000238
9690  -21.904  -76.412  -15.474 0.6000000238
121226  -33.341  -69.465  -21.271 0.4000000060
10394  -22.634  -75.472  -14.362 0.6000000238
8965  -23.268  -77.307  -15.731 0.6999999881
11856  -25.703  -73.743  -15.144 0.6000000238
12629  -25.803  -72.915  -14.971 0.6000000238
125255  -26.662  -73.256  -15.755 0.5000000000
12632  -28.408  -72.285  -15.940 0.5000000000
15923  -15.564  -68.219  -19.961 0.6999999881
15936  -17.138  -68.343  -20.879 0.6999999881
15944  -17.882  -68.100  -21.216 0.6000000238
15147  -18.935  -68.928  -21.407 0.6000000238
15960  -19.389  -68.583  -22.188 0.6000000238
15155  -20.013  -69.237  -22.428 0.6000000238
15156  -20.665  -69.223  -22.636 0.6999999881
15151  -21.691  -69.137  -21.931 0.6000000238
15138  -20.858  -69.551  -21.122 0.6000000238
13540  -30.761  -71.058  -25.008 0.5000000000
12757  -31.425  -72.117  -24.246 0.5000000000
12752  -32.049  -73.008  -23.647 0.5000000000
12753  -32.853  -73.207  -23.794 0.5000000000
126271  -21.893  -69.710  -19.700 0.6000000238
15938  -22.309  -68.900  -21.153 0.5000000000
12758  -32.502  -72.365  -24.322 0.5000000000
11962  -34.214  -73.418  -24.301 0.5000000000
11963  -35.044  -73.076  -24.526 0.4000000060
14284  -22.594  -70.666  -17.687 0.6000000238
14299  -22.315  -70.352  -18.353 0.6000000238
15140  -22.742  -69.050  -20.051 0.5000000000
14345  -29.571  -69.653  -24.847 0.5000000000
11894  -19.018  -73.662  -18.410 0.6000000238
11885  -19.048  -73.947  -17.359 0.4000000060
11851  -19.309  -73.389  -15.819 0.6000000238
13435  -22.099  -71.520  -16.209 0.6000000238
13469  -22.282  -71.056  -17.058 0.6000000238
15109  -23.305  -69.500  -18.440 0.6000000238
15164  -30.463  -68.996  -24.596 0.4000000060
15171  -30.184  -69.249  -25.170 0.4000000060
11137  -19.732  -74.431  -16.215 0.5000000000
11118  -19.739  -74.033  -15.671 0.5000000000
109076  -20.006  -73.355  -15.327 0.6000000238
13434  -21.086  -71.770  -15.706 0.6999999881
13455  -22.855  -71.251  -16.539 0.6000000238
14285  -23.208  -70.468  -17.450 0.6000000238
15160  -31.252  -69.246  -23.541 0.5000000000
11138  -20.166  -74.934  -16.580 0.6000000238
11107  -21.175  -73.777  -14.618 0.6000000238
12626  -21.195  -72.530  -15.140 0.6000000238
13456  -23.595  -71.219  -15.998 0.6000000238
14267  -24.064  -70.548  -16.220 0.6000000238
15094  -24.225  -69.460  -17.277 0.6000000238
15161  -32.558  -69.258  -23.196 0.4000000060
10413  -20.713  -75.413  -15.982 0.5000000000
11120  -21.198  -74.588  -14.622 0.6000000238
127080  -22.333  -72.767  -14.932 0.6000000238
13457  -24.588  -71.121  -15.465 0.6000000238
14268  -24.734  -70.296  -15.847 0.6000000238
10433  -20.702  -75.320  -17.003 0.6000000238
10407  -22.229  -76.091  -14.712 0.6000000238
10393  -21.873  -75.030  -14.328 0.6000000238
11855  -23.495  -73.345  -14.629 0.6000000238
120846  -24.100  -72.718  -14.783 0.6000000238
127476  -24.316  -73.468  -14.621 0.6000000238
11121  -24.733  -74.875  -14.779 0.6000000238
126572  -26.831  -72.461  -15.391 0.5000000000
13441  -28.872  -71.513  -15.635 0.5000000000
16819  -15.475  -67.656  -19.885 0.6999999881
15935  -16.543  -67.693  -20.652 0.6999999881
120881  -15.410  -66.206  -18.363 0.6999999881
17711  -16.041  -66.109  -18.660 0.6999999881
17747  -16.116  -67.045  -20.058 0.6999999881
17768  -17.380  -67.529  -20.897 0.6999999881
16838  -19.225  -67.757  -21.886 0.6000000238
16851  -19.808  -68.260  -22.549 0.6000000238
15976  -20.921  -68.395  -23.247 0.5000000000
108910  -20.373  -68.693  -22.979 0.6999999881
15963  -21.659  -68.612  -23.225 0.5000000000
15947  -22.192  -68.757  -22.333 0.5000000000
15948  -22.903  -68.344  -21.764 0.5000000000
115093  -32.497  -71.679  -25.215 0.4000000060
117309  -33.795  -72.168  -24.660 0.5000000000
13543  -34.376  -71.850  -24.924 0.5000000000
12761  -35.197  -72.267  -24.654 0.5000000000
12762  -35.969  -71.969  -24.864 0.4000000060
14346  -30.399  -69.943  -25.447 0.4000000060
13550  -33.226  -71.488  -25.639 0.4000000060
15122  -23.022  -69.231  -19.184 0.6000000238
15093  -23.569  -69.812  -17.726 0.6000000238
15110  -23.939  -69.054  -18.009 0.6000000238
126193  -25.193  -69.718  -16.023 0.6000000238
15895  -24.688  -68.783  -17.609 0.6000000238
112674  -25.523  -71.448  -15.088 0.6000000238
14249  -25.537  -70.530  -15.387 0.6000000238
15879  -25.447  -68.647  -17.217 0.6000000238
124133  -24.995  -72.157  -14.874 0.6000000238
15062  -26.037  -69.713  -15.673 0.5000000000
120113  -26.143  -72.163  -15.059 0.6000000238
13438  -26.340  -71.290  -15.075 0.5000000000
13440  -27.879  -71.726  -15.382 0.5000000000
113836  -15.657  -66.592  -16.981 0.6999999881
18596  -16.824  -66.116  -18.254 0.6999999881
18626  -17.614  -65.852  -19.488 0.6999999881
17726  -17.440  -66.170  -20.097 0.6999999881
18647  -18.172  -65.885  -20.097 0.6000000238
17749  -18.755  -66.003  -20.667 0.6999999881
17770  -19.313  -66.608  -21.410 0.4000000060
17663  -16.206  -67.015  -16.183 0.6999999881
115007  -16.604  -66.575  -16.758 0.6999999881
126043  -17.479  -66.153  -17.927 0.6000000238
18608  -18.269  -65.847  -18.875 0.6000000238
17782  -20.625  -66.756  -22.479 0.5000000000
108292  -15.803  -68.851  -14.999 0.6999999881
111938  -15.801  -67.565  -15.691 0.6999999881
17790  -21.997  -66.834  -23.433 0.5000000000
15051  -16.257  -69.620  -14.710 0.6999999881
16861  -22.191  -67.800  -23.635 0.5000000000
14240  -17.669  -70.274  -14.483 0.6000000238
122837  -18.422  -71.361  -13.936 0.6000000238
13412  -19.273  -71.362  -13.583 0.6000000238
13386  -19.505  -72.233  -11.483 0.5000000000
115799  -19.734  -71.267  -11.442 0.5000000000
13551  -34.106  -71.351  -25.771 0.4000000060
13544  -35.125  -71.454  -25.247 0.4000000060
15074  -26.534  -69.141  -16.141 0.6000000238
18628  -19.343  -65.432  -19.934 0.5000000000
17750  -19.580  -65.652  -20.927 0.5000000000
17646  -17.100  -66.799  -15.958 0.6000000238
17689  -17.856  -66.271  -17.266 0.6000000238
18597  -18.113  -66.076  -18.045 0.6000000238
18609  -19.056  -65.762  -19.109 0.6000000238
18649  -19.869  -65.372  -20.543 0.5000000000
17771  -20.122  -66.174  -21.623 0.5000000000
17783  -21.369  -66.292  -22.724 0.5000000000
125843  -16.940  -67.891  -15.226 0.6999999881
16756  -16.793  -67.427  -15.538 0.6000000238
109496  -17.924  -66.650  -15.832 0.6000000238
17690  -18.713  -66.284  -17.292 0.6000000238
108135  -19.660  -66.476  -16.920 0.6000000238
17784  -21.995  -65.830  -22.912 0.5000000000
108216  -17.708  -68.982  -14.708 0.6999999881
108106  -17.492  -67.710  -15.162 0.6000000238
111986  -18.411  -67.401  -14.925 0.6000000238
17639  -18.988  -66.811  -14.971 0.6000000238
17666  -19.561  -66.469  -15.934 0.6000000238
109629  -18.152  -69.730  -14.530 0.6000000238
15052  -18.629  -69.037  -14.550 0.6000000238
15869  -19.012  -68.213  -14.488 0.6000000238
16757  -19.471  -67.318  -14.421 0.6000000238
107244  -19.676  -70.584  -13.737 0.6000000238
122936  -19.935  -69.863  -13.921 0.6000000238
15043  -20.234  -69.251  -13.645 0.6000000238
15858  -19.894  -68.301  -14.055 0.6000000238
13413  -20.043  -71.219  -12.921 0.5000000000
14224  -20.185  -70.855  -12.211 0.5000000000
14225  -20.388  -70.096  -12.220 0.5000000000
15040  -20.530  -69.284  -12.578 0.6000000238
15859  -20.414  -68.337  -13.270 0.6000000238
14353  -35.480  -70.807  -25.856 0.4000000060
113483  -17.315  -70.678  -10.677 0.5000000000
14212  -20.025  -70.248  -11.507 0.5000000000
14213  -20.348  -69.613  -11.749 0.6000000238
15853  -20.577  -68.314  -12.382 0.6000000238
108590  -17.159  -70.049  -10.725 0.5000000000
15832  -18.028  -68.955  -10.480 0.5000000000
15034  -19.522  -69.779  -10.984 0.4000000060
15035  -20.000  -69.445  -11.140 0.5000000000
15848  -20.443  -68.796  -11.468 0.6000000238
18629  -20.273  -65.458  -20.084 0.6000000238
115174  -20.778  -65.303  -20.744 0.5000000000
18661  -21.342  -65.169  -21.410 0.5000000000
17713  -20.505  -66.375  -18.601 0.6000000238
17727  -20.906  -66.097  -19.451 0.5000000000
110250  -22.168  -65.159  -22.483 0.5000000000
120563  -20.520  -66.636  -17.135 0.6999999881
117788  -20.992  -66.744  -17.836 0.6999999881
17648  -20.222  -66.499  -15.281 0.6000000238
17667  -20.407  -66.541  -16.291 0.6999999881
16758  -20.175  -66.900  -14.124 0.6000000238
107714  -21.049  -66.519  -14.759 0.6999999881
16753  -20.285  -67.503  -13.797 0.6000000238
17631  -20.912  -66.733  -13.853 0.6999999881
16750  -20.683  -67.585  -12.785 0.6000000238
123108  -20.610  -67.088  -13.543 0.6999999881
15845  -15.549  -68.247  -10.645 0.5000000000
115139  -17.340  -68.384  -10.354 0.5000000000
15833  -18.916  -68.768  -10.394 0.4000000060
15834  -19.759  -68.764  -10.631 0.6000000238
16742  -20.651  -67.929  -11.635 0.6000000238
15831  -16.408  -68.143  -10.462 0.5000000000
115090  -18.177  -68.024  -10.087 0.4000000060
16732  -19.316  -67.948  -10.102 0.5000000000
19570  -22.080  -64.850  -21.275 0.5000000000
18650  -21.702  -65.068  -20.768 0.5000000000
17714  -21.442  -66.476  -18.654 0.6000000238
17715  -22.348  -66.221  -18.602 0.5000000000
18631  -22.695  -65.512  -19.244 0.5000000000
111923  -21.357  -66.676  -16.866 0.6999999881
108177  -21.165  -66.540  -15.754 0.6999999881
107713  -21.951  -66.574  -15.245 0.6000000238
17621  -21.067  -67.125  -12.881 0.6999999881
17641  -21.995  -66.692  -14.141 0.6000000238
124881  -20.626  -67.579  -10.767 0.6000000238
17611  -21.117  -67.423  -11.611 0.6000000238
16729  -16.376  -67.161  -10.224 0.5000000000
126209  -17.852  -67.188  -9.909 0.4000000060
16733  -20.042  -67.386  -10.150 0.6000000238
18515  -16.719  -65.817  -10.486 0.4000000060
17593  -17.155  -66.615  -10.101 0.4000000060
17594  -18.137  -66.473  -9.926 0.5000000000
114781  -19.405  -67.134  -9.852 0.5000000000
123927  -22.757  -66.252  -17.807 0.6000000238
18611  -23.121  -65.656  -18.416 0.5000000000
17668  -22.095  -66.564  -16.184 0.6000000238
128966  -23.081  -66.275  -17.207 0.5000000000
126094  -22.687  -66.585  -15.699 0.6000000238
17649  -22.844  -66.730  -14.922 0.6000000238
17650  -23.552  -66.603  -15.614 0.5000000000
108776  -23.150  -66.928  -14.024 0.6000000238
17622  -21.709  -67.053  -11.987 0.6999999881
17633  -22.695  -66.866  -13.185 0.5000000000
109436  -20.736  -66.862  -10.375 0.6000000238
17596  -19.899  -66.568  -9.877 0.5000000000
112154  -17.604  -65.734  -10.280 0.4000000060
113275  -19.587  -65.618  -10.020 0.5000000000
23999  -14.267  -59.586  -15.673 0.4000000060
24000  -14.925  -59.265  -15.983 0.3000000119
23095  -14.623  -60.067  -16.059 0.4000000060
17694  -23.692  -66.101  -16.976 0.5000000000
22204  -14.129  -61.490  -15.735 0.3000000119
22227  -15.050  -60.598  -16.263 0.4000000060
17642  -23.798  -66.881  -14.670 0.5000000000
17670  -24.262  -66.370  -15.927 0.5000000000
21303  -14.861  -62.573  -14.796 0.3000000119
22205  -15.161  -61.302  -15.987 0.4000000060
17634  -23.597  -66.783  -13.195 0.5000000000
20411  -14.934  -63.042  -14.001 0.3000000119
17613  -22.259  -66.575  -11.398 0.6000000238
115240  -21.256  -66.198  -10.407 0.6999999881
17597  -21.972  -66.189  -10.766 0.6000000238
18516  -18.555  -65.656  -10.113 0.5000000000
115713  -20.503  -65.995  -10.006 0.5000000000
19453  -19.883  -64.768  -10.357 0.4000000060
19455  -21.533  -65.035  -10.436 0.4000000060
127644  -15.817  -59.154  -14.804 0.3000000119
23990  -15.233  -59.020  -15.278 0.3000000119
24892  -16.591  -58.938  -15.931 0.3000000119
24009  -15.661  -59.438  -16.266 0.3000000119
23107  -16.218  -59.982  -16.634 0.4000000060
17651  -24.478  -66.667  -15.205 0.5000000000
128174  -15.488  -62.301  -14.954 0.4000000060
22229  -16.632  -60.614  -16.414 0.4000000060
17643  -24.700  -66.758  -14.197 0.5000000000
21285  -15.726  -62.688  -14.171 0.4000000060
22181  -16.616  -61.705  -15.246 0.4000000060
110920  -23.217  -66.670  -12.517 0.5000000000
17635  -24.388  -66.603  -13.285 0.5000000000
108992  -16.558  -62.540  -14.025 0.4000000060
17614  -23.140  -66.327  -11.729 0.5000000000
18518  -21.635  -65.700  -10.482 0.5000000000
18538  -23.179  -65.610  -11.232 0.5000000000
19467  -17.599  -64.393  -11.193 0.3000000119
19468  -18.486  -64.245  -10.924 0.4000000060
19470  -20.311  -64.091  -10.691 0.4000000060
127595  -22.829  -64.924  -10.926 0.4000000060
23992  -17.148  -59.247  -14.650 0.3000000119
24893  -17.327  -58.938  -15.483 0.3000000119
24905  -17.168  -59.129  -16.293 0.4000000060
24011  -17.190  -59.712  -16.713 0.4000000060
19519  -25.615  -64.470  -16.741 0.4000000060
115638  -17.074  -60.194  -16.740 0.4000000060
18587  -25.377  -65.397  -16.256 0.4000000060
22206  -16.134  -61.219  -15.932 0.4000000060
22230  -17.713  -60.566  -16.481 0.4000000060
17652  -25.287  -66.406  -14.849 0.4000000060
22208  -18.109  -61.169  -15.634 0.4000000060
17624  -23.977  -66.354  -12.452 0.5000000000
21305  -17.043  -62.146  -14.456 0.4000000060
20380  -17.223  -63.222  -12.693 0.3000000119
18539  -23.834  -65.829  -11.781 0.5000000000
20367  -18.918  -63.610  -11.369 0.3000000119
24894  -18.267  -58.836  -15.151 0.3000000119
24899  -18.114  -58.651  -15.870 0.3000000119
118675  -17.891  -58.842  -16.423 0.3000000119
24906  -18.646  -58.841  -17.031 0.4000000060
23120  -18.655  -59.523  -17.207 0.4000000060
24021  -20.012  -59.491  -17.770 0.3000000119
23109  -18.590  -60.064  -17.135 0.4000000060
20423  -25.727  -63.476  -17.110 0.4000000060
21346  -25.958  -62.598  -17.827 0.4000000060
22231  -18.677  -60.464  -16.644 0.4000000060
18575  -25.729  -65.707  -15.319 0.4000000060
17644  -25.426  -66.375  -14.074 0.4000000060
22182  -17.511  -61.619  -15.005 0.3000000119
18549  -25.320  -65.723  -12.786 0.4000000060
21286  -17.366  -62.597  -13.509 0.3000000119
21306  -17.927  -62.017  -14.189 0.3000000119
21266  -18.832  -62.685  -12.584 0.3000000119
19471  -21.218  -64.243  -10.706 0.4000000060
25753  -19.693  -58.178  -15.460 0.3000000119
24907  -19.070  -58.296  -16.717 0.4000000060
24918  -19.550  -58.455  -17.420 0.4000000060
24029  -20.001  -58.885  -17.776 0.4000000060
21364  -27.139  -62.730  -18.276 0.4000000060
21347  -26.451  -62.589  -17.181 0.4000000060
23122  -20.106  -60.003  -17.561 0.4000000060
19514  -26.147  -64.716  -15.782 0.4000000060
129603  -18.336  -60.752  -16.204 0.4000000060
18576  -26.320  -65.180  -14.739 0.4000000060
19507  -26.752  -64.319  -14.910 0.4000000060
109872  -18.953  -61.319  -15.067 0.3000000119
18565  -26.328  -65.353  -13.851 0.4000000060
21307  -18.933  -61.763  -14.104 0.3000000119
122258  -24.955  -65.234  -12.278 0.5000000000
21287  -18.391  -62.365  -13.362 0.3000000119
21288  -19.323  -62.235  -13.202 0.3000000119
19483  -24.242  -65.171  -11.840 0.5000000000
20369  -20.804  -63.515  -11.249 0.3000000119
20371  -22.688  -64.178  -11.330 0.4000000060
20368  -19.836  -63.489  -11.273 0.4000000060
25762  -20.107  -57.617  -15.856 0.3000000119
24030  -20.432  -59.107  -17.733 0.3000000119
24022  -20.476  -59.444  -17.634 0.3000000119
21348  -27.153  -62.345  -16.983 0.4000000060
22233  -20.358  -60.448  -16.800 0.3000000119
20437  -26.335  -63.045  -16.634 0.4000000060
111598  -26.822  -62.542  -16.602 0.3000000119
22232  -19.605  -60.691  -16.369 0.3000000119
125008  -26.691  -64.753  -14.159 0.4000000060
20420  -26.619  -63.682  -15.799 0.4000000060
22184  -19.773  -61.455  -14.644 0.3000000119
22168  -20.568  -61.541  -14.343 0.3000000119
19484  -25.612  -64.881  -12.509 0.4000000060
21267  -19.604  -62.577  -12.496 0.3000000119
20384  -21.373  -63.031  -11.923 0.3000000119
120375  -23.357  -63.850  -11.872 0.3000000119
23123  -20.727  -59.974  -17.208 0.3000000119
24920  -21.480  -58.574  -17.503 0.3000000119
23111  -21.067  -60.202  -16.565 0.3000000119
21327  -26.947  -62.812  -15.939 0.3000000119
21319  -27.234  -63.328  -14.972 0.4000000060
21320  -27.528  -62.480  -15.390 0.4000000060
22186  -21.513  -61.064  -14.705 0.3000000119
19498  -26.611  -64.662  -13.432 0.4000000060
20412  -27.137  -64.021  -13.947 0.4000000060
126344  -20.682  -61.863  -13.686 0.3000000119
21268  -21.025  -62.554  -12.541 0.3000000119
20387  -24.837  -64.404  -12.131 0.3000000119
109638  -23.281  -63.136  -12.337 0.3000000119
22187  -21.987  -60.637  -14.548 0.3000000119
22169  -21.354  -61.583  -14.020 0.3000000119
20399  -27.327  -63.434  -13.308 0.3000000119
21309  -27.888  -62.435  -14.040 0.3000000119
21291  -22.071  -62.045  -13.398 0.3000000119
20388  -25.716  -63.886  -12.299 0.3000000119
21270  -22.808  -62.484  -12.761 0.3000000119
20386  -24.094  -63.532  -12.168 0.3000000119
23978  -22.879  -59.424  -14.009 0.3000000119
22170  -22.198  -61.268  -13.935 0.3000000119
20389  -27.040  -63.155  -12.582 0.3000000119
23059  -23.251  -59.995  -13.272 0.3000000119
23979  -23.742  -59.006  -13.379 0.3000000119
20382  -19.317  -63.014  -11.893 0.3000000119
20383  -20.310  -62.827  -11.981 0.3000000119
8436  -27.832  -79.078  -29.899 0.6000000238
7797  -28.118  -80.139  -30.086 0.5000000000
7192  -26.996  -80.958  -30.263 0.5000000000
128719  -25.818  -80.455  -30.314 0.5000000000
118890  -28.274  -81.155  -29.322 0.5000000000
7154  -31.057  -81.601  -25.787 0.5000000000
9843  -29.525  -76.617  -29.001 0.6999999881
9131  -25.909  -77.027  -29.822 0.6999999881
7165  -30.589  -81.356  -26.540 0.4000000060
9838  -24.965  -75.939  -29.357 0.6999999881
9786  -35.229  -76.113  -23.022 0.3000000119
110683  -31.805  -78.139  -27.908 0.5000000000
9124  -33.740  -77.388  -28.908 0.3000000119
11260  -29.071  -73.332  -28.383 0.6000000238
11258  -28.035  -74.013  -28.607 0.6000000238
11250  -29.537  -73.501  -27.896 0.5000000000
124666  -27.472  -76.121  -25.035 0.6000000238
10542  -27.105  -75.615  -28.767 0.6999999881
10467  -32.880  -74.957  -19.663 0.3000000119
9105  -26.386  -77.104  -26.438 0.6000000238
9810  -25.997  -76.391  -27.473 0.6000000238
9820  -25.425  -75.447  -28.559 0.6999999881
114924  -30.186  -78.054  -29.235 0.5000000000
7780  -30.464  -79.501  -28.378 0.6000000238
7186  -29.521  -80.287  -29.145 0.5000000000
10529  -23.960  -75.020  -27.705 0.6000000238
10550  -23.303  -74.845  -28.298 0.6999999881
113959  -23.809  -76.983  -25.161 0.5000000000
10540  -22.758  -74.765  -27.681 0.5000000000
9789  -35.726  -76.514  -23.465 0.3000000119
8369  -24.774  -78.268  -22.839 0.6000000238
10526  -21.131  -74.861  -26.842 0.5000000000
9114  -36.520  -77.499  -27.397 0.3000000119
112394  -36.512  -76.843  -23.893 0.3000000119
9806  -20.797  -75.221  -26.430 0.5000000000
11243  -30.932  -74.758  -27.272 0.4000000060
11908  -35.249  -73.113  -19.659 0.3000000119
11923  -25.538  -73.233  -21.580 0.6000000238
9744  -26.091  -77.306  -18.176 0.6999999881
117775  -25.836  -76.405  -17.632 0.6000000238
114102  -26.021  -74.388  -17.142 0.6000000238
12714  -25.670  -71.864  -21.575 0.6000000238
13538  -28.860  -70.103  -24.431 0.5000000000
10521  -33.982  -75.351  -25.926 0.4000000060
13501  -27.608  -70.909  -21.440 0.6000000238
124120  -27.920  -70.245  -22.702 0.5000000000
12682  -27.145  -72.370  -19.387 0.6000000238
14331  -31.587  -70.371  -21.091 0.4000000060
115068  -22.460  -76.990  -16.008 0.6000000238
9681  -23.104  -76.201  -14.644 0.6999999881
15092  -17.306  -69.765  -17.660 0.6000000238
120423  -30.226  -72.626  -23.540 0.4000000060
15163  -29.561  -69.215  -24.563 0.4000000060
15153  -32.852  -69.483  -22.035 0.4000000060
12661  -29.579  -72.297  -17.177 0.4000000060
10452  -21.530  -75.620  -18.059 0.6000000238
15116  -16.930  -69.156  -19.521 0.6000000238
108136  -19.162  -69.967  -17.609 0.6000000238
12760  -34.420  -72.595  -24.432 0.5000000000
12645  -18.523  -72.414  -16.157 0.5000000000
15121  -22.429  -69.563  -19.494 0.6000000238
11872  -18.572  -73.236  -16.351 0.4000000060
11844  -22.974  -74.050  -14.388 0.5000000000
15172  -30.999  -69.056  -25.253 0.5000000000
13436  -22.900  -71.785  -15.761 0.6000000238
11843  -21.969  -74.054  -14.391 0.5000000000
13422  -16.979  -71.364  -14.286 0.6000000238
14211  -18.116  -70.539  -10.795 0.5000000000
17691  -19.374  -66.296  -17.743 0.5000000000
122792  -18.340  -66.866  -15.323 0.6000000238
17647  -18.766  -66.564  -15.694 0.6000000238
123864  -20.123  -66.476  -17.778 0.6000000238
14241  -19.172  -69.862  -14.317 0.6000000238
15846  -15.909  -68.929  -10.690 0.5000000000
17728  -21.848  -66.068  -19.458 0.5000000000
17632  -21.753  -66.911  -13.045 0.6000000238
16730  -17.197  -67.586  -10.137 0.5000000000
17612  -21.547  -66.810  -10.963 0.6000000238
23094  -13.889  -60.381  -15.637 0.3000000119
108214  -23.042  -66.439  -16.454 0.5000000000
19451  -18.043  -64.955  -10.566 0.3000000119
18586  -24.482  -65.862  -16.570 0.4000000060
18574  -25.002  -66.184  -15.740 0.4000000060
19452  -18.975  -64.846  -10.383 0.4000000060
20366  -18.058  -63.757  -11.593 0.3000000119
126468  -23.498  -64.807  -11.404 0.5000000000
19520  -26.120  -63.884  -16.439 0.4000000060
113939  -19.012  -58.584  -15.227 0.3000000119
19497  -26.080  -65.232  -13.090 0.4000000060
20370  -21.773  -63.751  -11.290 0.3000000119
22209  -19.705  -61.087  -15.505 0.3000000119
19482  -24.040  -64.360  -11.888 0.4000000060
26658  -20.386  -56.984  -16.413 0.3000000119
22211  -21.028  -61.036  -15.396 0.3000000119
19485  -26.317  -64.451  -12.773 0.4000000060
23058  -22.564  -60.357  -13.933 0.3000000119
7732  -16.971  -79.850  -23.270 0.5000000000
108383  -17.622  -80.035  -24.171 0.5000000000
7754  -18.471  -79.073  -25.574 0.5000000000
110616  -18.850  -78.203  -26.013 0.4000000060
7107  -17.065  -79.504  -21.498 0.5000000000
7129  -18.017  -80.337  -23.193 0.5000000000
7733  -18.573  -80.189  -23.975 0.5000000000
7746  -19.180  -79.663  -24.664 0.5000000000
8394  -19.919  -78.365  -25.551 0.5000000000
9090  -20.271  -77.253  -25.882 0.4000000060
7108  -18.085  -80.118  -21.396 0.4000000060
7119  -18.512  -80.474  -22.247 0.5000000000
121608  -20.275  -79.713  -24.091 0.5000000000
9091  -21.278  -77.069  -25.526 0.4000000060
7120  -19.433  -80.593  -22.261 0.5000000000
7131  -19.730  -80.493  -22.932 0.5000000000
7734  -19.528  -80.226  -23.675 0.5000000000
7121  -20.293  -80.522  -22.377 0.5000000000
7735  -20.971  -79.927  -23.388 0.5000000000
8366  -21.964  -78.923  -23.722 0.5000000000
9080  -22.507  -77.656  -24.611 0.4000000060
7110  -20.021  -80.447  -21.602 0.5000000000
7720  -21.821  -79.627  -22.285 0.5000000000
8367  -22.711  -78.352  -23.466 0.5000000000
126675  -22.814  -77.887  -24.087 0.5000000000
9054  -20.643  -78.409  -20.868 0.5000000000
7708  -19.647  -80.119  -21.027 0.5000000000
7701  -20.031  -79.748  -20.907 0.5000000000
7710  -21.375  -79.961  -21.692 0.5000000000
8347  -21.453  -79.418  -21.230 0.5000000000
7721  -22.314  -79.065  -22.200 0.5000000000
8348  -22.684  -78.693  -21.759 0.5000000000
8356  -22.932  -78.488  -22.564 0.5000000000
127083  -23.236  -78.215  -23.129 0.5000000000
9064  -21.111  -76.537  -20.761 0.5000000000
8338  -21.695  -78.564  -20.783 0.5000000000
9056  -22.221  -78.048  -20.029 0.5000000000
9044  -21.957  -77.297  -19.590 0.5000000000
115185  -22.234  -78.750  -21.210 0.5000000000
8339  -22.663  -78.360  -20.552 0.5000000000
8325  -23.042  -78.298  -19.812 0.5000000000
8357  -23.509  -78.432  -21.944 0.5000000000
8350  -23.995  -78.472  -21.293 0.5000000000
8368  -23.792  -78.214  -22.829 0.5000000000
9074  -24.284  -77.952  -23.592 0.5000000000
113130  -21.245  -74.727  -19.573 0.5000000000
9742  -21.867  -76.189  -18.401 0.6000000238
108251  -22.766  -77.921  -18.571 0.5000000000
107387  -23.923  -78.631  -19.741 0.5000000000
112139  -24.220  -78.758  -19.009 0.5000000000
109532  -24.983  -78.562  -21.431 0.5000000000
8358  -24.350  -78.375  -22.102 0.5000000000
128246  -20.004  -73.654  -19.973 0.5000000000
11163  -21.162  -75.050  -18.532 0.5000000000
9030  -22.635  -77.593  -18.076 0.6000000238
14277  -12.714  -70.515  -17.372 0.5000000000
107390  -13.396  -69.993  -17.229 0.6000000238
15087  -11.643  -69.359  -17.683 0.5000000000
15894  -13.058  -68.897  -17.632 0.5000000000
15101  -14.724  -68.780  -18.722 0.6000000238
15907  -13.828  -68.307  -18.649 0.6000000238
15906  -12.744  -67.572  -18.342 0.5000000000
16804  -12.993  -66.831  -18.480 0.6000000238
16785  -12.632  -66.316  -18.099 0.5000000000
128518  -15.077  -67.990  -19.830 0.6000000238
17723  -14.535  -66.823  -19.078 0.6000000238
17661  -13.586  -66.314  -17.452 0.5000000000
17686  -14.088  -66.178  -18.024 0.6000000238
17710  -15.271  -66.347  -19.022 0.6000000238
16763  -13.793  -67.382  -15.976 0.5000000000
17662  -14.657  -66.507  -17.207 0.5000000000
15865  -14.902  -68.828  -15.107 0.5000000000
15050  -15.348  -69.620  -14.802 0.6000000238
108756  -17.124  -72.084  -13.953 0.6000000238
13410  -16.247  -71.845  -14.147 0.5000000000
15875  -15.352  -68.137  -15.331 0.6000000238
16772  -15.243  -67.049  -16.363 0.5000000000
120751  -16.824  -70.464  -14.527 0.5000000000
12593  -18.982  -72.714  -12.810 0.6000000238
13411  -17.803  -71.761  -13.935 0.6000000238
13401  -19.886  -71.734  -12.150 0.6000000238
9790  -37.474  -76.999  -24.207 0.3000000119
9794  -38.816  -77.163  -24.560 0.3000000119
8398  -37.454  -78.596  -25.551 0.3000000119
10516  -40.462  -76.024  -24.419 0.3000000119
9106  -37.854  -77.947  -25.799 0.3000000119
110152  -37.438  -78.716  -24.768 0.3000000119
8374  -36.749  -78.764  -24.444 0.3000000119
8396  -21.852  -77.850  -24.962 0.4000000060
8340  -23.538  -78.484  -20.513 0.5000000000
8311  -24.002  -78.681  -18.261 0.5000000000
14278  -14.356  -70.433  -17.038 0.5000000000
8395  -20.967  -78.112  -25.269 0.4000000060
8383  -21.509  -78.626  -24.521 0.5000000000
7111  -20.789  -80.357  -21.789 0.5000000000
9053  -19.687  -78.302  -20.868 0.5000000000
8337  -20.764  -79.324  -20.935 0.5000000000
9062  -19.904  -77.556  -21.432 0.5000000000
9055  -21.445  -77.614  -20.469 0.5000000000
9045  -22.558  -77.893  -19.237 0.5000000000
9793  -38.198  -77.580  -24.568 0.3000000119
9813  -37.978  -77.098  -26.233 0.3000000119
118243  -39.347  -77.041  -24.785 0.3000000119
9087  -38.005  -78.313  -24.846 0.3000000119
9107  -38.542  -77.666  -25.320 0.3000000119
9801  -39.227  -77.256  -25.076 0.3000000119
115312  -27.628  -62.684  -14.673 0.3000000119
5977  -25.180  -83.150  -29.898 0.5000000000
5980  -25.481  -82.919  -30.046 0.5000000000
6597  -27.873  -81.863  -28.969 0.5000000000
6602  -25.876  -82.155  -30.293 0.6000000238
6605  -27.719  -81.315  -29.619 0.5000000000
7109  -19.086  -80.420  -21.447 0.5000000000
7118  -17.551  -80.071  -22.305 0.5000000000
7130  -18.962  -80.475  -23.062 0.5000000000
7132  -20.375  -80.306  -23.183 0.5000000000
7145  -34.722  -80.434  -24.071 0.4000000060
7155  -31.704  -80.873  -25.457 0.5000000000
7157  -33.749  -80.570  -24.590 0.4000000060
7173  -29.879  -81.287  -27.864 0.5000000000
7174  -30.299  -81.113  -27.312 0.4000000060
7184  -28.225  -80.618  -29.754 0.5000000000
7185  -28.908  -80.619  -29.417 0.5000000000
7190  -25.416  -81.320  -30.357 0.5000000000
7191  -26.257  -81.184  -30.337 0.5000000000
7193  -27.632  -80.774  -30.042 0.5000000000
7709  -20.648  -80.021  -21.194 0.5000000000
7711  -21.961  -79.331  -21.695 0.5000000000
7719  -21.139  -80.199  -22.502 0.5000000000
7736  -21.594  -79.568  -23.112 0.5000000000
7737  -22.242  -79.050  -22.873 0.5000000000
7738  -34.007  -80.325  -23.487 0.3000000119
7740  -35.405  -79.648  -23.924 0.3000000119
7745  -18.106  -79.768  -24.913 0.5000000000
7747  -21.199  -79.343  -23.959 0.5000000000
7755  -31.644  -80.014  -25.862 0.5000000000
7757  -35.049  -79.924  -25.263 0.4000000060
7762  -30.681  -80.469  -26.887 0.4000000060
7766  -34.787  -79.451  -25.896 0.4000000060
7768  -36.231  -79.283  -25.762 0.4000000060
7772  -30.433  -80.353  -27.717 0.5000000000
7773  -30.853  -79.546  -27.438 0.5000000000
7788  -28.718  -79.949  -29.841 0.5000000000
7790  -29.913  -79.556  -29.161 0.6000000238
7792  -23.936  -80.225  -30.017 0.6000000238
7795  -26.561  -80.167  -30.290 0.5000000000
8278  -24.206  -78.370  -16.964 0.6999999881
8294  -24.577  -78.587  -17.729 0.6999999881
8312  -24.800  -78.748  -18.557 0.6000000238
8314  -26.033  -78.306  -19.135 0.6000000238
8326  -23.375  -78.405  -18.933 0.5000000000
8328  -25.864  -78.493  -19.819 0.6000000238
8341  -24.469  -78.646  -20.536 0.5000000000
8349  -23.127  -78.477  -21.177 0.5000000000
8351  -25.773  -78.497  -21.242 0.6999999881
8352  -26.480  -78.285  -21.528 0.6999999881
8353  -27.038  -78.058  -22.028 0.6000000238
8370  -25.706  -78.364  -22.685 0.6999999881
8381  -19.908  -79.222  -24.951 0.5000000000
8382  -20.659  -78.955  -24.761 0.4000000060
8384  -22.269  -78.251  -24.258 0.4000000060
8385  -37.014  -79.209  -24.848 0.3000000119
8386  -37.623  -78.835  -25.000 0.3000000119
8397  -37.013  -79.158  -25.311 0.4000000060
8411  -36.998  -78.053  -26.393 0.4000000060
8416  -32.609  -78.315  -27.355 0.5000000000
8437  -29.705  -78.924  -29.434 0.6000000238
8440  -26.281  -79.096  -30.130 0.6000000238
8966  -24.149  -77.339  -15.711 0.6999999881
8984  -23.756  -77.927  -16.294 0.6999999881
8986  -25.312  -77.592  -16.833 0.6999999881
9008  -22.788  -77.653  -17.365 0.6000000238
9011  -25.647  -77.993  -17.596 0.6999999881
9031  -23.248  -78.235  -17.942 0.6000000238
9033  -26.310  -77.779  -18.977 0.6999999881
9058  -27.146  -77.348  -20.925 0.6000000238
9063  -20.519  -77.271  -21.212 0.5000000000
9081  -23.816  -77.467  -24.442 0.5000000000
9083  -26.418  -77.710  -24.943 0.6000000238
9085  -27.546  -76.899  -24.684 0.6999999881
9086  -37.278  -77.911  -24.423 0.3000000119
9089  -19.267  -77.306  -26.299 0.4000000060
9096  -27.365  -77.116  -25.321 0.6000000238
9097  -38.143  -78.317  -25.102 0.3000000119
9098  -38.674  -77.696  -24.925 0.3000000119
9111  -34.187  -77.873  -28.147 0.3000000119
9112  -34.971  -77.880  -28.067 0.3000000119
9119  -21.612  -76.774  -28.579 0.5000000000
9120  -22.553  -76.690  -28.782 0.5000000000
9121  -23.425  -76.364  -28.981 0.6000000238
9123  -32.893  -77.172  -29.036 0.4000000060
9130  -25.223  -76.865  -29.696 0.6999999881
9135  -30.087  -77.505  -29.232 0.5000000000
9140  -34.857  -76.985  -29.631 0.3000000119
9691  -22.732  -76.701  -15.198 0.6999999881
9692  -23.621  -76.741  -15.139 0.6999999881
9704  -21.823  -76.464  -16.456 0.6000000238
9722  -21.868  -76.306  -17.462 0.6000000238
9723  -22.274  -76.945  -17.829 0.6000000238
9767  -21.558  -76.683  -20.039 0.5000000000
9783  -27.572  -77.069  -22.772 0.6999999881
9785  -34.487  -76.702  -22.739 0.3000000119
9788  -35.187  -76.946  -23.337 0.3000000119
9796  -20.545  -76.129  -26.120 0.5000000000
9802  -39.716  -76.897  -24.955 0.3000000119
9814  -38.671  -76.851  -25.742 0.3000000119
9818  -20.551  -75.501  -27.675 0.6000000238
9819  -24.399  -74.943  -28.343 0.6000000238
9828  -23.807  -75.221  -28.829 0.6999999881
9829  -24.505  -75.229  -29.038 0.6999999881
9830  -25.203  -75.495  -29.071 0.6999999881
9833  -28.762  -75.575  -28.984 0.6000000238
9834  -35.684  -77.047  -29.359 0.3000000119
9837  -24.227  -76.043  -29.193 0.6999999881
9841  -27.426  -76.861  -29.051 0.6999999881
9846  -32.025  -75.720  -30.062 0.4000000060
9853  -33.570  -75.736  -30.427 0.3000000119
9855  -34.608  -75.268  -30.458 0.3000000119
10395  -23.566  -75.592  -14.485 0.6000000238
10405  -20.686  -74.918  -15.139 0.5000000000
10406  -21.374  -75.595  -14.956 0.6000000238
10408  -25.067  -75.518  -15.390 0.5000000000
10414  -25.477  -75.590  -16.321 0.6000000238
10453  -25.781  -75.402  -17.947 0.6000000238
10476  -26.295  -75.171  -20.250 0.6000000238
10479  -33.918  -75.093  -20.837 0.3000000119
10491  -34.290  -75.449  -21.575 0.3000000119
10504  -36.207  -74.865  -22.767 0.3000000119
10512  -30.987  -75.130  -24.745 0.4000000060
10514  -32.300  -75.348  -24.787 0.4000000060
10520  -33.181  -75.437  -25.602 0.4000000060
10525  -20.266  -75.012  -26.858 0.5000000000
10527  -22.211  -74.853  -26.961 0.5000000000
10535  -34.100  -75.207  -27.009 0.4000000060
10538  -20.295  -75.011  -27.106 0.5000000000
10544  -31.846  -75.019  -27.573 0.4000000060
10551  -24.055  -74.901  -28.605 0.6000000238
10557  -30.891  -74.810  -29.296 0.4000000060
10569  -33.723  -75.103  -30.389 0.3000000119
11108  -22.534  -74.698  -14.274 0.6000000238
11109  -23.296  -74.852  -14.320 0.5000000000
11110  -24.031  -75.054  -14.517 0.6000000238
11119  -20.466  -74.077  -15.013 0.5000000000
11152  -19.615  -74.491  -17.009 0.5000000000
11154  -21.066  -75.323  -17.697 0.6000000238
11155  -25.679  -75.045  -17.207 0.6000000238
11161  -19.723  -74.293  -18.069 0.6000000238
11162  -20.610  -74.479  -18.842 0.6000000238
11170  -20.647  -74.087  -19.851 0.5000000000
11173  -33.304  -74.260  -19.227 0.3000000119
11180  -33.604  -74.679  -20.082 0.3000000119
11210  -30.982  -74.284  -23.502 0.5000000000
11211  -31.951  -74.401  -23.606 0.4000000060
11221  -26.971  -74.076  -25.523 0.5000000000
11222  -28.409  -73.623  -24.525 0.5000000000
11226  -32.362  -74.935  -24.167 0.5000000000
11227  -33.209  -74.669  -24.263 0.4000000060
11237  -35.207  -74.378  -25.576 0.4000000060
11259  -28.531  -73.706  -28.663 0.6000000238
11261  -30.512  -74.478  -28.840 0.4000000060
11270  -32.716  -74.635  -29.909 0.4000000060
11845  -23.999  -74.227  -14.498 0.5000000000
11850  -19.005  -72.818  -15.896 0.6000000238
11852  -20.773  -73.193  -14.891 0.6000000238
11853  -21.695  -73.070  -14.737 0.6000000238
11854  -22.579  -73.273  -14.649 0.6000000238
11857  -26.321  -73.467  -15.556 0.5000000000
11873  -19.198  -73.891  -16.413 0.4000000060
11874  -26.201  -74.146  -16.073 0.6000000238
11886  -26.177  -73.926  -17.862 0.6000000238
11896  -26.227  -73.734  -18.667 0.6000000238
11897  -33.682  -73.583  -17.712 0.3000000119
11898  -34.393  -73.152  -18.085 0.3000000119
11899  -34.909  -73.043  -18.799 0.3000000119
11913  -26.088  -73.494  -20.499 0.6000000238
11914  -26.317  -72.931  -20.050 0.6000000238
11915  -34.838  -73.737  -20.266 0.3000000119
11932  -25.131  -72.759  -23.423 0.6000000238
11968  -27.615  -72.917  -26.027 0.5000000000
11977  -27.906  -72.886  -26.855 0.5000000000
11984  -27.893  -73.142  -27.643 0.5000000000
11986  -28.847  -72.976  -27.772 0.5000000000
12610  -19.587  -72.014  -12.846 0.6000000238
12624  -19.266  -72.107  -15.949 0.5000000000
12625  -20.430  -72.543  -15.322 0.6999999881
12627  -23.038  -72.578  -15.088 0.6000000238
12628  -24.996  -73.136  -14.695 0.6000000238
12630  -26.475  -72.888  -15.389 0.5000000000
12631  -27.512  -72.381  -15.627 0.5000000000
12643  -15.895  -72.608  -16.779 0.5000000000
12646  -27.070  -73.006  -15.925 0.5000000000
12670  -27.395  -72.597  -18.630 0.6000000238
12681  -26.695  -72.876  -19.047 0.6000000238
12684  -28.654  -72.263  -18.959 0.6000000238
12732  -25.301  -71.573  -22.571 0.6000000238
12747  -26.021  -71.892  -23.577 0.6000000238
12759  -33.553  -72.852  -24.158 0.5000000000
13423  -17.700  -70.983  -14.295 0.6000000238
13437  -23.837  -71.882  -15.285 0.6000000238
13439  -27.004  -71.878  -15.216 0.5000000000
13451  -16.436  -72.206  -16.570 0.5000000000
13453  -20.495  -71.291  -16.195 0.6000000238
13470  -30.078  -71.884  -16.776 0.4000000060
13471  -30.717  -71.506  -17.209 0.5000000000
13478  -30.248  -72.076  -17.744 0.6000000238
13479  -30.643  -71.795  -18.554 0.6000000238
13480  -31.300  -71.364  -18.426 0.5000000000
13513  -25.944  -71.262  -21.919 0.6000000238
13526  -26.656  -70.897  -22.750 0.6000000238
13533  -28.158  -70.552  -23.943 0.5000000000
13541  -31.694  -71.454  -25.144 0.4000000060
13542  -33.152  -72.093  -24.720 0.5000000000
14228  -18.605  -70.629  -14.224 0.6000000238
14229  -20.330  -70.237  -13.084 0.5000000000
14250  -27.218  -71.148  -15.112 0.5000000000
14259  -15.888  -70.725  -16.841 0.6000000238
14260  -16.691  -71.242  -16.641 0.6000000238
14263  -19.301  -70.609  -16.820 0.5000000000
14264  -20.284  -70.733  -16.776 0.6000000238
14265  -22.875  -70.909  -17.159 0.6000000238
14266  -23.390  -70.791  -16.760 0.6000000238
14281  -17.449  -70.476  -16.958 0.6000000238
14286  -23.803  -70.148  -16.992 0.6000000238
14296  -20.025  -69.936  -18.121 0.5000000000
14297  -20.766  -69.974  -18.695 0.5000000000
14298  -21.571  -70.224  -18.488 0.6000000238
14300  -22.977  -70.178  -18.114 0.6000000238
14302  -32.383  -70.468  -18.723 0.5000000000
14308  -22.065  -69.970  -19.037 0.6000000238
14309  -31.762  -70.959  -19.076 0.6000000238
14328  -28.669  -70.100  -22.315 0.5000000000
14337  -29.884  -69.585  -22.822 0.5000000000
14343  -28.972  -69.583  -24.399 0.5000000000
15017  -18.019  -69.781  -10.738 0.5000000000
15018  -18.845  -69.497  -10.697 0.4000000060
15019  -19.422  -69.268  -10.736 0.4000000060
15053  -19.571  -69.127  -14.241 0.6000000238
15072  -24.463  -69.850  -16.489 0.6000000238
15073  -25.715  -69.135  -16.435 0.6000000238
15088  -12.605  -69.564  -17.443 0.5000000000
15089  -14.059  -69.243  -17.596 0.6000000238
15090  -15.596  -69.171  -18.390 0.6000000238
15095  -24.936  -69.226  -16.828 0.6000000238
15104  -17.119  -69.390  -18.553 0.6000000238
15106  -19.276  -69.662  -18.571 0.6000000238
15108  -22.696  -69.852  -18.781 0.6000000238
15120  -21.414  -69.584  -20.303 0.6000000238
15139  -21.566  -69.346  -21.138 0.6000000238
15142  -33.634  -69.411  -20.376 0.4000000060
15148  -19.649  -69.328  -21.702 0.6000000238
15150  -21.076  -69.407  -22.010 0.6000000238
15157  -21.444  -69.010  -22.772 0.6999999881
15847  -16.984  -69.150  -10.614 0.5000000000
15866  -16.349  -68.136  -15.210 0.6999999881
15867  -17.174  -68.387  -14.942 0.6999999881
15868  -18.055  -68.266  -14.793 0.6000000238
15893  -12.022  -68.439  -17.812 0.5000000000
15908  -14.707  -68.171  -19.516 0.6000000238
15909  -23.665  -68.733  -18.771 0.6000000238
15910  -24.447  -68.351  -18.380 0.6000000238
15924  -16.301  -68.320  -20.454 0.6999999881
15925  -16.881  -68.815  -20.340 0.6999999881
15927  -34.033  -69.165  -19.491 0.4000000060
15937  -18.120  -68.580  -21.087 0.6000000238
15945  -18.737  -68.416  -21.634 0.6000000238
15946  -19.381  -69.008  -22.113 0.6000000238
15949  -33.686  -69.160  -22.190 0.4000000060
15961  -19.838  -68.926  -22.635 0.6999999881
15962  -20.978  -68.905  -23.174 0.5000000000
15964  -22.140  -68.565  -23.162 0.5000000000
15977  -21.587  -68.378  -23.381 0.5000000000
16731  -18.655  -67.218  -9.828 0.4000000060
16741  -20.216  -68.102  -10.648 0.6000000238
16764  -14.816  -67.537  -15.804 0.5000000000
16765  -17.683  -67.109  -15.450 0.6000000238
16770  -13.127  -66.571  -16.768 0.5000000000
16771  -14.228  -66.903  -16.556 0.5000000000
16805  -13.835  -67.408  -18.980 0.6000000238
16818  -14.810  -67.568  -19.532 0.6000000238
16826  -15.957  -67.846  -20.299 0.6999999881
16852  -20.434  -67.850  -22.909 0.6000000238
16853  -21.279  -67.510  -23.251 0.5000000000
17595  -19.043  -66.445  -9.838 0.5000000000
17623  -22.473  -66.795  -12.256 0.5000000000
17625  -24.722  -66.230  -12.792 0.4000000060
17636  -25.116  -66.359  -13.404 0.4000000060
17640  -20.381  -66.644  -14.536 0.6000000238
17660  -12.410  -66.027  -17.647 0.5000000000
17664  -17.470  -66.494  -16.562 0.6000000238
17665  -18.272  -66.423  -16.468 0.6000000238
17669  -23.799  -66.318  -16.333 0.5000000000
17685  -13.191  -66.162  -17.995 0.5000000000
17687  -15.080  -66.258  -17.818 0.6999999881
17688  -16.098  -66.298  -17.744 0.6999999881
17692  -21.916  -66.596  -17.812 0.6999999881
17693  -22.389  -66.510  -17.061 0.6000000238
17709  -13.654  -66.555  -18.428 0.5000000000
17712  -19.615  -66.142  -18.475 0.5000000000
17724  -15.359  -66.941  -19.526 0.6999999881
17725  -16.768  -66.218  -19.810 0.6999999881
17748  -17.832  -66.567  -20.565 0.6999999881
17769  -18.408  -67.287  -21.221 0.6000000238
17781  -19.895  -67.224  -22.161 0.6000000238
18517  -21.025  -65.514  -10.247 0.5000000000
18519  -22.307  -65.483  -10.725 0.5000000000
18548  -24.545  -65.797  -12.290 0.5000000000
18559  -25.760  -65.891  -13.564 0.4000000060
18564  -25.905  -65.921  -14.396 0.4000000060
18598  -18.839  -66.039  -18.261 0.6000000238
18599  -23.453  -65.838  -17.673 0.5000000000
18607  -17.507  -65.955  -18.621 0.6000000238
18610  -19.906  -65.797  -19.304 0.6000000238
18625  -16.760  -65.935  -19.059 0.6999999881
18627  -18.540  -65.649  -19.643 0.6000000238
18630  -21.296  -65.552  -20.196 0.5000000000
18648  -19.248  -65.471  -20.428 0.5000000000
18651  -22.218  -65.325  -20.078 0.5000000000
18660  -20.406  -65.436  -21.143 0.5000000000
18669  -20.909  -65.769  -21.879 0.5000000000
18670  -21.602  -65.399  -22.203 0.5000000000
19454  -20.732  -64.796  -10.355 0.4000000060
19469  -19.391  -64.123  -10.757 0.4000000060
19472  -22.083  -64.570  -10.803 0.4000000060
19577  -22.063  -64.877  -21.894 0.5000000000
20381  -18.473  -63.213  -12.044 0.3000000119
20385  -22.453  -63.271  -12.044 0.3000000119
20398  -26.938  -63.987  -13.021 0.3000000119
20410  -14.056  -62.939  -14.623 0.3000000119
21265  -17.995  -62.879  -12.697 0.3000000119
21289  -20.295  -62.261  -12.972 0.3000000119
21290  -21.242  -62.160  -13.256 0.3000000119
21304  -16.203  -62.225  -14.725 0.4000000060
21308  -27.528  -63.115  -14.015 0.4000000060
21318  -15.742  -61.831  -15.432 0.4000000060
22167  -19.925  -61.797  -13.796 0.3000000119
22183  -18.288  -61.577  -14.773 0.3000000119
22185  -20.459  -61.255  -15.107 0.3000000119
22207  -17.096  -61.163  -15.846 0.4000000060
22210  -20.372  -60.866  -15.889 0.3000000119
22228  -15.726  -60.651  -16.377 0.4000000060
23076  -13.836  -59.648  -14.996 0.4000000060
23096  -15.315  -59.973  -16.405 0.4000000060
23108  -17.770  -60.104  -16.933 0.4000000060
23110  -19.487  -60.274  -17.134 0.4000000060
23119  -18.013  -59.769  -17.000 0.4000000060
23121  -19.416  -59.822  -17.511 0.3000000119
23989  -14.485  -59.230  -15.359 0.3000000119
23991  -16.244  -59.029  -15.313 0.3000000119
24001  -15.723  -58.980  -15.921 0.3000000119
24010  -16.351  -59.306  -16.271 0.3000000119
24012  -17.913  -59.319  -16.787 0.4000000060
24013  -21.419  -59.202  -17.037 0.3000000119
24020  -19.401  -59.203  -17.536 0.4000000060
24031  -20.865  -58.868  -17.704 0.3000000119
24898  -17.340  -58.839  -16.019 0.3000000119
24900  -18.934  -58.307  -16.016 0.3000000119
24930  -20.730  -58.494  -17.772 0.3000000119
24931  -21.320  -58.200  -17.765 0.3000000119
25780  -20.079  -57.813  -17.455 0.4000000060
107370  -19.740  -66.692  -14.709 0.6000000238
107383  -19.143  -70.346  -10.958 0.5000000000
107412  -16.011  -66.316  -19.400 0.6999999881
107433  -26.315  -74.949  -22.419 0.6000000238
107857  -18.746  -72.033  -13.499 0.6000000238
108212  -16.269  -71.055  -14.442 0.5000000000
108843  -16.964  -66.830  -20.410 0.6999999881
109146  -17.688  -73.164  -16.815 0.4000000060
109149  -26.717  -62.524  -17.662 0.4000000060
109169  -20.727  -69.625  -20.219 0.5000000000
109844  -18.635  -69.472  -19.066 0.6000000238
110241  -24.949  -74.018  -14.713 0.6000000238
110571  -34.766  -76.167  -30.324 0.3000000119
110919  -17.062  -66.320  -17.409 0.6999999881
111059  -17.806  -69.578  -18.146 0.6000000238
111165  -33.674  -74.580  -29.955 0.4000000060
111192  -36.000  -78.723  -26.473 0.4000000060
111449  -23.950  -66.875  -13.881 0.5000000000
111633  -36.032  -71.367  -25.263 0.4000000060
111946  -21.032  -61.344  -14.759 0.3000000119
112334  -18.820  -65.537  -20.151 0.6000000238
113101  -19.990  -69.593  -19.998 0.6000000238
114349  -27.501  -73.075  -26.386 0.5000000000
114622  -18.477  -58.540  -16.425 0.4000000060
114992  -28.674  -78.648  -29.637 0.6999999881
115401  -14.633  -66.318  -18.526 0.6000000238
115651  -26.912  -76.892  -20.322 0.6000000238
116095  -24.911  -63.539  -12.130 0.3000000119
116405  -29.617  -74.133  -26.039 0.5000000000
116661  -26.489  -63.731  -12.536 0.3000000119
117135  -21.575  -75.413  -18.961 0.5000000000
117689  -21.042  -59.331  -17.408 0.3000000119
118365  -19.302  -78.991  -25.399 0.5000000000
118695  -18.976  -66.405  -16.421 0.6000000238
118942  -16.357  -66.442  -10.342 0.4000000060
120528  -30.607  -73.441  -23.427 0.5000000000
120833  -22.103  -69.414  -20.308 0.6000000238
120973  -21.924  -74.858  -27.321 0.5000000000
121261  -22.050  -72.287  -15.381 0.6000000238
122134  -25.448  -77.651  -30.007 0.6999999881
122196  -18.405  -68.995  -20.831 0.6000000238
122312  -20.346  -65.322  -10.163 0.4000000060
122554  -16.634  -68.895  -14.836 0.6999999881
123014  -17.178  -69.551  -14.641 0.6999999881
123043  -17.157  -72.105  -16.458 0.5000000000
123109  -25.933  -62.864  -17.340 0.4000000060
123405  -17.476  -69.171  -19.978 0.6000000238
123906  -18.899  -60.875  -15.893 0.4000000060
124118  -21.327  -76.023  -15.925 0.6000000238
124538  -32.906  -70.023  -19.190 0.5000000000
124585  -20.185  -74.667  -15.698 0.5000000000
124883  -22.608  -66.088  -11.107 0.6000000238
125071  -20.355  -69.064  -22.862 0.6999999881
125323  -28.531  -73.097  -28.199 0.6000000238
126007  -33.533  -69.489  -18.574 0.4000000060
126309  -27.272  -76.425  -26.552 0.6000000238
126637  -27.607  -71.381  -20.679 0.6000000238
126653  -18.839  -71.480  -16.311 0.5000000000
126694  -30.829  -69.414  -25.522 0.4000000060
127044  -30.607  -77.684  -28.991 0.5000000000
127140  -21.978  -75.589  -14.499 0.6000000238
127281  -18.170  -60.266  -16.847 0.4000000060
127314  -27.160  -71.174  -21.249 0.6000000238
127326  -19.438  -66.584  -15.270 0.6000000238
127373  -26.803  -81.967  -29.984 0.5000000000
127455  -36.048  -79.630  -25.296 0.4000000060
127934  -27.883  -79.736  -30.163 0.6000000238
128156  -23.861  -76.165  -14.760 0.6999999881
128185  -17.150  -68.940  -14.745 0.6999999881
128269  -14.528  -60.802  -16.040 0.4000000060
128368  -26.464  -73.315  -18.795 0.6000000238
128477  -35.795  -77.157  -23.696 0.3000000119
128689  -35.781  -77.284  -28.992 0.3000000119
128835  -21.145  -59.711  -17.009 0.3000000119
129045  -15.238  -70.294  -16.983 0.5000000000
129284  -22.472  -66.286  -23.478 0.5000000000
129518  -35.305  -73.760  -20.810 0.3000000119
129524  -24.889  -72.228  -22.909 0.6000000238
129732  -18.752  -70.297  -17.111 0.5000000000
129951  -23.692  -65.402  -11.536 0.5000000000
