#!ascii label  , from subject sub-v1s12x0050113_ses-1 vox2ras=TkReg
1463
54795  42.376  -24.055  28.911 0.0000000000
40253  32.770  -40.913  43.251 0.0000000000
36018  19.160  -45.074  43.689 0.0000000000
117774  15.097  -48.151  46.219 0.0000000000
114963  27.983  -45.541  50.036 0.0000000000
107142  24.097  -43.287  40.142 0.0000000000
48786  40.319  -30.928  29.513 0.0000000000
59995  47.922  -17.089  27.879 0.0000000000
47798  41.939  -31.241  37.982 0.0000000000
43827  34.471  -36.032  37.413 0.0000000000
40386  28.073  -39.870  33.756 0.0000000000
37696  20.740  -42.518  48.942 0.0000000000
36912  16.308  -44.207  45.258 0.0000000000
37698  17.750  -43.704  50.126 0.0000000000
35120  22.599  -46.266  47.652 0.0000000000
48662  45.356  -29.815  36.876 0.0000000000
41034  34.860  -40.110  48.983 0.0000000000
41943  36.869  -37.809  45.071 0.0000000000
45539  36.998  -34.821  41.804 0.0000000000
41999  35.112  -38.876  39.982 0.0000000000
42068  32.435  -38.722  35.912 0.0000000000
40321  30.590  -40.510  39.477 0.0000000000
37935  19.333  -43.553  35.427 0.0000000000
37954  22.835  -43.035  34.106 0.0000000000
126418  44.361  -20.729  28.128 0.0000000000
58428  45.469  -19.768  23.930 0.0000000000
37899  16.962  -43.776  37.332 0.0000000000
35232  14.324  -46.421  39.089 0.0000000000
37730  31.342  -44.082  46.668 0.0000000000
37806  28.990  -43.309  41.922 0.0000000000
124419  26.019  -44.390  45.093 0.0000000000
36071  21.016  -45.509  41.747 0.0000000000
51470  40.671  -27.811  29.091 0.0000000000
35069  16.537  -47.142  51.642 0.0000000000
31772  13.687  -49.666  47.868 0.0000000000
56645  46.527  -20.889  32.715 0.0000000000
53074  44.689  -25.375  31.834 0.0000000000
49639  43.579  -29.414  33.049 0.0000000000
47025  41.812  -32.316  33.477 0.0000000000
119799  38.351  -31.553  34.292 0.0000000000
48603  40.462  -30.202  42.848 0.0000000000
46979  37.065  -32.071  38.771 0.0000000000
46289  33.443  -33.529  33.253 0.0000000000
43010  32.119  -37.482  31.754 0.0000000000
38672  26.323  -42.463  37.287 0.0000000000
111389  20.481  -41.580  52.543 0.0000000000
38540  19.497  -41.913  50.015 0.0000000000
38502  18.865  -41.788  52.494 0.0000000000
36828  22.078  -43.844  51.368 0.0000000000
39382  34.364  -41.190  46.126 0.0000000000
40237  35.526  -39.912  44.397 0.0000000000
41107  35.936  -38.761  42.362 0.0000000000
41110  34.045  -39.806  41.838 0.0000000000
41162  32.590  -39.556  39.426 0.0000000000
40286  31.687  -40.693  41.300 0.0000000000
110074  18.215  -44.858  32.552 0.0000000000
126813  20.820  -45.008  33.475 0.0000000000
55752  43.303  -22.457  28.707 0.0000000000
116709  43.319  -21.326  26.586 0.0000000000
54825  42.025  -23.260  26.557 0.0000000000
37012  18.060  -44.728  40.193 0.0000000000
37033  15.141  -44.080  38.399 0.0000000000
37816  16.390  -43.609  40.897 0.0000000000
35147  15.586  -46.334  46.038 0.0000000000
34389  14.605  -46.825  43.221 0.0000000000
34380  14.181  -48.152  43.513 0.0000000000
32729  13.724  -49.499  44.028 0.0000000000
37693  31.734  -43.547  49.838 0.0000000000
35952  29.716  -45.135  48.543 0.0000000000
108085  29.205  -44.806  46.020 0.0000000000
35967  27.091  -45.152  47.754 0.0000000000
36002  20.576  -46.161  45.369 0.0000000000
35179  21.627  -46.283  44.548 0.0000000000
35199  19.612  -46.005  42.140 0.0000000000
108997  18.856  -45.712  39.868 0.0000000000
125810  40.339  -29.379  29.328 0.0000000000
125897  40.486  -28.606  27.003 0.0000000000
114036  39.518  -30.746  27.242 0.0000000000
31739  12.219  -49.801  49.539 0.0000000000
52264  44.767  -26.910  32.500 0.0000000000
51410  46.067  -27.480  34.093 0.0000000000
47795  44.290  -30.767  37.632 0.0000000000
47837  43.822  -31.580  35.504 0.0000000000
47839  42.298  -31.809  35.698 0.0000000000
126720  40.174  -31.932  33.745 0.0000000000
120798  39.673  -31.531  35.966 0.0000000000
44774  35.540  -35.753  39.258 0.0000000000
46973  36.670  -32.974  40.311 0.0000000000
113207  35.241  -34.200  38.126 0.0000000000
47005  35.030  -32.892  36.216 0.0000000000
45600  33.561  -34.535  35.569 0.0000000000
44840  31.965  -35.633  32.424 0.0000000000
43878  32.923  -36.058  35.037 0.0000000000
42126  30.965  -38.715  33.508 0.0000000000
36992  26.846  -43.652  41.435 0.0000000000
38649  27.441  -43.033  39.425 0.0000000000
37873  25.810  -42.926  38.224 0.0000000000
37969  24.359  -43.392  33.322 0.0000000000
61726  49.528  -15.425  25.466 0.0000000000
60859  47.777  -16.253  25.809 0.0000000000
37732  20.344  -43.957  46.540 0.0000000000
37757  17.976  -43.237  44.139 0.0000000000
38580  18.556  -42.552  46.950 0.0000000000
36877  16.997  -44.117  47.616 0.0000000000
35958  16.348  -45.954  48.404 0.0000000000
36823  25.641  -44.848  51.304 0.0000000000
122428  25.186  -45.883  48.972 0.0000000000
35930  23.696  -45.556  50.333 0.0000000000
121975  21.837  -45.641  49.102 0.0000000000
50499  46.394  -28.264  35.769 0.0000000000
124763  43.387  -30.017  40.429 0.0000000000
43750  37.149  -36.514  42.946 0.0000000000
42852  35.987  -37.491  41.215 0.0000000000
42032  35.011  -38.063  38.674 0.0000000000
42067  33.671  -38.408  36.293 0.0000000000
41196  33.672  -39.178  37.769 0.0000000000
41198  31.278  -39.340  37.422 0.0000000000
40360  29.015  -40.049  36.965 0.0000000000
124402  21.137  -42.539  37.824 0.0000000000
107492  23.135  -41.897  37.024 0.0000000000
38707  21.092  -42.197  35.622 0.0000000000
59198  45.966  -18.953  28.004 0.0000000000
60013  45.795  -17.791  25.811 0.0000000000
57534  44.088  -20.132  25.814 0.0000000000
36074  15.054  -44.918  41.749 0.0000000000
37705  33.449  -42.821  48.321 0.0000000000
38596  32.137  -42.426  45.047 0.0000000000
38617  30.475  -42.522  42.742 0.0000000000
37756  29.973  -43.781  44.250 0.0000000000
36945  27.573  -44.080  43.744 0.0000000000
36971  24.815  -43.730  42.459 0.0000000000
35999  24.169  -45.254  46.292 0.0000000000
36949  23.206  -44.334  43.791 0.0000000000
37812  22.758  -43.594  41.335 0.0000000000
37022  20.052  -44.479  38.982 0.0000000000
37055  18.029  -44.582  36.194 0.0000000000
53095  41.529  -25.947  29.019 0.0000000000
53125  40.971  -25.467  26.947 0.0000000000
52335  40.650  -26.869  27.313 0.0000000000
35933  17.087  -45.730  50.816 0.0000000000
34324  15.843  -47.609  49.295 0.0000000000
32664  15.401  -48.969  50.084 0.0000000000
32681  14.709  -49.314  47.360 0.0000000000
58386  46.778  -19.495  29.831 0.0000000000
56664  45.205  -21.162  30.127 0.0000000000
55732  43.975  -22.972  30.259 0.0000000000
125042  43.712  -24.547  30.599 0.0000000000
52294  42.760  -26.574  30.685 0.0000000000
50545  41.952  -28.210  31.124 0.0000000000
49650  41.648  -29.948  31.293 0.0000000000
49619  45.103  -29.623  34.577 0.0000000000
47875  43.243  -31.214  33.354 0.0000000000
47055  41.277  -32.305  31.344 0.0000000000
47037  40.078  -32.690  31.775 0.0000000000
47039  37.978  -32.037  31.803 0.0000000000
47743  41.287  -30.837  40.077 0.0000000000
46957  38.075  -32.788  42.794 0.0000000000
47744  38.134  -31.333  40.724 0.0000000000
47800  39.081  -31.387  37.937 0.0000000000
47821  37.618  -31.795  36.408 0.0000000000
47028  35.732  -32.076  34.023 0.0000000000
42102  31.996  -38.132  34.101 0.0000000000
39454  29.674  -41.857  40.326 0.0000000000
39470  28.248  -41.677  38.615 0.0000000000
118387  27.034  -40.994  35.840 0.0000000000
38688  24.619  -42.186  35.853 0.0000000000
39520  25.498  -41.719  33.871 0.0000000000
39299  19.687  -41.524  52.535 0.0000000000
39289  18.985  -41.303  52.966 0.0000000000
40225  33.971  -41.195  45.293 0.0000000000
40223  35.378  -40.218  45.342 0.0000000000
117009  34.392  -40.445  43.881 0.0000000000
41097  35.100  -39.809  43.141 0.0000000000
123662  33.232  -40.525  42.787 0.0000000000
40285  32.498  -40.356  41.554 0.0000000000
40269  32.577  -40.676  42.454 0.0000000000
55753  42.641  -22.867  28.080 0.0000000000
55763  42.477  -22.612  27.166 0.0000000000
109349  42.141  -23.188  27.420 0.0000000000
36975  18.344  -44.143  42.055 0.0000000000
37836  17.675  -43.818  40.675 0.0000000000
37789  17.791  -43.537  42.275 0.0000000000
34353  15.262  -47.411  46.073 0.0000000000
118006  14.699  -47.454  44.647 0.0000000000
33566  14.600  -48.195  45.017 0.0000000000
32728  14.008  -48.856  43.780 0.0000000000
33552  14.489  -48.777  45.259 0.0000000000
36821  27.862  -44.396  51.122 0.0000000000
36838  29.196  -44.537  50.370 0.0000000000
36850  29.868  -44.761  50.018 0.0000000000
35941  28.759  -45.315  49.763 0.0000000000
35966  28.082  -45.178  48.033 0.0000000000
108446  27.322  -45.469  48.673 0.0000000000
36003  19.954  -45.940  44.924 0.0000000000
35164  20.100  -46.368  43.928 0.0000000000
36038  19.224  -45.687  42.949 0.0000000000
126361  18.938  -45.628  41.898 0.0000000000
49660  40.517  -30.039  29.857 0.0000000000
48807  39.693  -30.107  27.938 0.0000000000
117183  39.467  -30.958  27.895 0.0000000000
52250  46.552  -26.164  34.293 0.0000000000
115443  46.382  -26.715  33.977 0.0000000000
51409  46.574  -26.834  34.603 0.0000000000
47776  42.933  -31.263  38.018 0.0000000000
47797  43.021  -31.361  36.965 0.0000000000
123532  42.339  -31.333  37.351 0.0000000000
108701  41.390  -31.577  36.162 0.0000000000
47818  40.657  -31.332  36.863 0.0000000000
44788  35.215  -35.642  38.555 0.0000000000
127637  35.453  -35.069  38.897 0.0000000000
44801  34.875  -35.404  37.871 0.0000000000
45585  34.547  -34.325  37.141 0.0000000000
44814  33.912  -35.736  36.681 0.0000000000
44822  33.308  -35.353  35.509 0.0000000000
44815  33.476  -36.007  35.891 0.0000000000
37830  25.663  -43.582  40.516 0.0000000000
37853  25.996  -43.503  39.839 0.0000000000
125717  24.939  -43.169  39.190 0.0000000000
60851  48.685  -15.854  26.548 0.0000000000
123387  47.362  -16.895  26.966 0.0000000000
37709  20.887  -43.267  48.245 0.0000000000
37721  19.985  -42.928  46.860 0.0000000000
126765  20.423  -42.422  48.331 0.0000000000
37697  18.166  -42.948  49.340 0.0000000000
37710  18.026  -42.959  48.371 0.0000000000
37711  17.603  -43.646  49.024 0.0000000000
35973  16.636  -45.013  48.010 0.0000000000
36864  17.097  -44.457  48.694 0.0000000000
36807  24.573  -44.183  51.770 0.0000000000
35929  24.616  -45.477  50.633 0.0000000000
35914  23.757  -45.067  50.917 0.0000000000
37683  21.556  -43.276  50.617 0.0000000000
36842  21.998  -44.422  50.519 0.0000000000
37708  21.292  -44.210  48.777 0.0000000000
36863  20.969  -44.551  48.007 0.0000000000
41909  36.621  -38.051  46.446 0.0000000000
42755  36.935  -37.290  46.411 0.0000000000
43714  37.672  -35.976  45.484 0.0000000000
43725  37.802  -35.742  44.937 0.0000000000
113722  37.286  -36.749  44.272 0.0000000000
41986  35.691  -38.581  41.491 0.0000000000
115496  35.917  -38.035  41.359 0.0000000000
116595  35.376  -38.399  40.223 0.0000000000
121039  35.293  -37.948  39.364 0.0000000000
42015  35.110  -38.438  39.396 0.0000000000
41195  34.360  -38.823  37.958 0.0000000000
41177  34.064  -39.166  38.523 0.0000000000
40320  31.346  -40.242  39.798 0.0000000000
108254  32.090  -39.545  38.797 0.0000000000
41180  30.774  -39.671  38.121 0.0000000000
41199  30.451  -39.543  37.364 0.0000000000
40347  29.987  -39.961  37.952 0.0000000000
37897  20.083  -42.942  36.841 0.0000000000
38675  21.594  -42.055  37.317 0.0000000000
127294  20.459  -42.578  35.668 0.0000000000
58396  45.499  -19.655  28.346 0.0000000000
58404  45.241  -19.382  27.518 0.0000000000
113882  44.207  -20.241  26.738 0.0000000000
56703  43.522  -21.464  24.924 0.0000000000
37066  16.432  -44.112  35.258 0.0000000000
37058  15.580  -44.082  36.733 0.0000000000
37758  17.027  -43.356  44.241 0.0000000000
120432  16.540  -43.659  43.494 0.0000000000
36934  15.808  -44.515  43.895 0.0000000000
33598  13.703  -48.065  41.647 0.0000000000
123423  13.835  -47.548  41.315 0.0000000000
36860  31.595  -44.380  48.693 0.0000000000
37706  32.781  -43.384  48.752 0.0000000000
37718  32.808  -43.355  47.703 0.0000000000
38578  32.701  -43.071  46.702 0.0000000000
109781  31.596  -43.664  46.091 0.0000000000
37755  30.757  -43.394  44.532 0.0000000000
37744  30.332  -44.029  45.197 0.0000000000
36906  27.623  -44.528  45.507 0.0000000000
123488  28.138  -44.272  44.366 0.0000000000
36926  26.593  -44.214  44.370 0.0000000000
36969  26.324  -43.813  42.770 0.0000000000
36947  25.888  -44.013  43.725 0.0000000000
35107  23.608  -46.203  48.654 0.0000000000
35970  24.434  -45.756  47.770 0.0000000000
35130  23.784  -46.001  47.528 0.0000000000
36036  21.412  -46.056  43.248 0.0000000000
36930  22.617  -44.928  44.130 0.0000000000
36056  21.892  -45.238  42.981 0.0000000000
36972  23.116  -44.021  42.997 0.0000000000
36995  21.460  -44.514  41.423 0.0000000000
37835  21.073  -44.006  39.902 0.0000000000
37010  20.587  -44.867  40.203 0.0000000000
36114  18.282  -45.189  38.545 0.0000000000
36124  18.364  -45.186  38.086 0.0000000000
111044  17.683  -44.524  36.991 0.0000000000
52307  41.505  -26.705  29.499 0.0000000000
52323  40.710  -26.513  27.831 0.0000000000
51482  40.533  -27.238  28.203 0.0000000000
113768  41.298  -28.927  26.593 0.0000000000
35068  16.846  -46.516  51.192 0.0000000000
35101  16.303  -46.960  49.759 0.0000000000
34315  16.070  -47.599  50.136 0.0000000000
31738  13.361  -49.638  49.610 0.0000000000
32666  14.242  -49.542  49.157 0.0000000000
32673  15.146  -49.050  48.467 0.0000000000
31771  14.367  -49.530  47.777 0.0000000000
127707  13.988  -49.810  46.438 0.0000000000
31773  12.908  -49.856  47.179 0.0000000000
59184  48.266  -18.298  30.221 0.0000000000
57502  46.776  -20.172  30.987 0.0000000000
56656  45.614  -21.347  31.028 0.0000000000
56657  44.850  -21.855  30.522 0.0000000000
55730  45.297  -22.149  31.350 0.0000000000
53907  44.910  -24.220  31.837 0.0000000000
53922  44.322  -24.128  31.202 0.0000000000
53908  44.410  -24.765  31.398 0.0000000000
53083  43.424  -25.430  30.654 0.0000000000
108607  44.205  -25.962  31.525 0.0000000000
50526  43.976  -28.460  32.850 0.0000000000
51444  43.300  -27.503  31.699 0.0000000000
50527  43.141  -28.860  32.439 0.0000000000
50537  41.943  -29.024  31.512 0.0000000000
49640  42.889  -29.741  32.528 0.0000000000
49597  46.222  -28.780  36.069 0.0000000000
50500  46.264  -28.559  35.443 0.0000000000
48691  45.384  -29.871  35.453 0.0000000000
126897  42.840  -32.114  34.372 0.0000000000
115057  43.678  -31.297  33.972 0.0000000000
126084  42.868  -31.663  33.248 0.0000000000
47906  42.153  -31.489  32.037 0.0000000000
47890  42.053  -32.073  32.373 0.0000000000
47046  40.740  -32.645  31.528 0.0000000000
47036  40.905  -32.559  32.287 0.0000000000
121408  39.147  -31.620  33.992 0.0000000000
47877  39.359  -31.838  33.121 0.0000000000
47878  38.475  -31.649  33.443 0.0000000000
123048  37.585  -31.702  32.880 0.0000000000
48614  40.416  -30.441  41.894 0.0000000000
45527  37.813  -34.254  43.061 0.0000000000
46232  38.204  -33.451  43.460 0.0000000000
46238  37.807  -33.469  42.680 0.0000000000
46980  36.705  -32.547  39.652 0.0000000000
46972  37.037  -32.337  40.354 0.0000000000
47762  37.623  -31.661  39.374 0.0000000000
47760  39.296  -31.033  39.609 0.0000000000
47780  38.134  -31.511  38.577 0.0000000000
47801  38.322  -31.607  37.555 0.0000000000
46994  37.003  -32.111  36.878 0.0000000000
110286  34.288  -32.993  34.512 0.0000000000
123032  35.307  -32.524  35.475 0.0000000000
47021  34.623  -32.648  33.971 0.0000000000
124046  34.616  -32.860  32.504 0.0000000000
46288  34.038  -33.099  32.853 0.0000000000
126963  33.066  -34.219  32.123 0.0000000000
43929  32.038  -36.495  31.808 0.0000000000
43928  32.829  -36.418  31.432 0.0000000000
111888  33.277  -38.830  36.410 0.0000000000
42084  32.679  -37.948  34.940 0.0000000000
115585  32.491  -38.325  35.164 0.0000000000
113306  31.788  -39.598  32.364 0.0000000000
38618  29.739  -42.985  42.251 0.0000000000
38628  30.176  -42.311  41.854 0.0000000000
38629  29.465  -42.769  41.502 0.0000000000
38657  27.067  -42.766  38.661 0.0000000000
38656  27.805  -42.457  38.988 0.0000000000
39471  27.553  -42.141  38.233 0.0000000000
40350  27.878  -40.926  37.130 0.0000000000
39494  26.706  -41.611  36.399 0.0000000000
107322  22.895  -41.652  35.933 0.0000000000
38689  23.856  -41.973  36.435 0.0000000000
38731  23.304  -42.242  34.376 0.0000000000
38749  24.624  -42.769  33.431 0.0000000000
39536  25.852  -41.685  33.162 0.0000000000
59211  45.270  -18.395  25.328 0.0000000000
60022  45.734  -17.887  24.826 0.0000000000
125027  42.153  -25.454  26.213 0.0000000000
38538  20.859  -42.201  50.754 0.0000000000
39328  19.989  -41.801  49.495 0.0000000000
39311  20.116  -41.751  50.385 0.0000000000
38521  19.503  -41.811  51.352 0.0000000000
37671  18.351  -42.829  51.583 0.0000000000
38520  21.559  -42.847  51.640 0.0000000000
40200  35.031  -40.965  47.829 0.0000000000
41050  35.751  -39.581  47.793 0.0000000000
40213  35.498  -40.206  46.402 0.0000000000
41074  35.920  -39.589  45.920 0.0000000000
41944  36.538  -38.432  44.704 0.0000000000
41962  36.452  -38.423  43.744 0.0000000000
41095  36.054  -38.938  43.240 0.0000000000
41121  35.408  -39.155  41.946 0.0000000000
107074  34.205  -39.460  40.992 0.0000000000
41161  33.645  -39.357  39.456 0.0000000000
41124  32.747  -39.935  40.737 0.0000000000
40304  32.102  -40.276  40.865 0.0000000000
40306  30.804  -40.781  40.249 0.0000000000
37063  18.792  -43.929  34.736 0.0000000000
117899  19.854  -43.984  33.768 0.0000000000
121150  19.878  -44.876  32.782 0.0000000000
128754  43.938  -21.178  28.058 0.0000000000
57526  43.937  -20.803  27.302 0.0000000000
117329  43.467  -21.509  27.534 0.0000000000
55773  42.482  -22.507  26.243 0.0000000000
37879  17.384  -43.927  38.927 0.0000000000
37920  15.732  -43.720  37.427 0.0000000000
37860  16.814  -43.523  39.543 0.0000000000
37838  16.205  -43.569  40.147 0.0000000000
111890  14.777  -44.727  39.778 0.0000000000
36004  15.896  -45.155  45.650 0.0000000000
36020  15.347  -45.500  44.237 0.0000000000
35165  14.982  -46.501  44.522 0.0000000000
34390  14.229  -47.469  42.894 0.0000000000
127976  13.161  -49.930  42.916 0.0000000000
36861  30.951  -44.686  49.090 0.0000000000
36873  30.716  -44.699  47.686 0.0000000000
36888  29.824  -44.731  46.416 0.0000000000
36875  29.147  -44.961  46.779 0.0000000000
35983  27.658  -44.861  47.017 0.0000000000
36891  26.499  -44.671  46.217 0.0000000000
35133  21.731  -46.256  46.354 0.0000000000
35143  22.039  -46.322  45.984 0.0000000000
35144  21.454  -46.301  45.547 0.0000000000
35181  20.357  -46.374  43.495 0.0000000000
35210  19.873  -46.129  41.813 0.0000000000
36085  20.031  -45.741  40.563 0.0000000000
35212  19.249  -45.847  41.040 0.0000000000
36088  18.523  -45.474  39.918 0.0000000000
50557  40.445  -28.633  29.179 0.0000000000
110058  40.256  -28.190  28.278 0.0000000000
49682  40.039  -29.168  28.390 0.0000000000
48826  39.867  -29.961  27.146 0.0000000000
121970  12.658  -49.707  50.396 0.0000000000
31749  12.603  -49.724  48.809 0.0000000000
106649  11.929  -50.129  47.601 0.0000000000
31762  11.211  -50.531  48.111 0.0000000000
53063  45.859  -25.536  33.159 0.0000000000
52279  44.725  -26.147  32.096 0.0000000000
52263  45.430  -26.243  32.827 0.0000000000
51411  45.375  -27.822  33.535 0.0000000000
50525  44.765  -28.457  33.479 0.0000000000
48663  44.817  -30.330  37.281 0.0000000000
48678  44.937  -30.467  36.411 0.0000000000
47815  43.791  -31.387  36.437 0.0000000000
47838  43.071  -32.008  35.169 0.0000000000
47009  42.252  -32.100  34.926 0.0000000000
47018  41.178  -32.231  33.999 0.0000000000
47860  41.435  -32.066  34.769 0.0000000000
107777  40.052  -31.591  35.382 0.0000000000
112879  39.109  -31.554  35.430 0.0000000000
44760  36.323  -35.333  40.750 0.0000000000
119539  36.989  -33.925  41.479 0.0000000000
45552  36.185  -34.548  40.199 0.0000000000
46255  35.895  -33.525  38.961 0.0000000000
121441  35.930  -33.106  38.439 0.0000000000
46995  36.347  -32.492  37.334 0.0000000000
46270  35.190  -33.209  36.997 0.0000000000
111873  34.386  -33.376  35.903 0.0000000000
113679  33.278  -34.225  34.641 0.0000000000
45614  32.824  -34.120  32.789 0.0000000000
45607  32.750  -34.683  34.159 0.0000000000
116924  32.100  -35.736  33.329 0.0000000000
43901  31.909  -36.536  32.825 0.0000000000
42086  30.840  -38.788  35.186 0.0000000000
42104  30.882  -38.653  34.365 0.0000000000
117093  30.377  -38.870  33.843 0.0000000000
41259  30.469  -39.197  33.241 0.0000000000
39545  30.744  -41.133  32.748 0.0000000000
37808  27.529  -43.532  41.208 0.0000000000
37828  27.996  -43.381  40.794 0.0000000000
37829  27.474  -43.425  40.418 0.0000000000
37871  26.954  -43.131  39.257 0.0000000000
38658  26.417  -42.739  38.056 0.0000000000
37097  23.641  -43.582  33.654 0.0000000000
37080  23.788  -44.490  33.760 0.0000000000
61715  49.541  -15.466  26.421 0.0000000000
60858  48.589  -15.760  25.626 0.0000000000
60868  47.781  -16.323  24.886 0.0000000000
36911  19.605  -44.725  45.002 0.0000000000
36932  18.661  -43.853  43.894 0.0000000000
108690  19.254  -43.520  45.398 0.0000000000
37734  18.636  -42.891  46.055 0.0000000000
37747  17.660  -43.176  45.833 0.0000000000
111485  19.112  -42.095  48.131 0.0000000000
37722  17.920  -42.937  47.507 0.0000000000
36895  17.014  -43.703  46.623 0.0000000000
36878  16.475  -44.661  47.089 0.0000000000
35135  15.825  -46.405  46.971 0.0000000000
34352  15.523  -47.083  46.613 0.0000000000
35910  26.751  -45.386  50.829 0.0000000000
35943  26.485  -45.844  49.692 0.0000000000
35081  25.120  -45.793  50.110 0.0000000000
35096  23.956  -46.096  49.347 0.0000000000
35097  23.227  -46.229  49.055 0.0000000000
36841  22.603  -44.639  50.997 0.0000000000
35944  22.408  -45.731  49.572 0.0000000000
35109  22.203  -46.242  48.172 0.0000000000
35972  20.968  -45.911  46.858 0.0000000000
36893  20.464  -45.165  46.347 0.0000000000
47062  40.067  -32.483  29.864 0.0000000000
47929  39.422  -31.686  28.379 0.0000000000
117755  39.002  -32.400  28.083 0.0000000000
51378  46.546  -27.228  35.168 0.0000000000
49571  45.313  -29.201  38.032 0.0000000000
49572  44.870  -29.611  38.560 0.0000000000
48637  43.533  -30.590  39.331 0.0000000000
47757  42.781  -30.771  39.555 0.0000000000
44717  38.025  -35.123  44.105 0.0000000000
44730  37.328  -35.747  42.804 0.0000000000
42821  36.909  -37.200  43.087 0.0000000000
42839  36.694  -37.109  42.397 0.0000000000
43783  36.533  -36.269  41.532 0.0000000000
43797  35.771  -36.711  40.393 0.0000000000
42886  35.306  -37.399  39.107 0.0000000000
42910  34.653  -37.115  37.493 0.0000000000
42930  34.231  -37.443  36.782 0.0000000000
110634  34.565  -37.926  37.194 0.0000000000
42051  33.923  -38.807  37.039 0.0000000000
41215  32.666  -39.073  36.665 0.0000000000
41178  33.072  -39.345  38.553 0.0000000000
118602  32.291  -39.274  37.414 0.0000000000
41216  31.802  -39.080  36.669 0.0000000000
41217  30.868  -39.197  36.685 0.0000000000
41218  29.537  -39.588  36.401 0.0000000000
40361  28.707  -39.914  36.057 0.0000000000
38650  23.039  -42.788  39.193 0.0000000000
38660  23.684  -42.601  38.494 0.0000000000
38674  22.460  -42.038  37.591 0.0000000000
38690  22.213  -41.714  36.628 0.0000000000
37955  21.894  -43.067  34.527 0.0000000000
108040  20.570  -43.767  34.086 0.0000000000
37083  21.430  -43.829  34.278 0.0000000000
59988  47.458  -17.798  28.285 0.0000000000
117506  46.920  -17.538  27.333 0.0000000000
113240  45.487  -18.721  26.961 0.0000000000
58413  44.938  -18.849  25.923 0.0000000000
58422  44.480  -19.526  25.403 0.0000000000
57535  43.684  -20.713  26.202 0.0000000000
57542  44.133  -20.227  24.861 0.0000000000
37772  17.270  -43.389  42.807 0.0000000000
36999  15.648  -44.112  41.345 0.0000000000
36090  14.501  -45.635  40.270 0.0000000000
35201  14.890  -45.921  42.882 0.0000000000
122050  14.532  -45.896  41.319 0.0000000000
39348  34.558  -41.650  48.166 0.0000000000
39349  34.109  -42.008  47.526 0.0000000000
39383  33.610  -41.676  45.776 0.0000000000
39399  32.514  -41.713  44.582 0.0000000000
39415  31.648  -41.827  43.428 0.0000000000
39400  31.729  -42.201  44.171 0.0000000000
38607  30.419  -43.118  43.633 0.0000000000
37769  29.591  -43.575  43.440 0.0000000000
36923  29.497  -44.299  44.795 0.0000000000
36943  29.201  -44.052  43.978 0.0000000000
36967  28.115  -43.802  42.972 0.0000000000
36991  27.313  -43.655  41.906 0.0000000000
106638  26.251  -43.694  41.933 0.0000000000
37831  24.566  -43.485  40.808 0.0000000000
35955  25.644  -45.575  48.347 0.0000000000
35985  25.817  -44.936  46.746 0.0000000000
36908  25.265  -44.526  45.340 0.0000000000
36001  22.520  -46.032  45.606 0.0000000000
36910  23.622  -44.911  45.185 0.0000000000
113276  24.798  -44.403  44.841 0.0000000000
107380  24.098  -43.901  43.312 0.0000000000
37811  23.689  -43.576  41.534 0.0000000000
37832  23.485  -43.385  40.733 0.0000000000
37856  22.335  -43.127  39.759 0.0000000000
37877  20.409  -43.687  38.561 0.0000000000
127098  19.706  -43.652  37.349 0.0000000000
37031  19.237  -45.186  38.770 0.0000000000
36112  18.766  -45.053  37.882 0.0000000000
37054  18.543  -44.222  35.826 0.0000000000
114295  17.789  -44.306  34.545 0.0000000000
53110  41.601  -25.192  28.602 0.0000000000
53950  41.595  -24.225  27.624 0.0000000000
53111  40.979  -25.793  27.944 0.0000000000
51493  40.474  -27.832  27.320 0.0000000000
51509  41.589  -27.512  26.607 0.0000000000
47948  39.486  -31.480  26.823 0.0000000000
39290  18.316  -41.418  53.028 0.0000000000
37657  18.168  -42.555  52.529 0.0000000000
37685  17.870  -43.731  51.321 0.0000000000
36829  17.383  -44.473  51.921 0.0000000000
36843  17.377  -44.714  50.834 0.0000000000
35100  16.550  -46.136  49.320 0.0000000000
35110  16.095  -46.872  48.850 0.0000000000
33533  15.422  -48.106  47.484 0.0000000000
33506  15.983  -48.254  51.098 0.0000000000
33516  15.563  -48.587  49.650 0.0000000000
33527  15.308  -48.732  48.310 0.0000000000
107636  14.947  -48.624  46.394 0.0000000000
32703  14.256  -49.358  45.430 0.0000000000
59987  48.512  -17.220  28.914 0.0000000000
59190  47.936  -18.083  29.243 0.0000000000
58395  46.395  -19.231  28.925 0.0000000000
58387  45.872  -19.884  29.271 0.0000000000
58377  47.395  -19.589  31.348 0.0000000000
57510  46.319  -20.106  30.115 0.0000000000
57511  44.891  -20.976  29.394 0.0000000000
56665  44.542  -21.573  29.682 0.0000000000
56666  43.933  -21.991  29.211 0.0000000000
55742  43.633  -22.755  29.559 0.0000000000
55723  45.107  -22.876  31.566 0.0000000000
54782  44.103  -23.577  30.728 0.0000000000
53932  42.934  -24.233  29.667 0.0000000000
53084  42.829  -25.204  30.006 0.0000000000
52306  42.275  -26.121  29.923 0.0000000000
52295  42.063  -27.016  30.274 0.0000000000
52280  43.969  -26.728  31.741 0.0000000000
51456  42.531  -27.437  31.064 0.0000000000
51457  41.824  -27.684  30.605 0.0000000000
50546  41.361  -28.353  30.521 0.0000000000
49659  41.056  -29.989  30.614 0.0000000000
48773  40.861  -30.930  30.299 0.0000000000
50509  46.452  -28.030  34.977 0.0000000000
49629  45.582  -28.928  34.516 0.0000000000
49630  44.810  -29.236  34.027 0.0000000000
48709  44.918  -30.274  34.905 0.0000000000
48726  43.891  -30.693  33.789 0.0000000000
48741  43.338  -30.405  33.100 0.0000000000
48742  42.613  -30.685  32.420 0.0000000000
47907  41.659  -31.589  31.407 0.0000000000
47917  41.180  -31.807  30.737 0.0000000000
47056  40.559  -32.601  30.697 0.0000000000
47047  39.979  -33.025  30.977 0.0000000000
47027  40.213  -32.245  32.714 0.0000000000
47038  39.028  -32.397  31.758 0.0000000000
48624  42.746  -30.315  40.431 0.0000000000
47758  41.840  -30.850  39.378 0.0000000000
47720  38.986  -30.991  42.800 0.0000000000
46243  37.466  -33.136  41.895 0.0000000000
46965  38.116  -31.585  41.664 0.0000000000
47731  39.358  -30.716  41.879 0.0000000000
48627  39.724  -30.730  41.032 0.0000000000
106801  39.985  -31.084  39.133 0.0000000000
47778  40.640  -31.126  38.646 0.0000000000
107093  39.899  -31.268  37.407 0.0000000000
108648  39.035  -31.562  36.273 0.0000000000
115172  37.724  -31.630  35.317 0.0000000000
47003  36.382  -32.351  36.633 0.0000000000
47843  36.987  -31.782  35.260 0.0000000000
47865  36.619  -31.769  34.294 0.0000000000
47040  36.291  -31.835  33.031 0.0000000000
45629  32.573  -35.352  31.702 0.0000000000
43927  33.890  -36.259  31.443 0.0000000000
43861  33.375  -36.998  35.610 0.0000000000
42965  32.777  -37.239  34.862 0.0000000000
42124  31.716  -38.152  32.781 0.0000000000
120267  31.447  -38.444  33.090 0.0000000000
42125  31.737  -38.810  32.331 0.0000000000
126605  31.416  -41.401  42.340 0.0000000000
39453  30.362  -41.417  40.658 0.0000000000
39461  30.104  -41.147  39.927 0.0000000000
38640  28.913  -42.311  40.012 0.0000000000
39462  29.364  -41.557  39.624 0.0000000000
40322  29.820  -40.854  39.198 0.0000000000
40349  28.555  -40.631  37.464 0.0000000000
122330  28.407  -40.389  36.778 0.0000000000
40368  27.516  -40.381  35.169 0.0000000000
38673  24.097  -42.369  37.551 0.0000000000
37896  25.171  -42.697  37.541 0.0000000000
38687  25.865  -42.444  36.615 0.0000000000
38730  24.190  -42.329  34.001 0.0000000000
38703  24.915  -42.119  34.969 0.0000000000
38702  25.716  -42.053  35.651 0.0000000000
39495  26.354  -41.565  35.677 0.0000000000
39518  26.838  -40.713  33.512 0.0000000000
60012  46.353  -17.268  25.449 0.0000000000
60021  46.447  -17.432  24.501 0.0000000000
60031  46.804  -17.795  23.724 0.0000000000
54842  41.669  -23.922  26.567 0.0000000000
39413  33.037  -41.098  44.098 0.0000000000
40239  33.978  -40.876  44.473 0.0000000000
40252  33.674  -40.597  43.477 0.0000000000
54794  42.912  -23.340  29.037 0.0000000000
54808  42.117  -23.657  28.109 0.0000000000
36951  18.706  -44.524  42.964 0.0000000000
106784  14.913  -47.819  45.545 0.0000000000
33551  14.799  -48.447  45.789 0.0000000000
35926  27.714  -45.267  50.589 0.0000000000
36839  28.288  -44.764  50.741 0.0000000000
35925  28.582  -45.087  50.316 0.0000000000
35924  29.237  -44.994  50.090 0.0000000000
109270  28.089  -45.472  49.203 0.0000000000
35942  27.315  -45.707  49.549 0.0000000000
36017  19.545  -45.527  44.339 0.0000000000
36037  19.616  -46.034  43.705 0.0000000000
36059  18.858  -45.363  42.213 0.0000000000
48787  39.801  -30.884  28.647 0.0000000000
119858  46.622  -26.827  34.883 0.0000000000
106823  41.566  -31.325  37.131 0.0000000000
44802  34.403  -35.088  37.244 0.0000000000
43845  33.815  -36.772  36.339 0.0000000000
37854  25.032  -43.366  39.839 0.0000000000
125993  48.200  -16.565  27.448 0.0000000000
38566  20.273  -42.652  47.633 0.0000000000
37684  18.305  -42.906  50.445 0.0000000000
36852  17.349  -44.350  49.680 0.0000000000
37653  25.011  -43.511  51.774 0.0000000000
36825  24.140  -44.704  51.388 0.0000000000
36808  23.771  -44.119  51.998 0.0000000000
37695  21.113  -42.763  49.740 0.0000000000
119972  21.547  -43.980  49.665 0.0000000000
125531  21.170  -43.303  49.047 0.0000000000
123965  36.815  -37.744  45.816 0.0000000000
42771  37.094  -37.201  45.471 0.0000000000
43715  37.380  -36.575  45.862 0.0000000000
43726  37.442  -36.503  44.999 0.0000000000
42787  37.090  -37.240  44.627 0.0000000000
41998  35.361  -38.716  40.715 0.0000000000
125174  35.582  -38.325  40.873 0.0000000000
41160  34.649  -38.994  39.176 0.0000000000
40334  31.202  -39.885  38.944 0.0000000000
40335  30.305  -40.212  38.706 0.0000000000
37916  19.897  -42.906  35.998 0.0000000000
58405  44.672  -20.084  27.649 0.0000000000
37057  16.244  -43.840  36.166 0.0000000000
37919  16.189  -43.599  36.985 0.0000000000
117188  16.739  -43.596  44.909 0.0000000000
36933  16.337  -43.938  44.426 0.0000000000
36872  31.415  -44.345  47.596 0.0000000000
37719  32.247  -43.987  48.176 0.0000000000
37729  32.091  -43.760  46.993 0.0000000000
37731  30.916  -44.078  45.981 0.0000000000
36907  26.770  -44.471  45.414 0.0000000000
36925  27.503  -44.334  44.733 0.0000000000
36927  25.561  -44.265  44.559 0.0000000000
35119  23.303  -46.233  47.961 0.0000000000
35131  23.023  -46.170  47.224 0.0000000000
36057  21.239  -45.794  42.534 0.0000000000
36974  21.674  -44.816  42.204 0.0000000000
36996  20.786  -45.192  40.973 0.0000000000
119140  17.559  -44.438  37.679 0.0000000000
37046  17.985  -45.091  37.813 0.0000000000
37918  16.792  -43.785  36.618 0.0000000000
37056  17.148  -43.938  35.948 0.0000000000
51481  40.937  -27.140  29.088 0.0000000000
126186  16.778  -46.430  51.861 0.0000000000
128125  16.589  -47.117  51.118 0.0000000000
35086  16.514  -47.058  50.592 0.0000000000
34305  16.329  -47.635  50.989 0.0000000000
31748  13.538  -49.634  48.634 0.0000000000
31760  14.188  -49.566  48.400 0.0000000000
120201  13.852  -49.749  47.278 0.0000000000
59176  48.450  -18.010  30.836 0.0000000000
125031  48.185  -18.030  31.309 0.0000000000
108589  47.020  -20.036  32.575 0.0000000000
57490  46.506  -20.698  31.678 0.0000000000
56646  46.023  -21.566  31.995 0.0000000000
125694  44.832  -24.814  31.891 0.0000000000
53075  44.015  -25.378  31.149 0.0000000000
50535  43.398  -28.123  32.217 0.0000000000
110635  42.537  -29.156  32.078 0.0000000000
49598  45.810  -29.282  36.448 0.0000000000
49608  45.885  -29.275  35.762 0.0000000000
48677  45.441  -29.889  36.075 0.0000000000
47024  42.479  -32.164  33.764 0.0000000000
47876  43.099  -31.833  33.749 0.0000000000
47034  42.417  -32.066  33.134 0.0000000000
47035  41.618  -32.348  32.716 0.0000000000
47879  37.817  -31.589  33.821 0.0000000000
45528  37.414  -34.950  42.564 0.0000000000
117099  37.407  -34.100  42.275 0.0000000000
109338  37.151  -31.992  39.668 0.0000000000
47781  37.628  -31.821  37.961 0.0000000000
46986  36.998  -32.133  37.723 0.0000000000
46283  33.616  -33.536  34.171 0.0000000000
46282  34.096  -33.036  33.650 0.0000000000
46295  33.499  -33.659  32.480 0.0000000000
42085  31.701  -38.547  34.959 0.0000000000
38671  26.900  -42.384  37.816 0.0000000000
39483  27.371  -41.698  37.500 0.0000000000
38685  26.750  -41.957  37.081 0.0000000000
111761  22.749  -41.774  35.027 0.0000000000
38705  23.571  -41.823  35.307 0.0000000000
59218  45.392  -18.878  24.353 0.0000000000
38501  20.955  -42.075  52.054 0.0000000000
39298  20.262  -41.701  51.593 0.0000000000
38522  18.902  -42.204  50.744 0.0000000000
38503  18.792  -42.147  51.772 0.0000000000
38485  21.189  -41.730  52.793 0.0000000000
38500  21.677  -42.488  52.436 0.0000000000
40214  34.984  -40.773  46.831 0.0000000000
40199  35.457  -40.243  47.387 0.0000000000
41085  35.881  -39.610  45.045 0.0000000000
41073  36.261  -39.002  45.338 0.0000000000
41084  36.096  -39.154  44.279 0.0000000000
41096  35.586  -39.559  43.587 0.0000000000
41109  34.759  -39.696  42.435 0.0000000000
41122  34.811  -39.386  41.523 0.0000000000
41123  33.373  -39.884  41.291 0.0000000000
40305  31.508  -40.492  40.560 0.0000000000
37100  18.607  -44.433  33.204 0.0000000000
37084  19.121  -44.038  33.880 0.0000000000
36203  19.117  -44.818  32.608 0.0000000000
56675  43.664  -21.733  28.382 0.0000000000
55762  43.071  -22.169  27.821 0.0000000000
110748  42.376  -23.169  25.726 0.0000000000
37880  16.499  -43.534  38.736 0.0000000000
37859  17.543  -43.916  39.800 0.0000000000
37815  17.168  -43.487  41.173 0.0000000000
37837  17.074  -43.492  40.351 0.0000000000
37013  15.376  -43.997  40.010 0.0000000000
119695  15.662  -43.920  40.661 0.0000000000
36005  15.415  -45.882  45.114 0.0000000000
33577  14.451  -48.014  44.257 0.0000000000
34379  14.468  -47.532  43.731 0.0000000000
33587  13.868  -48.020  42.571 0.0000000000
120403  13.794  -48.545  43.043 0.0000000000
32740  13.484  -48.838  42.116 0.0000000000
32741  13.491  -49.328  43.083 0.0000000000
119884  12.767  -50.420  42.881 0.0000000000
31819  13.333  -50.062  44.290 0.0000000000
37681  30.369  -43.501  50.285 0.0000000000
35939  30.253  -44.966  49.328 0.0000000000
36849  30.620  -44.487  49.860 0.0000000000
128730  31.067  -44.682  48.286 0.0000000000
113567  30.480  -44.936  48.391 0.0000000000
36874  29.951  -44.931  47.451 0.0000000000
35965  29.050  -45.114  47.763 0.0000000000
121886  28.449  -44.950  47.126 0.0000000000
36890  27.270  -44.662  46.192 0.0000000000
35984  26.757  -44.902  46.902 0.0000000000
35134  21.129  -46.249  45.982 0.0000000000
35145  20.943  -46.388  45.098 0.0000000000
35182  19.739  -46.191  42.999 0.0000000000
35197  20.719  -46.365  43.009 0.0000000000
35198  20.067  -46.287  42.603 0.0000000000
111375  18.678  -45.266  41.459 0.0000000000
37011  18.585  -45.383  40.671 0.0000000000
37023  17.987  -44.957  39.243 0.0000000000
49716  40.327  -29.847  26.784 0.0000000000
48832  39.868  -30.604  26.805 0.0000000000
113537  11.982  -49.908  48.248 0.0000000000
31750  11.618  -50.066  48.822 0.0000000000
52262  46.189  -26.186  33.596 0.0000000000
51427  45.627  -27.012  33.317 0.0000000000
50517  45.481  -28.371  34.015 0.0000000000
47814  44.377  -30.946  36.841 0.0000000000
47796  43.734  -31.169  37.407 0.0000000000
47817  42.275  -31.503  36.555 0.0000000000
47816  43.082  -31.697  36.040 0.0000000000
121715  41.662  -31.874  35.393 0.0000000000
47840  40.409  -31.521  36.077 0.0000000000
120556  40.912  -31.768  35.421 0.0000000000
118013  39.655  -31.623  34.661 0.0000000000
44773  35.861  -35.727  40.148 0.0000000000
123058  35.761  -34.911  39.473 0.0000000000
45568  35.544  -34.286  38.802 0.0000000000
46258  35.547  -33.639  38.269 0.0000000000
46996  35.683  -33.045  37.688 0.0000000000
46264  35.061  -33.789  37.527 0.0000000000
45593  34.015  -34.608  36.512 0.0000000000
46271  34.552  -33.692  36.641 0.0000000000
45599  33.997  -33.915  36.011 0.0000000000
46276  33.908  -33.606  35.198 0.0000000000
44828  33.007  -35.014  34.890 0.0000000000
44829  32.502  -35.423  34.153 0.0000000000
43879  32.315  -36.429  34.023 0.0000000000
41241  30.058  -38.982  34.688 0.0000000000
40400  29.717  -39.732  33.021 0.0000000000
40419  30.269  -40.416  32.655 0.0000000000
106751  26.735  -43.567  40.433 0.0000000000
106545  25.714  -43.228  39.107 0.0000000000
37852  26.578  -43.329  39.511 0.0000000000
37872  26.453  -43.024  38.814 0.0000000000
36894  19.950  -44.334  45.815 0.0000000000
37745  18.950  -43.759  44.678 0.0000000000
37733  19.621  -43.235  46.139 0.0000000000
38579  19.235  -42.655  46.629 0.0000000000
38554  19.429  -41.955  48.937 0.0000000000
37723  17.392  -43.433  47.295 0.0000000000
36896  16.369  -44.400  46.149 0.0000000000
35974  16.206  -45.665  47.482 0.0000000000
35123  15.964  -46.678  47.894 0.0000000000
36806  25.377  -44.196  51.571 0.0000000000
37669  26.307  -44.160  51.413 0.0000000000
36822  26.497  -44.925  51.261 0.0000000000
35911  25.804  -45.381  50.957 0.0000000000
35927  25.971  -45.743  50.388 0.0000000000
115630  24.189  -45.445  50.589 0.0000000000
35082  24.365  -45.748  50.123 0.0000000000
35083  23.524  -45.946  49.725 0.0000000000
36827  22.686  -44.116  51.745 0.0000000000
36851  21.924  -45.078  49.757 0.0000000000
35932  22.530  -45.188  50.259 0.0000000000
35099  22.235  -46.096  48.923 0.0000000000
35956  21.668  -45.963  48.400 0.0000000000
35971  21.553  -46.081  47.570 0.0000000000
35957  21.141  -45.618  47.810 0.0000000000
36876  20.753  -44.865  47.157 0.0000000000
35989  20.186  -45.503  45.602 0.0000000000
47063  39.306  -32.606  29.130 0.0000000000
49560  44.566  -29.406  39.416 0.0000000000
48622  43.966  -29.961  39.944 0.0000000000
48623  43.292  -30.388  39.970 0.0000000000
112739  36.140  -38.883  47.376 0.0000000000
43737  37.551  -36.124  44.326 0.0000000000
124936  37.829  -35.550  44.392 0.0000000000
44718  37.569  -35.798  43.671 0.0000000000
44729  37.753  -35.054  43.363 0.0000000000
41975  36.376  -38.296  42.835 0.0000000000
41974  36.708  -37.798  43.333 0.0000000000
42822  36.552  -37.722  42.570 0.0000000000
116850  36.321  -37.622  41.875 0.0000000000
43767  36.419  -36.984  41.709 0.0000000000
43766  36.831  -36.404  42.239 0.0000000000
43784  36.100  -36.849  41.051 0.0000000000
115291  36.247  -36.101  40.869 0.0000000000
42909  35.032  -37.268  38.321 0.0000000000
42049  34.805  -37.960  37.822 0.0000000000
41214  33.210  -39.166  37.119 0.0000000000
118798  32.906  -39.616  40.064 0.0000000000
41179  31.636  -39.483  38.163 0.0000000000
122601  32.378  -39.408  38.157 0.0000000000
41200  29.725  -39.782  37.204 0.0000000000
41230  28.634  -39.628  35.047 0.0000000000
38651  22.065  -42.742  38.994 0.0000000000
38661  22.725  -42.425  38.403 0.0000000000
38662  21.833  -42.379  38.164 0.0000000000
38691  21.331  -41.915  36.395 0.0000000000
38706  21.964  -41.750  35.483 0.0000000000
37932  21.512  -42.429  34.945 0.0000000000
37098  20.334  -44.533  33.402 0.0000000000
36180  21.787  -44.799  34.455 0.0000000000
59197  46.437  -18.241  27.663 0.0000000000
58414  44.670  -19.517  26.602 0.0000000000
56691  43.303  -21.307  25.635 0.0000000000
57543  43.706  -20.771  25.235 0.0000000000
37901  15.573  -43.706  37.979 0.0000000000
37047  15.268  -44.172  37.628 0.0000000000
36125  14.996  -44.931  37.209 0.0000000000
125808  18.452  -43.472  44.461 0.0000000000
37771  18.108  -43.511  43.065 0.0000000000
110079  17.396  -43.324  43.540 0.0000000000
36952  15.775  -44.298  43.014 0.0000000000
36976  16.470  -43.693  42.529 0.0000000000
36977  15.719  -44.237  42.160 0.0000000000
36089  14.954  -44.697  40.764 0.0000000000
35184  14.989  -46.157  43.684 0.0000000000
34404  13.915  -47.361  40.645 0.0000000000
108071  14.132  -46.953  41.372 0.0000000000
38534  32.052  -42.843  49.935 0.0000000000
38552  33.190  -42.749  49.191 0.0000000000
38551  33.764  -42.392  48.898 0.0000000000
38550  34.035  -42.227  48.330 0.0000000000
38565  33.749  -42.459  47.722 0.0000000000
38587  32.515  -42.743  45.837 0.0000000000
38577  33.250  -42.376  46.358 0.0000000000
39384  32.863  -42.024  45.418 0.0000000000
36904  29.690  -44.535  45.605 0.0000000000
36905  28.976  -44.662  45.329 0.0000000000
36924  28.767  -44.373  44.535 0.0000000000
36944  28.461  -44.068  43.791 0.0000000000
37770  28.852  -43.763  43.202 0.0000000000
36990  27.863  -43.633  42.106 0.0000000000
36968  27.294  -43.825  42.697 0.0000000000
36970  25.646  -43.730  42.405 0.0000000000
36993  25.478  -43.674  41.791 0.0000000000
37809  25.314  -43.622  41.177 0.0000000000
37810  24.614  -43.634  41.692 0.0000000000
35080  25.586  -45.862  49.636 0.0000000000
35094  26.039  -45.755  49.041 0.0000000000
35986  24.468  -45.456  47.040 0.0000000000
35969  25.206  -45.387  47.561 0.0000000000
128545  25.140  -45.147  46.890 0.0000000000
35998  25.013  -44.906  46.237 0.0000000000
35161  21.780  -46.314  45.240 0.0000000000
36929  23.225  -44.754  44.594 0.0000000000
36928  24.073  -44.464  44.741 0.0000000000
110251  23.849  -44.241  44.124 0.0000000000
36948  24.781  -44.133  44.066 0.0000000000
37788  22.944  -43.810  42.156 0.0000000000
37833  22.554  -43.382  40.535 0.0000000000
37834  21.754  -43.577  40.253 0.0000000000
37858  20.778  -43.783  39.208 0.0000000000
37878  19.642  -44.220  38.123 0.0000000000
36086  19.276  -45.855  40.310 0.0000000000
36100  19.763  -45.312  39.676 0.0000000000
36101  19.015  -45.726  39.370 0.0000000000
37045  18.213  -45.011  37.376 0.0000000000
37044  18.564  -44.683  36.908 0.0000000000
37064  18.132  -44.308  35.050 0.0000000000
53112  40.769  -26.187  27.283 0.0000000000
52352  40.950  -26.336  26.860 0.0000000000
50571  40.158  -28.707  27.542 0.0000000000
123822  40.982  -28.198  26.738 0.0000000000
47070  39.006  -32.406  27.263 0.0000000000
47938  39.219  -31.573  27.528 0.0000000000
40156  18.239  -40.444  52.488 0.0000000000
38474  17.741  -42.049  53.048 0.0000000000
38487  17.640  -42.483  52.925 0.0000000000
37672  17.787  -43.519  52.224 0.0000000000
35945  17.046  -45.309  49.765 0.0000000000
34333  15.680  -47.653  48.286 0.0000000000
32655  15.022  -49.275  50.578 0.0000000000
32648  15.545  -48.804  51.046 0.0000000000
33507  15.682  -48.558  50.459 0.0000000000
33515  15.884  -48.144  50.354 0.0000000000
32680  15.074  -49.027  47.778 0.0000000000
32689  14.972  -48.954  46.960 0.0000000000
32702  14.669  -49.035  46.112 0.0000000000
32690  14.601  -49.329  46.710 0.0000000000
31795  13.578  -49.962  45.950 0.0000000000
31774  11.822  -50.549  46.821 0.0000000000
59986  48.901  -17.007  29.602 0.0000000000
58385  47.392  -18.828  29.577 0.0000000000
58363  47.757  -18.964  31.681 0.0000000000
57503  45.965  -20.672  30.580 0.0000000000
114456  45.519  -20.542  29.678 0.0000000000
55741  44.207  -22.291  30.036 0.0000000000
54783  43.558  -23.578  29.979 0.0000000000
111149  42.949  -25.883  30.496 0.0000000000
50536  42.651  -28.304  31.761 0.0000000000
128332  41.640  -28.670  31.025 0.0000000000
110687  41.365  -29.164  30.879 0.0000000000
48772  41.434  -30.857  30.985 0.0000000000
50508  46.502  -27.807  35.355 0.0000000000
49618  45.659  -29.332  35.068 0.0000000000
117523  46.080  -28.612  34.910 0.0000000000
47836  44.476  -31.122  35.933 0.0000000000
48692  44.965  -30.518  35.594 0.0000000000
47858  44.424  -31.099  35.104 0.0000000000
48710  44.231  -30.924  34.426 0.0000000000
126307  42.979  -30.957  32.908 0.0000000000
125641  41.751  -32.058  31.806 0.0000000000
47918  40.569  -31.864  30.045 0.0000000000
119949  39.424  -32.925  31.132 0.0000000000
47026  41.020  -32.392  33.147 0.0000000000
47892  38.647  -31.876  32.533 0.0000000000
47891  39.481  -32.171  32.367 0.0000000000
47048  38.427  -32.725  31.103 0.0000000000
48625  41.840  -30.458  40.733 0.0000000000
47742  42.125  -30.583  40.007 0.0000000000
46949  38.401  -32.417  43.388 0.0000000000
47721  38.655  -31.632  43.304 0.0000000000
47732  38.327  -31.824  42.614 0.0000000000
120683  36.603  -33.738  40.642 0.0000000000
46248  36.988  -33.002  40.996 0.0000000000
110547  37.456  -32.115  41.175 0.0000000000
128661  38.656  -31.165  42.034 0.0000000000
106474  38.796  -31.010  41.258 0.0000000000
109442  39.040  -30.943  40.362 0.0000000000
47779  39.110  -31.191  38.854 0.0000000000
106935  39.930  -31.158  38.280 0.0000000000
47820  38.329  -31.635  36.712 0.0000000000
47841  38.231  -31.620  35.859 0.0000000000
47842  37.505  -31.748  35.787 0.0000000000
47004  35.734  -32.708  36.836 0.0000000000
47010  35.955  -32.358  36.009 0.0000000000
47019  36.031  -32.124  35.055 0.0000000000
47029  35.414  -32.224  33.298 0.0000000000
47042  34.884  -32.956  31.950 0.0000000000
45615  32.313  -34.852  33.237 0.0000000000
45620  32.392  -34.858  32.144 0.0000000000
43023  33.402  -37.048  31.365 0.0000000000
43022  34.227  -37.271  31.502 0.0000000000
42931  33.787  -37.774  36.105 0.0000000000
42966  32.075  -37.523  33.709 0.0000000000
42103  31.430  -38.427  34.011 0.0000000000
39428  31.953  -41.267  42.887 0.0000000000
39429  31.235  -41.869  42.844 0.0000000000
39443  29.944  -42.113  41.061 0.0000000000
39442  30.585  -41.634  41.411 0.0000000000
37850  27.740  -43.260  40.083 0.0000000000
38641  28.417  -42.965  40.421 0.0000000000
38648  28.128  -42.748  39.700 0.0000000000
39463  28.547  -41.977  39.344 0.0000000000
39469  29.028  -41.229  38.932 0.0000000000
40337  28.750  -40.920  38.208 0.0000000000
110992  27.245  -41.280  36.725 0.0000000000
40362  27.840  -40.520  36.193 0.0000000000
113532  23.229  -42.231  37.836 0.0000000000
117421  24.663  -42.402  36.835 0.0000000000
107053  25.354  -42.510  36.730 0.0000000000
123755  25.377  -42.319  35.997 0.0000000000
37953  23.780  -42.881  33.724 0.0000000000
38729  24.901  -42.106  33.919 0.0000000000
39502  25.358  -41.894  34.670 0.0000000000
39501  25.903  -41.536  34.760 0.0000000000
39535  26.492  -41.369  32.928 0.0000000000
39519  26.132  -41.215  33.783 0.0000000000
61725  50.528  -15.303  25.325 0.0000000000
59203  46.051  -17.962  26.740 0.0000000000
60005  46.527  -17.329  26.399 0.0000000000
60020  47.152  -16.980  24.224 0.0000000000
53970  41.348  -24.475  26.914 0.0000000000
39288  20.194  -41.187  53.017 0.0000000000
115096  34.986  -40.651  45.979 0.0000000000
40224  34.589  -40.770  45.269 0.0000000000
40238  34.837  -40.438  44.502 0.0000000000
40251  35.038  -40.134  43.760 0.0000000000
40267  34.479  -40.158  43.215 0.0000000000
40268  33.913  -40.200  42.634 0.0000000000
40284  33.260  -40.232  42.102 0.0000000000
40270  31.861  -40.890  42.069 0.0000000000
36997  18.201  -44.416  41.079 0.0000000000
37814  17.795  -43.687  41.525 0.0000000000
35148  15.085  -46.941  45.358 0.0000000000
33578  14.333  -48.539  44.406 0.0000000000
32716  14.168  -49.136  44.620 0.0000000000
37682  29.466  -43.953  50.550 0.0000000000
36837  30.120  -44.223  50.263 0.0000000000
35940  29.501  -45.143  49.524 0.0000000000
35953  28.896  -45.288  48.822 0.0000000000
35146  20.402  -46.283  44.634 0.0000000000
128282  19.904  -46.208  44.317 0.0000000000
35183  19.312  -45.874  42.253 0.0000000000
48806  40.084  -30.053  28.962 0.0000000000
118711  11.243  -50.229  49.587 0.0000000000
51392  46.447  -27.517  34.680 0.0000000000
47775  43.790  -30.836  38.392 0.0000000000
45576  35.189  -34.835  38.336 0.0000000000
45584  34.879  -34.582  37.705 0.0000000000
45594  33.620  -35.226  36.055 0.0000000000
60004  47.943  -16.371  26.685 0.0000000000
60860  47.066  -16.735  26.062 0.0000000000
37720  20.622  -43.646  47.355 0.0000000000
38567  19.362  -42.339  47.372 0.0000000000
38541  18.798  -42.286  49.629 0.0000000000
38555  18.626  -42.354  48.663 0.0000000000
107999  17.444  -43.552  48.073 0.0000000000
123057  16.743  -45.364  48.827 0.0000000000
36824  24.854  -44.825  51.376 0.0000000000
35912  25.042  -45.317  51.005 0.0000000000
35913  24.424  -45.185  50.960 0.0000000000
128307  21.574  -44.899  49.199 0.0000000000
36862  21.371  -45.251  48.580 0.0000000000
41061  36.278  -38.814  46.417 0.0000000000
42756  36.628  -37.749  47.143 0.0000000000
42744  36.832  -37.086  47.233 0.0000000000
44694  38.011  -35.386  45.536 0.0000000000
43738  37.268  -36.617  43.664 0.0000000000
41985  36.198  -38.191  42.053 0.0000000000
41997  35.654  -37.958  40.679 0.0000000000
42868  35.687  -37.421  40.542 0.0000000000
42014  35.445  -37.985  39.977 0.0000000000
42033  34.673  -38.421  38.093 0.0000000000
41159  34.717  -38.602  38.633 0.0000000000
125729  34.497  -38.870  38.548 0.0000000000
41163  31.849  -39.796  39.434 0.0000000000
40348  29.267  -40.310  37.715 0.0000000000
38676  20.802  -42.380  37.111 0.0000000000
38692  20.589  -42.404  36.278 0.0000000000
37933  20.769  -42.691  35.099 0.0000000000
56704  43.057  -21.822  25.255 0.0000000000
36115  14.819  -44.877  38.079 0.0000000000
36060  15.201  -45.012  42.575 0.0000000000
34397  13.988  -47.442  42.043 0.0000000000
35202  14.452  -46.656  42.276 0.0000000000
120419  13.707  -48.018  40.791 0.0000000000
37707  32.110  -43.849  49.185 0.0000000000
37692  32.479  -43.144  49.549 0.0000000000
111112  33.304  -42.769  47.297 0.0000000000
122291  32.156  -43.283  46.205 0.0000000000
38588  31.843  -43.104  45.525 0.0000000000
38597  31.462  -42.923  44.771 0.0000000000
37743  31.151  -43.536  45.337 0.0000000000
112511  28.243  -44.492  45.085 0.0000000000
36946  26.769  -43.996  43.438 0.0000000000
106760  25.255  -43.846  43.133 0.0000000000
35106  24.371  -46.067  48.848 0.0000000000
35117  24.782  -45.789  48.325 0.0000000000
35118  24.032  -46.088  48.192 0.0000000000
35987  23.583  -45.789  46.767 0.0000000000
36016  22.379  -45.711  44.760 0.0000000000
36035  21.996  -45.756  43.836 0.0000000000
36950  22.487  -44.649  43.443 0.0000000000
36973  22.329  -44.312  42.650 0.0000000000
36994  22.118  -43.999  41.851 0.0000000000
37813  21.938  -43.779  41.046 0.0000000000
37009  21.267  -44.254  40.645 0.0000000000
126528  20.481  -44.495  39.580 0.0000000000
36113  18.668  -45.352  38.663 0.0000000000
37065  17.404  -44.154  34.967 0.0000000000
52322  40.960  -26.536  28.592 0.0000000000
49715  40.714  -29.084  26.775 0.0000000000
35916  17.111  -45.609  51.725 0.0000000000
35085  16.761  -46.309  50.255 0.0000000000
32656  13.638  -49.597  50.709 0.0000000000
32665  14.895  -49.316  49.619 0.0000000000
119891  15.256  -49.037  49.206 0.0000000000
32674  14.751  -49.341  48.643 0.0000000000
31782  14.249  -49.661  46.921 0.0000000000
31783  13.616  -49.861  46.669 0.0000000000
59979  48.589  -17.653  29.697 0.0000000000
58376  47.657  -19.117  30.627 0.0000000000
112267  47.146  -19.989  31.819 0.0000000000
54772  45.310  -23.431  32.030 0.0000000000
52293  43.528  -26.128  31.043 0.0000000000
51429  44.025  -27.570  32.303 0.0000000000
49649  42.239  -29.888  31.951 0.0000000000
47859  43.670  -31.632  34.584 0.0000000000
47889  42.640  -31.474  32.772 0.0000000000
47045  41.420  -32.438  31.999 0.0000000000
106463  36.901  -31.985  31.946 0.0000000000
48613  41.523  -30.290  41.622 0.0000000000
48626  40.812  -30.653  40.909 0.0000000000
45517  38.131  -34.413  43.811 0.0000000000
126789  37.801  -32.968  42.404 0.0000000000
47745  37.549  -31.690  40.173 0.0000000000
47761  38.367  -31.250  39.659 0.0000000000
47802  37.661  -31.831  37.189 0.0000000000
47011  34.608  -32.914  35.355 0.0000000000
47020  35.063  -32.466  34.624 0.0000000000
113526  35.095  -32.381  33.831 0.0000000000
47030  34.713  -32.618  33.205 0.0000000000
46294  34.202  -33.324  32.213 0.0000000000
122624  33.246  -34.792  31.709 0.0000000000
44850  32.171  -35.638  31.874 0.0000000000
43024  32.647  -37.255  31.454 0.0000000000
121377  33.524  -38.152  35.885 0.0000000000
42083  33.151  -38.350  35.722 0.0000000000
41273  30.764  -39.687  32.704 0.0000000000
41258  31.206  -39.062  32.794 0.0000000000
110076  29.201  -42.556  40.743 0.0000000000
39482  28.042  -41.341  37.872 0.0000000000
38704  24.119  -42.023  34.781 0.0000000000
37096  24.770  -43.962  33.107 0.0000000000
38748  25.354  -42.349  33.076 0.0000000000
53141  41.387  -25.806  26.599 0.0000000000
115178  41.533  -24.994  26.473 0.0000000000
38539  20.474  -42.039  49.639 0.0000000000
37670  22.099  -43.300  52.104 0.0000000000
40185  35.295  -40.300  48.261 0.0000000000
41062  35.869  -39.550  46.916 0.0000000000
41926  36.588  -38.301  45.642 0.0000000000
41961  36.797  -37.822  44.192 0.0000000000
41108  35.525  -39.337  42.771 0.0000000000
127452  35.328  -39.014  41.234 0.0000000000
41138  34.984  -39.178  40.705 0.0000000000
107936  34.457  -39.259  40.090 0.0000000000
41139  33.550  -39.549  40.447 0.0000000000
41140  32.122  -39.934  40.149 0.0000000000
37958  19.730  -43.549  34.471 0.0000000000
37099  19.496  -44.408  33.230 0.0000000000
36218  19.659  -45.575  32.335 0.0000000000
35325  20.392  -46.353  32.506 0.0000000000
56683  42.877  -21.949  26.879 0.0000000000
56692  42.823  -21.822  25.951 0.0000000000
55787  42.764  -22.423  25.431 0.0000000000
117596  17.109  -43.831  38.126 0.0000000000
37900  16.201  -43.510  37.865 0.0000000000
37881  15.705  -43.641  38.589 0.0000000000
37861  15.910  -43.580  39.373 0.0000000000
37024  15.168  -43.994  39.190 0.0000000000
36103  14.730  -44.784  38.908 0.0000000000
36104  14.481  -45.578  39.404 0.0000000000
36019  15.817  -44.842  44.773 0.0000000000
128800  14.724  -46.930  43.957 0.0000000000
37694  31.001  -43.953  50.182 0.0000000000
36848  31.373  -44.190  49.584 0.0000000000
36887  30.633  -44.468  46.807 0.0000000000
36889  28.322  -44.717  46.128 0.0000000000
35121  21.969  -46.258  47.228 0.0000000000
35132  22.326  -46.244  46.815 0.0000000000
35162  21.224  -46.413  44.806 0.0000000000
35163  20.689  -46.392  44.335 0.0000000000
35180  21.116  -46.445  43.919 0.0000000000
36058  20.473  -46.182  42.170 0.0000000000
36072  20.272  -45.982  41.359 0.0000000000
35222  19.813  -45.948  40.938 0.0000000000
36073  18.953  -45.774  41.163 0.0000000000
36087  18.916  -45.781  40.481 0.0000000000
36102  18.585  -45.442  39.259 0.0000000000
37032  17.768  -44.714  38.333 0.0000000000
50556  40.870  -28.264  29.802 0.0000000000
49683  39.945  -29.407  27.551 0.0000000000
49701  40.225  -29.253  27.052 0.0000000000
31761  12.784  -49.722  48.033 0.0000000000
53064  45.246  -25.637  32.456 0.0000000000
51428  44.766  -27.712  32.964 0.0000000000
49638  44.224  -29.098  33.443 0.0000000000
47017  42.024  -32.239  34.202 0.0000000000
47861  40.562  -31.865  34.673 0.0000000000
47862  38.895  -31.552  34.706 0.0000000000
118131  39.708  -30.499  43.297 0.0000000000
44759  36.605  -35.492  41.349 0.0000000000
45551  36.606  -34.662  41.066 0.0000000000
45567  35.914  -34.106  39.446 0.0000000000
46249  36.283  -33.429  39.760 0.0000000000
46987  36.300  -32.808  38.991 0.0000000000
117181  36.361  -32.593  38.176 0.0000000000
45606  32.971  -34.109  33.714 0.0000000000
42992  31.824  -37.423  32.312 0.0000000000
41227  31.325  -38.872  35.905 0.0000000000
37807  28.255  -43.456  41.596 0.0000000000
38630  28.694  -43.144  41.173 0.0000000000
37851  27.192  -43.360  39.822 0.0000000000
37081  22.969  -44.051  34.122 0.0000000000
125339  24.234  -44.049  33.364 0.0000000000
36177  24.208  -45.385  34.186 0.0000000000
36201  24.765  -44.757  33.422 0.0000000000
60867  48.607  -15.862  24.666 0.0000000000
60880  47.917  -16.588  23.967 0.0000000000
36931  19.195  -44.541  44.323 0.0000000000
37746  18.339  -43.259  45.082 0.0000000000
113771  17.423  -43.277  44.962 0.0000000000
37736  16.843  -43.615  45.634 0.0000000000
38553  20.192  -41.997  48.855 0.0000000000
108336  19.817  -42.138  48.160 0.0000000000
38568  18.549  -42.421  47.791 0.0000000000
37735  17.797  -43.010  46.696 0.0000000000
35990  16.055  -45.415  46.554 0.0000000000
33542  15.373  -47.812  46.733 0.0000000000
120829  27.083  -44.466  51.321 0.0000000000
36840  27.414  -44.962  51.105 0.0000000000
115545  27.067  -45.674  50.256 0.0000000000
35928  25.109  -45.593  50.575 0.0000000000
35095  24.743  -45.926  49.515 0.0000000000
118504  22.909  -46.283  48.410 0.0000000000
36826  23.424  -44.508  51.561 0.0000000000
35915  23.155  -44.747  51.208 0.0000000000
35931  23.162  -45.196  50.637 0.0000000000
35084  23.045  -45.696  50.003 0.0000000000
35098  22.841  -46.082  49.359 0.0000000000
35108  22.675  -46.229  48.795 0.0000000000
35122  21.493  -46.145  46.781 0.0000000000
35988  20.664  -45.936  46.042 0.0000000000
47928  39.922  -31.768  29.259 0.0000000000
50491  46.205  -28.392  36.280 0.0000000000
49583  45.936  -28.859  36.690 0.0000000000
49584  45.576  -29.277  37.213 0.0000000000
48648  45.161  -29.735  37.727 0.0000000000
48649  44.598  -30.269  38.142 0.0000000000
48636  44.320  -30.190  39.040 0.0000000000
119543  43.115  -31.051  38.874 0.0000000000
109385  42.389  -31.049  38.756 0.0000000000
44743  36.933  -35.632  42.054 0.0000000000
42805  37.013  -37.259  43.825 0.0000000000
42869  35.475  -37.401  39.847 0.0000000000
43798  35.531  -36.618  39.620 0.0000000000
43812  35.283  -36.519  38.820 0.0000000000
43826  34.968  -36.335  38.066 0.0000000000
43844  34.199  -36.607  36.952 0.0000000000
42066  34.167  -38.218  36.767 0.0000000000
42050  34.467  -38.426  37.430 0.0000000000
41197  32.950  -39.316  37.782 0.0000000000
41228  30.291  -39.129  35.889 0.0000000000
124822  30.166  -39.434  36.723 0.0000000000
41229  29.381  -39.386  35.433 0.0000000000
37855  23.266  -43.144  39.964 0.0000000000
37875  24.134  -43.023  39.347 0.0000000000
38732  22.353  -42.281  34.679 0.0000000000
37934  20.045  -42.978  35.224 0.0000000000
37957  20.444  -43.178  34.656 0.0000000000
36181  21.046  -44.567  33.888 0.0000000000
37956  21.101  -43.132  34.577 0.0000000000
117556  45.455  -18.317  26.178 0.0000000000
58421  44.854  -19.007  25.033 0.0000000000
36137  15.213  -45.059  36.294 0.0000000000
37790  17.185  -43.455  41.993 0.0000000000
36998  16.437  -43.669  41.683 0.0000000000
36039  15.293  -45.205  43.385 0.0000000000
35213  14.802  -45.681  42.174 0.0000000000
120584  14.318  -46.282  39.797 0.0000000000
38533  32.765  -42.415  49.675 0.0000000000
127405  34.367  -41.327  49.202 0.0000000000
40186  34.802  -41.081  48.777 0.0000000000
39365  34.517  -41.416  47.187 0.0000000000
111201  33.665  -42.293  47.095 0.0000000000
39366  33.914  -41.827  46.660 0.0000000000
39398  33.300  -41.397  44.940 0.0000000000
39414  32.254  -41.468  43.746 0.0000000000
38606  31.123  -42.416  43.472 0.0000000000
106513  31.124  -42.842  44.094 0.0000000000
38608  29.919  -43.182  42.923 0.0000000000
37785  29.244  -43.412  42.685 0.0000000000
36903  30.290  -44.403  45.979 0.0000000000
37786  28.543  -43.572  42.394 0.0000000000
113277  26.868  -43.731  42.132 0.0000000000
37008  26.086  -43.666  41.179 0.0000000000
106415  26.755  -45.717  49.098 0.0000000000
35954  26.517  -45.475  48.413 0.0000000000
35968  26.180  -45.216  47.611 0.0000000000
36892  25.890  -44.589  45.846 0.0000000000
35142  22.763  -46.109  46.410 0.0000000000
36000  23.421  -45.476  45.878 0.0000000000
36015  23.044  -45.391  45.206 0.0000000000
36909  24.332  -44.792  45.505 0.0000000000
37787  23.852  -43.737  42.382 0.0000000000
37857  21.508  -43.326  39.479 0.0000000000
37876  21.128  -42.992  38.625 0.0000000000
38663  20.394  -43.130  37.802 0.0000000000
37917  19.292  -43.793  36.523 0.0000000000
37898  19.159  -44.385  37.355 0.0000000000
37085  18.186  -44.229  34.076 0.0000000000
37101  17.565  -44.587  33.260 0.0000000000
37086  17.358  -44.346  34.128 0.0000000000
36204  17.437  -45.168  32.643 0.0000000000
53949  41.804  -24.431  28.369 0.0000000000
110852  41.283  -24.910  27.675 0.0000000000
51510  40.950  -27.210  26.845 0.0000000000
40146  18.667  -40.992  53.105 0.0000000000
38486  18.194  -41.887  52.955 0.0000000000
37658  17.487  -43.177  52.719 0.0000000000
34342  15.631  -47.320  47.323 0.0000000000
33497  16.249  -47.840  51.768 0.0000000000
109047  15.741  -48.084  49.678 0.0000000000
33526  15.543  -48.308  48.907 0.0000000000
123842  15.386  -48.770  48.903 0.0000000000
112493  15.420  -48.357  48.137 0.0000000000
33534  15.234  -48.653  47.590 0.0000000000
122234  15.192  -48.445  46.872 0.0000000000
32717  13.862  -49.674  44.840 0.0000000000
31794  14.236  -49.606  46.164 0.0000000000
32704  13.935  -49.773  45.503 0.0000000000
107196  12.701  -50.197  46.306 0.0000000000
60844  48.921  -16.429  28.247 0.0000000000
59191  46.923  -18.528  28.619 0.0000000000
57518  44.996  -20.431  28.747 0.0000000000
59164  47.772  -18.329  31.796 0.0000000000
59177  48.091  -18.489  31.098 0.0000000000
125303  47.005  -19.715  30.566 0.0000000000
56674  44.324  -21.222  28.802 0.0000000000
55731  44.564  -22.734  30.843 0.0000000000
54773  44.683  -23.492  31.384 0.0000000000
53933  42.269  -24.751  29.183 0.0000000000
53094  42.119  -25.450  29.375 0.0000000000
51469  41.306  -27.543  29.882 0.0000000000
52281  43.224  -26.877  31.229 0.0000000000
50547  40.745  -29.086  30.113 0.0000000000
51391  46.605  -27.291  34.988 0.0000000000
50516  46.078  -28.166  34.531 0.0000000000
48725  44.518  -30.160  34.246 0.0000000000
49631  44.084  -29.884  33.626 0.0000000000
48760  41.977  -30.764  31.664 0.0000000000
47777  41.448  -31.086  38.652 0.0000000000
48604  39.787  -30.533  42.523 0.0000000000
46966  37.827  -32.385  42.118 0.0000000000
106385  40.125  -30.906  40.062 0.0000000000
47759  40.901  -31.073  39.337 0.0000000000
47799  40.879  -31.165  37.839 0.0000000000
108993  39.789  -31.430  36.606 0.0000000000
47819  39.082  -31.505  37.069 0.0000000000
47863  38.301  -31.556  35.052 0.0000000000
47002  36.872  -32.017  36.081 0.0000000000
126422  36.488  -32.059  35.606 0.0000000000
47864  37.566  -31.606  34.571 0.0000000000
47880  37.162  -31.646  33.740 0.0000000000
47041  35.343  -32.440  32.468 0.0000000000
44861  32.436  -35.896  31.633 0.0000000000
44860  33.094  -35.650  31.482 0.0000000000
42947  33.283  -37.833  35.536 0.0000000000
39441  31.229  -41.236  41.713 0.0000000000
39430  30.833  -41.807  42.163 0.0000000000
40287  31.018  -41.026  40.989 0.0000000000
40336  29.527  -40.567  38.462 0.0000000000
112840  28.147  -40.035  35.436 0.0000000000
40367  28.020  -39.881  34.630 0.0000000000
37874  24.820  -42.905  38.490 0.0000000000
38659  25.906  -42.689  37.417 0.0000000000
38686  26.255  -42.122  36.485 0.0000000000
39500  26.662  -40.837  34.708 0.0000000000
40387  27.403  -40.251  34.155 0.0000000000
40403  27.590  -40.379  33.276 0.0000000000
60869  47.007  -16.755  25.146 0.0000000000
60030  47.475  -17.441  23.443 0.0000000000
58439  46.201  -19.347  23.645 0.0000000000
54809  41.708  -23.746  27.167 0.0000000000
53983  41.664  -24.345  26.369 0.0000000000
54841  41.941  -23.860  26.004 0.0000000000
35200  19.280  -45.807  41.646 0.0000000000
35211  19.513  -45.909  41.546 0.0000000000
35326  19.668  -46.455  32.211 0.0000000000
39282  17.960  -41.657  53.060 0.0000000000
40175  34.296  -40.816  49.356 0.0000000000
114146  14.827  -49.262  48.002 0.0000000000
