#!ascii label  , from subject sub-v1s12x0050135_ses-1 vox2ras=TkReg
1101
48285  -16.685  -27.740  47.286 0.0000000000
124527  -39.650  -24.850  33.114 0.0000000000
55763  -35.068  -19.259  32.942 0.0000000000
50461  -33.190  -25.188  37.017 0.0000000000
63907  -42.585  -11.748  20.551 0.0000000000
61897  -36.755  -12.960  25.252 0.0000000000
123319  -41.054  -23.419  37.988 0.0000000000
48501  -36.869  -26.807  34.788 0.0000000000
64893  -47.539  -10.305  22.149 0.0000000000
64942  -49.968  -10.465  17.785 0.0000000000
126499  -52.464  -5.970  18.105 0.0000000000
59940  -39.719  -14.949  31.423 0.0000000000
119961  -35.595  -16.517  28.286 0.0000000000
60918  -41.387  -13.113  28.445 0.0000000000
134681  -41.341  -7.266  28.133 0.0000000000
50457  -25.806  -24.836  37.726 0.0000000000
49297  -14.053  -26.871  52.239 0.0000000000
54902  -39.601  -21.835  33.041 0.0000000000
59878  -37.118  -15.945  35.960 0.0000000000
52419  -27.816  -23.765  33.809 0.0000000000
50554  -32.693  -25.370  31.618 0.0000000000
69242  -49.101  -5.407  13.713 0.0000000000
71665  -54.347  -2.794  15.213 0.0000000000
65861  -38.302  -9.220  21.545 0.0000000000
68324  -45.129  -6.562  24.677 0.0000000000
48336  -18.658  -27.282  43.048 0.0000000000
44366  -9.257  -30.920  52.284 0.0000000000
62913  -49.077  -12.459  20.557 0.0000000000
59961  -40.521  -15.255  30.241 0.0000000000
129075  -26.586  -27.961  37.523 0.0000000000
126344  -15.580  -27.718  50.066 0.0000000000
51552  -39.961  -24.259  29.946 0.0000000000
52439  -40.051  -22.857  33.038 0.0000000000
51486  -30.783  -24.022  35.631 0.0000000000
52423  -30.901  -23.931  32.997 0.0000000000
50495  -32.797  -25.057  34.601 0.0000000000
49522  -38.162  -26.076  34.338 0.0000000000
49546  -36.466  -26.674  33.061 0.0000000000
120087  -37.587  -26.381  31.538 0.0000000000
50446  -32.407  -25.511  39.023 0.0000000000
51460  -29.838  -23.906  37.789 0.0000000000
65908  -46.231  -9.586  16.932 0.0000000000
68395  -48.232  -6.623  14.569 0.0000000000
70062  -53.119  -4.003  16.824 0.0000000000
59984  -35.977  -15.395  26.151 0.0000000000
63861  -36.367  -10.694  23.408 0.0000000000
68293  -43.236  -5.546  26.476 0.0000000000
47372  -24.719  -29.007  41.249 0.0000000000
48363  -23.180  -27.074  42.167 0.0000000000
48321  -21.077  -26.496  43.806 0.0000000000
48383  -20.728  -27.124  41.205 0.0000000000
44399  -10.995  -30.941  49.219 0.0000000000
121355  -39.902  -24.064  35.928 0.0000000000
53265  -40.394  -22.490  35.883 0.0000000000
54023  -41.223  -21.522  38.345 0.0000000000
48436  -35.400  -26.393  39.110 0.0000000000
122828  -35.064  -25.733  35.738 0.0000000000
48451  -37.610  -26.041  38.076 0.0000000000
48454  -39.264  -25.235  37.300 0.0000000000
64910  -44.569  -10.866  21.707 0.0000000000
62910  -46.505  -12.037  20.900 0.0000000000
64940  -47.059  -10.217  18.571 0.0000000000
66735  -47.884  -8.023  17.905 0.0000000000
68368  -48.580  -6.458  17.353 0.0000000000
67552  -50.677  -7.681  18.408 0.0000000000
58882  -36.468  -16.175  31.907 0.0000000000
135379  -34.496  -17.703  30.969 0.0000000000
58909  -37.614  -16.178  29.568 0.0000000000
58944  -38.484  -15.833  27.738 0.0000000000
61882  -38.666  -13.707  26.288 0.0000000000
141251  -38.638  -10.929  26.124 0.0000000000
64841  -41.415  -10.194  28.821 0.0000000000
119584  -25.641  -25.942  39.754 0.0000000000
47385  -26.380  -28.787  39.770 0.0000000000
72486  -53.334  -1.034  11.603 0.0000000000
49288  -11.195  -25.884  53.765 0.0000000000
54085  -39.058  -22.289  30.256 0.0000000000
54899  -37.229  -21.082  33.206 0.0000000000
54880  -39.502  -21.191  35.337 0.0000000000
55745  -37.863  -20.189  35.098 0.0000000000
57791  -36.094  -17.607  34.071 0.0000000000
59903  -37.691  -15.059  34.145 0.0000000000
122019  -34.807  -25.711  33.299 0.0000000000
51446  -28.838  -23.853  39.198 0.0000000000
51484  -26.637  -23.897  36.025 0.0000000000
70051  -49.842  -4.432  16.122 0.0000000000
70859  -50.925  -2.901  14.753 0.0000000000
71685  -51.697  -1.909  12.655 0.0000000000
71681  -55.226  -2.079  13.912 0.0000000000
47307  -15.681  -28.699  44.714 0.0000000000
46361  -14.162  -29.288  47.114 0.0000000000
64906  -40.900  -9.902  20.925 0.0000000000
66646  -39.343  -8.121  24.978 0.0000000000
66682  -41.171  -7.338  22.988 0.0000000000
66703  -43.058  -8.406  22.367 0.0000000000
125678  -46.821  -8.462  23.134 0.0000000000
48305  -17.886  -27.524  45.278 0.0000000000
47279  -12.768  -28.896  49.863 0.0000000000
47269  -10.914  -28.354  51.985 0.0000000000
119132  -8.963  -28.313  52.721 0.0000000000
48282  -16.283  -27.605  48.888 0.0000000000
50558  -39.568  -25.576  31.458 0.0000000000
51545  -40.251  -24.159  31.946 0.0000000000
51515  -40.003  -24.076  33.254 0.0000000000
51475  -31.980  -24.948  35.793 0.0000000000
51488  -32.086  -24.797  34.907 0.0000000000
50484  -32.733  -25.158  35.501 0.0000000000
50519  -39.257  -25.350  33.458 0.0000000000
49568  -38.036  -26.485  32.459 0.0000000000
136855  -39.169  -26.029  31.798 0.0000000000
49592  -37.926  -26.115  30.537 0.0000000000
123782  -33.611  -26.146  39.083 0.0000000000
49448  -32.955  -26.065  39.324 0.0000000000
130296  -32.483  -25.162  38.193 0.0000000000
51462  -31.230  -24.735  37.021 0.0000000000
67585  -47.433  -7.184  15.352 0.0000000000
136575  -35.856  -20.999  32.053 0.0000000000
54911  -34.915  -20.585  31.606 0.0000000000
60939  -36.570  -14.407  25.666 0.0000000000
60954  -35.230  -15.026  24.414 0.0000000000
62859  -36.218  -12.418  24.507 0.0000000000
46411  -23.810  -28.858  40.613 0.0000000000
48386  -23.637  -27.916  41.931 0.0000000000
47354  -23.126  -27.954  41.054 0.0000000000
48384  -21.672  -26.926  41.482 0.0000000000
48402  -21.434  -27.312  40.670 0.0000000000
50476  -40.603  -23.973  37.097 0.0000000000
52398  -40.708  -23.058  36.870 0.0000000000
124399  -41.432  -22.414  38.413 0.0000000000
48422  -36.523  -26.764  39.588 0.0000000000
118563  -36.836  -26.212  38.545 0.0000000000
48438  -37.547  -26.462  39.096 0.0000000000
135414  -40.717  -24.274  38.362 0.0000000000
129048  -39.812  -25.349  38.001 0.0000000000
49491  -40.187  -24.875  37.486 0.0000000000
49504  -39.315  -24.883  36.484 0.0000000000
64891  -46.162  -10.238  21.935 0.0000000000
63892  -45.881  -11.304  21.671 0.0000000000
63893  -46.646  -11.457  21.853 0.0000000000
63925  -49.960  -12.113  18.651 0.0000000000
63923  -47.777  -12.048  19.066 0.0000000000
64941  -48.862  -10.432  18.026 0.0000000000
136341  -47.385  -9.537  18.306 0.0000000000
65891  -49.212  -9.511  18.145 0.0000000000
67551  -49.744  -7.749  18.309 0.0000000000
121807  -50.825  -9.163  18.493 0.0000000000
58870  -37.802  -15.211  31.810 0.0000000000
118960  -36.657  -16.029  31.036 0.0000000000
125065  -38.520  -15.480  30.421 0.0000000000
59970  -40.731  -14.439  28.977 0.0000000000
58930  -39.113  -15.638  28.193 0.0000000000
59979  -39.919  -14.807  27.607 0.0000000000
60926  -38.980  -14.811  26.756 0.0000000000
60928  -40.011  -13.949  26.897 0.0000000000
62847  -39.904  -12.234  27.113 0.0000000000
62841  -41.478  -11.751  28.479 0.0000000000
129493  -26.303  -23.761  38.830 0.0000000000
52338  -25.775  -23.945  40.276 0.0000000000
50444  -25.576  -24.976  38.639 0.0000000000
47392  -26.637  -28.844  38.881 0.0000000000
73311  -54.604  -0.592  11.845 0.0000000000
73322  -54.672  -0.247  11.038 0.0000000000
49289  -12.406  -26.326  53.320 0.0000000000
53289  -40.313  -22.871  31.589 0.0000000000
52454  -40.121  -23.486  30.182 0.0000000000
54060  -39.512  -21.649  32.135 0.0000000000
54059  -38.701  -21.403  32.217 0.0000000000
54901  -39.062  -21.521  32.992 0.0000000000
54872  -40.624  -21.273  36.925 0.0000000000
54038  -40.248  -21.588  36.013 0.0000000000
55730  -40.314  -20.473  36.858 0.0000000000
57762  -37.644  -18.007  36.723 0.0000000000
56723  -38.046  -19.037  36.440 0.0000000000
57774  -37.282  -18.305  35.993 0.0000000000
56753  -36.468  -18.735  34.836 0.0000000000
58849  -36.544  -16.438  34.838 0.0000000000
58859  -36.432  -16.400  33.831 0.0000000000
59892  -37.518  -15.142  35.301 0.0000000000
51531  -31.499  -24.517  32.564 0.0000000000
48479  -36.326  -26.160  36.000 0.0000000000
121742  -35.400  -26.180  35.012 0.0000000000
49519  -35.672  -26.588  34.231 0.0000000000
50540  -35.061  -25.872  31.662 0.0000000000
51425  -30.141  -24.736  39.991 0.0000000000
135798  -28.528  -23.390  35.746 0.0000000000
52381  -28.383  -23.455  36.543 0.0000000000
52405  -27.648  -23.740  34.784 0.0000000000
50494  -26.384  -25.587  34.252 0.0000000000
68370  -50.558  -6.097  17.930 0.0000000000
68380  -48.947  -5.652  17.045 0.0000000000
69229  -50.866  -4.869  17.039 0.0000000000
137071  -53.729  -3.521  16.372 0.0000000000
70852  -52.045  -3.323  15.906 0.0000000000
70861  -52.762  -2.848  15.486 0.0000000000
71672  -51.599  -2.429  14.266 0.0000000000
71673  -52.601  -2.351  14.647 0.0000000000
72466  -53.176  -1.570  13.288 0.0000000000
124626  -54.803  -2.500  14.467 0.0000000000
57850  -34.852  -16.910  28.897 0.0000000000
132270  -33.730  -18.716  29.713 0.0000000000
63904  -39.185  -10.866  19.906 0.0000000000
65862  -39.330  -9.081  21.383 0.0000000000
65788  -40.256  -9.126  27.387 0.0000000000
65802  -39.086  -9.120  25.719 0.0000000000
66627  -40.641  -7.582  26.979 0.0000000000
68307  -43.739  -5.808  25.390 0.0000000000
68321  -41.924  -6.194  25.083 0.0000000000
67498  -43.223  -6.574  23.872 0.0000000000
66683  -42.742  -7.721  22.685 0.0000000000
67514  -43.947  -7.231  23.349 0.0000000000
66705  -45.258  -8.717  22.505 0.0000000000
67516  -45.779  -7.444  23.802 0.0000000000
118150  -20.299  -26.684  43.678 0.0000000000
48319  -19.695  -26.804  44.187 0.0000000000
48306  -18.615  -27.089  45.455 0.0000000000
142614  -18.245  -27.412  44.224 0.0000000000
47309  -17.027  -27.819  43.920 0.0000000000
48358  -17.801  -27.692  42.448 0.0000000000
46360  -13.394  -29.650  47.391 0.0000000000
47284  -13.898  -28.997  48.864 0.0000000000
46356  -12.311  -29.604  48.467 0.0000000000
44377  -10.202  -31.105  50.919 0.0000000000
46351  -10.813  -29.884  50.328 0.0000000000
46349  -10.442  -29.495  51.553 0.0000000000
127299  -10.266  -28.071  52.708 0.0000000000
46346  -8.817  -29.655  53.019 0.0000000000
128301  -38.740  -26.057  39.784 0.0000000000
64894  -48.622  -9.507  22.465 0.0000000000
63895  -48.087  -11.669  21.819 0.0000000000
63877  -48.941  -10.552  21.999 0.0000000000
58886  -39.855  -15.191  30.849 0.0000000000
139607  -26.131  -26.269  36.714 0.0000000000
126472  -26.259  -26.850  37.757 0.0000000000
49304  -16.160  -26.707  51.108 0.0000000000
48270  -14.598  -27.337  51.451 0.0000000000
50570  -39.454  -25.008  29.820 0.0000000000
52448  -40.383  -23.500  31.686 0.0000000000
53278  -40.188  -22.517  32.347 0.0000000000
131090  -38.096  -14.655  35.989 0.0000000000
52407  -29.268  -23.152  34.409 0.0000000000
52421  -29.496  -23.307  33.401 0.0000000000
52409  -30.880  -23.813  33.741 0.0000000000
51513  -31.549  -24.277  33.432 0.0000000000
50516  -32.885  -24.921  33.694 0.0000000000
48503  -37.754  -26.256  34.871 0.0000000000
49521  -37.105  -26.848  33.970 0.0000000000
49547  -37.513  -26.692  33.198 0.0000000000
49567  -37.135  -26.512  32.309 0.0000000000
49591  -37.071  -26.311  29.828 0.0000000000
50434  -31.668  -25.383  39.521 0.0000000000
51448  -30.511  -24.239  38.426 0.0000000000
51449  -31.251  -24.554  38.026 0.0000000000
51473  -30.706  -24.182  36.565 0.0000000000
64954  -45.389  -10.564  16.885 0.0000000000
67601  -48.718  -6.214  14.064 0.0000000000
68373  -54.190  -5.614  18.408 0.0000000000
69216  -52.895  -5.256  17.772 0.0000000000
58954  -36.059  -15.824  26.782 0.0000000000
128380  -35.819  -11.393  22.124 0.0000000000
65821  -37.274  -9.504  22.789 0.0000000000
68273  -42.949  -5.635  28.316 0.0000000000
68291  -41.733  -6.264  26.913 0.0000000000
69129  -43.664  -5.185  27.830 0.0000000000
47339  -25.295  -28.206  41.826 0.0000000000
48365  -24.711  -27.682  42.666 0.0000000000
49392  -23.679  -26.698  43.666 0.0000000000
48339  -21.936  -26.474  43.280 0.0000000000
48338  -20.897  -26.662  43.046 0.0000000000
48360  -19.882  -27.125  41.664 0.0000000000
48381  -18.116  -27.823  41.568 0.0000000000
48382  -19.365  -27.608  40.891 0.0000000000
50498  -39.519  -24.344  35.141 0.0000000000
51516  -39.901  -23.482  34.243 0.0000000000
51499  -40.260  -23.313  35.783 0.0000000000
53250  -40.802  -22.176  37.061 0.0000000000
49477  -34.658  -25.739  38.051 0.0000000000
49486  -34.607  -25.505  36.449 0.0000000000
48463  -35.294  -25.784  37.651 0.0000000000
48464  -35.932  -25.903  36.996 0.0000000000
48481  -37.307  -26.288  35.891 0.0000000000
122084  -38.775  -25.708  38.267 0.0000000000
122335  -38.194  -25.803  36.674 0.0000000000
48482  -37.956  -25.950  35.753 0.0000000000
48483  -38.209  -25.719  35.335 0.0000000000
49524  -39.132  -24.917  35.521 0.0000000000
48435  -34.820  -26.411  39.316 0.0000000000
64909  -43.552  -10.753  21.543 0.0000000000
118736  -43.539  -12.041  20.299 0.0000000000
62908  -44.247  -11.788  21.069 0.0000000000
62927  -45.273  -11.621  19.938 0.0000000000
63921  -45.486  -11.333  19.276 0.0000000000
62911  -47.226  -12.369  20.743 0.0000000000
63922  -46.401  -11.366  19.311 0.0000000000
64939  -46.320  -10.336  18.338 0.0000000000
65889  -46.669  -9.708  18.063 0.0000000000
66742  -46.550  -8.973  16.913 0.0000000000
67561  -47.379  -7.575  17.094 0.0000000000
67574  -47.751  -6.807  16.809 0.0000000000
67562  -48.221  -7.247  17.629 0.0000000000
67564  -50.108  -6.901  18.187 0.0000000000
67565  -51.062  -6.811  18.304 0.0000000000
65877  -51.846  -8.899  19.385 0.0000000000
68362  -52.906  -6.570  18.562 0.0000000000
56778  -35.234  -18.026  32.759 0.0000000000
56793  -34.655  -18.781  32.099 0.0000000000
57811  -35.721  -16.681  31.649 0.0000000000
57826  -35.924  -16.370  30.649 0.0000000000
58926  -35.798  -16.415  29.152 0.0000000000
58911  -39.210  -15.797  29.592 0.0000000000
125293  -37.999  -16.523  28.724 0.0000000000
58942  -36.572  -16.209  27.709 0.0000000000
58955  -37.243  -15.751  27.130 0.0000000000
59997  -37.254  -14.737  26.218 0.0000000000
61881  -37.510  -13.434  25.711 0.0000000000
125036  -37.451  -12.245  25.540 0.0000000000
123228  -38.577  -12.385  26.336 0.0000000000
64848  -40.338  -10.129  27.529 0.0000000000
66628  -40.816  -8.706  28.071 0.0000000000
66616  -42.435  -8.252  29.858 0.0000000000
67447  -42.372  -7.075  29.507 0.0000000000
122565  -25.611  -25.709  41.067 0.0000000000
49462  -26.190  -26.858  38.818 0.0000000000
48418  -26.450  -27.752  39.565 0.0000000000
48404  -25.873  -27.568  40.920 0.0000000000
46413  -25.447  -29.310  40.538 0.0000000000
129171  -36.912  -21.370  32.231 0.0000000000
54898  -36.273  -20.682  32.994 0.0000000000
53270  -39.992  -22.579  34.042 0.0000000000
54053  -39.887  -22.245  34.055 0.0000000000
54889  -39.545  -21.743  34.476 0.0000000000
55738  -39.154  -20.516  35.817 0.0000000000
54888  -38.699  -21.218  34.443 0.0000000000
55754  -37.892  -20.630  34.561 0.0000000000
55753  -36.884  -20.022  34.376 0.0000000000
56767  -35.810  -18.186  33.998 0.0000000000
58858  -36.169  -16.580  33.273 0.0000000000
58869  -37.457  -15.354  32.610 0.0000000000
59915  -39.176  -14.739  32.920 0.0000000000
60835  -38.514  -14.484  35.265 0.0000000000
59905  -39.997  -14.576  33.623 0.0000000000
49500  -34.251  -25.557  35.539 0.0000000000
50497  -34.281  -25.556  34.036 0.0000000000
50538  -33.616  -25.174  32.345 0.0000000000
140939  -35.755  -26.386  32.981 0.0000000000
50539  -34.415  -25.517  32.179 0.0000000000
52352  -27.984  -23.702  39.550 0.0000000000
52359  -26.973  -23.479  38.217 0.0000000000
52361  -28.955  -23.790  37.890 0.0000000000
52367  -27.336  -23.514  37.373 0.0000000000
51471  -26.364  -23.956  36.851 0.0000000000
50483  -26.180  -25.265  35.328 0.0000000000
68389  -48.017  -5.913  15.657 0.0000000000
69234  -48.440  -5.255  15.312 0.0000000000
70057  -48.874  -4.639  14.885 0.0000000000
70053  -51.556  -4.457  16.764 0.0000000000
70059  -50.500  -3.898  15.799 0.0000000000
70857  -49.623  -3.719  13.938 0.0000000000
70865  -49.995  -3.267  13.430 0.0000000000
71690  -50.596  -2.896  11.933 0.0000000000
71684  -51.274  -2.205  11.836 0.0000000000
72474  -52.009  -1.707  11.950 0.0000000000
72477  -54.505  -1.065  12.621 0.0000000000
47294  -16.432  -28.103  46.359 0.0000000000
47290  -15.492  -28.372  47.460 0.0000000000
46365  -14.953  -28.950  46.034 0.0000000000
55788  -33.745  -19.395  30.495 0.0000000000
64922  -41.337  -10.540  20.691 0.0000000000
64870  -37.513  -10.236  24.915 0.0000000000
65808  -37.812  -9.131  24.273 0.0000000000
65823  -38.501  -8.358  23.457 0.0000000000
67482  -41.119  -6.652  25.450 0.0000000000
67511  -40.705  -7.029  23.889 0.0000000000
66701  -39.464  -8.016  22.768 0.0000000000
65844  -40.744  -8.732  21.706 0.0000000000
140341  -41.872  -9.200  21.630 0.0000000000
64908  -42.610  -10.525  21.289 0.0000000000
64889  -44.168  -10.026  21.737 0.0000000000
65848  -45.766  -9.505  22.140 0.0000000000
65825  -47.048  -9.077  22.619 0.0000000000
48287  -18.072  -26.873  47.850 0.0000000000
48294  -18.502  -26.874  46.996 0.0000000000
48293  -17.282  -27.605  46.715 0.0000000000
47299  -16.410  -28.257  45.313 0.0000000000
47321  -15.726  -28.813  43.794 0.0000000000
47282  -15.126  -28.354  49.157 0.0000000000
47276  -14.186  -28.437  50.093 0.0000000000
48274  -13.287  -28.127  51.154 0.0000000000
46352  -11.368  -29.577  49.659 0.0000000000
47278  -11.805  -28.997  50.124 0.0000000000
48268  -12.255  -27.626  52.091 0.0000000000
48267  -11.117  -27.613  52.555 0.0000000000
133258  -10.095  -27.447  53.081 0.0000000000
44365  -8.607  -31.509  52.220 0.0000000000
46345  -8.579  -30.021  52.577 0.0000000000
130066  -17.479  -27.142  48.269 0.0000000000
117971  -16.852  -27.480  48.141 0.0000000000
50541  -39.471  -25.523  32.466 0.0000000000
50542  -39.904  -24.852  32.213 0.0000000000
50473  -32.621  -25.143  36.401 0.0000000000
49569  -38.904  -26.127  32.719 0.0000000000
124178  -33.864  -25.712  38.342 0.0000000000
49463  -33.084  -25.655  38.680 0.0000000000
49475  -33.198  -25.303  37.828 0.0000000000
50460  -32.495  -25.107  37.270 0.0000000000
54897  -35.394  -20.231  32.594 0.0000000000
55778  -34.729  -19.764  32.084 0.0000000000
60956  -36.727  -13.709  25.407 0.0000000000
60955  -35.759  -14.259  24.939 0.0000000000
61896  -35.831  -13.346  24.507 0.0000000000
62868  -35.638  -12.686  23.607 0.0000000000
47371  -22.839  -28.308  40.173 0.0000000000
48403  -22.181  -27.716  40.269 0.0000000000
50463  -40.766  -23.793  37.488 0.0000000000
52370  -41.021  -23.193  37.674 0.0000000000
51451  -41.330  -22.851  38.204 0.0000000000
48423  -37.210  -26.948  40.021 0.0000000000
48424  -37.983  -26.687  39.690 0.0000000000
50437  -41.074  -23.635  38.436 0.0000000000
50462  -40.389  -24.800  37.670 0.0000000000
50448  -40.704  -24.191  37.840 0.0000000000
50475  -40.523  -24.402  37.423 0.0000000000
64892  -46.875  -10.304  22.072 0.0000000000
63874  -46.411  -10.879  21.929 0.0000000000
63875  -47.080  -10.988  22.081 0.0000000000
63939  -50.585  -11.352  18.088 0.0000000000
63938  -49.479  -11.405  18.025 0.0000000000
65892  -50.171  -9.444  18.112 0.0000000000
64943  -51.044  -10.285  18.113 0.0000000000
59939  -38.851  -15.037  31.576 0.0000000000
58884  -38.182  -15.311  31.068 0.0000000000
58885  -39.101  -15.192  30.909 0.0000000000
60910  -41.033  -13.874  28.643 0.0000000000
59980  -40.526  -14.343  28.121 0.0000000000
60917  -40.818  -13.713  27.895 0.0000000000
60916  -40.343  -14.271  27.347 0.0000000000
61873  -40.487  -13.651  27.309 0.0000000000
61862  -40.841  -12.923  27.747 0.0000000000
128693  -41.407  -12.395  28.340 0.0000000000
51445  -25.845  -24.152  38.474 0.0000000000
51435  -25.842  -24.027  39.381 0.0000000000
73298  -55.099  -0.684  12.287 0.0000000000
73312  -55.326  -0.155  11.665 0.0000000000
49298  -14.991  -26.733  52.158 0.0000000000
49290  -13.474  -26.409  53.144 0.0000000000
48263  -12.994  -27.148  52.466 0.0000000000
54075  -40.043  -22.138  31.749 0.0000000000
54871  -40.326  -21.027  36.552 0.0000000000
55721  -40.664  -20.162  37.507 0.0000000000
58835  -37.630  -16.588  36.881 0.0000000000
57761  -37.156  -17.088  36.125 0.0000000000
57773  -36.715  -17.385  35.414 0.0000000000
58841  -36.798  -16.434  35.532 0.0000000000
59891  -36.843  -15.824  35.235 0.0000000000
51511  -27.405  -24.520  33.392 0.0000000000
51512  -28.138  -23.842  32.991 0.0000000000
48480  -36.816  -26.468  35.551 0.0000000000
49502  -36.188  -26.568  35.064 0.0000000000
52406  -28.335  -23.379  34.455 0.0000000000
52394  -28.144  -23.479  35.174 0.0000000000
51496  -27.144  -24.240  34.288 0.0000000000
68411  -49.703  -5.315  13.078 0.0000000000
68371  -51.537  -6.067  18.018 0.0000000000
69214  -51.118  -5.462  17.537 0.0000000000
69215  -52.015  -5.415  17.623 0.0000000000
140091  -54.218  -3.206  15.906 0.0000000000
70862  -53.594  -3.017  15.722 0.0000000000
124676  -53.496  -2.535  14.972 0.0000000000
135758  -54.130  -2.379  14.530 0.0000000000
57849  -34.159  -17.715  28.427 0.0000000000
57865  -34.743  -16.970  27.929 0.0000000000
141675  -37.398  -10.317  20.882 0.0000000000
64918  -37.604  -10.684  20.362 0.0000000000
124796  -37.850  -9.871  20.954 0.0000000000
64904  -38.906  -9.706  20.864 0.0000000000
135936  -40.509  -8.300  27.419 0.0000000000
66635  -40.109  -8.273  26.750 0.0000000000
133275  -44.371  -6.213  24.804 0.0000000000
68323  -43.719  -6.219  24.568 0.0000000000
67513  -43.011  -7.181  23.112 0.0000000000
67499  -44.382  -6.663  24.079 0.0000000000
67515  -44.979  -7.347  23.523 0.0000000000
119236  -45.258  -7.002  24.105 0.0000000000
48337  -19.579  -26.903  43.355 0.0000000000
48318  -18.808  -27.156  44.005 0.0000000000
118639  -19.135  -26.922  44.798 0.0000000000
48335  -17.929  -27.538  43.607 0.0000000000
46359  -12.576  -29.925  47.702 0.0000000000
45368  -10.175  -30.300  51.374 0.0000000000
46347  -9.304  -29.762  52.749 0.0000000000
45363  -8.794  -30.373  52.732 0.0000000000
59941  -41.168  -15.089  31.481 0.0000000000
48276  -16.319  -26.998  50.305 0.0000000000
141517  -15.718  -27.185  50.650 0.0000000000
48271  -15.411  -27.025  51.312 0.0000000000
124225  -15.080  -27.609  50.713 0.0000000000
119122  -39.393  -25.476  30.607 0.0000000000
52438  -40.197  -23.477  32.580 0.0000000000
137827  -40.281  -23.048  32.240 0.0000000000
54062  -39.977  -22.359  33.147 0.0000000000
52396  -30.110  -23.496  35.050 0.0000000000
52408  -30.197  -23.364  34.053 0.0000000000
52397  -30.839  -23.882  34.679 0.0000000000
51497  -31.511  -24.299  34.339 0.0000000000
51498  -32.179  -24.665  34.007 0.0000000000
51514  -32.245  -24.615  33.056 0.0000000000
48518  -37.769  -26.643  34.058 0.0000000000
49548  -38.231  -26.396  33.408 0.0000000000
49580  -36.734  -26.320  31.397 0.0000000000
122641  -37.094  -26.283  30.757 0.0000000000
123095  -32.846  -26.259  39.762 0.0000000000
50435  -32.362  -25.906  39.665 0.0000000000
50433  -31.110  -24.740  39.027 0.0000000000
50445  -31.844  -24.947  38.599 0.0000000000
51474  -31.346  -24.610  36.156 0.0000000000
52383  -30.051  -23.704  36.040 0.0000000000
64963  -45.903  -10.098  16.475 0.0000000000
58953  -35.122  -16.553  26.459 0.0000000000
58967  -35.354  -16.010  25.921 0.0000000000
63860  -35.898  -11.260  23.143 0.0000000000
63872  -36.441  -10.722  22.103 0.0000000000
64875  -36.785  -10.142  23.442 0.0000000000
69116  -43.451  -5.310  28.771 0.0000000000
69143  -44.972  -5.335  26.629 0.0000000000
47356  -25.077  -28.679  41.681 0.0000000000
47338  -24.836  -28.327  42.184 0.0000000000
127247  -24.529  -28.681  41.908 0.0000000000
48364  -23.805  -27.540  42.430 0.0000000000
48322  -22.674  -26.437  43.784 0.0000000000
48340  -23.129  -26.716  42.870 0.0000000000
48361  -20.877  -26.849  42.092 0.0000000000
118386  -20.108  -26.842  42.682 0.0000000000
123018  -20.043  -27.410  40.886 0.0000000000
50499  -39.906  -23.685  35.284 0.0000000000
51489  -40.231  -23.784  36.221 0.0000000000
52385  -41.024  -22.413  37.601 0.0000000000
137345  -40.823  -22.662  37.118 0.0000000000
53251  -41.037  -21.868  37.764 0.0000000000
48448  -35.029  -26.098  38.563 0.0000000000
48449  -35.647  -26.006  38.204 0.0000000000
138220  -37.026  -25.979  37.638 0.0000000000
48450  -36.332  -25.996  37.842 0.0000000000
48465  -36.762  -26.023  36.706 0.0000000000
48466  -37.600  -25.972  36.951 0.0000000000
49450  -39.172  -25.515  39.196 0.0000000000
48425  -38.770  -25.781  39.049 0.0000000000
48453  -38.796  -25.529  37.366 0.0000000000
48467  -38.579  -25.486  36.440 0.0000000000
49489  -39.075  -25.154  36.722 0.0000000000
50487  -39.630  -24.469  36.159 0.0000000000
122673  -35.801  -26.714  39.630 0.0000000000
49464  -34.360  -26.142  38.842 0.0000000000
63890  -43.944  -11.425  21.407 0.0000000000
63891  -44.936  -11.330  21.544 0.0000000000
62892  -46.188  -11.697  21.384 0.0000000000
62891  -45.263  -11.692  21.254 0.0000000000
62909  -45.696  -11.787  20.706 0.0000000000
62928  -46.184  -11.721  20.087 0.0000000000
62895  -48.378  -12.200  21.318 0.0000000000
62894  -47.681  -12.199  21.435 0.0000000000
62912  -48.100  -12.569  20.693 0.0000000000
63936  -47.448  -11.003  18.775 0.0000000000
138433  -47.059  -11.419  19.193 0.0000000000
64928  -46.706  -10.827  18.881 0.0000000000
65902  -47.626  -8.798  18.117 0.0000000000
65901  -46.914  -9.079  17.758 0.0000000000
66734  -47.097  -8.365  17.421 0.0000000000
66726  -50.324  -8.494  18.416 0.0000000000
67553  -51.575  -7.551  18.615 0.0000000000
67554  -52.463  -7.355  18.833 0.0000000000
57798  -35.725  -16.909  32.662 0.0000000000
139934  -35.402  -17.246  32.243 0.0000000000
58895  -37.631  -15.721  30.408 0.0000000000
122173  -36.860  -16.068  30.114 0.0000000000
131212  -36.132  -16.275  29.839 0.0000000000
58908  -36.922  -16.282  29.098 0.0000000000
58897  -39.861  -15.413  30.265 0.0000000000
58912  -39.853  -15.522  29.587 0.0000000000
58929  -38.571  -16.184  28.361 0.0000000000
136266  -38.000  -16.417  28.034 0.0000000000
58928  -37.253  -16.485  28.228 0.0000000000
58943  -37.633  -16.121  27.643 0.0000000000
58956  -38.056  -15.610  27.231 0.0000000000
60927  -39.322  -14.166  26.536 0.0000000000
59998  -38.196  -14.771  26.465 0.0000000000
60941  -38.579  -14.221  26.207 0.0000000000
60940  -37.638  -14.120  25.966 0.0000000000
125829  -38.117  -13.741  26.012 0.0000000000
122989  -38.009  -12.998  26.005 0.0000000000
61871  -38.717  -13.065  26.463 0.0000000000
63832  -40.442  -11.018  27.542 0.0000000000
63841  -39.857  -11.445  27.030 0.0000000000
65789  -40.831  -9.675  28.135 0.0000000000
65782  -41.339  -9.219  28.821 0.0000000000
66617  -43.023  -8.763  30.411 0.0000000000
67448  -42.941  -7.740  30.281 0.0000000000
126374  -41.861  -7.836  29.322 0.0000000000
68261  -42.844  -6.013  29.214 0.0000000000
51434  -25.575  -24.514  39.832 0.0000000000
51422  -25.542  -24.612  40.683 0.0000000000
138432  -25.531  -25.388  40.186 0.0000000000
131946  -25.858  -25.887  38.218 0.0000000000
48433  -26.648  -27.838  38.614 0.0000000000
142013  -26.638  -28.306  39.246 0.0000000000
48417  -26.052  -27.388  40.207 0.0000000000
48405  -26.130  -28.187  40.399 0.0000000000
47357  -25.655  -28.359  41.174 0.0000000000
47374  -25.890  -28.909  40.522 0.0000000000
49287  -10.346  -25.765  53.447 0.0000000000
52462  -39.666  -23.652  29.159 0.0000000000
54058  -37.863  -21.379  32.513 0.0000000000
54886  -36.647  -20.308  33.761 0.0000000000
52410  -40.188  -22.802  35.155 0.0000000000
52424  -40.003  -22.982  34.120 0.0000000000
53264  -40.139  -22.319  34.995 0.0000000000
125897  -39.983  -21.274  35.863 0.0000000000
54045  -40.073  -21.954  35.031 0.0000000000
54881  -39.886  -21.653  35.154 0.0000000000
54890  -39.765  -22.037  34.232 0.0000000000
56739  -37.694  -19.329  35.837 0.0000000000
56740  -38.781  -19.805  36.190 0.0000000000
56755  -38.274  -20.073  35.564 0.0000000000
55746  -38.698  -20.742  35.079 0.0000000000
56768  -36.234  -18.975  34.530 0.0000000000
55752  -36.078  -19.367  34.109 0.0000000000
57790  -35.892  -17.094  33.386 0.0000000000
59913  -37.092  -15.496  33.481 0.0000000000
59914  -38.055  -14.990  33.208 0.0000000000
128760  -38.894  -14.242  35.996 0.0000000000
52437  -30.333  -23.844  32.789 0.0000000000
51529  -29.290  -24.148  32.411 0.0000000000
129835  -30.033  -24.058  32.481 0.0000000000
49487  -35.325  -25.700  36.661 0.0000000000
49518  -35.011  -26.127  34.190 0.0000000000
49501  -34.631  -25.890  34.899 0.0000000000
50517  -33.618  -25.095  33.397 0.0000000000
137371  -34.198  -25.312  33.071 0.0000000000
136031  -35.874  -26.689  33.535 0.0000000000
52351  -27.041  -23.559  39.154 0.0000000000
52360  -27.967  -23.586  38.755 0.0000000000
51447  -29.605  -23.974  38.707 0.0000000000
52393  -27.535  -23.566  35.837 0.0000000000
52368  -28.271  -23.563  37.282 0.0000000000
52379  -26.941  -23.651  36.702 0.0000000000
52366  -26.596  -23.681  37.472 0.0000000000
50471  -26.158  -24.553  36.240 0.0000000000
136571  -26.442  -24.416  35.489 0.0000000000
68378  -47.580  -6.573  15.928 0.0000000000
68379  -48.149  -6.069  16.530 0.0000000000
69228  -49.340  -4.979  16.578 0.0000000000
69227  -48.552  -5.359  16.185 0.0000000000
69235  -48.999  -4.716  15.747 0.0000000000
69232  -53.365  -4.605  17.450 0.0000000000
69231  -52.429  -4.650  17.186 0.0000000000
70061  -52.243  -3.957  16.517 0.0000000000
70851  -51.157  -3.331  15.517 0.0000000000
70060  -51.372  -3.873  16.184 0.0000000000
70850  -50.317  -3.467  15.072 0.0000000000
70849  -49.764  -3.690  14.607 0.0000000000
70858  -50.168  -3.238  14.292 0.0000000000
70864  -49.605  -3.940  13.283 0.0000000000
71677  -51.253  -2.273  13.302 0.0000000000
132364  -50.972  -2.366  12.480 0.0000000000
72475  -52.562  -1.558  12.680 0.0000000000
71680  -54.428  -1.992  13.950 0.0000000000
72467  -53.993  -1.521  13.330 0.0000000000
72468  -54.862  -1.551  13.345 0.0000000000
72478  -55.327  -1.076  12.843 0.0000000000
72469  -55.668  -1.548  13.447 0.0000000000
47298  -15.591  -28.651  45.652 0.0000000000
47293  -15.597  -28.495  46.597 0.0000000000
139585  -15.016  -29.037  45.509 0.0000000000
56792  -34.238  -18.500  31.249 0.0000000000
55777  -34.250  -19.504  31.450 0.0000000000
64920  -39.587  -10.376  20.384 0.0000000000
64921  -40.566  -10.469  20.494 0.0000000000
63906  -41.254  -11.087  20.284 0.0000000000
141358  -38.024  -11.493  25.785 0.0000000000
63854  -37.528  -11.381  25.375 0.0000000000
126132  -38.153  -10.813  25.705 0.0000000000
64863  -38.232  -9.658  25.297 0.0000000000
65809  -38.618  -8.622  24.632 0.0000000000
66680  -39.258  -7.910  23.884 0.0000000000
68292  -42.323  -5.824  26.474 0.0000000000
67470  -41.093  -6.811  26.444 0.0000000000
68305  -41.725  -6.104  26.004 0.0000000000
67512  -41.633  -6.881  23.644 0.0000000000
67496  -41.301  -6.638  24.493 0.0000000000
66681  -40.133  -7.511  23.302 0.0000000000
66702  -40.667  -8.019  22.314 0.0000000000
124296  -41.964  -8.019  22.358 0.0000000000
65845  -42.467  -9.007  21.866 0.0000000000
65865  -42.183  -9.721  21.488 0.0000000000
64888  -43.093  -9.893  21.660 0.0000000000
65846  -43.607  -9.221  22.011 0.0000000000
66686  -45.814  -8.072  23.151 0.0000000000
65824  -46.299  -8.927  22.558 0.0000000000
65849  -46.634  -9.641  22.220 0.0000000000
48295  -18.891  -26.758  46.199 0.0000000000
117802  -18.044  -27.297  46.225 0.0000000000
118852  -17.866  -27.239  47.069 0.0000000000
47295  -17.226  -27.815  45.812 0.0000000000
47300  -17.138  -27.891  44.892 0.0000000000
47323  -17.042  -27.884  42.965 0.0000000000
47322  -16.347  -28.313  43.371 0.0000000000
47289  -14.776  -28.733  47.765 0.0000000000
47286  -15.442  -28.223  48.473 0.0000000000
46354  -13.037  -29.222  49.062 0.0000000000
47280  -13.682  -28.781  49.623 0.0000000000
47275  -13.458  -28.480  50.386 0.0000000000
45382  -11.352  -30.522  48.583 0.0000000000
45375  -11.080  -30.181  49.335 0.0000000000
47272  -10.820  -28.919  51.531 0.0000000000
46350  -11.130  -29.259  50.622 0.0000000000
47273  -11.479  -28.706  51.053 0.0000000000
48273  -12.613  -28.077  51.468 0.0000000000
47270  -11.826  -28.165  51.621 0.0000000000
48266  -9.514  -28.090  52.902 0.0000000000
139712  -9.482  -27.250  52.912 0.0000000000
45359  -8.603  -30.796  52.346 0.0000000000
123033  -16.099  -27.479  49.664 0.0000000000
51533  -39.986  -23.323  33.421 0.0000000000
51487  -31.441  -24.423  35.256 0.0000000000
49549  -38.723  -25.806  33.846 0.0000000000
49581  -38.561  -26.263  31.658 0.0000000000
50557  -39.026  -26.036  30.948 0.0000000000
48434  -34.157  -26.356  39.430 0.0000000000
50459  -31.846  -24.894  37.588 0.0000000000
50472  -31.852  -25.005  36.666 0.0000000000
65915  -46.283  -9.547  16.196 0.0000000000
67593  -47.984  -7.254  14.704 0.0000000000
122073  -37.014  -21.753  31.193 0.0000000000
138110  -36.277  -14.943  25.914 0.0000000000
59996  -35.528  -15.490  25.494 0.0000000000
60014  -35.705  -14.983  25.216 0.0000000000
60013  -35.046  -15.813  24.567 0.0000000000
132108  -35.841  -11.921  23.733 0.0000000000
62869  -36.363  -11.542  24.303 0.0000000000
47355  -24.050  -28.661  41.702 0.0000000000
48385  -22.746  -27.179  41.643 0.0000000000
139884  -22.269  -27.249  40.948 0.0000000000
48401  -20.556  -27.621  40.508 0.0000000000
47370  -21.215  -28.033  39.933 0.0000000000
50489  -40.429  -23.989  36.780 0.0000000000
51490  -40.509  -23.526  36.634 0.0000000000
51476  -40.764  -23.449  37.186 0.0000000000
52384  -40.943  -22.935  37.394 0.0000000000
53244  -41.320  -22.032  38.256 0.0000000000
48437  -36.040  -26.334  38.853 0.0000000000
126030  -39.863  -25.246  38.441 0.0000000000
49479  -40.124  -25.148  37.836 0.0000000000
49478  -39.845  -25.193  37.721 0.0000000000
49490  -39.642  -25.011  37.215 0.0000000000
123663  -40.371  -24.387  37.088 0.0000000000
125608  -36.522  -27.273  40.433 0.0000000000
63873  -45.600  -10.809  21.778 0.0000000000
62931  -49.351  -12.493  19.389 0.0000000000
62930  -48.480  -12.614  19.668 0.0000000000
63924  -48.911  -12.128  18.720 0.0000000000
63937  -48.362  -11.298  18.364 0.0000000000
129785  -47.878  -10.272  18.471 0.0000000000
65890  -48.246  -9.492  18.349 0.0000000000
66724  -48.520  -8.681  18.288 0.0000000000
66736  -48.810  -7.866  18.171 0.0000000000
66725  -49.443  -8.589  18.315 0.0000000000
122756  -36.952  -15.709  32.146 0.0000000000
58883  -37.240  -15.605  31.372 0.0000000000
118050  -40.458  -14.984  29.468 0.0000000000
58931  -39.704  -15.346  28.771 0.0000000000
119237  -40.170  -14.797  28.532 0.0000000000
129477  -39.587  -15.126  28.134 0.0000000000
59978  -39.201  -15.276  27.662 0.0000000000
59977  -38.759  -15.305  27.252 0.0000000000
59987  -39.393  -15.006  27.207 0.0000000000
59988  -39.806  -14.576  26.964 0.0000000000
61872  -39.339  -13.517  26.680 0.0000000000
62846  -39.263  -12.698  26.771 0.0000000000
128163  -40.056  -13.069  27.145 0.0000000000
62848  -40.468  -11.801  27.544 0.0000000000
64850  -41.530  -10.955  28.643 0.0000000000
52340  -26.920  -23.540  40.539 0.0000000000
52350  -26.328  -23.724  39.826 0.0000000000
50432  -25.497  -25.182  39.419 0.0000000000
133996  -26.710  -28.357  38.237 0.0000000000
46414  -26.007  -29.485  39.941 0.0000000000
72487  -53.991  -0.853  12.026 0.0000000000
124177  -53.320  -0.919  10.731 0.0000000000
73310  -53.996  -0.644  11.319 0.0000000000
122858  -54.676  0.080  10.054 0.0000000000
52455  -40.330  -23.345  30.964 0.0000000000
53288  -39.963  -22.657  30.721 0.0000000000
54074  -39.518  -21.955  31.203 0.0000000000
54073  -38.724  -21.724  31.149 0.0000000000
54900  -38.189  -21.332  33.152 0.0000000000
54039  -40.573  -21.814  36.598 0.0000000000
54046  -40.353  -22.047  35.820 0.0000000000
54870  -39.846  -20.826  36.179 0.0000000000
57763  -38.446  -18.681  37.162 0.0000000000
56754  -37.311  -19.527  35.284 0.0000000000
56738  -36.815  -18.575  35.359 0.0000000000
57780  -36.365  -17.543  34.607 0.0000000000
59902  -36.908  -15.654  34.485 0.0000000000
135188  -39.889  -13.901  35.910 0.0000000000
49488  -35.783  -25.962  35.888 0.0000000000
49566  -36.415  -26.343  32.094 0.0000000000
49565  -35.827  -26.201  32.274 0.0000000000
51437  -29.604  -24.283  39.647 0.0000000000
52382  -29.247  -23.535  36.357 0.0000000000
52369  -29.124  -23.702  37.171 0.0000000000
51485  -26.932  -24.012  35.182 0.0000000000
51495  -26.555  -24.689  34.717 0.0000000000
51510  -26.756  -24.849  33.954 0.0000000000
68369  -49.535  -6.207  17.722 0.0000000000
69213  -50.033  -5.372  17.302 0.0000000000
135007  -50.136  -4.780  16.723 0.0000000000
70853  -52.933  -3.421  16.168 0.0000000000
70860  -51.842  -2.775  15.169 0.0000000000
71678  -52.334  -1.880  13.628 0.0000000000
71679  -53.463  -1.957  14.094 0.0000000000
46376  -15.234  -29.365  44.222 0.0000000000
46369  -15.069  -29.161  44.987 0.0000000000
57825  -34.534  -17.410  30.375 0.0000000000
56805  -34.026  -18.162  30.417 0.0000000000
57834  -34.169  -17.665  29.534 0.0000000000
56815  -33.721  -18.720  28.830 0.0000000000
64919  -38.569  -10.381  20.341 0.0000000000
64905  -39.960  -9.738  20.823 0.0000000000
65795  -39.371  -9.858  26.500 0.0000000000
64864  -38.793  -10.260  26.106 0.0000000000
65796  -39.681  -9.057  26.574 0.0000000000
66647  -39.682  -8.252  25.905 0.0000000000
67481  -40.375  -7.440  25.963 0.0000000000
68306  -42.607  -5.826  25.695 0.0000000000
68322  -42.888  -6.079  24.779 0.0000000000
67497  -42.210  -6.490  24.208 0.0000000000
142621  -42.440  -6.843  23.517 0.0000000000
128783  -42.155  -7.286  22.983 0.0000000000
66684  -43.568  -7.818  22.774 0.0000000000
66704  -44.141  -8.589  22.448 0.0000000000
66685  -44.640  -7.916  22.893 0.0000000000
67517  -46.587  -7.766  23.797 0.0000000000
48320  -20.467  -26.494  44.340 0.0000000000
48308  -19.881  -26.546  44.889 0.0000000000
124065  -18.419  -27.301  44.717 0.0000000000
48317  -17.796  -27.601  44.468 0.0000000000
46358  -14.021  -29.101  47.993 0.0000000000
46357  -13.206  -29.399  48.227 0.0000000000
45374  -10.668  -30.596  50.084 0.0000000000
47268  -9.904  -28.757  52.588 0.0000000000
47267  -9.102  -28.988  53.007 0.0000000000
136452  -38.453  -26.294  39.562 0.0000000000
51439  -40.937  -23.914  39.098 0.0000000000
65851  -48.004  -9.631  22.391 0.0000000000
63876  -47.774  -11.019  22.082 0.0000000000
131033  -48.293  -10.263  22.132 0.0000000000
139945  -48.399  -11.034  22.001 0.0000000000
63896  -48.920  -11.552  21.568 0.0000000000
63926  -50.819  -11.868  18.979 0.0000000000
63940  -51.310  -11.081  18.658 0.0000000000
125526  -40.233  -14.803  31.916 0.0000000000
121876  -40.461  -15.002  31.439 0.0000000000
59948  -40.537  -15.249  30.881 0.0000000000
59949  -41.244  -15.177  30.772 0.0000000000
59962  -41.183  -14.931  30.076 0.0000000000
59971  -41.350  -14.160  29.252 0.0000000000
62834  -41.924  -12.034  28.973 0.0000000000
50458  -25.954  -25.171  36.870 0.0000000000
49474  -25.995  -25.805  37.447 0.0000000000
140193  -26.361  -27.208  36.883 0.0000000000
51553  -40.339  -23.967  30.916 0.0000000000
51544  -40.007  -24.833  30.955 0.0000000000
54061  -39.961  -22.018  32.576 0.0000000000
59879  -37.652  -15.302  36.451 0.0000000000
52420  -28.595  -23.361  33.528 0.0000000000
52422  -30.274  -23.576  33.260 0.0000000000
50537  -32.941  -24.867  32.675 0.0000000000
48502  -37.415  -26.678  34.711 0.0000000000
50421  -30.874  -25.099  39.957 0.0000000000
51461  -30.639  -24.218  37.450 0.0000000000
51472  -29.976  -23.827  36.940 0.0000000000
52395  -29.331  -23.360  35.481 0.0000000000
68372  -53.334  -5.823  18.254 0.0000000000
132939  -53.673  -5.174  17.952 0.0000000000
70854  -54.905  -3.219  15.749 0.0000000000
58941  -35.447  -16.455  27.362 0.0000000000
125650  -34.680  -17.065  27.039 0.0000000000
65841  -37.509  -9.548  21.846 0.0000000000
68272  -42.306  -6.281  28.643 0.0000000000
67459  -41.817  -6.436  27.898 0.0000000000
129755  -42.501  -5.877  27.931 0.0000000000
132956  -43.122  -5.478  27.453 0.0000000000
68294  -44.417  -5.568  26.125 0.0000000000
68308  -44.869  -6.047  25.383 0.0000000000
68309  -45.837  -6.470  25.227 0.0000000000
47337  -24.287  -28.169  42.241 0.0000000000
48362  -22.078  -26.682  42.326 0.0000000000
139136  -20.213  -26.735  43.232 0.0000000000
119116  -19.275  -27.099  42.446 0.0000000000
48359  -18.521  -27.405  42.203 0.0000000000
118524  -18.906  -27.426  41.555 0.0000000000
44367  -9.845  -31.797  51.729 0.0000000000
50520  -39.529  -24.561  33.999 0.0000000000
136018  -39.739  -23.969  34.401 0.0000000000
122365  -40.048  -23.205  34.945 0.0000000000
52411  -40.489  -22.979  36.184 0.0000000000
53258  -40.634  -22.613  36.604 0.0000000000
140778  -40.552  -22.228  36.405 0.0000000000
54030  -40.822  -21.587  37.325 0.0000000000
54014  -41.500  -21.583  38.900 0.0000000000
49476  -34.045  -25.455  37.313 0.0000000000
117869  -34.860  -25.621  37.238 0.0000000000
48439  -38.142  -26.021  38.460 0.0000000000
49465  -39.357  -25.483  38.412 0.0000000000
48452  -38.261  -25.843  37.634 0.0000000000
121147  -37.725  -26.085  36.059 0.0000000000
127460  -37.536  -26.345  35.362 0.0000000000
49503  -38.771  -25.271  35.902 0.0000000000
49523  -38.626  -25.457  34.887 0.0000000000
49550  -39.130  -25.076  34.489 0.0000000000
48420  -34.803  -26.633  39.999 0.0000000000
63889  -43.029  -11.297  21.085 0.0000000000
62907  -42.836  -12.170  20.163 0.0000000000
63908  -43.361  -11.852  20.834 0.0000000000
122246  -44.540  -11.798  20.331 0.0000000000
63894  -47.352  -11.635  21.924 0.0000000000
62893  -46.939  -11.968  21.461 0.0000000000
142567  -46.743  -12.061  20.447 0.0000000000
142640  -47.700  -12.522  19.976 0.0000000000
62929  -47.017  -11.970  19.844 0.0000000000
63935  -45.871  -10.856  18.720 0.0000000000
64938  -45.504  -10.569  17.850 0.0000000000
64955  -46.036  -9.987  17.511 0.0000000000
66743  -46.785  -8.162  16.367 0.0000000000
67573  -47.162  -7.276  16.156 0.0000000000
67563  -49.164  -7.058  17.948 0.0000000000
68361  -52.001  -6.708  18.419 0.0000000000
65893  -51.410  -9.454  18.899 0.0000000000
66727  -51.245  -8.482  18.736 0.0000000000
68363  -53.766  -6.409  18.750 0.0000000000
57810  -34.927  -17.661  31.745 0.0000000000
126442  -35.122  -17.054  30.921 0.0000000000
57835  -35.151  -16.733  29.956 0.0000000000
58896  -39.180  -15.475  30.261 0.0000000000
58910  -38.413  -15.969  29.656 0.0000000000
137406  -39.190  -15.900  28.826 0.0000000000
141147  -38.680  -16.231  28.909 0.0000000000
58927  -36.441  -16.353  28.486 0.0000000000
59985  -36.797  -15.251  26.521 0.0000000000
59986  -38.363  -15.187  26.904 0.0000000000
120884  -37.741  -15.269  26.777 0.0000000000
141231  -37.342  -12.811  25.575 0.0000000000
62853  -37.980  -12.048  25.879 0.0000000000
63846  -38.503  -11.534  26.152 0.0000000000
123014  -39.217  -11.888  26.654 0.0000000000
139897  -39.275  -10.427  26.503 0.0000000000
123331  -39.846  -9.740  27.004 0.0000000000
128863  -40.899  -7.807  27.812 0.0000000000
63826  -41.893  -11.291  29.072 0.0000000000
64842  -41.934  -10.638  29.350 0.0000000000
125621  -42.566  -9.234  29.981 0.0000000000
66625  -41.864  -8.747  29.444 0.0000000000
66624  -41.321  -8.090  28.696 0.0000000000
67453  -41.749  -7.112  28.764 0.0000000000
49461  -25.716  -25.925  39.065 0.0000000000
49447  -25.953  -26.748  39.647 0.0000000000
126897  -25.774  -26.544  40.483 0.0000000000
48387  -25.610  -27.773  41.570 0.0000000000
47373  -25.378  -28.889  41.080 0.0000000000
46423  -25.479  -29.800  39.795 0.0000000000
46412  -24.727  -29.430  40.288 0.0000000000
73313  -56.022  0.013  11.934 0.0000000000
73323  -55.322  0.250  10.735 0.0000000000
54072  -37.907  -21.563  31.666 0.0000000000
55764  -35.795  -19.799  33.453 0.0000000000
54052  -39.798  -22.117  33.353 0.0000000000
137065  -39.581  -21.942  33.693 0.0000000000
54879  -39.161  -21.381  34.668 0.0000000000
124061  -39.197  -21.670  33.859 0.0000000000
120111  -38.446  -21.321  33.862 0.0000000000
54887  -37.560  -20.850  33.907 0.0000000000
55744  -37.045  -19.755  34.847 0.0000000000
56779  -35.519  -18.743  33.587 0.0000000000
128460  -35.634  -17.738  33.364 0.0000000000
58868  -36.300  -16.305  32.629 0.0000000000
125860  -36.643  -15.879  32.917 0.0000000000
59926  -38.486  -14.959  32.325 0.0000000000
59927  -39.507  -14.828  32.090 0.0000000000
139846  -38.253  -14.668  34.604 0.0000000000
60836  -39.512  -14.171  35.209 0.0000000000
60854  -39.168  -14.406  34.484 0.0000000000
59904  -38.707  -14.687  33.817 0.0000000000
50474  -33.607  -25.316  36.218 0.0000000000
50485  -33.453  -25.402  35.166 0.0000000000
50486  -33.977  -25.635  34.826 0.0000000000
50496  -33.513  -25.245  34.308 0.0000000000
49520  -36.307  -26.890  34.085 0.0000000000
49545  -35.400  -26.264  33.481 0.0000000000
50518  -35.240  -25.890  32.628 0.0000000000
52341  -27.903  -23.774  40.315 0.0000000000
136652  -27.220  -23.621  39.865 0.0000000000
52358  -26.280  -23.738  38.100 0.0000000000
51438  -30.352  -24.488  39.345 0.0000000000
142654  -28.730  -23.756  38.492 0.0000000000
121377  -28.074  -23.566  37.984 0.0000000000
51459  -26.037  -23.990  37.591 0.0000000000
126352  -26.033  -25.463  36.164 0.0000000000
68388  -47.809  -6.543  15.169 0.0000000000
68396  -48.165  -5.927  14.839 0.0000000000
69237  -48.621  -5.325  14.464 0.0000000000
70064  -49.036  -4.719  14.098 0.0000000000
69230  -51.609  -4.970  17.236 0.0000000000
70052  -50.718  -4.369  16.455 0.0000000000
70058  -49.598  -4.077  15.264 0.0000000000
70065  -49.316  -4.145  14.419 0.0000000000
70067  -49.402  -4.673  13.439 0.0000000000
70070  -49.835  -4.482  12.771 0.0000000000
70868  -50.088  -3.558  12.572 0.0000000000
71671  -50.668  -2.739  13.832 0.0000000000
71676  -50.461  -2.767  12.878 0.0000000000
117907  -50.474  -3.715  11.814 0.0000000000
136987  -52.237  -1.575  11.492 0.0000000000
72485  -52.692  -1.376  11.893 0.0000000000
72476  -53.482  -1.230  12.533 0.0000000000
72479  -56.077  -0.934  13.015 0.0000000000
47287  -16.102  -27.848  47.887 0.0000000000
47291  -16.063  -28.092  47.111 0.0000000000
46362  -14.876  -28.854  46.871 0.0000000000
46368  -14.514  -29.520  45.380 0.0000000000
46364  -14.285  -29.426  46.228 0.0000000000
54917  -34.162  -20.291  30.986 0.0000000000
57864  -34.258  -17.799  27.498 0.0000000000
63888  -42.094  -11.021  20.738 0.0000000000
62860  -36.853  -12.267  25.139 0.0000000000
124327  -36.975  -11.684  25.038 0.0000000000
63853  -36.830  -10.758  24.435 0.0000000000
64876  -37.192  -9.724  23.885 0.0000000000
65822  -37.747  -8.887  23.117 0.0000000000
65843  -38.660  -8.564  22.242 0.0000000000
128258  -39.925  -7.670  25.232 0.0000000000
67495  -40.507  -7.090  24.879 0.0000000000
66662  -39.938  -7.508  24.348 0.0000000000
120469  -39.838  -8.489  21.872 0.0000000000
65863  -40.361  -9.184  21.296 0.0000000000
128782  -41.514  -8.707  21.831 0.0000000000
65864  -41.336  -9.378  21.401 0.0000000000
64907  -41.751  -10.210  21.087 0.0000000000
65847  -44.726  -9.363  22.054 0.0000000000
64890  -45.233  -10.093  21.767 0.0000000000
65850  -47.364  -9.591  22.374 0.0000000000
67500  -46.105  -7.070  24.472 0.0000000000
48286  -17.381  -27.363  47.553 0.0000000000
47308  -16.339  -28.253  44.335 0.0000000000
134195  -17.544  -28.223  41.748 0.0000000000
48279  -15.186  -28.203  49.665 0.0000000000
47285  -14.646  -28.672  48.643 0.0000000000
47281  -14.543  -28.549  49.471 0.0000000000
48278  -14.863  -28.177  50.150 0.0000000000
48275  -14.194  -28.007  50.793 0.0000000000
48269  -13.721  -27.564  51.625 0.0000000000
45383  -11.857  -30.197  48.104 0.0000000000
46355  -11.573  -29.838  48.811 0.0000000000
46353  -12.059  -29.316  49.262 0.0000000000
47274  -12.471  -28.509  50.791 0.0000000000
126365  -13.004  -27.737  51.740 0.0000000000
48262  -11.789  -26.913  52.913 0.0000000000
48261  -10.670  -26.719  53.293 0.0000000000
48260  -9.834  -26.568  53.171 0.0000000000
43362  -9.126  -31.906  52.573 0.0000000000
43356  -8.891  -32.067  52.561 0.0000000000
44359  -8.831  -31.247  52.492 0.0000000000
47266  -8.715  -29.017  52.592 0.0000000000
48281  -15.631  -27.966  49.346 0.0000000000
48440  -39.433  -25.396  37.876 0.0000000000
49505  -39.930  -24.661  36.910 0.0000000000
50447  -40.428  -24.853  38.047 0.0000000000
50470  -26.030  -24.422  37.047 0.0000000000
50488  -40.153  -24.224  36.575 0.0000000000
52371  -41.197  -22.659  37.927 0.0000000000
52380  -27.640  -23.512  36.713 0.0000000000
52436  -29.714  -23.655  32.770 0.0000000000
62840  -40.978  -12.120  27.935 0.0000000000
63833  -41.106  -11.406  28.102 0.0000000000
63834  -41.506  -11.375  28.587 0.0000000000
63840  -39.162  -11.026  26.486 0.0000000000
64849  -40.982  -10.607  28.116 0.0000000000
64857  -39.759  -10.537  26.933 0.0000000000
64887  -36.874  -10.109  22.472 0.0000000000
65783  -41.980  -9.812  29.582 0.0000000000
65842  -37.835  -9.030  22.249 0.0000000000
65900  -46.484  -9.455  17.449 0.0000000000
67458  -41.212  -7.006  27.369 0.0000000000
68281  -42.435  -5.830  27.221 0.0000000000
73321  -54.012  -0.495  10.461 0.0000000000
124132  -25.625  -24.495  39.145 0.0000000000
128745  -28.717  -23.294  35.066 0.0000000000
132075  -38.285  -26.146  39.040 0.0000000000
132194  -49.354  -4.224  13.804 0.0000000000
135779  -41.057  -14.567  29.564 0.0000000000
135971  -37.223  -26.599  35.203 0.0000000000
140331  -41.689  -12.551  28.687 0.0000000000
142622  -40.465  -12.438  27.492 0.0000000000
142642  -34.458  -20.092  31.544 0.0000000000
