#!ascii label  , from subject sub-v1s12x0050114_ses-1 vox2ras=TkReg
1837
17712  -14.873  -78.397  -52.615 0.5000000000
14675  -16.353  -81.350  -53.533 0.5000000000
14690  -17.170  -81.473  -54.400 0.5000000000
112604  -16.917  -82.164  -54.364 0.5000000000
18732  -14.380  -76.711  -53.603 0.5000000000
18722  -15.072  -77.519  -53.192 0.5000000000
18733  -15.209  -76.415  -53.789 0.5000000000
17728  -16.206  -77.303  -54.171 0.5000000000
18743  -16.453  -76.479  -55.156 0.6000000238
17714  -16.297  -78.414  -53.433 0.5000000000
13753  -17.366  -82.822  -53.812 0.5000000000
15647  -16.505  -80.431  -53.947 0.5000000000
13741  -17.987  -82.989  -52.654 0.5000000000
14697  -17.097  -80.892  -54.706 0.6000000238
13754  -18.018  -82.418  -53.125 0.6000000238
15660  -17.673  -80.184  -54.855 0.6000000238
14691  -17.935  -81.291  -53.855 0.6000000238
13742  -18.334  -82.243  -51.898 0.6999999881
16652  -18.437  -79.650  -54.224 0.6999999881
14677  -18.330  -81.755  -52.963 0.6999999881
16639  -18.898  -79.942  -53.198 0.6999999881
15624  -18.960  -80.639  -51.615 0.6999999881
14665  -18.586  -81.342  -51.812 0.6999999881
19734  -14.575  -75.970  -53.632 0.5000000000
18734  -15.803  -76.014  -54.427 0.6000000238
19735  -15.271  -75.237  -54.056 0.6000000238
20812  -16.770  -74.699  -54.850 0.6000000238
17739  -16.962  -78.579  -55.527 0.5000000000
12801  -18.165  -82.989  -51.455 0.5000000000
12789  -17.659  -84.192  -50.800 0.5000000000
11828  -18.991  -84.665  -48.928 0.6999999881
12790  -18.012  -83.459  -50.376 0.6999999881
124352  -18.303  -83.769  -49.218 0.6999999881
121493  -17.200  -79.667  -55.221 0.6000000238
16661  -17.897  -79.311  -55.209 0.6999999881
13716  -18.433  -82.889  -49.447 0.6999999881
17729  -18.663  -78.714  -54.610 0.6999999881
16653  -19.152  -79.077  -53.579 0.6999999881
14639  -19.214  -81.626  -49.173 0.6999999881
16640  -19.536  -79.384  -52.645 0.6999999881
15625  -19.457  -80.139  -51.437 0.6999999881
15613  -18.851  -81.067  -50.971 0.6999999881
14640  -19.968  -81.310  -48.768 0.6999999881
16626  -19.804  -79.596  -51.800 0.6999999881
16617  -20.817  -79.651  -50.773 0.6999999881
15615  -20.223  -80.240  -50.257 0.6999999881
15616  -21.077  -80.009  -49.989 0.6999999881
19717  -14.079  -76.119  -53.206 0.5000000000
19718  -14.838  -75.437  -53.352 0.6000000238
20796  -15.513  -74.714  -53.287 0.6000000238
20811  -15.991  -74.582  -54.055 0.6000000238
112793  -16.586  -74.327  -53.837 0.6000000238
18752  -16.976  -76.343  -56.135 0.6000000238
20813  -17.303  -74.471  -54.587 0.6000000238
17753  -17.369  -77.002  -56.344 0.6000000238
122980  -19.619  -84.571  -48.984 0.6999999881
17754  -17.746  -77.544  -56.006 0.6999999881
11815  -19.492  -84.125  -48.441 0.6999999881
11830  -20.995  -84.076  -49.456 0.6999999881
12791  -21.650  -83.696  -50.074 0.6999999881
18744  -18.458  -77.148  -55.960 0.6999999881
11816  -20.297  -84.077  -48.699 0.6999999881
111892  -22.266  -83.042  -51.086 0.6999999881
17741  -18.160  -78.208  -55.483 0.6999999881
18735  -19.889  -77.003  -54.764 0.6999999881
13708  -18.856  -83.321  -48.553 0.6999999881
12767  -20.090  -83.607  -47.890 0.6999999881
12779  -21.636  -83.635  -48.989 0.6999999881
116376  -22.232  -83.302  -49.749 0.6999999881
17730  -19.509  -78.152  -54.113 0.6999999881
17731  -20.400  -77.605  -53.743 0.6999999881
14626  -19.586  -82.078  -48.237 0.6999999881
12780  -22.472  -83.329  -48.911 0.6999999881
16641  -20.257  -78.962  -52.271 0.6999999881
14627  -20.264  -81.700  -47.780 0.6999999881
12754  -20.684  -83.154  -47.261 0.6999999881
16627  -20.545  -79.300  -51.508 0.6999999881
15589  -20.725  -80.976  -48.397 0.6999999881
13700  -21.282  -82.588  -46.900 0.6999999881
16618  -21.746  -79.481  -50.578 0.6999999881
14628  -21.045  -81.422  -47.470 0.6999999881
16608  -21.994  -79.863  -49.793 0.6999999881
19716  -13.122  -76.551  -53.034 0.5000000000
20794  -13.501  -76.240  -52.384 0.6000000238
20773  -14.085  -75.984  -51.751 0.6000000238
127156  -12.995  -76.312  -51.277 0.5000000000
20753  -14.932  -75.641  -51.248 0.6000000238
20771  -10.284  -75.278  -51.903 0.5000000000
20793  -11.653  -75.916  -52.234 0.5000000000
20774  -15.647  -75.047  -52.272 0.6000000238
19679  -15.308  -75.780  -50.391 0.6000000238
19699  -17.003  -74.710  -52.871 0.6000000238
19698  -16.360  -75.175  -52.029 0.6000000238
19750  -17.885  -75.365  -56.068 0.6000000238
18754  -18.520  -75.796  -56.239 0.6999999881
111647  -19.230  -74.903  -55.276 0.6999999881
18745  -19.255  -76.550  -55.701 0.6999999881
20833  -19.411  -75.316  -55.628 0.6999999881
12803  -22.430  -82.576  -51.785 0.6999999881
18746  -20.272  -75.889  -55.481 0.6999999881
19758  -20.378  -75.234  -55.415 0.6999999881
13729  -22.847  -82.634  -51.019 0.6999999881
13757  -22.977  -81.945  -52.256 0.6999999881
19751  -21.283  -75.229  -55.268 0.6999999881
117874  -22.755  -83.062  -49.560 0.6999999881
13743  -23.367  -82.236  -51.389 0.6999999881
13756  -22.389  -81.708  -53.094 0.6999999881
18723  -21.391  -77.271  -53.431 0.6000000238
12770  -22.972  -83.190  -48.236 0.6999999881
13730  -23.459  -82.538  -50.504 0.6999999881
14666  -24.030  -81.586  -51.941 0.6999999881
14678  -23.329  -81.319  -52.899 0.6999999881
15650  -23.630  -80.789  -53.675 0.6999999881
17701  -21.093  -78.631  -52.003 0.6999999881
12756  -22.624  -83.037  -47.344 0.6999999881
13711  -23.564  -82.852  -47.599 0.6000000238
13731  -25.039  -82.216  -49.891 0.6999999881
13744  -24.335  -82.114  -50.797 0.6999999881
15590  -21.574  -80.767  -48.166 0.6999999881
15573  -21.927  -81.212  -47.326 0.6999999881
13692  -22.021  -82.201  -46.739 0.6999999881
13702  -23.143  -82.498  -46.875 0.6000000238
13719  -24.797  -82.574  -48.941 0.6000000238
16609  -22.876  -79.675  -49.529 0.6000000238
15591  -22.427  -80.562  -47.983 0.6000000238
13694  -23.509  -82.028  -46.686 0.6000000238
131085  -24.746  -81.782  -46.905 0.5000000000
13712  -24.482  -82.645  -47.946 0.5000000000
13720  -25.749  -82.077  -49.005 0.5000000000
15606  -23.018  -79.981  -48.634 0.6000000238
15575  -23.716  -80.487  -47.194 0.5000000000
15562  -24.251  -80.933  -46.721 0.5000000000
20752  -13.798  -76.100  -50.562 0.6000000238
20750  -11.778  -74.995  -50.390 0.6000000238
19651  -14.445  -76.012  -48.754 0.5000000000
20689  -13.180  -74.845  -47.873 0.6999999881
121908  -11.501  -75.384  -51.289 0.5000000000
21874  -10.331  -74.465  -50.708 0.6000000238
21855  -11.607  -74.166  -50.026 0.6000000238
21872  -8.331  -74.885  -50.226 0.6000000238
21873  -9.369  -74.526  -50.553 0.6000000238
111048  -15.956  -76.053  -50.167 0.4000000060
21854  -9.892  -73.962  -50.039 0.6000000238
19680  -16.641  -76.106  -50.885 0.5000000000
132680  -17.602  -75.450  -52.451 0.6000000238
20798  -18.633  -74.713  -53.957 0.6000000238
20827  -20.400  -74.791  -55.219 0.6999999881
20815  -19.520  -74.666  -54.769 0.6000000238
21908  -21.482  -74.395  -54.994 0.6999999881
18736  -22.066  -76.443  -53.943 0.6000000238
19752  -22.469  -74.821  -54.442 0.6000000238
17702  -22.043  -78.347  -51.791 0.6000000238
14654  -25.198  -81.827  -50.639 0.6000000238
14667  -24.959  -81.542  -51.362 0.6000000238
14680  -24.877  -81.014  -52.088 0.6999999881
14679  -24.246  -80.914  -52.817 0.6999999881
116091  -23.991  -80.458  -54.520 0.6999999881
16629  -22.417  -78.840  -51.081 0.6000000238
14655  -25.862  -81.793  -50.122 0.6000000238
111338  -23.410  -80.227  -55.710 0.6999999881
16610  -23.654  -79.463  -49.203 0.6000000238
14629  -25.802  -81.982  -47.877 0.4000000060
14641  -26.756  -81.553  -49.513 0.4000000060
14668  -25.732  -81.473  -50.996 0.6000000238
15637  -25.069  -80.613  -52.842 0.6000000238
132277  -24.634  -80.353  -54.428 0.6000000238
16597  -23.810  -79.764  -48.202 0.5000000000
16584  -24.758  -79.644  -47.006 0.5000000000
15563  -24.870  -80.364  -46.744 0.5000000000
14613  -24.937  -81.093  -46.736 0.5000000000
14670  -27.130  -81.048  -51.190 0.4000000060
14669  -26.266  -81.065  -51.556 0.6000000238
21838  -12.552  -73.941  -49.233 0.6000000238
20733  -12.902  -75.590  -49.268 0.6000000238
123237  -14.599  -75.386  -47.259 0.6000000238
22953  -10.482  -73.613  -49.457 0.6000000238
22938  -11.005  -73.269  -49.120 0.5000000000
23949  -11.655  -72.700  -48.386 0.6000000238
23948  -10.657  -72.999  -47.518 0.6000000238
19652  -15.500  -76.305  -48.609 0.6000000238
21837  -8.396  -74.191  -48.820 0.6999999881
22923  -9.435  -73.431  -47.317 0.6000000238
23940  -9.438  -72.732  -45.535 0.6000000238
18702  -17.126  -76.941  -50.065 0.5000000000
19653  -16.304  -76.759  -48.551 0.6000000238
131492  -7.278  -74.381  -47.951 0.6000000238
22913  -8.904  -73.370  -46.267 0.6999999881
19681  -17.610  -76.559  -50.999 0.5000000000
21811  -7.545  -74.129  -47.107 0.6999999881
19720  -18.892  -75.425  -52.880 0.6000000238
21792  -7.639  -74.297  -46.233 0.6000000238
20816  -20.704  -74.486  -54.625 0.6000000238
20799  -19.728  -74.816  -53.773 0.6000000238
20800  -20.789  -74.696  -53.516 0.6000000238
118851  -21.680  -74.349  -54.290 0.6000000238
128500  -23.283  -75.882  -53.443 0.6000000238
18725  -23.254  -76.575  -52.896 0.6000000238
113394  -23.841  -76.987  -50.283 0.6000000238
17693  -23.397  -78.520  -50.722 0.6000000238
18687  -24.282  -77.850  -48.797 0.6000000238
16611  -24.253  -79.204  -48.882 0.6000000238
15638  -26.372  -80.614  -52.314 0.6000000238
111220  -25.811  -80.359  -52.910 0.6000000238
15663  -25.256  -80.203  -54.376 0.6000000238
112603  -24.788  -79.020  -47.529 0.5000000000
16567  -25.358  -79.675  -46.745 0.5000000000
15578  -26.238  -80.465  -46.949 0.5000000000
15677  -26.005  -79.904  -55.928 0.6000000238
15627  -27.538  -80.631  -51.760 0.4000000060
113344  -26.571  -80.212  -52.999 0.6000000238
15652  -26.043  -79.998  -53.796 0.6000000238
113250  -13.008  -72.503  -48.771 0.6000000238
23962  -13.559  -72.061  -48.422 0.5000000000
22941  -14.033  -72.648  -48.338 0.6000000238
22942  -14.871  -72.582  -48.149 0.5000000000
23961  -12.383  -72.695  -48.888 0.6000000238
23942  -12.179  -72.159  -47.349 0.6000000238
21812  -13.385  -73.660  -47.953 0.5000000000
22924  -14.318  -73.554  -47.448 0.5000000000
20666  -15.747  -74.982  -46.720 0.5000000000
131456  -10.999  -72.726  -46.974 0.5000000000
122514  -12.299  -72.332  -48.245 0.6000000238
121643  -10.403  -72.767  -46.376 0.5000000000
19638  -15.826  -76.293  -47.832 0.6000000238
118424  -8.324  -73.855  -45.556 0.6999999881
22905  -8.820  -73.168  -45.362 0.6000000238
22894  -8.759  -73.407  -44.769 0.6000000238
19682  -18.511  -76.778  -51.024 0.5000000000
126891  -7.788  -75.665  -45.578 0.5000000000
21753  -8.463  -74.150  -44.920 0.6999999881
19721  -19.917  -75.364  -52.597 0.5000000000
119058  -21.671  -74.678  -53.321 0.5000000000
20818  -22.848  -74.827  -53.965 0.6000000238
20757  -23.202  -76.066  -50.768 0.6000000238
19703  -23.595  -76.226  -52.099 0.5000000000
19668  -23.441  -76.381  -49.591 0.6000000238
125290  -23.798  -77.129  -51.018 0.6000000238
17652  -24.835  -78.357  -47.354 0.5000000000
15628  -28.246  -80.265  -51.659 0.5000000000
15640  -27.851  -80.217  -52.482 0.5000000000
16654  -27.286  -79.460  -54.564 0.6000000238
16668  -26.698  -79.482  -55.505 0.6000000238
23951  -13.592  -71.662  -47.841 0.6000000238
25023  -14.283  -71.819  -48.316 0.6000000238
25012  -13.656  -71.613  -46.889 0.6000000238
125661  -16.178  -73.554  -47.168 0.5000000000
129982  -12.046  -72.175  -46.317 0.6000000238
23932  -11.352  -72.045  -45.422 0.6999999881
20692  -16.292  -75.849  -47.043 0.6000000238
23922  -9.155  -72.443  -44.437 0.6000000238
115357  -9.549  -72.178  -44.980 0.6000000238
19639  -16.650  -76.876  -47.763 0.6000000238
21739  -9.213  -73.963  -44.261 0.6000000238
22882  -9.972  -73.007  -43.638 0.6000000238
18703  -17.936  -77.210  -50.184 0.5000000000
116545  -20.168  -75.987  -51.583 0.5000000000
19609  -9.256  -76.155  -45.021 0.5000000000
115898  -8.947  -74.642  -44.627 0.6000000238
112439  -22.144  -75.133  -52.473 0.5000000000
20756  -22.730  -75.882  -50.264 0.6000000238
20777  -23.004  -75.426  -52.039 0.5000000000
20720  -23.000  -76.016  -49.059 0.5000000000
19669  -23.918  -76.993  -49.203 0.5000000000
16655  -28.874  -78.981  -53.590 0.6000000238
25014  -15.139  -71.244  -47.367 0.6000000238
25018  -15.386  -71.393  -48.077 0.5000000000
111386  -15.971  -71.889  -48.827 0.5000000000
26015  -14.492  -70.954  -45.266 0.6999999881
125329  -16.778  -72.372  -48.763 0.5000000000
120509  -11.755  -70.816  -44.104 0.6999999881
23933  -12.324  -71.872  -45.511 0.6000000238
22944  -17.401  -72.924  -48.158 0.5000000000
24998  -10.202  -71.789  -44.330 0.6000000238
21815  -16.501  -74.639  -46.705 0.5000000000
121620  -16.994  -76.363  -47.147 0.6000000238
22883  -10.968  -72.685  -43.310 0.6999999881
18651  -17.258  -77.454  -47.908 0.6000000238
22896  -10.900  -73.616  -43.968 0.6000000238
122885  -18.112  -77.837  -48.935 0.6000000238
20624  -11.701  -75.256  -44.551 0.6999999881
21755  -10.840  -74.571  -44.459 0.6999999881
19683  -19.502  -76.742  -50.883 0.5000000000
18704  -18.834  -77.282  -50.156 0.5000000000
20623  -10.680  -75.791  -44.537 0.6000000238
19684  -20.456  -76.478  -50.661 0.5000000000
113089  -11.690  -76.340  -44.404 0.5000000000
19685  -21.496  -76.069  -50.416 0.6000000238
19702  -21.190  -75.702  -51.414 0.5000000000
18618  -11.686  -77.326  -44.561 0.6000000238
20776  -22.215  -75.534  -51.296 0.5000000000
20738  -23.079  -76.050  -49.932 0.6000000238
20697  -23.128  -75.688  -47.948 0.5000000000
26025  -15.583  -70.905  -46.451 0.6999999881
26033  -15.798  -71.013  -47.523 0.5000000000
25019  -16.035  -71.407  -48.465 0.5000000000
27070  -14.101  -69.796  -44.134 0.8000000119
27084  -14.672  -70.143  -44.669 0.6999999881
23973  -17.146  -71.923  -49.418 0.5000000000
23966  -17.600  -72.341  -49.117 0.5000000000
24960  -12.030  -70.997  -42.960 0.6999999881
125682  -12.726  -70.252  -43.787 0.6999999881
25999  -13.211  -70.285  -44.243 0.8000000119
24987  -11.425  -71.186  -43.543 0.6999999881
22945  -18.145  -72.956  -48.424 0.5000000000
22884  -11.839  -72.874  -42.939 0.6999999881
23898  -11.604  -71.562  -42.909 0.6999999881
20694  -17.650  -75.281  -46.594 0.6000000238
22927  -17.936  -73.583  -47.478 0.5000000000
21757  -12.773  -74.131  -44.247 0.6000000238
22897  -11.867  -73.515  -43.716 0.6000000238
18652  -17.784  -77.876  -47.598 0.6000000238
112146  -12.490  -74.855  -44.500 0.6999999881
21756  -11.822  -74.310  -44.329 0.6999999881
19665  -19.806  -77.222  -50.014 0.6000000238
18684  -19.008  -77.782  -49.247 0.6000000238
122302  -12.513  -75.716  -44.449 0.6000000238
19666  -20.725  -76.869  -49.773 0.6000000238
19667  -21.568  -76.440  -49.460 0.6000000238
18619  -12.539  -77.591  -44.266 0.6000000238
20736  -22.156  -76.122  -49.035 0.6000000238
20719  -22.619  -75.915  -48.576 0.5000000000
27097  -15.351  -69.837  -44.747 0.6000000238
26017  -15.914  -70.246  -45.582 0.5000000000
26027  -16.893  -70.276  -46.817 0.5000000000
23974  -18.005  -71.762  -49.863 0.5000000000
25953  -13.506  -70.314  -42.992 0.8000000119
23968  -19.170  -72.536  -49.276 0.5000000000
23899  -12.236  -71.755  -42.427 0.6999999881
20668  -18.107  -75.514  -46.278 0.6000000238
129808  -13.289  -81.558  -39.957 0.6000000238
22885  -12.795  -73.446  -43.307 0.8000000119
14572  -14.056  -81.588  -40.122 0.6000000238
20626  -14.167  -74.895  -44.215 0.6999999881
22886  -13.795  -73.703  -43.079 0.8000000119
19629  -17.825  -77.117  -46.594 0.6000000238
14595  -13.961  -81.387  -41.965 0.6000000238
20598  -14.031  -75.781  -44.197 0.6000000238
18669  -19.439  -78.133  -48.458 0.6000000238
18670  -20.269  -77.867  -48.356 0.6000000238
127733  -14.378  -78.880  -43.287 0.6000000238
17581  -13.846  -78.350  -43.662 0.6000000238
19599  -13.520  -76.734  -43.987 0.6000000238
19654  -20.983  -77.197  -48.862 0.6000000238
18655  -21.083  -77.570  -47.436 0.6000000238
113324  -11.858  -77.001  -44.267 0.5000000000
20718  -22.054  -76.194  -48.140 0.5000000000
20669  -22.511  -75.482  -46.999 0.5000000000
19631  -22.246  -76.099  -46.495 0.5000000000
27099  -17.354  -69.110  -45.441 0.5000000000
27112  -17.542  -69.733  -46.396 0.5000000000
27071  -14.817  -69.542  -43.890 0.6000000238
27086  -16.229  -69.226  -44.199 0.5000000000
24962  -13.649  -70.991  -42.363 0.8000000119
25954  -14.301  -70.418  -42.868 0.6999999881
118363  -13.643  -71.648  -41.738 0.8000000119
23900  -12.869  -72.382  -41.913 0.8000000119
21817  -18.140  -74.430  -46.718 0.6000000238
23952  -19.548  -72.876  -48.230 0.5000000000
14540  -13.989  -81.140  -37.739 0.6000000238
22869  -13.854  -73.488  -41.951 0.8000000119
22915  -19.410  -73.656  -46.535 0.5000000000
15477  -14.952  -80.840  -38.670 0.6999999881
14552  -14.350  -81.273  -38.402 0.6000000238
20600  -15.293  -74.963  -43.263 0.8000000119
18640  -18.042  -77.863  -46.710 0.6000000238
20647  -18.399  -76.236  -45.665 0.6000000238
21774  -18.708  -75.162  -45.708 0.6000000238
127587  -15.554  -80.992  -40.610 0.6000000238
17634  -19.389  -78.530  -46.395 0.6000000238
17668  -19.002  -78.416  -47.775 0.6000000238
19620  -18.731  -77.003  -45.085 0.6000000238
15536  -14.631  -80.526  -42.897 0.6000000238
18605  -14.709  -77.210  -43.209 0.6000000238
19600  -15.199  -76.101  -43.355 0.5000000000
18641  -20.775  -78.143  -46.596 0.6000000238
17582  -14.384  -78.087  -43.090 0.6000000238
18642  -21.627  -77.134  -46.717 0.6000000238
114172  -21.274  -77.962  -45.774 0.6000000238
19621  -21.995  -77.155  -45.774 0.5000000000
19614  -22.868  -76.486  -44.984 0.5000000000
19623  -23.138  -75.346  -45.540 0.5000000000
19615  -23.460  -76.289  -44.512 0.5000000000
25978  -15.823  -70.007  -43.421 0.6000000238
24963  -14.465  -71.309  -42.079 0.6999999881
16447  -12.118  -79.387  -37.103 0.6000000238
128835  -13.192  -79.991  -37.335 0.6000000238
22858  -13.496  -72.819  -41.400 0.8000000119
22929  -19.866  -73.146  -47.185 0.5000000000
16459  -13.169  -79.263  -38.147 0.6000000238
21701  -14.112  -73.420  -40.822 0.8000000119
22916  -20.041  -73.233  -46.189 0.5000000000
15463  -14.481  -80.923  -38.046 0.6999999881
21721  -15.659  -74.630  -42.357 0.8000000119
20648  -18.990  -75.807  -44.883 0.6000000238
22906  -19.624  -73.833  -45.669 0.6000000238
15478  -15.515  -80.694  -39.433 0.8000000119
20583  -15.894  -75.418  -42.871 0.6999999881
17617  -18.942  -78.339  -45.845 0.6000000238
20627  -19.407  -75.902  -44.017 0.6000000238
15510  -15.880  -80.517  -41.029 0.6999999881
16513  -15.565  -78.883  -42.259 0.6999999881
19588  -15.477  -77.021  -42.878 0.6000000238
17618  -19.620  -78.407  -45.723 0.6000000238
20601  -19.792  -76.026  -43.458 0.6000000238
17564  -14.849  -78.868  -42.790 0.6000000238
18607  -20.049  -77.222  -43.680 0.5000000000
18633  -21.608  -77.847  -44.907 0.5000000000
25955  -15.248  -70.641  -42.862 0.6000000238
127639  -16.628  -70.250  -43.484 0.5000000000
113694  -9.553  -77.749  -36.461 0.6000000238
24964  -15.675  -71.331  -42.291 0.6999999881
18555  -10.214  -78.020  -37.040 0.6000000238
24939  -13.979  -71.940  -41.027 0.6999999881
24940  -14.989  -71.738  -41.232 0.6000000238
17500  -11.886  -78.691  -38.186 0.6000000238
17485  -11.113  -78.548  -37.441 0.6000000238
23885  -13.979  -72.652  -40.564 0.6000000238
22851  -14.290  -73.163  -39.856 0.6999999881
17502  -13.438  -78.862  -38.945 0.8000000119
21702  -15.154  -74.242  -41.082 0.6999999881
21688  -15.118  -74.252  -39.910 0.6000000238
16472  -15.315  -80.025  -38.998 0.8000000119
19579  -17.214  -76.122  -41.824 0.8000000119
20561  -17.412  -75.767  -40.508 0.6999999881
131962  -16.353  -79.306  -40.095 0.6999999881
16488  -16.570  -79.141  -41.131 0.6999999881
18585  -17.241  -77.438  -41.303 0.6000000238
19580  -17.580  -76.483  -41.085 0.8000000119
18549  -8.731  -77.166  -36.513 0.6000000238
18563  -10.351  -77.822  -38.125 0.6000000238
17499  -11.093  -78.184  -38.751 0.6999999881
21664  -15.166  -74.187  -38.953 0.6000000238
17501  -12.579  -78.744  -38.707 0.6999999881
17513  -12.660  -78.268  -39.602 0.6999999881
20560  -16.787  -75.311  -39.550 0.6999999881
20544  -17.322  -75.952  -39.504 0.6000000238
16471  -14.487  -79.143  -38.966 0.8000000119
117695  -14.365  -78.188  -39.462 0.6000000238
17516  -16.224  -78.710  -39.735 0.5000000000
19573  -17.482  -76.493  -40.200 0.6999999881
19563  -17.001  -76.825  -38.894 0.6999999881
19553  -16.767  -76.536  -37.934 0.6000000238
17515  -15.424  -78.978  -39.305 0.8000000119
18573  -16.074  -77.921  -39.352 0.6000000238
18580  -17.131  -77.884  -40.604 0.6000000238
18548  -7.889  -76.879  -36.034 0.6000000238
19530  -8.060  -76.652  -36.751 0.6000000238
19549  -9.061  -76.906  -38.647 0.6999999881
18554  -9.382  -77.315  -37.610 0.6000000238
131638  -10.466  -77.745  -39.153 0.6999999881
18568  -11.036  -77.807  -39.918 0.6999999881
17512  -11.844  -78.271  -39.330 0.6999999881
18578  -12.198  -77.239  -40.482 0.6000000238
20543  -16.714  -75.449  -38.559 0.6000000238
18571  -13.585  -77.498  -39.832 0.6000000238
18572  -15.050  -78.032  -39.359 0.6000000238
121349  -16.674  -75.207  -37.048 0.5000000000
19544  -16.361  -76.905  -37.231 0.6000000238
20530  -16.475  -76.008  -36.888 0.5000000000
20522  -16.461  -75.619  -35.940 0.5000000000
18550  -15.384  -77.352  -36.930 0.6000000238
19533  -15.497  -77.084  -36.157 0.5000000000
114806  -6.207  -76.360  -36.293 0.6000000238
19529  -7.273  -76.410  -36.508 0.6000000238
129233  -8.845  -76.831  -37.963 0.6999999881
19539  -7.650  -76.225  -37.437 0.6999999881
19559  -8.648  -76.467  -39.482 0.6999999881
19560  -9.384  -76.958  -39.740 0.6999999881
19569  -9.803  -76.753  -40.757 0.6000000238
18577  -11.346  -77.321  -40.585 0.5000000000
19571  -11.651  -76.684  -40.709 0.6999999881
20542  -11.977  -75.935  -40.244 0.6000000238
18579  -12.981  -77.030  -40.344 0.6000000238
19551  -13.595  -76.665  -39.260 0.6000000238
19550  -12.847  -76.155  -38.720 0.6000000238
18556  -15.291  -77.411  -38.010 0.6000000238
114442  -13.786  -76.744  -36.661 0.5000000000
20521  -13.300  -76.148  -36.143 0.5000000000
20514  -14.508  -75.966  -35.228 0.5000000000
22763  -5.687  -73.836  -34.193 0.6999999881
22764  -6.746  -73.799  -34.860 0.6999999881
22765  -8.125  -74.108  -34.272 0.6999999881
19528  -5.609  -75.605  -36.792 0.6000000238
22787  -5.341  -74.124  -36.070 0.6999999881
131752  -7.731  -73.863  -35.020 0.6999999881
22778  -8.432  -73.725  -35.125 0.6999999881
23794  -9.801  -72.598  -35.118 0.6000000238
19538  -6.654  -75.870  -37.022 0.6999999881
21629  -4.982  -74.681  -36.557 0.6999999881
125557  -5.526  -74.133  -36.912 0.6999999881
23804  -7.765  -72.861  -36.343 0.6999999881
20527  -6.888  -75.577  -37.888 0.6999999881
20519  -5.578  -74.927  -37.418 0.6999999881
22789  -6.940  -73.294  -36.620 0.6999999881
130896  -9.053  -76.455  -40.454 0.6999999881
113555  -9.793  -76.109  -41.169 0.6000000238
19570  -10.675  -76.596  -40.905 0.6000000238
21663  -11.147  -74.853  -39.236 0.6000000238
21647  -10.550  -74.212  -38.718 0.6000000238
19561  -12.876  -76.417  -39.905 0.6000000238
20534  -12.265  -75.705  -39.298 0.6000000238
20533  -11.688  -75.189  -38.699 0.6000000238
20529  -12.206  -75.609  -38.205 0.5000000000
21641  -12.036  -74.958  -36.966 0.6000000238
21630  -12.038  -74.246  -36.655 0.6000000238
19541  -12.650  -76.033  -37.563 0.5000000000
20520  -12.628  -75.628  -36.672 0.5000000000
21631  -12.536  -74.800  -36.329 0.5000000000
22751  -6.804  -73.961  -33.780 0.6999999881
22766  -10.109  -73.284  -34.536 0.6000000238
22755  -10.371  -72.494  -34.633 0.6000000238
25868  -10.371  -70.891  -35.076 0.6000000238
26974  -9.782  -70.172  -35.712 0.4000000060
23820  -7.612  -72.399  -36.889 0.6000000238
23805  -8.404  -72.949  -35.841 0.5000000000
24863  -9.480  -71.048  -35.778 0.5000000000
26983  -9.958  -69.628  -35.889 0.4000000060
28079  -10.691  -68.834  -35.386 0.5000000000
129566  -7.583  -75.889  -38.336 0.6999999881
20532  -6.178  -74.883  -38.230 0.8000000119
22798  -6.224  -73.130  -38.042 0.6999999881
23828  -7.605  -72.053  -37.426 0.5000000000
25885  -9.011  -70.747  -36.699 0.4000000060
26989  -9.808  -69.765  -36.320 0.4000000060
115384  -10.434  -69.145  -36.046 0.4000000060
28090  -11.085  -68.738  -36.852 0.4000000060
20538  -7.031  -75.257  -38.961 0.8000000119
20555  -6.943  -74.687  -39.906 0.8000000119
21646  -6.059  -74.113  -38.741 0.8000000119
22809  -6.550  -73.143  -38.693 0.8000000119
24879  -7.683  -71.880  -37.938 0.6000000238
25894  -8.327  -71.361  -37.893 0.5000000000
25895  -8.871  -70.768  -37.333 0.4000000060
26998  -9.883  -69.785  -36.904 0.4000000060
20540  -8.306  -75.805  -40.330 0.6999999881
20557  -8.430  -75.338  -40.959 0.8000000119
20569  -7.931  -74.817  -40.931 0.6999999881
21661  -9.694  -74.328  -40.135 0.5000000000
25903  -8.892  -70.851  -38.095 0.5000000000
120766  -10.194  -69.694  -37.720 0.4000000060
28102  -11.193  -68.706  -37.794 0.4000000060
20558  -9.126  -75.520  -41.138 0.6000000238
21662  -10.493  -74.627  -39.777 0.5000000000
134293  -10.005  -74.084  -39.344 0.5000000000
22799  -10.445  -73.416  -38.163 0.6000000238
21640  -11.441  -74.321  -37.361 0.6000000238
22800  -11.026  -73.460  -37.520 0.6000000238
22753  -9.344  -74.350  -33.225 0.5000000000
23785  -10.715  -72.856  -33.938 0.5000000000
24846  -10.633  -71.906  -33.382 0.4000000060
25862  -11.002  -70.769  -34.074 0.5000000000
122901  -10.487  -70.112  -34.915 0.5000000000
26984  -10.459  -69.113  -35.357 0.5000000000
29091  -11.116  -68.247  -34.405 0.5000000000
119298  -11.796  -67.885  -35.253 0.5000000000
30159  -12.598  -66.535  -34.449 0.5000000000
29103  -11.580  -68.270  -36.194 0.5000000000
30170  -13.557  -66.236  -35.393 0.5000000000
22826  -6.708  -73.555  -39.294 0.6999999881
23848  -7.135  -73.047  -38.965 0.6000000238
24925  -7.935  -72.901  -38.891 0.5000000000
24891  -7.897  -71.903  -38.308 0.5000000000
29112  -12.261  -67.857  -36.898 0.5000000000
30176  -13.575  -66.616  -36.209 0.5000000000
20556  -7.564  -74.976  -40.621 0.8000000119
21682  -7.154  -74.339  -40.263 0.6999999881
22849  -7.930  -73.923  -40.153 0.6000000238
25922  -9.140  -71.138  -38.626 0.5000000000
25904  -9.532  -70.540  -38.346 0.4000000060
126837  -10.521  -69.560  -38.427 0.5000000000
29111  -11.667  -68.331  -37.349 0.4000000060
30183  -12.853  -67.430  -37.615 0.5000000000
22828  -8.839  -73.167  -39.341 0.5000000000
23851  -9.140  -72.334  -38.968 0.5000000000
121100  -9.058  -71.740  -38.841 0.6000000238
123857  -9.540  -71.055  -38.802 0.5000000000
27012  -10.571  -69.783  -38.853 0.5000000000
28132  -11.552  -68.848  -39.175 0.5000000000
22811  -9.893  -73.498  -38.787 0.5000000000
23836  -9.986  -72.453  -38.560 0.5000000000
24910  -9.599  -71.518  -38.832 0.5000000000
25905  -10.750  -70.459  -39.025 0.5000000000
23829  -10.691  -72.775  -37.858 0.6000000238
24881  -11.637  -71.619  -37.611 0.6000000238
23781  -9.839  -73.472  -32.004 0.5000000000
119073  -10.071  -72.362  -32.468 0.5000000000
25861  -10.528  -70.804  -33.076 0.4000000060
131509  -10.824  -70.300  -33.577 0.4000000060
24839  -9.111  -71.838  -31.754 0.5000000000
24840  -9.827  -71.366  -32.372 0.4000000060
120900  -10.874  -69.746  -34.172 0.5000000000
111747  -10.681  -68.936  -34.519 0.6000000238
29081  -11.187  -67.506  -33.498 0.5000000000
29092  -11.606  -67.598  -34.321 0.5000000000
31248  -12.643  -65.851  -33.649 0.4000000060
31258  -13.180  -66.058  -34.599 0.4000000060
32315  -14.091  -64.697  -34.471 0.4000000060
25851  -9.672  -70.717  -32.075 0.4000000060
25852  -10.618  -70.022  -33.034 0.4000000060
26970  -10.892  -69.055  -33.604 0.5000000000
29080  -10.871  -67.800  -33.259 0.5000000000
30138  -11.075  -67.154  -32.897 0.5000000000
129543  -10.950  -68.855  -32.501 0.4000000060
117448  -11.719  -67.463  -32.212 0.4000000060
30128  -11.647  -66.617  -32.426 0.5000000000
31238  -11.944  -66.147  -32.627 0.4000000060
31239  -12.489  -65.632  -32.825 0.4000000060
31249  -13.393  -65.198  -34.037 0.4000000060
32308  -14.571  -63.956  -34.102 0.4000000060
26949  -9.200  -70.452  -31.464 0.4000000060
26962  -10.138  -70.171  -32.089 0.4000000060
26950  -10.648  -69.651  -31.906 0.4000000060
28041  -10.657  -69.558  -30.525 0.4000000060
28042  -11.601  -69.537  -30.601 0.4000000060
26951  -11.277  -69.272  -31.705 0.4000000060
29062  -12.680  -67.996  -32.107 0.4000000060
30129  -12.135  -66.649  -32.256 0.5000000000
31219  -12.367  -65.994  -32.385 0.5000000000
32283  -12.989  -65.214  -32.702 0.4000000060
32299  -13.600  -64.742  -32.992 0.4000000060
29063  -13.754  -68.194  -32.084 0.4000000060
30141  -15.095  -66.425  -32.504 0.4000000060
32286  -15.452  -64.631  -33.072 0.4000000060
32285  -14.309  -64.703  -32.921 0.4000000060
32300  -14.302  -64.333  -33.434 0.4000000060
28019  -9.988  -68.829  -29.856 0.4000000060
28020  -11.126  -69.137  -29.862 0.3000000119
28043  -12.394  -69.416  -30.883 0.3000000119
28054  -13.233  -68.899  -31.408 0.4000000060
29014  -13.032  -67.479  -29.103 0.4000000060
29032  -12.633  -68.451  -29.565 0.3000000119
28022  -13.057  -69.021  -30.400 0.3000000119
28044  -14.124  -68.579  -31.475 0.4000000060
30119  -15.845  -67.126  -31.185 0.5000000000
30142  -16.035  -66.301  -32.326 0.4000000060
114962  -16.312  -65.385  -32.641 0.4000000060
32287  -16.607  -64.613  -33.048 0.4000000060
34226  -16.400  -62.849  -34.264 0.3000000119
31208  -16.061  -66.376  -30.207 0.5000000000
31220  -16.867  -65.911  -31.426 0.5000000000
31232  -16.790  -65.848  -32.110 0.4000000060
33294  -16.877  -63.906  -33.441 0.3000000119
29031  -11.584  -68.347  -29.369 0.4000000060
30089  -13.523  -66.758  -28.600 0.4000000060
30108  -13.921  -67.361  -29.398 0.4000000060
30109  -14.700  -67.178  -29.769 0.5000000000
30118  -15.374  -67.127  -30.359 0.5000000000
30090  -14.439  -66.654  -28.862 0.4000000060
30110  -15.348  -66.431  -29.318 0.5000000000
31202  -16.459  -65.555  -29.686 0.5000000000
32265  -17.024  -65.066  -30.052 0.4000000060
32273  -17.838  -64.830  -31.524 0.4000000060
32288  -17.761  -64.391  -32.622 0.3000000119
31201  -16.162  -65.323  -29.034 0.3000000119
32258  -17.127  -64.281  -29.696 0.3000000119
131992  -17.495  -64.012  -29.952 0.3000000119
29013  -12.012  -67.423  -28.896 0.4000000060
30073  -14.117  -66.238  -27.860 0.3000000119
31188  -15.523  -65.298  -27.882 0.4000000060
33274  -18.395  -63.401  -30.806 0.3000000119
119986  -14.278  -65.773  -27.010 0.3000000119
32221  -15.566  -64.624  -26.041 0.3000000119
111364  -12.377  -75.440  -49.913 0.6000000238
22955  -12.081  -73.615  -49.572 0.5000000000
18557  -16.044  -77.301  -37.532 0.6000000238
18564  -15.104  -77.592  -38.985 0.6000000238
13752  -16.453  -82.325  -53.655 0.5000000000
15648  -17.472  -80.846  -54.553 0.6000000238
120265  -16.631  -77.764  -55.213 0.5000000000
15635  -18.644  -80.811  -52.793 0.6999999881
13728  -18.302  -82.500  -50.544 0.6999999881
14652  -18.537  -81.682  -50.794 0.6999999881
17715  -19.911  -78.577  -53.119 0.6999999881
15602  -19.648  -80.885  -49.702 0.6999999881
15614  -19.420  -80.565  -50.705 0.6999999881
20797  -17.534  -74.453  -53.926 0.5000000000
12768  -21.014  -83.547  -48.017 0.6999999881
19737  -21.160  -76.382  -54.634 0.6999999881
17716  -20.785  -78.217  -52.832 0.6999999881
12769  -22.075  -83.399  -48.034 0.6999999881
16628  -21.426  -79.055  -51.287 0.6999999881
20734  -13.644  -75.903  -49.481 0.6000000238
122751  -24.145  -82.550  -49.771 0.6999999881
18724  -22.401  -76.997  -53.163 0.6000000238
16619  -22.729  -79.333  -50.366 0.6000000238
15574  -22.807  -80.912  -47.186 0.5000000000
22936  -8.948  -73.871  -48.095 0.6999999881
17703  -22.941  -77.980  -51.499 0.6000000238
14681  -25.632  -80.776  -52.213 0.6000000238
126440  -24.592  -80.503  -53.695 0.6000000238
17679  -23.968  -78.554  -50.046 0.5000000000
17653  -25.172  -78.956  -46.958 0.5000000000
15639  -27.106  -80.489  -52.409 0.5000000000
22937  -10.170  -73.425  -48.459 0.6000000238
22922  -8.334  -73.731  -47.125 0.6999999881
18682  -17.464  -77.511  -49.276 0.6000000238
20803  -23.403  -75.631  -52.563 0.5000000000
17704  -23.571  -77.559  -51.233 0.5000000000
18686  -24.103  -77.834  -49.763 0.6000000238
18705  -23.861  -77.790  -50.546 0.5000000000
17669  -24.536  -78.686  -48.328 0.5000000000
125212  -26.029  -79.901  -54.853 0.6000000238
15654  -27.903  -79.686  -53.501 0.6000000238
16642  -28.710  -79.577  -52.476 0.5000000000
23912  -10.206  -72.174  -43.734 0.6000000238
22928  -19.112  -73.416  -47.463 0.5000000000
14583  -14.043  -81.479  -41.074 0.6000000238
17598  -13.704  -79.009  -44.304 0.6000000238
125114  -21.685  -76.556  -48.743 0.6000000238
14584  -14.571  -81.303  -41.451 0.6000000238
21720  -14.682  -74.028  -41.978 0.8000000119
16499  -15.353  -80.443  -41.862 0.6000000238
18620  -19.334  -77.675  -44.726 0.6000000238
18593  -15.180  -77.954  -42.628 0.6000000238
18632  -20.755  -78.204  -44.898 0.6000000238
21703  -16.131  -74.683  -40.721 0.8000000119
131975  -19.686  -74.539  -44.656 0.6000000238
18595  -16.857  -77.042  -42.009 0.6000000238
17565  -15.976  -78.219  -42.229 0.6999999881
17531  -16.660  -78.786  -40.505 0.6000000238
19552  -14.156  -77.299  -39.487 0.6000000238
18574  -16.602  -77.385  -39.219 0.6999999881
119159  -14.320  -77.069  -38.618 0.6000000238
19522  -14.074  -76.560  -35.775 0.5000000000
20559  -10.454  -75.886  -41.098 0.5000000000
19542  -13.494  -76.578  -37.879 0.6000000238
20512  -13.063  -75.328  -35.895 0.5000000000
22775  -5.440  -73.935  -35.163 0.6999999881
21619  -4.745  -74.752  -35.585 0.6000000238
22776  -6.280  -73.727  -35.825 0.6999999881
21638  -5.759  -74.302  -38.091 0.8000000119
23819  -6.907  -72.789  -37.462 0.6000000238
22754  -10.289  -73.821  -33.656 0.6000000238
25875  -9.217  -70.735  -36.315 0.5000000000
114741  -8.654  -71.245  -36.646 0.5000000000
29120  -11.772  -68.335  -38.344 0.5000000000
23782  -10.375  -73.200  -33.049 0.5000000000
29104  -12.283  -67.610  -35.836 0.5000000000
119863  -7.379  -73.753  -39.722 0.6000000238
23850  -8.521  -72.757  -38.974 0.6000000238
24893  -11.157  -71.058  -38.475 0.5000000000
24837  -8.923  -71.045  -31.796 0.5000000000
31247  -11.953  -66.244  -33.152 0.5000000000
29072  -10.914  -67.779  -32.825 0.6000000238
28040  -9.506  -69.444  -30.422 0.4000000060
26940  -10.040  -70.008  -31.225 0.4000000060
26941  -11.066  -69.713  -31.154 0.4000000060
28021  -12.134  -69.197  -30.058 0.3000000119
28053  -12.061  -68.857  -31.672 0.4000000060
30140  -14.105  -66.521  -32.398 0.5000000000
31230  -14.115  -65.409  -32.514 0.4000000060
29064  -14.736  -68.107  -31.893 0.4000000060
29074  -14.960  -67.334  -32.294 0.4000000060
33292  -14.860  -64.196  -33.340 0.4000000060
33312  -15.717  -63.400  -33.899 0.4000000060
29033  -13.537  -68.299  -29.879 0.3000000119
29034  -14.316  -68.000  -30.211 0.5000000000
29053  -15.222  -67.777  -31.216 0.4000000060
133504  -16.492  -66.364  -31.858 0.5000000000
29065  -15.436  -67.460  -31.861 0.4000000060
116567  -16.254  -63.360  -33.772 0.4000000060
31221  -17.303  -65.320  -30.955 0.5000000000
129298  -17.288  -65.484  -31.723 0.4000000060
30091  -15.051  -66.039  -28.292 0.5000000000
130986  -15.966  -65.879  -29.340 0.4000000060
116592  -18.134  -64.135  -30.887 0.4000000060
32256  -16.087  -64.793  -28.387 0.4000000060
31174  -14.906  -65.635  -27.409 0.3000000119
32245  -15.793  -64.559  -27.576 0.3000000119
33258  -15.918  -63.864  -28.043 0.3000000119
13803  -24.500  -81.763  -58.455 0.5000000000
13804  -25.098  -82.030  -59.007 0.5000000000
114082  -26.773  -82.631  -58.017 0.5000000000
13805  -25.874  -82.311  -58.824 0.5000000000
122020  -27.879  -83.055  -57.406 0.5000000000
13806  -27.297  -82.539  -58.036 0.5000000000
13801  -28.397  -82.781  -57.233 0.6000000238
14717  -22.784  -80.761  -58.991 0.5000000000
14725  -24.779  -80.956  -59.196 0.5000000000
14719  -25.404  -81.681  -59.193 0.5000000000
14726  -26.579  -81.502  -59.132 0.5000000000
13792  -29.063  -83.277  -56.497 0.6000000238
14721  -27.242  -81.890  -58.626 0.6000000238
13807  -27.834  -82.295  -57.948 0.6000000238
14716  -21.342  -80.739  -59.152 0.4000000060
12825  -20.772  -83.707  -55.106 0.4000000060
13765  -21.206  -82.610  -54.616 0.4000000060
12838  -20.583  -82.980  -56.284 0.5000000000
13786  -20.393  -81.927  -57.448 0.5000000000
13794  -20.579  -81.755  -58.073 0.5000000000
14707  -20.644  -81.167  -57.745 0.5000000000
14698  -21.217  -81.199  -56.414 0.5000000000
13802  -20.654  -81.230  -58.587 0.5000000000
16675  -20.941  -79.544  -58.808 0.5000000000
116505  -29.856  -82.291  -55.702 0.6000000238
13780  -30.704  -82.948  -55.035 0.6000000238
16685  -22.161  -79.316  -59.125 0.5000000000
15694  -23.967  -80.268  -58.856 0.5000000000
15687  -24.083  -79.947  -57.875 0.5000000000
14714  -29.078  -82.156  -56.875 0.6000000238
15695  -25.120  -80.666  -58.947 0.5000000000
15697  -27.157  -80.975  -58.702 0.6000000238
14713  -28.452  -81.783  -57.712 0.6000000238
15690  -28.278  -80.648  -57.932 0.6000000238
14708  -29.554  -81.243  -56.264 0.6000000238
120077  -30.311  -80.894  -55.558 0.6999999881
15678  -29.637  -80.078  -56.485 0.6000000238
11859  -21.135  -84.097  -51.827 0.6000000238
117525  -21.207  -83.569  -52.643 0.6000000238
12802  -21.731  -83.267  -51.802 0.6000000238
12814  -21.201  -83.105  -53.546 0.5000000000
13766  -21.771  -81.750  -54.178 0.6000000238
13774  -20.960  -81.992  -55.875 0.5000000000
14699  -21.939  -81.132  -54.983 0.5000000000
15673  -21.342  -80.292  -56.958 0.5000000000
15661  -22.160  -80.433  -55.705 0.5000000000
15685  -21.858  -79.550  -57.828 0.5000000000
13781  -31.881  -82.482  -54.354 0.6999999881
14701  -31.177  -81.590  -54.803 0.6000000238
15688  -25.045  -80.268  -58.277 0.5000000000
111986  -25.820  -80.376  -58.617 0.5000000000
16687  -27.011  -80.130  -58.204 0.6000000238
16670  -30.759  -79.866  -55.788 0.6999999881
130899  -27.908  -79.736  -57.945 0.6000000238
119864  -28.656  -79.677  -57.567 0.6000000238
125169  -29.122  -77.656  -57.636 0.6999999881
16682  -31.253  -78.941  -56.334 0.6999999881
11858  -20.595  -84.817  -51.527 0.5000000000
129097  -22.197  -82.219  -52.552 0.6000000238
14692  -22.646  -81.153  -53.816 0.6000000238
14700  -22.942  -80.603  -54.621 0.6000000238
129003  -22.392  -79.893  -56.559 0.5000000000
15662  -24.655  -80.240  -55.277 0.6000000238
12845  -32.706  -83.168  -53.913 0.6999999881
15674  -23.175  -79.645  -57.160 0.5000000000
15676  -25.272  -80.157  -56.208 0.5000000000
14702  -32.787  -81.627  -54.405 0.5000000000
14704  -34.601  -81.915  -53.388 0.6000000238
128954  -24.996  -80.255  -57.219 0.6000000238
16686  -26.454  -80.012  -57.944 0.5000000000
15666  -32.368  -80.846  -54.859 0.6000000238
16678  -26.971  -79.478  -57.463 0.5000000000
15665  -31.242  -80.627  -55.180 0.6999999881
15679  -31.977  -80.098  -55.405 0.6000000238
113943  -27.783  -78.786  -57.824 0.5000000000
132710  -31.616  -79.574  -55.778 0.6000000238
17758  -32.099  -78.591  -56.274 0.6000000238
17762  -27.671  -77.600  -57.574 0.5000000000
17764  -31.275  -77.892  -56.873 0.5000000000
123781  -30.595  -76.746  -57.372 0.5000000000
18757  -32.430  -77.312  -56.239 0.5000000000
11829  -20.252  -84.717  -49.698 0.6000000238
11844  -21.020  -84.298  -50.612 0.6000000238
10890  -19.354  -85.076  -49.560 0.4000000060
125154  -25.470  -80.094  -55.298 0.5000000000
14703  -34.085  -81.705  -53.936 0.6000000238
15667  -33.752  -80.996  -54.515 0.5000000000
15680  -33.268  -80.257  -55.150 0.5000000000
15681  -34.183  -80.381  -54.505 0.5000000000
17743  -27.153  -78.167  -56.630 0.5000000000
129036  -32.481  -79.385  -55.720 0.5000000000
17759  -32.871  -78.698  -55.801 0.5000000000
134319  -27.472  -76.882  -57.262 0.6000000238
19759  -27.930  -76.208  -57.043 0.6000000238
17765  -32.261  -78.001  -56.409 0.5000000000
124146  -32.879  -78.043  -55.901 0.6000000238
19763  -28.652  -75.944  -57.187 0.6000000238
19764  -29.874  -75.887  -57.465 0.5000000000
12778  -17.876  -84.298  -49.887 0.4000000060
125749  -34.388  -79.858  -54.458 0.5000000000
16669  -27.010  -79.045  -56.620 0.5000000000
17744  -27.595  -77.864  -55.744 0.5000000000
130316  -33.586  -78.490  -55.300 0.5000000000
16665  -34.529  -78.812  -54.074 0.5000000000
17734  -34.491  -78.215  -53.617 0.5000000000
122649  -34.649  -77.497  -53.229 0.5000000000
19708  -35.843  -76.436  -51.751 0.5000000000
17745  -28.573  -77.274  -55.219 0.6000000238
18756  -27.997  -76.347  -55.926 0.6000000238
18758  -33.099  -77.470  -55.618 0.5000000000
114040  -28.764  -75.392  -56.366 0.6000000238
19762  -33.366  -75.657  -55.542 0.5000000000
20834  -29.482  -74.830  -56.190 0.5000000000
20835  -30.313  -74.379  -56.086 0.5000000000
16656  -29.387  -78.290  -53.639 0.5000000000
17746  -34.138  -78.368  -54.554 0.5000000000
18739  -34.456  -77.411  -53.796 0.5000000000
19725  -35.084  -76.846  -52.901 0.5000000000
17732  -28.862  -78.197  -54.463 0.5000000000
17733  -29.482  -77.592  -54.177 0.6000000238
18748  -33.658  -77.565  -54.922 0.5000000000
19755  -34.413  -76.542  -54.213 0.5000000000
19743  -35.483  -76.158  -53.471 0.5000000000
19726  -35.735  -76.341  -52.658 0.5000000000
19709  -36.636  -76.099  -51.548 0.5000000000
19753  -28.655  -75.577  -55.512 0.5000000000
19754  -33.847  -76.582  -54.773 0.5000000000
20831  -34.430  -75.539  -54.969 0.5000000000
16643  -29.319  -78.639  -52.830 0.5000000000
20822  -35.900  -75.428  -54.191 0.5000000000
20807  -36.269  -75.738  -53.392 0.5000000000
20785  -38.513  -75.655  -52.136 0.4000000060
20808  -37.246  -75.454  -53.273 0.4000000060
20792  -10.786  -75.617  -52.519 0.4000000060
129466  -13.063  -81.696  -38.538 0.5000000000
17476  -11.425  -79.182  -36.548 0.5000000000
15441  -12.379  -80.713  -36.530 0.5000000000
17463  -9.700  -78.336  -35.610 0.5000000000
17474  -10.128  -78.297  -36.257 0.5000000000
14539  -12.780  -81.232  -37.036 0.5000000000
21613  -4.841  -74.448  -34.513 0.5000000000
22750  -5.831  -73.865  -33.199 0.5000000000
22752  -7.918  -74.308  -33.124 0.5000000000
16663  -28.022  -78.869  -54.571 0.5000000000
16662  -27.338  -78.862  -55.653 0.5000000000
15696  -26.493  -80.589  -58.838 0.6000000238
15691  -29.038  -80.959  -57.236 0.6000000238
16688  -27.586  -80.375  -58.221 0.6000000238
16681  -29.880  -78.954  -56.807 0.6999999881
12815  -21.664  -82.780  -52.535 0.6000000238
15689  -25.783  -80.070  -57.296 0.5000000000
16680  -28.656  -78.567  -57.607 0.6000000238
17763  -30.365  -78.218  -57.013 0.6000000238
128360  -30.186  -77.426  -57.362 0.6000000238
13768  -34.260  -82.528  -53.498 0.6999999881
16677  -26.448  -79.564  -56.809 0.5000000000
17755  -27.291  -78.415  -57.278 0.5000000000
18759  -28.063  -76.641  -57.443 0.6000000238
18760  -29.377  -76.605  -57.598 0.6000000238
120365  -33.281  -76.726  -55.254 0.5000000000
16671  -33.699  -79.545  -55.159 0.5000000000
121924  -34.257  -79.186  -54.624 0.5000000000
17757  -27.591  -76.931  -56.257 0.5000000000
18747  -29.131  -76.668  -54.790 0.5000000000
19742  -34.843  -76.683  -53.577 0.5000000000
20821  -35.029  -75.861  -54.192 0.5000000000
122189  -37.161  -75.719  -52.266 0.5000000000
20832  -35.445  -75.037  -54.889 0.4000000060
13758  -32.656  -81.912  -52.025 0.5000000000
14683  -33.390  -81.393  -52.464 0.6000000238
15642  -33.646  -80.555  -52.828 0.6000000238
14684  -34.580  -82.056  -52.616 0.6000000238
13760  -34.705  -82.678  -52.303 0.4000000060
16645  -33.783  -79.610  -52.926 0.4000000060
16657  -34.402  -79.721  -53.518 0.4000000060
15643  -34.299  -80.760  -53.427 0.5000000000
116641  -34.399  -81.392  -52.885 0.6000000238
114735  -34.556  -80.273  -53.948 0.4000000060
14685  -34.772  -82.417  -52.750 0.5000000000
15668  -34.440  -81.139  -53.790 0.5000000000
12834  -34.699  -83.082  -52.946 0.6000000238
12833  -33.872  -83.365  -53.399 0.6000000238
12844  -31.882  -84.067  -54.271 0.6000000238
12843  -31.251  -83.673  -54.662 0.6000000238
126507  -30.373  -84.433  -55.272 0.6000000238
13793  -29.855  -83.840  -55.742 0.5000000000
12854  -28.357  -83.480  -56.701 0.4000000060
12853  -27.967  -83.489  -56.916 0.5000000000
20784  -37.622  -75.857  -51.566 0.3000000119
13799  -26.101  -82.639  -57.570 0.4000000060
22907  -20.218  -73.383  -45.324 0.4000000060
22887  -20.673  -73.946  -43.727 0.4000000060
21743  -19.798  -75.287  -43.670 0.5000000000
22779  -12.796  -73.617  -35.916 0.5000000000
23821  -12.063  -72.831  -36.608 0.5000000000
23823  -13.301  -72.009  -35.775 0.5000000000
24876  -12.776  -71.515  -36.356 0.4000000060
25896  -11.955  -70.819  -38.006 0.4000000060
25878  -15.769  -70.843  -35.638 0.4000000060
25906  -11.556  -70.248  -38.940 0.4000000060
26999  -12.953  -69.801  -38.145 0.4000000060
27000  -13.356  -70.015  -37.098 0.4000000060
27032  -11.775  -69.001  -39.375 0.4000000060
28116  -12.643  -68.836  -39.345 0.4000000060
26991  -15.205  -69.641  -36.688 0.4000000060
28133  -12.164  -68.427  -39.368 0.4000000060
28135  -13.808  -67.892  -39.501 0.4000000060
28118  -16.240  -68.499  -38.752 0.4000000060
124163  -12.336  -67.906  -38.806 0.4000000060
29156  -13.264  -67.631  -39.405 0.4000000060
30191  -12.732  -67.550  -38.447 0.4000000060
30193  -14.117  -66.743  -39.033 0.4000000060
31260  -14.452  -65.141  -35.421 0.3000000119
31265  -14.705  -65.523  -36.441 0.4000000060
33320  -15.478  -63.347  -34.325 0.3000000119
33326  -15.104  -63.699  -34.745 0.3000000119
32326  -15.078  -64.740  -35.913 0.3000000119
32317  -15.286  -63.961  -35.461 0.3000000119
127873  -15.047  -70.634  -35.739 0.4000000060
25889  -14.687  -70.179  -36.206 0.4000000060
25887  -13.003  -70.699  -36.611 0.4000000060
25876  -13.508  -71.125  -35.943 0.4000000060
26990  -14.246  -69.610  -36.926 0.4000000060
27001  -14.232  -69.154  -37.940 0.4000000060
27003  -16.596  -69.451  -37.537 0.4000000060
27002  -15.010  -69.170  -37.407 0.4000000060
28103  -14.891  -68.781  -38.339 0.4000000060
27016  -14.085  -68.644  -38.897 0.4000000060
17640  -33.507  -78.082  -46.293 0.3000000119
17641  -34.505  -78.718  -46.938 0.3000000119
17638  -31.841  -78.441  -46.470 0.4000000060
17639  -32.598  -78.223  -46.847 0.3000000119
17658  -33.515  -78.439  -47.400 0.4000000060
16586  -31.006  -79.438  -47.559 0.3000000119
17656  -31.923  -78.478  -47.262 0.3000000119
17657  -32.593  -78.402  -47.561 0.4000000060
14623  -31.013  -81.170  -47.255 0.3000000119
16602  -31.378  -79.054  -48.290 0.3000000119
15580  -30.780  -80.359  -47.889 0.3000000119
16601  -30.883  -79.694  -48.484 0.3000000119
133577  -30.883  -79.820  -49.197 0.3000000119
14632  -31.024  -81.218  -48.290 0.3000000119
15595  -30.723  -80.504  -48.904 0.3000000119
15608  -30.718  -80.911  -49.645 0.3000000119
14633  -31.398  -82.215  -48.826 0.3000000119
14643  -30.853  -81.434  -49.248 0.3000000119
14658  -30.768  -81.510  -50.131 0.3000000119
12759  -33.361  -84.038  -47.443 0.3000000119
12771  -32.916  -83.721  -48.120 0.3000000119
12782  -32.093  -83.243  -48.757 0.3000000119
115878  -31.456  -83.262  -49.807 0.3000000119
13733  -31.366  -82.923  -50.677 0.3000000119
129296  -30.973  -79.449  -46.744 0.4000000060
118985  -33.050  -78.506  -48.192 0.4000000060
118885  -30.781  -80.207  -46.987 0.3000000119
17683  -31.800  -78.847  -48.862 0.4000000060
14624  -31.508  -81.860  -47.750 0.3000000119
113530  -31.262  -79.607  -49.864 0.4000000060
132323  -32.367  -82.901  -47.194 0.3000000119
13745  -30.943  -81.486  -51.119 0.4000000060
11801  -33.894  -84.556  -46.572 0.3000000119
11800  -33.308  -84.313  -46.301 0.4000000060
13746  -31.671  -82.249  -51.495 0.4000000060
12794  -31.959  -83.837  -50.536 0.3000000119
133147  -33.433  -84.771  -45.932 0.3000000119
114539  -35.244  -79.295  -47.437 0.3000000119
17642  -35.379  -79.264  -46.655 0.3000000119
117064  -33.848  -78.672  -48.145 0.3000000119
17673  -34.468  -78.855  -48.571 0.3000000119
15555  -30.546  -80.401  -45.717 0.4000000060
17672  -33.642  -78.672  -48.777 0.3000000119
111139  -34.112  -78.643  -49.141 0.3000000119
14615  -31.375  -81.931  -47.132 0.3000000119
15566  -30.727  -80.807  -46.456 0.4000000060
17684  -32.669  -78.682  -49.053 0.4000000060
17685  -33.516  -78.596  -49.507 0.3000000119
16615  -31.911  -78.974  -49.807 0.4000000060
112501  -32.845  -78.671  -50.077 0.4000000060
117079  -31.540  -82.848  -46.694 0.3000000119
16622  -31.602  -79.384  -50.940 0.4000000060
17696  -32.270  -78.732  -50.834 0.4000000060
12745  -32.694  -83.633  -46.676 0.3000000119
10867  -31.724  -84.968  -46.062 0.3000000119
16631  -31.898  -79.581  -52.131 0.4000000060
16632  -32.577  -79.146  -52.356 0.5000000000
11799  -32.392  -84.122  -46.344 0.3000000119
14682  -31.693  -81.241  -51.980 0.4000000060
15641  -32.320  -80.451  -52.391 0.4000000060
16644  -32.772  -79.795  -52.571 0.5000000000
10863  -34.310  -85.590  -45.453 0.3000000119
128409  -35.628  -79.570  -47.751 0.3000000119
16571  -35.966  -79.783  -47.308 0.3000000119
14610  -30.417  -81.211  -45.987 0.4000000060
18689  -34.210  -78.262  -49.724 0.4000000060
17697  -32.984  -78.261  -50.955 0.4000000060
13696  -30.914  -82.433  -46.584 0.4000000060
17707  -32.600  -78.528  -51.741 0.4000000060
17708  -33.279  -78.038  -51.839 0.5000000000
17720  -34.023  -78.218  -52.636 0.4000000060
11798  -31.268  -84.190  -46.401 0.3000000119
17719  -33.349  -78.699  -52.470 0.4000000060
129513  -34.158  -79.057  -52.966 0.4000000060
16646  -34.476  -78.896  -53.429 0.4000000060
10868  -32.797  -84.773  -45.906 0.3000000119
10862  -33.327  -85.461  -45.529 0.3000000119
9826  -33.774  -86.166  -44.883 0.3000000119
121518  -35.146  -78.934  -48.842 0.3000000119
17686  -34.718  -78.569  -49.209 0.3000000119
119844  -33.598  -78.186  -50.302 0.3000000119
13695  -30.233  -82.716  -46.330 0.4000000060
18708  -33.656  -77.694  -51.178 0.5000000000
18719  -33.837  -77.557  -51.931 0.4000000060
11797  -30.162  -84.242  -46.306 0.4000000060
9813  -31.078  -86.268  -44.826 0.3000000119
10866  -30.486  -85.088  -45.997 0.3000000119
128338  -31.749  -86.259  -45.190 0.3000000119
9815  -32.952  -86.537  -44.472 0.3000000119
8856  -34.048  -86.994  -43.074 0.3000000119
18690  -34.960  -77.904  -49.743 0.3000000119
18709  -34.411  -77.532  -50.506 0.4000000060
18720  -34.395  -77.230  -51.516 0.4000000060
9800  -31.155  -86.236  -43.786 0.3000000119
10842  -31.108  -85.861  -42.540 0.3000000119
9814  -31.980  -86.543  -44.400 0.3000000119
9801  -31.874  -86.411  -43.017 0.3000000119
9802  -32.891  -86.735  -43.452 0.3000000119
8827  -31.315  -86.380  -41.816 0.3000000119
8840  -31.868  -86.910  -41.890 0.3000000119
9789  -31.656  -86.228  -42.144 0.3000000119
8841  -32.614  -87.528  -41.994 0.3000000119
9790  -32.364  -86.796  -42.454 0.3000000119
19671  -36.257  -76.915  -50.133 0.3000000119
19690  -35.990  -76.572  -50.848 0.4000000060
8826  -31.059  -87.201  -41.686 0.3000000119
7981  -30.910  -88.502  -41.840 0.3000000119
18692  -37.352  -77.924  -49.591 0.3000000119
125098  -36.535  -77.465  -49.724 0.3000000119
19691  -36.878  -76.329  -50.686 0.3000000119
18693  -38.581  -78.140  -49.806 0.3000000119
19672  -37.139  -76.868  -50.016 0.3000000119
19692  -37.838  -76.397  -50.674 0.3000000119
23830  -11.392  -72.609  -37.286 0.5000000000
31270  -14.164  -66.243  -36.896 0.5000000000
30185  -14.116  -66.478  -38.030 0.4000000060
24882  -12.299  -71.133  -37.056 0.4000000060
14693  -34.712  -81.845  -53.114 0.5000000000
16664  -34.610  -79.546  -54.012 0.4000000060
18728  -34.490  -77.435  -52.541 0.4000000060
19707  -35.107  -76.817  -52.064 0.4000000060
23808  -13.875  -72.698  -35.255 0.5000000000
24864  -14.091  -71.661  -35.430 0.4000000060
25890  -15.543  -70.224  -36.157 0.4000000060
16587  -31.352  -78.848  -46.961 0.3000000119
13714  -31.983  -82.439  -48.037 0.3000000119
12758  -32.779  -83.360  -47.169 0.3000000119
16570  -30.792  -79.917  -46.214 0.4000000060
15630  -31.411  -80.244  -51.686 0.4000000060
14614  -30.920  -81.657  -46.672 0.3000000119
13697  -31.493  -82.400  -46.903 0.3000000119
10861  -32.199  -85.654  -45.581 0.3000000119
9825  -32.595  -86.253  -45.100 0.3000000119
18710  -35.401  -77.206  -50.306 0.4000000060
10860  -30.346  -85.729  -45.209 0.3000000119
8855  -33.271  -87.246  -42.453 0.3000000119
7982  -31.937  -88.093  -41.805 0.3000000119
12842  -29.455  -84.831  -55.426 0.5000000000
11905  -30.121  -85.181  -54.996 0.5000000000
11892  -30.733  -85.340  -54.393 0.5000000000
11894  -32.700  -84.842  -53.388 0.5000000000
11881  -34.692  -84.280  -52.174 0.4000000060
132237  -29.546  -77.180  -53.266 0.4000000060
13759  -33.904  -82.242  -52.116 0.5000000000
12806  -33.201  -83.908  -51.031 0.3000000119
11834  -33.138  -84.687  -49.700 0.3000000119
114170  -32.361  -83.183  -51.237 0.4000000060
12783  -32.552  -84.160  -49.116 0.3000000119
11833  -32.109  -84.123  -49.811 0.3000000119
131276  -29.742  -84.770  -46.007 0.3000000119
11791  -29.164  -84.305  -46.010 0.3000000119
12742  -29.752  -83.425  -46.262 0.3000000119
118834  -31.227  -79.039  -46.103 0.3000000119
12734  -28.399  -83.856  -45.512 0.3000000119
13685  -29.396  -82.551  -45.906 0.3000000119
13686  -30.260  -81.990  -46.232 0.3000000119
16554  -30.885  -79.534  -45.430 0.3000000119
16541  -30.684  -79.372  -44.719 0.3000000119
12735  -28.938  -83.429  -45.940 0.3000000119
14609  -29.666  -81.576  -45.607 0.3000000119
124636  -30.030  -80.782  -45.261 0.3000000119
15547  -30.342  -80.002  -44.951 0.3000000119
17620  -31.823  -78.433  -45.574 0.3000000119
17621  -32.805  -77.912  -45.334 0.3000000119
14606  -29.225  -81.081  -44.879 0.3000000119
17600  -32.053  -78.206  -44.757 0.3000000119
16542  -31.295  -78.845  -44.889 0.3000000119
13791  -27.650  -83.486  -56.693 0.3000000119
112270  -34.810  -83.549  -52.230 0.5000000000
11895  -34.106  -84.005  -52.926 0.4000000060
11893  -31.750  -84.781  -54.114 0.5000000000
11866  -32.885  -84.441  -50.385 0.3000000119
28104  -17.723  -68.839  -37.893 0.3000000119
27018  -16.837  -69.066  -38.268 0.3000000119
30208  -14.952  -66.497  -39.588 0.3000000119
12855  -28.922  -84.037  -55.991 0.4000000060
10938  -29.729  -85.920  -53.578 0.4000000060
8041  -32.622  -88.698  -48.049 0.4000000060
111190  -31.498  -88.131  -50.261 0.4000000060
8944  -31.714  -87.544  -51.396 0.4000000060
9910  -32.772  -86.583  -51.627 0.4000000060
10941  -33.040  -85.835  -52.311 0.4000000060
9923  -30.714  -86.725  -52.548 0.4000000060
10954  -31.400  -85.622  -53.647 0.4000000060
10955  -32.440  -85.521  -53.021 0.4000000060
7201  -32.898  -89.442  -46.400 0.3000000119
8059  -33.023  -88.476  -48.572 0.4000000060
8931  -33.220  -87.569  -50.339 0.4000000060
10953  -30.366  -85.792  -53.892 0.4000000060
8076  -31.713  -88.348  -49.586 0.4000000060
9909  -30.968  -87.352  -51.880 0.4000000060
8030  -33.100  -89.104  -47.333 0.3000000119
8077  -32.611  -88.364  -49.271 0.4000000060
8930  -32.128  -87.816  -50.654 0.4000000060
9924  -31.726  -86.730  -52.265 0.4000000060
7202  -33.817  -89.295  -46.624 0.3000000119
8042  -33.606  -88.688  -47.917 0.3000000119
8078  -33.522  -88.158  -49.015 0.3000000119
8060  -34.157  -88.229  -48.488 0.3000000119
9911  -34.095  -86.131  -50.944 0.3000000119
133503  -35.014  -84.817  -51.145 0.3000000119
9893  -33.006  -87.107  -50.983 0.3000000119
11849  -34.866  -84.717  -50.814 0.3000000119
12807  -34.616  -83.768  -51.411 0.3000000119
11868  -34.859  -84.139  -51.480 0.3000000119
10926  -34.283  -85.562  -51.417 0.3000000119
11880  -33.636  -84.903  -52.615 0.3000000119
7992  -22.237  -87.961  -43.168 0.3000000119
7977  -21.762  -88.295  -42.374 0.3000000119
10824  -29.886  -85.833  -41.526 0.3000000119
9774  -22.792  -86.516  -41.184 0.3000000119
8803  -23.826  -86.628  -40.986 0.3000000119
8805  -25.350  -87.418  -40.437 0.3000000119
124829  -25.924  -87.480  -40.462 0.3000000119
7952  -27.144  -87.406  -40.713 0.3000000119
8807  -27.778  -86.703  -40.626 0.3000000119
9775  -29.225  -86.011  -41.012 0.3000000119
10823  -28.986  -85.354  -41.554 0.3000000119
9767  -23.332  -86.561  -40.403 0.3000000119
9768  -24.138  -86.867  -40.019 0.3000000119
8796  -25.790  -87.020  -40.033 0.3000000119
8806  -26.495  -87.107  -40.315 0.3000000119
9769  -27.203  -86.528  -40.253 0.3000000119
8837  -22.245  -87.234  -42.498 0.3000000119
8823  -25.086  -87.659  -40.926 0.3000000119
8821  -23.514  -86.595  -41.947 0.3000000119
9787  -22.709  -86.666  -42.051 0.3000000119
8822  -24.475  -87.138  -41.638 0.3000000119
8804  -24.664  -87.188  -40.557 0.3000000119
9755  -24.368  -86.672  -39.477 0.3000000119
7950  -25.668  -87.873  -40.846 0.3000000119
8795  -24.975  -86.981  -39.849 0.3000000119
8808  -28.491  -86.360  -40.739 0.3000000119
8820  -22.101  -86.911  -41.602 0.3000000119
8838  -23.155  -86.813  -42.718 0.3000000119
8852  -22.798  -87.323  -43.202 0.3000000119
8920  -32.369  -88.103  -49.951 0.4000000060
8921  -33.403  -87.897  -49.619 0.3000000119
8929  -31.300  -88.000  -50.913 0.4000000060
9788  -31.145  -85.956  -41.904 0.3000000119
9892  -30.986  -87.886  -51.292 0.4000000060
9894  -34.042  -86.631  -50.459 0.3000000119
10832  -29.736  -85.413  -42.161 0.3000000119
10869  -34.135  -85.002  -46.086 0.3000000119
10939  -30.483  -86.277  -53.292 0.4000000060
10940  -31.575  -86.237  -52.937 0.4000000060
10942  -34.532  -84.893  -51.801 0.3000000119
10952  -29.856  -85.612  -54.391 0.5000000000
11814  -18.864  -84.090  -48.588 0.6999999881
11827  -18.387  -84.556  -49.234 0.6999999881
11843  -20.403  -84.940  -50.702 0.5000000000
11906  -31.018  -84.628  -54.715 0.6000000238
12743  -30.844  -83.291  -46.497 0.3000000119
12744  -31.911  -83.411  -46.592 0.3000000119
12746  -33.344  -84.038  -46.820 0.3000000119
12753  -19.992  -83.105  -47.502 0.6999999881
12755  -21.643  -83.163  -47.217 0.6999999881
12757  -32.190  -82.944  -46.853 0.3000000119
12766  -19.446  -83.526  -48.138 0.6999999881
12781  -23.092  -83.114  -49.025 0.6999999881
12792  -22.699  -82.895  -50.306 0.6999999881
12793  -23.325  -82.820  -49.666 0.6999999881
12808  -34.824  -83.359  -51.940 0.4000000060
12813  -17.090  -83.415  -54.032 0.5000000000
12820  -34.749  -82.846  -52.519 0.5000000000
12832  -32.811  -84.017  -53.668 0.6000000238
13693  -22.786  -82.126  -46.671 0.6999999881
13699  -20.515  -82.729  -47.145 0.6999999881
13701  -22.238  -82.606  -46.862 0.6999999881
13703  -24.119  -82.291  -47.010 0.5000000000
13704  -25.024  -82.195  -47.426 0.5000000000
13705  -31.942  -82.483  -47.302 0.3000000119
13706  -32.445  -82.909  -47.698 0.3000000119
13709  -19.446  -82.876  -48.000 0.6999999881
13710  -20.050  -82.487  -47.487 0.6999999881
13713  -25.221  -82.381  -48.221 0.5000000000
13717  -18.960  -82.454  -48.772 0.6999999881
13718  -23.808  -82.896  -48.743 0.6999999881
13721  -30.992  -82.294  -49.869 0.3000000119
13732  -30.965  -82.123  -50.695 0.3000000119
13747  -34.034  -83.080  -51.695 0.5000000000
13755  -21.675  -82.279  -53.320 0.6000000238
13769  -34.827  -82.423  -53.032 0.6000000238
13800  -27.486  -83.094  -57.385 0.5000000000
14551  -13.632  -81.515  -38.076 0.5000000000
14563  -13.759  -81.615  -39.074 0.6000000238
14564  -14.799  -81.325  -39.417 0.6999999881
14565  -15.458  -81.109  -40.000 0.6000000238
14573  -14.863  -81.344  -40.564 0.6000000238
14582  -13.407  -81.386  -41.482 0.6000000238
14608  -28.712  -81.941  -45.188 0.3000000119
14612  -24.145  -81.608  -46.753 0.5000000000
14617  -20.690  -82.144  -47.053 0.6999999881
14618  -21.494  -81.889  -46.843 0.6999999881
14619  -22.382  -81.667  -46.777 0.6999999881
14620  -23.385  -81.457  -46.717 0.6000000238
14621  -25.452  -81.595  -47.115 0.5000000000
14638  -18.621  -81.993  -49.734 0.6999999881
14653  -18.941  -81.228  -50.115 0.6999999881
14656  -26.558  -81.397  -50.616 0.5000000000
14676  -17.531  -82.030  -53.785 0.5000000000
14689  -16.878  -81.212  -54.471 0.6000000238
14710  -20.453  -80.992  -58.602 0.5000000000
14715  -20.498  -80.655  -59.198 0.5000000000
14718  -24.423  -81.284  -58.988 0.5000000000
14720  -26.013  -81.888  -59.253 0.5000000000
14722  -20.624  -80.144  -59.476 0.5000000000
14723  -21.223  -80.298  -59.514 0.4000000060
14724  -22.098  -80.365  -59.418 0.5000000000
15449  -12.930  -80.632  -36.899 0.5000000000
15450  -13.480  -80.914  -37.264 0.6000000238
15495  -15.907  -80.559  -40.164 0.8000000119
15509  -15.219  -81.020  -41.317 0.6000000238
15523  -13.910  -81.169  -42.982 0.6000000238
15524  -14.718  -81.029  -42.197 0.6000000238
15564  -25.513  -80.377  -46.735 0.5000000000
15565  -26.045  -79.740  -46.710 0.5000000000
15576  -24.399  -80.333  -46.976 0.5000000000
15577  -25.688  -80.961  -46.903 0.5000000000
15592  -23.149  -80.323  -47.830 0.6000000238
15603  -20.476  -80.608  -49.374 0.6999999881
15604  -21.322  -80.382  -49.115 0.6999999881
15605  -22.200  -80.212  -48.909 0.6000000238
15619  -30.776  -80.840  -50.396 0.4000000060
15620  -31.078  -80.139  -50.621 0.4000000060
15626  -20.028  -79.904  -51.059 0.6999999881
15629  -30.993  -80.776  -51.253 0.4000000060
15636  -19.197  -80.079  -52.206 0.6999999881
15649  -18.245  -80.511  -53.958 0.6000000238
15651  -25.344  -80.327  -53.499 0.6000000238
15653  -26.948  -79.922  -53.724 0.6000000238
15658  -16.925  -80.372  -54.859 0.6000000238
15659  -17.174  -80.465  -54.891 0.6000000238
15664  -26.602  -79.766  -54.476 0.6000000238
15672  -20.694  -80.287  -58.213 0.5000000000
15675  -24.317  -80.097  -56.560 0.5000000000
15686  -22.835  -79.419  -58.588 0.5000000000
15692  -20.351  -80.156  -59.212 0.5000000000
15693  -22.652  -79.738  -59.266 0.5000000000
15698  -27.802  -81.372  -58.337 0.6000000238
15699  -20.688  -79.943  -59.527 0.5000000000
15700  -21.009  -80.165  -59.606 0.5000000000
15701  -21.952  -79.992  -59.626 0.5000000000
15702  -23.261  -80.424  -59.098 0.5000000000
15703  -25.746  -81.120  -59.240 0.6000000238
15704  -21.081  -79.876  -59.595 0.5000000000
15705  -21.464  -79.838  -59.591 0.5000000000
16436  -11.891  -79.965  -36.155 0.5000000000
16437  -12.552  -80.125  -36.718 0.5000000000
16448  -14.038  -80.617  -37.702 0.6000000238
16460  -13.921  -79.713  -38.150 0.8000000119
16461  -14.612  -80.310  -38.344 0.6999999881
16473  -16.032  -79.801  -39.689 0.6999999881
16487  -16.325  -79.752  -40.551 0.6999999881
16500  -15.965  -79.661  -41.593 0.6999999881
16512  -15.192  -79.821  -42.482 0.6000000238
16525  -14.155  -79.459  -43.813 0.6000000238
16526  -14.616  -79.740  -43.218 0.6000000238
16583  -24.249  -79.927  -47.445 0.5000000000
16598  -24.451  -79.370  -47.948 0.5000000000
16613  -30.839  -80.284  -49.734 0.3000000119
16614  -31.303  -79.294  -49.069 0.3000000119
16620  -23.565  -79.169  -49.998 0.6000000238
16660  -16.881  -79.477  -55.119 0.5000000000
16676  -21.860  -79.272  -58.788 0.5000000000
16679  -27.415  -79.482  -57.749 0.5000000000
16683  -20.794  -79.700  -59.296 0.5000000000
16684  -21.649  -79.266  -58.918 0.5000000000
16689  -21.232  -79.687  -59.467 0.5000000000
16690  -21.870  -79.622  -59.420 0.5000000000
17464  -10.433  -78.943  -35.767 0.5000000000
17475  -10.748  -78.699  -36.465 0.5000000000
17486  -12.611  -79.180  -37.830 0.6000000238
17514  -13.532  -78.229  -39.584 0.8000000119
17517  -16.684  -77.991  -39.953 0.6000000238
17545  -16.306  -78.738  -41.724 0.6999999881
17546  -16.911  -78.406  -41.207 0.6000000238
17566  -16.624  -77.920  -41.859 0.6999999881
17580  -13.233  -78.163  -44.035 0.6000000238
17599  -19.892  -78.232  -45.033 0.6000000238
17619  -20.391  -78.362  -45.684 0.6000000238
17633  -18.652  -78.370  -46.518 0.6000000238
17635  -20.049  -78.457  -47.013 0.6000000238
17650  -18.425  -78.304  -47.286 0.6000000238
17651  -19.173  -78.548  -47.123 0.6000000238
17659  -34.494  -78.881  -47.780 0.3000000119
17660  -35.261  -79.283  -48.190 0.3000000119
17671  -32.074  -78.612  -48.122 0.4000000060
17680  -24.256  -78.605  -49.317 0.6000000238
17695  -32.008  -78.961  -51.692 0.4000000060
17717  -21.718  -77.868  -52.565 0.6000000238
17718  -22.680  -77.522  -52.334 0.6000000238
17721  -34.504  -78.131  -53.103 0.5000000000
17727  -15.728  -77.638  -53.327 0.5000000000
17740  -17.465  -78.540  -55.519 0.6999999881
17742  -18.984  -77.670  -55.139 0.6999999881
17747  -34.399  -78.128  -54.082 0.5000000000
17756  -27.285  -77.288  -56.962 0.6000000238
18551  -15.963  -77.176  -36.762 0.6000000238
18558  -16.553  -77.101  -38.188 0.6999999881
18562  -9.788  -77.367  -38.871 0.6999999881
18565  -16.064  -77.474  -38.564 0.6000000238
18567  -10.578  -77.257  -40.561 0.6000000238
18569  -11.963  -77.873  -40.202 0.6999999881
18570  -12.787  -77.658  -40.117 0.6000000238
18581  -17.424  -77.129  -40.631 0.8000000119
18594  -16.085  -77.444  -42.427 0.6999999881
18603  -13.213  -77.543  -43.921 0.6000000238
18604  -13.949  -77.429  -43.564 0.6000000238
18606  -19.637  -77.259  -44.085 0.5000000000
18617  -10.955  -77.125  -44.775 0.6000000238
18621  -20.179  -77.856  -44.209 0.5000000000
18622  -21.147  -77.907  -44.135 0.5000000000
18630  -18.766  -77.861  -45.440 0.6000000238
18631  -19.273  -78.181  -45.318 0.6000000238
18634  -22.365  -77.248  -44.958 0.5000000000
18653  -19.733  -78.345  -47.747 0.6000000238
18654  -20.452  -78.064  -47.665 0.6000000238
18667  -16.933  -77.362  -48.526 0.6000000238
18668  -17.628  -77.752  -48.396 0.6000000238
18671  -20.844  -77.551  -48.106 0.6000000238
18681  -16.691  -77.090  -49.277 0.6000000238
18683  -18.243  -77.577  -49.552 0.6000000238
18685  -20.070  -77.573  -49.146 0.6000000238
18701  -16.505  -76.588  -49.916 0.5000000000
18715  -23.376  -77.149  -52.017 0.5000000000
18716  -23.650  -76.835  -51.683 0.5000000000
18726  -23.523  -76.537  -52.329 0.6000000238
18727  -29.595  -77.765  -53.240 0.5000000000
18737  -22.952  -76.107  -53.793 0.6000000238
18738  -29.651  -76.997  -53.837 0.6000000238
18749  -34.136  -77.469  -54.342 0.5000000000
18753  -18.066  -76.648  -56.405 0.6999999881
18755  -27.518  -76.490  -56.844 0.6000000238
19531  -13.073  -76.310  -36.905 0.5000000000
19532  -14.654  -77.135  -36.300 0.5000000000
19534  -16.094  -76.557  -36.261 0.5000000000
19540  -8.533  -76.746  -37.404 0.6000000238
19543  -14.461  -77.173  -37.363 0.6000000238
19548  -8.324  -76.444  -38.334 0.6999999881
19554  -17.108  -76.196  -38.666 0.6000000238
19558  -7.888  -75.903  -39.231 0.6999999881
19562  -13.501  -76.913  -39.945 0.6000000238
19564  -17.278  -76.509  -39.457 0.6999999881
19568  -9.069  -76.072  -41.050 0.8000000119
19572  -12.384  -76.634  -40.438 0.6999999881
19589  -16.254  -76.355  -42.606 0.6000000238
19598  -12.571  -76.785  -44.200 0.5000000000
19601  -19.689  -76.628  -43.757 0.6000000238
19611  -11.155  -76.744  -44.490 0.5000000000
19612  -13.217  -76.020  -44.357 0.6000000238
19613  -19.211  -76.741  -44.349 0.6000000238
19622  -22.536  -76.191  -45.689 0.5000000000
19630  -18.242  -77.332  -45.937 0.6000000238
19640  -17.395  -77.191  -47.227 0.6000000238
19641  -21.660  -76.756  -47.547 0.6000000238
19655  -21.431  -76.996  -48.158 0.6000000238
19656  -23.457  -76.193  -48.652 0.5000000000
19663  -15.322  -76.100  -49.504 0.4000000060
19664  -16.079  -76.489  -49.308 0.6000000238
19673  -38.170  -77.181  -50.137 0.3000000119
19686  -23.639  -76.498  -51.171 0.6000000238
19689  -35.138  -76.876  -51.101 0.4000000060
19697  -12.601  -76.280  -52.247 0.5000000000
19700  -18.111  -76.115  -52.093 0.5000000000
19701  -19.151  -76.190  -51.845 0.5000000000
19719  -17.965  -75.035  -53.019 0.6000000238
19722  -23.514  -76.031  -52.844 0.6000000238
19724  -29.090  -76.403  -53.322 0.4000000060
19727  -36.480  -75.964  -52.467 0.5000000000
19736  -16.140  -75.220  -54.652 0.6000000238
19738  -22.253  -75.454  -54.580 0.6000000238
19739  -23.014  -75.348  -54.024 0.6000000238
19740  -23.215  -75.452  -53.377 0.5000000000
19748  -16.695  -75.506  -55.406 0.6000000238
19749  -17.240  -75.373  -55.852 0.6000000238
19756  -17.652  -76.090  -56.409 0.6000000238
19757  -19.397  -75.786  -55.858 0.6999999881
19760  -28.047  -75.942  -56.579 0.6000000238
19761  -32.629  -76.367  -55.978 0.5000000000
20511  -4.956  -75.349  -36.295 0.6000000238
20513  -13.725  -75.757  -35.511 0.5000000000
20526  -6.102  -75.367  -37.485 0.6999999881
20528  -11.719  -75.073  -37.749 0.6000000238
20535  -16.728  -75.669  -37.696 0.6000000238
20539  -7.501  -75.332  -39.903 0.8000000119
20541  -11.073  -75.377  -40.306 0.6000000238
20570  -8.483  -74.893  -41.062 0.6999999881
20571  -17.033  -75.261  -41.297 0.8000000119
20584  -16.565  -75.276  -42.218 0.8000000119
20599  -14.685  -75.333  -43.826 0.5000000000
20620  -8.403  -75.077  -45.081 0.5000000000
20621  -8.928  -75.480  -44.874 0.6000000238
20622  -9.594  -75.617  -44.678 0.6000000238
20625  -13.355  -75.035  -44.443 0.6999999881
20646  -7.168  -75.032  -46.010 0.6000000238
20649  -22.830  -75.195  -46.374 0.5000000000
20667  -17.564  -76.258  -46.708 0.6000000238
20690  -13.981  -75.599  -47.780 0.6999999881
20691  -15.360  -75.635  -47.126 0.6000000238
20693  -17.076  -75.507  -46.802 0.6000000238
20695  -22.092  -76.078  -47.269 0.5000000000
20696  -22.592  -75.642  -47.673 0.5000000000
20715  -12.401  -74.945  -49.288 0.6000000238
20716  -12.733  -74.943  -48.623 0.6000000238
20717  -14.923  -75.982  -47.853 0.6000000238
20735  -14.540  -75.941  -49.949 0.6000000238
20737  -22.625  -75.980  -49.458 0.6000000238
20751  -12.962  -76.052  -50.158 0.6000000238
20754  -15.782  -75.470  -51.141 0.6000000238
20755  -22.150  -75.962  -49.846 0.6000000238
20772  -12.202  -76.062  -51.549 0.5000000000
20775  -20.952  -75.215  -52.406 0.5000000000
20778  -23.381  -75.886  -51.659 0.5000000000
20795  -14.294  -75.776  -52.679 0.6000000238
20801  -22.419  -74.618  -53.764 0.6000000238
20802  -23.008  -75.085  -53.108 0.6000000238
20814  -18.287  -74.615  -54.871 0.6999999881
20817  -22.200  -74.472  -54.521 0.6000000238
20825  -17.625  -74.809  -55.378 0.6000000238
20826  -18.465  -75.091  -55.674 0.6000000238
20828  -21.183  -74.743  -55.213 0.6999999881
20829  -21.876  -74.657  -54.977 0.6999999881
20839  -29.347  -75.481  -56.898 0.5000000000
20840  -30.211  -75.238  -56.833 0.5000000000
21639  -10.868  -74.064  -37.922 0.6000000238
21648  -11.199  -74.640  -38.225 0.6000000238
21659  -6.311  -73.661  -39.041 0.6999999881
21660  -6.606  -74.028  -39.563 0.8000000119
21665  -15.929  -74.663  -38.620 0.6000000238
21683  -7.496  -74.482  -40.697 0.6999999881
21684  -8.430  -74.377  -40.744 0.6999999881
21685  -9.211  -74.800  -40.942 0.6000000238
21686  -10.146  -75.101  -40.697 0.5000000000
21687  -14.544  -73.748  -40.107 0.6999999881
21689  -15.971  -74.705  -39.665 0.6999999881
21722  -16.220  -74.739  -41.608 0.8000000119
21740  -13.702  -74.170  -44.063 0.6000000238
21741  -14.526  -74.429  -43.551 0.8000000119
21742  -14.987  -74.385  -42.841 0.8000000119
21744  -20.344  -74.771  -43.296 0.5000000000
21754  -9.928  -73.844  -44.112 0.6000000238
21758  -19.502  -75.075  -44.400 0.6000000238
21759  -20.006  -74.439  -44.149 0.6000000238
21773  -7.866  -74.611  -45.549 0.6000000238
21775  -19.374  -74.674  -45.192 0.6000000238
21776  -19.861  -74.047  -44.900 0.4000000060
21793  -18.534  -74.649  -46.294 0.6000000238
21794  -19.050  -74.294  -46.014 0.5000000000
21813  -13.950  -74.675  -47.293 0.6000000238
21814  -14.951  -74.581  -46.850 0.5000000000
21816  -17.420  -74.514  -46.725 0.6000000238
21818  -18.786  -73.985  -46.709 0.6000000238
21836  -7.460  -74.483  -48.607 0.6000000238
21839  -12.885  -74.119  -48.483 0.6000000238
21853  -8.905  -74.255  -49.734 0.6000000238
21856  -12.149  -74.339  -49.731 0.5000000000
21875  -11.150  -74.624  -50.691 0.6000000238
21885  -9.845  -74.948  -51.245 0.6000000238
21886  -10.719  -74.933  -51.334 0.5000000000
21922  -29.651  -73.992  -55.380 0.5000000000
21923  -30.328  -73.595  -55.467 0.5000000000
22746  -10.114  -74.043  -32.752 0.5000000000
22777  -7.494  -73.513  -35.703 0.6999999881
22788  -6.180  -73.511  -37.260 0.6999999881
22790  -11.630  -73.516  -36.887 0.6000000238
22791  -12.263  -73.564  -36.405 0.5000000000
22797  -5.772  -73.885  -37.720 0.6999999881
22808  -5.993  -73.643  -38.491 0.8000000119
22810  -9.359  -72.994  -38.981 0.5000000000
22827  -8.324  -73.469  -39.571 0.6000000238
22829  -9.401  -73.647  -39.460 0.5000000000
22847  -6.992  -73.895  -39.841 0.6999999881
22848  -7.395  -74.176  -40.306 0.6999999881
22850  -8.810  -73.902  -40.184 0.5000000000
22857  -7.877  -74.409  -40.787 0.6999999881
22867  -12.342  -72.656  -42.469 0.6999999881
22868  -13.094  -73.102  -42.258 0.8000000119
22881  -9.221  -73.311  -43.962 0.6000000238
22895  -8.930  -73.029  -44.217 0.6000000238
22898  -20.419  -73.633  -44.529 0.4000000060
22912  -8.178  -73.733  -46.255 0.6999999881
22914  -9.736  -73.098  -46.561 0.6000000238
22925  -15.278  -73.494  -47.255 0.5000000000
22926  -17.081  -73.621  -47.248 0.5000000000
22935  -7.860  -74.088  -47.946 0.6999999881
22939  -12.581  -73.185  -49.236 0.6000000238
22940  -13.100  -73.218  -48.905 0.6000000238
22943  -15.881  -72.582  -48.184 0.5000000000
22946  -18.854  -73.031  -48.475 0.5000000000
22952  -9.466  -73.826  -49.131 0.6999999881
22954  -11.375  -73.607  -49.620 0.5000000000
22964  -10.853  -74.026  -50.149 0.6000000238
23793  -9.249  -73.216  -35.205 0.6999999881
23806  -9.129  -72.087  -35.775 0.6000000238
23807  -13.083  -72.876  -35.764 0.5000000000
23822  -12.636  -72.362  -36.228 0.5000000000
23827  -6.948  -72.512  -38.071 0.6000000238
23831  -12.122  -72.000  -36.834 0.5000000000
23837  -10.832  -71.982  -38.076 0.6000000238
23849  -7.399  -73.032  -38.904 0.6000000238
23866  -7.063  -73.479  -39.360 0.6000000238
23867  -7.462  -73.380  -39.222 0.6000000238
23868  -7.867  -73.413  -39.393 0.6000000238
23883  -13.045  -71.572  -42.114 0.8000000119
23884  -13.443  -72.196  -41.395 0.8000000119
23911  -9.421  -72.701  -43.942 0.6000000238
23913  -10.979  -71.803  -43.235 0.6999999881
23914  -11.610  -72.201  -42.783 0.6999999881
23921  -8.983  -72.831  -44.714 0.6000000238
23923  -9.651  -72.196  -44.232 0.6000000238
23930  -9.170  -72.433  -44.941 0.6000000238
23931  -10.311  -72.264  -45.384 0.5000000000
23941  -11.293  -72.470  -46.463 0.5000000000
23950  -12.927  -71.918  -48.086 0.5000000000
23959  -11.085  -73.036  -48.577 0.6000000238
23960  -11.842  -73.072  -49.183 0.6000000238
23963  -14.593  -72.107  -48.495 0.6000000238
23964  -15.445  -72.085  -48.657 0.5000000000
23965  -16.302  -72.025  -48.993 0.5000000000
23967  -18.391  -72.436  -49.283 0.5000000000
24847  -10.766  -71.789  -34.393 0.6000000238
24854  -10.052  -71.788  -35.210 0.6000000238
24862  -8.325  -72.003  -36.429 0.5000000000
24875  -8.089  -71.707  -36.905 0.5000000000
24880  -8.315  -71.349  -37.221 0.4000000060
24890  -7.280  -72.583  -38.496 0.6000000238
24892  -10.320  -71.295  -38.728 0.5000000000
24908  -7.908  -72.356  -38.635 0.5000000000
24909  -8.514  -72.072  -38.725 0.5000000000
24911  -10.084  -70.736  -38.896 0.5000000000
24926  -14.520  -72.268  -40.322 0.6000000238
24961  -12.592  -71.085  -42.617 0.6999999881
24986  -10.681  -71.536  -43.766 0.6000000238
24997  -9.574  -72.131  -44.701 0.6000000238
24999  -10.966  -71.265  -44.141 0.6000000238
25000  -12.574  -71.099  -44.632 0.8000000119
25001  -13.677  -71.110  -44.971 0.8000000119
25005  -9.969  -71.966  -44.765 0.6000000238
25006  -10.601  -71.644  -44.692 0.6999999881
25007  -14.113  -71.456  -46.043 0.6999999881
25011  -12.887  -71.866  -46.893 0.6000000238
25013  -14.869  -71.215  -46.300 0.6000000238
25017  -14.349  -71.465  -47.383 0.6000000238
25024  -15.215  -71.821  -48.497 0.5000000000
25025  -16.778  -71.719  -49.153 0.5000000000
25026  -17.664  -71.624  -49.642 0.5000000000
25877  -14.339  -70.837  -35.751 0.4000000060
25886  -9.519  -70.201  -36.291 0.5000000000
25888  -13.834  -70.378  -36.361 0.4000000060
25891  -16.478  -70.458  -36.217 0.4000000060
25897  -12.636  -70.433  -37.479 0.4000000060
25902  -8.438  -71.584  -38.404 0.5000000000
25907  -12.305  -70.220  -38.350 0.4000000060
25923  -9.967  -70.479  -38.743 0.5000000000
25924  -10.579  -70.055  -39.073 0.5000000000
25925  -11.038  -69.888  -39.256 0.5000000000
25952  -12.720  -70.456  -43.134 0.6999999881
25956  -16.259  -70.873  -43.052 0.6000000238
25974  -12.166  -70.640  -43.634 0.6999999881
25975  -13.354  -70.011  -43.635 0.8000000119
25976  -14.151  -69.929  -43.544 0.8000000119
25977  -14.962  -69.926  -43.441 0.6999999881
25979  -17.309  -69.979  -43.744 0.5000000000
25998  -12.428  -70.481  -44.083 0.6999999881
26000  -14.030  -70.364  -44.575 0.8000000119
26016  -15.202  -70.641  -45.460 0.6999999881
26026  -16.270  -70.543  -46.616 0.5000000000
26034  -16.479  -70.740  -47.721 0.5000000000
26040  -16.862  -71.123  -48.666 0.5000000000
26942  -11.753  -69.541  -31.170 0.4000000060
26963  -10.794  -69.420  -32.740 0.4000000060
26975  -10.348  -69.504  -35.213 0.5000000000
26992  -16.142  -69.833  -36.768 0.4000000060
26997  -9.436  -70.254  -36.773 0.4000000060
27004  -17.335  -69.333  -37.756 0.3000000119
27010  -9.544  -70.266  -37.621 0.4000000060
27011  -10.061  -70.041  -38.339 0.4000000060
27013  -11.474  -69.584  -39.265 0.4000000060
27014  -12.238  -69.609  -39.081 0.4000000060
27015  -13.452  -69.196  -38.671 0.4000000060
27017  -15.831  -68.989  -38.018 0.4000000060
27031  -11.088  -69.403  -39.214 0.5000000000
27072  -15.599  -69.482  -43.835 0.6000000238
27085  -15.457  -69.398  -44.194 0.6000000238
27098  -16.081  -69.470  -44.774 0.6000000238
27111  -16.731  -69.768  -45.720 0.5000000000
28023  -13.896  -68.664  -30.736 0.4000000060
28052  -11.301  -68.205  -32.327 0.4000000060
28065  -10.867  -68.379  -33.806 0.5000000000
28068  -10.827  -68.602  -34.561 0.6000000238
28078  -10.195  -69.334  -35.928 0.4000000060
28080  -10.877  -68.784  -36.027 0.5000000000
28088  -10.168  -69.453  -36.416 0.4000000060
28089  -10.583  -69.128  -36.571 0.4000000060
28100  -10.365  -69.376  -37.098 0.4000000060
28101  -10.776  -69.033  -37.254 0.4000000060
28114  -10.735  -69.153  -38.020 0.4000000060
28115  -11.347  -68.754  -38.658 0.5000000000
28117  -15.437  -68.488  -38.753 0.4000000060
28131  -10.977  -69.221  -38.835 0.5000000000
28134  -12.888  -68.102  -39.572 0.4000000060
29052  -14.631  -68.311  -31.038 0.4000000060
29061  -11.269  -67.140  -32.602 0.5000000000
29073  -14.206  -67.547  -32.283 0.4000000060
29075  -15.577  -66.978  -32.210 0.4000000060
29102  -11.247  -68.333  -35.239 0.5000000000
29121  -12.241  -67.897  -37.935 0.4000000060
29134  -11.949  -68.377  -39.058 0.4000000060
29135  -13.552  -67.225  -39.145 0.4000000060
29155  -12.532  -67.938  -39.370 0.4000000060
30120  -16.393  -66.476  -31.221 0.5000000000
30130  -13.079  -66.841  -32.252 0.5000000000
30131  -16.052  -66.905  -31.876 0.5000000000
30139  -11.485  -66.560  -32.613 0.5000000000
30149  -11.389  -66.698  -32.997 0.5000000000
30158  -12.090  -66.733  -33.912 0.5000000000
30168  -12.228  -67.247  -34.826 0.5000000000
30169  -12.897  -66.817  -35.396 0.5000000000
30175  -12.925  -67.274  -36.523 0.5000000000
30184  -13.530  -66.883  -37.290 0.5000000000
30192  -13.387  -67.099  -38.453 0.4000000060
31160  -15.470  -64.987  -26.962 0.3000000119
31173  -13.316  -65.865  -27.208 0.3000000119
31209  -16.725  -65.809  -30.570 0.4000000060
31218  -11.982  -66.185  -32.460 0.5000000000
31228  -12.423  -65.703  -32.513 0.4000000060
31229  -13.072  -65.585  -32.433 0.5000000000
31231  -15.247  -65.445  -32.703 0.4000000060
31233  -17.238  -65.203  -32.346 0.4000000060
31240  -13.169  -65.146  -33.167 0.4000000060
31259  -13.805  -65.540  -34.956 0.4000000060
31264  -14.144  -65.977  -35.845 0.4000000060
32257  -16.548  -64.690  -29.204 0.3000000119
32266  -17.616  -64.510  -30.431 0.3000000119
32284  -13.494  -65.011  -32.705 0.4000000060
32307  -13.832  -64.602  -33.608 0.4000000060
32316  -14.720  -64.275  -34.981 0.4000000060
33293  -15.727  -63.891  -33.498 0.4000000060
33295  -18.434  -63.596  -32.552 0.3000000119
33311  -15.024  -63.786  -33.742 0.4000000060
33327  -15.557  -63.266  -35.109 0.3000000119
111158  -9.730  -75.565  -41.140 0.6000000238
111341  -13.275  -71.674  -45.751 0.6000000238
112505  -11.518  -71.372  -44.612 0.6999999881
112677  -16.636  -78.629  -54.777 0.5000000000
112796  -17.156  -77.184  -39.884 0.6999999881
113298  -13.382  -81.306  -37.536 0.5000000000
113446  -14.918  -75.280  -52.473 0.6000000238
113947  -18.197  -71.457  -50.071 0.5000000000
114046  -31.213  -85.750  -45.556 0.3000000119
114338  -10.819  -68.416  -33.147 0.5000000000
114489  -33.817  -86.652  -44.030 0.3000000119
115034  -21.674  -83.598  -50.996 0.6999999881
115077  -13.345  -81.443  -40.737 0.6000000238
115087  -14.316  -76.543  -43.692 0.6000000238
115216  -11.215  -76.085  -40.801 0.6000000238
115506  -11.587  -66.918  -33.494 0.5000000000
116474  -13.354  -68.478  -39.368 0.4000000060
116795  -14.436  -73.961  -42.750 0.8000000119
117879  -18.432  -78.135  -48.242 0.6000000238
117916  -18.518  -73.710  -47.234 0.5000000000
118014  -16.146  -74.451  -52.968 0.6000000238
118158  -32.939  -82.513  -51.724 0.5000000000
118203  -14.853  -71.514  -48.045 0.5000000000
118210  -12.872  -69.418  -38.895 0.4000000060
118615  -16.801  -75.113  -40.402 0.6999999881
118643  -13.947  -72.184  -48.480 0.6000000238
119068  -6.423  -74.475  -39.051 0.8000000119
119511  -12.289  -75.864  -50.753 0.6000000238
119882  -37.932  -75.496  -52.625 0.4000000060
120027  -16.920  -77.400  -55.927 0.5000000000
120287  -9.416  -73.998  -34.431 0.6000000238
120353  -18.452  -78.057  -46.037 0.6000000238
120415  -9.812  -74.730  -44.508 0.6999999881
120434  -12.564  -73.046  -36.175 0.5000000000
120581  -15.709  -65.654  -28.673 0.4000000060
120689  -17.716  -63.702  -33.220 0.3000000119
120935  -23.474  -76.365  -50.370 0.6000000238
120959  -12.926  -67.519  -39.041 0.4000000060
121166  -5.384  -74.574  -37.262 0.8000000119
121986  -13.653  -69.549  -37.688 0.4000000060
122092  -33.201  -82.281  -54.009 0.5000000000
122264  -13.427  -75.595  -48.539 0.6999999881
122306  -24.063  -79.059  -49.585 0.6000000238
122451  -5.086  -74.175  -33.712 0.5000000000
122463  -15.744  -69.382  -37.228 0.4000000060
122744  -13.519  -72.594  -48.618 0.6000000238
123017  -17.986  -76.527  -46.249 0.6000000238
123229  -8.863  -73.658  -44.391 0.6000000238
123485  -11.670  -75.357  -39.604 0.6000000238
123653  -13.072  -70.813  -42.601 0.8000000119
123669  -24.793  -86.499  -39.383 0.3000000119
123778  -34.913  -85.232  -50.712 0.3000000119
124339  -18.673  -71.996  -49.966 0.5000000000
124449  -18.535  -73.351  -47.825 0.5000000000
124594  -38.729  -76.744  -50.779 0.3000000119
124698  -18.673  -71.460  -50.325 0.5000000000
124726  -12.217  -75.470  -37.386 0.5000000000
125621  -11.010  -75.330  -51.907 0.5000000000
125748  -16.676  -72.949  -47.875 0.5000000000
125765  -16.049  -74.375  -53.531 0.6000000238
125898  -12.526  -74.138  -36.192 0.5000000000
125931  -22.880  -75.769  -51.096 0.5000000000
125933  -26.619  -82.239  -58.797 0.5000000000
128294  -11.539  -72.525  -47.526 0.5000000000
128581  -17.243  -75.789  -51.898 0.6000000238
128728  -17.241  -77.795  -55.870 0.6999999881
128978  -10.985  -68.127  -33.806 0.5000000000
129026  -10.155  -77.392  -39.942 0.6999999881
129103  -15.708  -74.276  -46.754 0.5000000000
129163  -14.893  -67.731  -30.525 0.5000000000
129255  -27.274  -80.135  -53.012 0.6000000238
129403  -26.898  -80.795  -51.844 0.6000000238
129682  -6.005  -73.765  -36.539 0.6999999881
129802  -18.723  -76.332  -56.211 0.6999999881
129830  -8.576  -75.814  -45.194 0.5000000000
130095  -8.898  -71.309  -36.283 0.5000000000
130454  -14.558  -75.939  -43.808 0.5000000000
130817  -13.520  -75.025  -35.418 0.5000000000
131077  -14.855  -69.645  -44.244 0.6000000238
131186  -31.281  -78.955  -45.482 0.3000000119
131227  -31.706  -87.105  -51.840 0.4000000060
131326  -30.544  -83.823  -55.277 0.5000000000
131406  -25.493  -81.171  -51.647 0.6000000238
131566  -22.115  -83.282  -50.471 0.6999999881
131800  -5.134  -75.062  -36.908 0.6999999881
131817  -20.963  -83.839  -48.766 0.6999999881
131889  -20.597  -78.119  -47.186 0.6000000238
131916  -29.287  -79.298  -57.164 0.6000000238
131934  -17.269  -76.784  -41.584 0.8000000119
132839  -12.353  -73.673  -49.455 0.5000000000
132845  -6.030  -74.353  -38.549 0.8000000119
133008  -22.321  -75.777  -50.557 0.6000000238
133111  -15.001  -80.486  -42.403 0.6000000238
133151  -20.056  -78.484  -46.275 0.6000000238
133809  -31.508  -78.814  -47.636 0.3000000119
134170  -14.214  -77.699  -39.579 0.6000000238
134381  -17.491  -75.868  -41.230 0.8000000119
