#!ascii label  , from subject sub-v1s12x0050114_ses-1 vox2ras=TkReg
858
115861  42.596  -15.854  21.780 0.0000000000
81082  44.104  -11.384  10.954 0.0000000000
112494  50.392  -5.729  7.029 0.0000000000
128355  46.977  -12.439  -1.519 0.0000000000
74780  45.519  -19.357  17.170 0.0000000000
121840  51.529  -7.710  13.424 0.0000000000
125257  45.509  -10.489  2.575 0.0000000000
84822  41.673  -5.546  5.422 0.0000000000
81059  49.643  -11.706  16.525 0.0000000000
78774  44.183  -14.478  17.682 0.0000000000
77224  44.016  -16.175  11.726 0.0000000000
85553  45.323  -5.620  8.654 0.0000000000
85607  44.404  -4.941  2.108 0.0000000000
82507  48.704  -9.179  8.494 0.0000000000
116234  46.463  -5.741  1.461 0.0000000000
86294  40.772  -3.604  6.723 0.0000000000
79533  47.086  -14.688  20.633 0.0000000000
77959  45.361  -17.189  21.205 0.0000000000
77208  44.405  -16.845  14.940 0.0000000000
112702  50.390  -5.114  10.781 0.0000000000
131861  47.444  -5.404  11.522 0.0000000000
85551  47.315  -5.518  8.470 0.0000000000
86316  44.740  -3.816  5.322 0.0000000000
86324  47.566  -3.798  3.986 0.0000000000
81777  45.972  -10.667  14.035 0.0000000000
82472  48.842  -9.413  12.525 0.0000000000
82498  46.536  -9.533  9.799 0.0000000000
81859  48.058  -10.067  -0.966 0.0000000000
83275  45.738  -8.380  2.116 0.0000000000
82569  46.901  -9.008  -2.072 0.0000000000
83312  44.788  -8.210  -2.417 0.0000000000
81168  44.945  -11.697  -1.366 0.0000000000
78869  44.451  -14.215  1.411 0.0000000000
77172  40.539  -16.707  19.378 0.0000000000
75561  44.059  -18.975  20.525 0.0000000000
84783  52.204  -6.978  10.344 0.0000000000
79601  43.893  -13.091  6.847 0.0000000000
81819  45.177  -10.782  6.624 0.0000000000
79635  45.928  -13.042  2.556 0.0000000000
130133  48.197  -11.650  0.586 0.0000000000
127193  52.649  -11.897  19.134 0.0000000000
79530  50.356  -14.015  20.061 0.0000000000
80310  46.651  -12.419  16.869 0.0000000000
80319  44.089  -12.354  14.796 0.0000000000
77182  44.321  -16.728  18.020 0.0000000000
78789  42.742  -14.689  14.670 0.0000000000
79580  42.835  -13.676  10.901 0.0000000000
115978  44.520  -15.444  8.091 0.0000000000
77971  38.362  -15.259  18.458 0.0000000000
129122  45.426  -5.009  12.210 0.0000000000
85526  43.520  -5.614  10.451 0.0000000000
116874  42.866  -3.649  6.057 0.0000000000
85593  43.327  -4.921  4.405 0.0000000000
83277  43.290  -8.512  2.681 0.0000000000
82456  51.157  -10.162  15.200 0.0000000000
82477  51.435  -9.449  11.280 0.0000000000
83236  51.822  -8.113  6.802 0.0000000000
83258  45.829  -8.776  5.512 0.0000000000
84052  47.921  -6.887  4.696 0.0000000000
85592  49.067  -5.380  3.741 0.0000000000
86343  45.945  -3.568  0.785 0.0000000000
83290  43.451  -8.228  0.585 0.0000000000
123373  40.303  -3.892  7.397 0.0000000000
85557  41.206  -4.988  8.733 0.0000000000
77939  44.860  -16.100  22.760 0.0000000000
77948  44.461  -16.722  22.321 0.0000000000
121684  50.358  -5.524  8.261 0.0000000000
85537  49.072  -5.338  9.258 0.0000000000
132950  49.047  -5.399  7.556 0.0000000000
85579  47.218  -5.044  6.703 0.0000000000
85586  49.007  -4.831  4.991 0.0000000000
125297  44.977  -10.668  12.033 0.0000000000
81786  46.107  -9.812  11.911 0.0000000000
81791  45.317  -10.293  9.924 0.0000000000
81867  47.730  -10.263  -1.498 0.0000000000
82564  47.186  -9.082  -1.220 0.0000000000
81868  47.029  -9.952  -1.930 0.0000000000
81869  46.038  -10.181  -2.045 0.0000000000
81167  45.939  -11.771  -1.459 0.0000000000
79663  45.709  -12.997  -0.627 0.0000000000
79662  46.578  -13.375  -0.892 0.0000000000
75568  41.292  -18.356  18.519 0.0000000000
84777  51.840  -5.772  11.749 0.0000000000
119052  51.795  -6.768  12.069 0.0000000000
78812  44.613  -14.173  5.805 0.0000000000
79608  44.490  -13.372  5.290 0.0000000000
78841  45.982  -14.136  3.650 0.0000000000
80386  48.514  -12.225  0.936 0.0000000000
80398  50.095  -11.122  0.036 0.0000000000
81149  49.429  -10.793  -0.393 0.0000000000
115896  45.476  -14.028  18.688 0.0000000000
79548  46.913  -13.500  18.545 0.0000000000
79558  45.374  -13.451  17.645 0.0000000000
80314  45.250  -12.125  15.839 0.0000000000
79566  44.235  -13.120  15.907 0.0000000000
75572  45.358  -19.544  18.858 0.0000000000
76398  45.447  -18.727  19.905 0.0000000000
76404  46.013  -18.804  18.067 0.0000000000
127332  44.272  -16.543  13.596 0.0000000000
119673  43.357  -16.288  14.853 0.0000000000
77998  42.619  -15.267  13.170 0.0000000000
78793  42.512  -14.291  12.805 0.0000000000
78004  42.780  -15.026  11.728 0.0000000000
127964  43.223  -14.359  9.808 0.0000000000
78007  44.026  -15.806  10.187 0.0000000000
113159  47.070  -15.737  8.246 0.0000000000
118651  46.396  -5.638  10.416 0.0000000000
85493  47.034  -5.242  12.097 0.0000000000
118650  45.749  -5.528  11.217 0.0000000000
85508  44.790  -5.527  11.202 0.0000000000
85540  44.821  -5.771  9.508 0.0000000000
85555  43.428  -5.389  8.292 0.0000000000
85571  43.950  -5.171  7.616 0.0000000000
87045  44.757  -3.637  4.194 0.0000000000
86326  43.697  -3.943  4.568 0.0000000000
85601  43.938  -5.127  3.547 0.0000000000
84062  43.846  -6.861  3.409 0.0000000000
84845  44.331  -6.185  2.352 0.0000000000
81048  51.574  -12.472  17.704 0.0000000000
81057  52.114  -11.133  16.905 0.0000000000
81768  50.643  -10.993  15.603 0.0000000000
82486  49.081  -9.457  10.398 0.0000000000
130844  49.760  -9.410  11.909 0.0000000000
82495  50.082  -9.357  9.528 0.0000000000
83216  52.052  -9.215  9.020 0.0000000000
83237  50.586  -8.353  6.887 0.0000000000
119682  45.333  -11.098  4.545 0.0000000000
82525  45.520  -9.835  6.599 0.0000000000
82540  45.482  -9.649  3.959 0.0000000000
84072  45.956  -7.534  1.661 0.0000000000
84061  45.952  -7.524  3.458 0.0000000000
84838  46.286  -6.789  2.968 0.0000000000
84829  48.659  -6.102  4.035 0.0000000000
85599  47.795  -4.882  2.763 0.0000000000
85605  48.046  -4.092  2.572 0.0000000000
85618  46.243  -4.489  -0.174 0.0000000000
117881  43.638  -9.648  -1.201 0.0000000000
83297  44.126  -7.696  -1.224 0.0000000000
82565  43.166  -9.257  -0.440 0.0000000000
115948  42.441  -9.479  0.770 0.0000000000
83195  51.485  -8.554  15.693 0.0000000000
86307  40.321  -3.598  6.037 0.0000000000
86306  41.117  -3.477  5.847 0.0000000000
78723  48.331  -14.551  22.520 0.0000000000
78725  46.653  -15.236  23.112 0.0000000000
78748  45.774  -15.891  21.215 0.0000000000
77968  45.146  -15.744  19.912 0.0000000000
76425  45.830  -18.255  16.244 0.0000000000
85504  49.397  -5.177  10.940 0.0000000000
118307  48.064  -5.431  10.159 0.0000000000
85552  46.290  -5.552  8.619 0.0000000000
85569  45.299  -5.002  7.130 0.0000000000
85580  46.133  -5.024  6.946 0.0000000000
86315  45.833  -4.056  5.296 0.0000000000
130024  46.205  -3.099  2.952 0.0000000000
81770  47.481  -10.929  15.400 0.0000000000
81774  49.112  -10.313  14.696 0.0000000000
81780  47.363  -10.005  13.573 0.0000000000
82480  47.533  -9.436  11.422 0.0000000000
82497  47.967  -9.337  9.159 0.0000000000
81845  46.410  -10.465  0.913 0.0000000000
82545  45.543  -9.808  2.495 0.0000000000
82556  46.885  -9.284  -0.134 0.0000000000
83289  46.293  -8.025  0.104 0.0000000000
84081  46.408  -7.111  -1.526 0.0000000000
84869  46.044  -5.956  -2.024 0.0000000000
83310  46.265  -8.014  -3.005 0.0000000000
82578  45.042  -9.164  -2.426 0.0000000000
81158  44.250  -11.803  -1.163 0.0000000000
78879  45.626  -14.160  0.376 0.0000000000
77171  41.481  -16.836  20.198 0.0000000000
76384  43.335  -18.010  21.274 0.0000000000
76399  42.043  -18.340  19.716 0.0000000000
75566  43.779  -19.189  19.665 0.0000000000
74776  43.820  -19.563  18.015 0.0000000000
85503  51.150  -4.973  11.325 0.0000000000
85521  51.322  -5.728  9.686 0.0000000000
84794  51.842  -6.610  8.927 0.0000000000
81097  43.763  -12.047  8.536 0.0000000000
81808  44.835  -10.829  8.635 0.0000000000
80347  44.244  -11.991  7.118 0.0000000000
81127  44.992  -11.869  4.533 0.0000000000
81132  45.409  -11.744  3.039 0.0000000000
128209  47.316  -13.358  1.966 0.0000000000
79646  46.981  -12.821  1.635 0.0000000000
81143  46.809  -11.043  0.841 0.0000000000
81151  47.628  -10.645  0.235 0.0000000000
81866  48.537  -10.586  -1.226 0.0000000000
80414  48.439  -12.144  -1.514 0.0000000000
78895  47.434  -13.845  -1.207 0.0000000000
80297  51.585  -13.161  19.332 0.0000000000
80303  50.161  -12.946  18.163 0.0000000000
79532  48.389  -14.498  20.813 0.0000000000
80300  48.746  -13.399  18.742 0.0000000000
81050  48.259  -12.298  17.260 0.0000000000
120240  46.181  -11.444  15.503 0.0000000000
81073  45.313  -11.160  14.233 0.0000000000
115683  44.276  -11.427  12.779 0.0000000000
77170  44.882  -18.042  21.639 0.0000000000
77969  44.725  -16.288  19.316 0.0000000000
117205  43.895  -15.368  17.916 0.0000000000
77203  44.465  -17.086  16.396 0.0000000000
77989  43.300  -15.851  16.379 0.0000000000
78786  43.534  -14.363  16.155 0.0000000000
115267  43.285  -13.364  14.748 0.0000000000
80327  43.308  -12.361  12.837 0.0000000000
120151  43.353  -12.331  11.218 0.0000000000
133324  43.210  -13.251  9.478 0.0000000000
78803  43.765  -14.132  7.651 0.0000000000
78048  45.528  -15.336  6.115 0.0000000000
78025  45.631  -15.934  8.768 0.0000000000
78034  45.731  -15.624  7.362 0.0000000000
118243  40.259  -15.495  19.775 0.0000000000
77177  39.411  -16.375  18.546 0.0000000000
77186  37.531  -16.234  17.223 0.0000000000
86233  46.992  -4.289  13.213 0.0000000000
85495  44.682  -5.013  11.992 0.0000000000
110949  42.733  -5.442  8.831 0.0000000000
126205  42.438  -4.032  6.765 0.0000000000
86318  41.569  -3.581  5.293 0.0000000000
86303  44.174  -3.950  5.851 0.0000000000
126343  42.585  -3.474  5.418 0.0000000000
85594  42.516  -4.575  4.821 0.0000000000
82458  51.173  -9.430  14.513 0.0000000000
132821  49.895  -9.766  13.570 0.0000000000
82464  50.568  -9.592  13.324 0.0000000000
83200  51.669  -8.893  12.176 0.0000000000
83205  52.424  -9.102  10.306 0.0000000000
84022  52.303  -8.114  7.519 0.0000000000
84806  52.016  -7.409  6.653 0.0000000000
81807  45.403  -10.140  8.166 0.0000000000
82516  46.495  -9.322  7.541 0.0000000000
83240  46.963  -8.877  7.039 0.0000000000
83264  45.655  -8.663  4.416 0.0000000000
83257  46.579  -8.225  5.687 0.0000000000
83248  48.527  -8.121  6.431 0.0000000000
84039  49.410  -7.497  5.717 0.0000000000
84818  50.896  -6.286  4.475 0.0000000000
85576  50.933  -5.851  4.389 0.0000000000
86312  49.161  -4.842  4.065 0.0000000000
87049  47.000  -3.068  2.356 0.0000000000
87057  45.586  -3.355  1.377 0.0000000000
85632  45.253  -5.422  -1.534 0.0000000000
84859  44.717  -5.373  -0.023 0.0000000000
84852  44.467  -5.807  1.052 0.0000000000
83282  43.631  -8.050  1.405 0.0000000000
78858  44.099  -14.596  2.157 0.0000000000
85543  41.383  -5.262  9.536 0.0000000000
77941  42.992  -15.271  22.243 0.0000000000
77940  43.946  -15.797  22.750 0.0000000000
77949  43.499  -16.374  22.187 0.0000000000
112566  49.377  -5.441  8.118 0.0000000000
85566  49.445  -5.332  6.562 0.0000000000
81789  44.806  -10.742  11.294 0.0000000000
118976  45.462  -10.241  11.619 0.0000000000
81792  44.722  -10.795  10.403 0.0000000000
81165  47.746  -11.047  -1.653 0.0000000000
119241  47.227  -10.749  -1.768 0.0000000000
81166  46.903  -11.622  -1.695 0.0000000000
118527  46.442  -10.898  -1.809 0.0000000000
122234  46.512  -12.124  -1.479 0.0000000000
79673  46.284  -12.568  -1.173 0.0000000000
79672  47.008  -13.058  -1.330 0.0000000000
84003  51.441  -7.599  14.292 0.0000000000
122445  51.670  -6.796  13.709 0.0000000000
119028  51.748  -6.728  12.912 0.0000000000
84005  51.637  -7.804  12.548 0.0000000000
78817  45.472  -14.772  4.989 0.0000000000
78818  44.953  -14.116  4.970 0.0000000000
78827  45.617  -14.379  4.405 0.0000000000
116368  50.862  -11.440  0.378 0.0000000000
80397  50.829  -11.219  -0.287 0.0000000000
81148  50.577  -11.284  -0.820 0.0000000000
84047  42.272  -6.732  5.390 0.0000000000
79549  44.847  -14.007  17.929 0.0000000000
79559  44.663  -13.636  17.195 0.0000000000
79562  44.581  -13.222  16.555 0.0000000000
74774  45.481  -19.600  18.080 0.0000000000
75571  45.803  -19.392  18.425 0.0000000000
75579  45.912  -19.195  17.663 0.0000000000
77218  43.606  -16.028  12.297 0.0000000000
116365  43.403  -16.114  13.135 0.0000000000
78000  43.010  -15.476  12.373 0.0000000000
78003  43.362  -15.578  11.650 0.0000000000
78009  43.082  -15.090  10.985 0.0000000000
78008  43.703  -15.696  10.923 0.0000000000
85539  45.814  -5.684  9.523 0.0000000000
85524  45.314  -5.707  10.395 0.0000000000
85554  44.367  -5.611  8.564 0.0000000000
86332  44.691  -3.789  2.954 0.0000000000
86325  44.423  -3.813  3.946 0.0000000000
85600  44.394  -4.623  2.813 0.0000000000
85608  44.268  -5.503  2.611 0.0000000000
81761  50.652  -11.595  16.307 0.0000000000
81065  49.812  -11.094  15.835 0.0000000000
82496  48.921  -9.388  9.373 0.0000000000
83218  49.875  -9.123  8.582 0.0000000000
83228  49.594  -8.818  7.736 0.0000000000
81840  45.421  -10.921  3.182 0.0000000000
81835  45.413  -10.530  4.038 0.0000000000
116148  45.439  -10.161  3.239 0.0000000000
84851  46.231  -6.515  1.043 0.0000000000
84843  46.190  -6.687  2.080 0.0000000000
84837  46.960  -6.038  3.251 0.0000000000
112986  46.792  -4.562  1.325 0.0000000000
84850  46.508  -5.156  0.396 0.0000000000
81861  43.631  -10.657  -1.256 0.0000000000
116646  42.902  -11.043  -0.775 0.0000000000
131360  42.524  -10.499  -0.231 0.0000000000
86283  41.017  -4.314  7.793 0.0000000000
79506  47.107  -14.568  23.224 0.0000000000
79507  46.055  -14.642  23.301 0.0000000000
77947  45.052  -16.748  22.090 0.0000000000
78735  45.518  -16.257  22.455 0.0000000000
124842  45.409  -16.495  21.496 0.0000000000
86252  50.121  -4.913  11.661 0.0000000000
130423  48.372  -5.439  8.376 0.0000000000
111175  47.782  -5.481  9.303 0.0000000000
85538  46.793  -5.639  9.412 0.0000000000
85568  46.777  -5.382  7.676 0.0000000000
86301  47.719  -4.639  5.664 0.0000000000
86302  46.502  -4.624  6.010 0.0000000000
86314  47.028  -4.189  5.036 0.0000000000
87038  46.363  -3.674  4.383 0.0000000000
87043  46.815  -3.376  3.371 0.0000000000
81776  46.635  -10.683  14.492 0.0000000000
81775  47.366  -10.372  14.279 0.0000000000
127847  46.678  -10.355  13.823 0.0000000000
82488  46.385  -9.568  10.623 0.0000000000
82481  46.643  -9.556  11.299 0.0000000000
82487  47.210  -9.429  10.533 0.0000000000
133183  47.371  -9.427  9.713 0.0000000000
127788  47.131  -9.460  9.006 0.0000000000
122428  46.958  -9.926  0.184 0.0000000000
81853  46.279  -9.716  0.811 0.0000000000
81860  47.479  -9.582  -0.747 0.0000000000
83288  46.733  -8.581  -0.553 0.0000000000
83295  46.839  -8.399  -1.694 0.0000000000
83296  46.585  -7.815  -1.050 0.0000000000
123829  46.568  -7.610  -2.124 0.0000000000
84093  46.261  -7.427  -2.759 0.0000000000
82576  46.483  -8.576  -2.627 0.0000000000
117160  45.430  -11.023  -1.742 0.0000000000
81870  45.094  -10.230  -2.038 0.0000000000
81169  44.409  -11.057  -1.557 0.0000000000
133636  44.672  -12.021  -1.103 0.0000000000
79664  44.818  -12.771  -0.423 0.0000000000
78888  46.079  -13.743  -0.305 0.0000000000
76394  42.221  -17.806  20.385 0.0000000000
76395  41.396  -17.557  19.689 0.0000000000
75567  42.383  -18.686  19.122 0.0000000000
75573  43.131  -19.149  18.578 0.0000000000
125041  51.992  -6.059  11.004 0.0000000000
85520  51.827  -5.856  10.450 0.0000000000
84784  51.997  -6.381  9.745 0.0000000000
122773  43.561  -12.686  8.000 0.0000000000
81105  43.984  -12.000  7.730 0.0000000000
80348  43.862  -12.592  7.262 0.0000000000
79624  45.095  -12.986  3.769 0.0000000000
115544  44.585  -12.626  4.879 0.0000000000
80368  44.852  -12.635  4.245 0.0000000000
80367  45.190  -12.221  3.751 0.0000000000
80374  45.482  -12.589  3.093 0.0000000000
78857  47.245  -13.969  2.557 0.0000000000
79633  48.062  -13.495  2.017 0.0000000000
79645  47.835  -12.919  1.465 0.0000000000
80387  47.553  -12.230  1.079 0.0000000000
80388  46.602  -11.986  1.363 0.0000000000
81142  47.506  -11.404  0.676 0.0000000000
81150  48.474  -10.805  0.054 0.0000000000
81163  49.972  -11.154  -1.210 0.0000000000
81157  49.459  -10.667  -1.058 0.0000000000
81164  49.065  -11.218  -1.347 0.0000000000
116897  48.277  -11.383  -1.538 0.0000000000
79515  50.231  -13.926  20.855 0.0000000000
80281  51.042  -13.348  20.340 0.0000000000
80298  50.844  -13.571  19.261 0.0000000000
80299  49.817  -13.545  18.977 0.0000000000
79517  48.040  -14.939  22.014 0.0000000000
117244  48.932  -14.589  21.833 0.0000000000
80306  46.959  -12.991  17.718 0.0000000000
80301  47.747  -13.424  18.589 0.0000000000
80305  47.995  -12.891  17.867 0.0000000000
80309  47.434  -12.502  17.212 0.0000000000
81061  47.426  -11.921  16.563 0.0000000000
81062  46.432  -11.845  16.204 0.0000000000
80315  44.576  -12.378  15.413 0.0000000000
81069  45.277  -11.657  15.124 0.0000000000
129351  44.742  -11.609  14.373 0.0000000000
81076  44.623  -11.372  13.562 0.0000000000
81077  43.867  -11.853  13.240 0.0000000000
76393  44.034  -18.673  21.116 0.0000000000
76383  44.348  -18.346  21.552 0.0000000000
76392  44.669  -18.581  20.877 0.0000000000
76405  45.448  -17.854  18.503 0.0000000000
119839  45.064  -17.235  19.136 0.0000000000
117038  43.931  -16.150  18.096 0.0000000000
77202  45.244  -17.419  15.749 0.0000000000
76426  45.572  -17.766  16.552 0.0000000000
118244  44.092  -16.836  15.512 0.0000000000
127731  42.820  -15.493  14.580 0.0000000000
77204  43.500  -16.385  15.821 0.0000000000
77994  43.052  -15.450  15.427 0.0000000000
78783  43.317  -15.039  16.235 0.0000000000
78787  43.177  -14.523  15.510 0.0000000000
116731  43.565  -13.709  15.578 0.0000000000
79567  43.066  -13.997  14.975 0.0000000000
79575  42.668  -13.654  12.185 0.0000000000
119502  42.671  -13.489  12.830 0.0000000000
80328  42.907  -12.952  12.445 0.0000000000
80329  43.304  -12.361  12.016 0.0000000000
80332  43.101  -12.899  10.650 0.0000000000
80334  43.258  -12.774  9.810 0.0000000000
79579  43.059  -13.580  10.024 0.0000000000
78026  43.978  -15.356  8.717 0.0000000000
78800  43.610  -14.485  8.462 0.0000000000
78036  44.071  -14.946  7.861 0.0000000000
78802  44.289  -14.566  7.118 0.0000000000
78035  44.749  -15.262  7.356 0.0000000000
78015  46.106  -16.008  9.655 0.0000000000
112889  46.110  -15.764  8.082 0.0000000000
78046  46.866  -15.611  6.574 0.0000000000
77970  39.078  -15.578  18.805 0.0000000000
77178  38.726  -16.042  18.144 0.0000000000
77184  39.123  -16.825  17.939 0.0000000000
85494  46.085  -5.258  12.019 0.0000000000
86240  46.578  -4.809  12.633 0.0000000000
123560  45.868  -4.776  12.530 0.0000000000
86234  46.112  -4.107  12.996 0.0000000000
86241  45.196  -4.317  12.573 0.0000000000
129338  44.020  -5.565  10.990 0.0000000000
113915  42.807  -5.591  9.837 0.0000000000
129256  43.165  -4.865  7.449 0.0000000000
126427  42.550  -4.843  7.827 0.0000000000
86305  41.972  -3.372  5.732 0.0000000000
86291  45.283  -4.464  6.202 0.0000000000
86292  44.386  -4.669  6.802 0.0000000000
112866  43.637  -4.418  4.323 0.0000000000
127801  43.078  -3.604  5.057 0.0000000000
86327  42.839  -3.952  4.809 0.0000000000
84832  43.067  -5.724  4.610 0.0000000000
84055  43.344  -6.713  4.261 0.0000000000
83271  43.724  -7.716  2.966 0.0000000000
81748  52.730  -11.102  18.220 0.0000000000
81766  51.562  -10.637  15.987 0.0000000000
82445  52.082  -10.218  16.466 0.0000000000
134164  51.699  -10.063  15.730 0.0000000000
82455  51.463  -9.439  15.302 0.0000000000
81779  48.327  -10.039  14.017 0.0000000000
82461  49.455  -10.028  14.064 0.0000000000
82466  49.060  -9.657  13.382 0.0000000000
82478  50.653  -9.570  11.233 0.0000000000
82471  50.825  -9.587  12.154 0.0000000000
82470  51.218  -9.415  12.655 0.0000000000
82476  51.491  -9.423  11.901 0.0000000000
83202  52.045  -9.109  11.270 0.0000000000
83203  51.938  -9.380  10.643 0.0000000000
83226  51.988  -8.728  7.977 0.0000000000
84017  52.390  -8.561  8.670 0.0000000000
84037  51.605  -7.250  5.909 0.0000000000
81820  44.971  -11.021  7.186 0.0000000000
81813  45.301  -10.339  7.323 0.0000000000
127470  45.797  -9.167  6.214 0.0000000000
82517  45.743  -9.669  7.440 0.0000000000
82524  46.090  -9.197  6.863 0.0000000000
83250  46.540  -8.657  6.300 0.0000000000
82551  45.781  -9.232  1.650 0.0000000000
116767  45.579  -8.971  2.731 0.0000000000
132143  45.663  -8.349  2.753 0.0000000000
84053  46.792  -7.357  4.538 0.0000000000
84054  45.933  -7.763  4.192 0.0000000000
84046  47.211  -7.662  5.267 0.0000000000
83256  47.548  -8.008  6.016 0.0000000000
133541  48.431  -7.761  5.929 0.0000000000
129306  48.504  -7.305  5.327 0.0000000000
84828  49.737  -5.885  3.960 0.0000000000
84819  50.252  -6.209  4.221 0.0000000000
85591  49.630  -5.399  3.979 0.0000000000
85585  49.973  -5.420  4.289 0.0000000000
85597  48.971  -4.843  3.617 0.0000000000
86342  46.615  -3.468  1.051 0.0000000000
86337  47.447  -3.292  1.924 0.0000000000
87060  46.502  -3.181  1.337 0.0000000000
87056  46.132  -3.075  1.730 0.0000000000
86344  45.141  -4.042  0.811 0.0000000000
84874  45.440  -6.776  -2.517 0.0000000000
85631  45.805  -5.352  -1.573 0.0000000000
84871  44.920  -6.222  -1.884 0.0000000000
83298  43.736  -7.631  -0.256 0.0000000000
84083  44.340  -6.823  -1.080 0.0000000000
84078  44.246  -6.496  0.151 0.0000000000
111021  43.821  -7.358  0.821 0.0000000000
84068  44.104  -7.238  1.661 0.0000000000
127722  42.090  -10.257  0.389 0.0000000000
79647  44.019  -13.559  0.913 0.0000000000
86284  40.429  -4.363  8.312 0.0000000000
116291  45.455  -15.428  23.101 0.0000000000
115440  44.406  -15.392  23.039 0.0000000000
77157  44.882  -17.459  22.081 0.0000000000
85536  50.384  -5.401  9.335 0.0000000000
85522  49.762  -5.260  10.126 0.0000000000
85567  48.020  -5.273  7.425 0.0000000000
85578  48.496  -4.992  6.203 0.0000000000
86313  48.245  -4.329  4.570 0.0000000000
81782  45.377  -10.768  13.413 0.0000000000
81781  46.105  -10.331  13.302 0.0000000000
81787  45.594  -10.351  12.536 0.0000000000
82482  45.913  -9.753  11.107 0.0000000000
82489  45.837  -9.764  10.302 0.0000000000
82563  47.386  -9.657  -1.416 0.0000000000
82570  46.445  -9.266  -2.332 0.0000000000
80416  45.241  -12.298  -0.989 0.0000000000
78878  46.399  -14.553  -0.019 0.0000000000
76401  39.957  -17.160  18.500 0.0000000000
76400  40.960  -17.860  19.009 0.0000000000
76406  40.421  -17.950  18.107 0.0000000000
85489  51.884  -5.167  12.554 0.0000000000
84775  51.878  -5.907  12.474 0.0000000000
124252  52.014  -6.881  11.239 0.0000000000
79600  44.214  -13.386  6.194 0.0000000000
79623  45.394  -13.650  4.044 0.0000000000
117430  45.655  -13.372  3.332 0.0000000000
79644  48.826  -12.851  1.444 0.0000000000
80385  49.733  -11.939  0.790 0.0000000000
80399  49.100  -11.375  0.353 0.0000000000
81156  50.155  -10.918  -0.717 0.0000000000
79534  46.030  -14.528  19.749 0.0000000000
118428  46.445  -13.945  19.149 0.0000000000
79557  46.145  -13.396  18.131 0.0000000000
80307  45.982  -12.861  17.283 0.0000000000
80311  45.729  -12.326  16.475 0.0000000000
79561  45.200  -12.968  16.898 0.0000000000
80312  44.922  -12.653  16.195 0.0000000000
80316  43.840  -12.899  15.170 0.0000000000
75565  44.920  -19.214  19.784 0.0000000000
75564  45.794  -19.292  19.096 0.0000000000
113012  44.857  -16.813  14.358 0.0000000000
117122  43.759  -16.471  14.111 0.0000000000
77209  42.935  -15.865  13.944 0.0000000000
77996  42.574  -15.190  14.027 0.0000000000
78792  42.523  -14.500  13.743 0.0000000000
78794  42.600  -14.367  11.961 0.0000000000
78797  42.768  -14.420  11.239 0.0000000000
78796  43.006  -14.394  10.486 0.0000000000
111707  43.414  -15.149  10.140 0.0000000000
78017  43.807  -15.441  9.531 0.0000000000
78024  46.556  -15.867  8.969 0.0000000000
85506  47.324  -5.527  10.791 0.0000000000
85507  46.650  -5.469  11.376 0.0000000000
125712  45.339  -5.301  11.744 0.0000000000
85525  44.368  -5.717  10.357 0.0000000000
85541  43.733  -5.720  9.437 0.0000000000
86293  43.412  -4.471  6.795 0.0000000000
119055  44.403  -3.627  4.814 0.0000000000
87040  43.854  -3.579  5.192 0.0000000000
87046  43.953  -3.693  4.694 0.0000000000
84831  43.597  -5.911  3.848 0.0000000000
84839  44.083  -6.106  3.001 0.0000000000
117291  44.264  -6.970  2.493 0.0000000000
81047  52.208  -11.978  17.808 0.0000000000
81058  51.514  -11.916  16.891 0.0000000000
81760  51.308  -11.241  16.138 0.0000000000
81767  50.538  -10.396  14.981 0.0000000000
82479  48.650  -9.368  11.501 0.0000000000
113791  49.679  -9.422  11.103 0.0000000000
82485  50.365  -9.489  10.418 0.0000000000
83207  51.267  -9.478  9.651 0.0000000000
83206  52.048  -9.393  9.921 0.0000000000
83217  51.132  -9.211  8.680 0.0000000000
83227  50.976  -8.804  7.702 0.0000000000
81118  45.221  -11.191  5.230 0.0000000000
81825  45.335  -10.490  5.888 0.0000000000
81829  45.459  -10.377  4.982 0.0000000000
82530  45.563  -9.640  5.713 0.0000000000
82535  45.577  -9.489  4.871 0.0000000000
83281  45.958  -8.274  1.166 0.0000000000
84067  45.850  -7.664  2.692 0.0000000000
84060  46.434  -7.023  3.784 0.0000000000
84830  47.429  -6.539  3.991 0.0000000000
84836  48.113  -5.578  3.497 0.0000000000
85598  48.516  -4.785  3.254 0.0000000000
85606  47.483  -4.096  1.999 0.0000000000
123988  47.053  -3.513  1.415 0.0000000000
86349  46.188  -3.922  0.333 0.0000000000
82571  44.233  -9.007  -1.861 0.0000000000
83304  44.264  -8.162  -1.739 0.0000000000
83305  43.698  -8.555  -0.999 0.0000000000
82558  43.329  -8.506  -0.142 0.0000000000
82559  42.950  -8.966  0.329 0.0000000000
81854  42.618  -9.730  0.006 0.0000000000
86295  39.869  -3.767  6.772 0.0000000000
86319  40.851  -3.860  5.513 0.0000000000
78724  47.549  -14.862  22.799 0.0000000000
78746  47.092  -15.393  22.315 0.0000000000
78734  46.205  -15.805  22.558 0.0000000000
78747  46.272  -15.305  20.992 0.0000000000
78760  45.444  -14.909  19.785 0.0000000000
78761  44.778  -14.665  18.686 0.0000000000
120235  45.862  -18.888  16.943 0.0000000000
131656  45.896  -17.794  15.455 0.0000000000
77207  45.597  -17.251  15.037 0.0000000000
77212  45.324  -16.693  13.812 0.0000000000
77217  44.416  -16.421  12.790 0.0000000000
77232  44.442  -16.128  11.032 0.0000000000
127542  48.978  -5.111  11.639 0.0000000000
85505  48.285  -5.373  11.099 0.0000000000
126928  48.888  -5.300  10.325 0.0000000000
85523  47.252  -5.604  10.040 0.0000000000
110881  45.782  -5.358  7.830 0.0000000000
87039  45.231  -3.642  4.639 0.0000000000
87044  45.707  -3.384  3.784 0.0000000000
111261  45.295  -3.376  3.158 0.0000000000
134166  48.192  -10.851  15.578 0.0000000000
81769  48.970  -10.713  15.371 0.0000000000
115970  48.060  -10.465  14.929 0.0000000000
82467  48.064  -9.642  13.125 0.0000000000
114787  46.405  -9.918  12.683 0.0000000000
82474  46.923  -9.619  12.088 0.0000000000
82473  47.832  -9.460  12.268 0.0000000000
129831  48.078  -9.402  10.787 0.0000000000
113991  48.077  -9.423  10.006 0.0000000000
81846  45.746  -10.339  1.690 0.0000000000
82557  46.320  -8.865  0.593 0.0000000000
84077  46.127  -7.348  0.595 0.0000000000
84858  46.314  -6.272  -0.161 0.0000000000
84857  46.274  -5.268  -0.764 0.0000000000
84863  46.279  -6.193  -1.400 0.0000000000
84088  45.964  -6.695  -2.533 0.0000000000
83311  45.587  -8.122  -2.853 0.0000000000
82577  45.990  -8.757  -2.753 0.0000000000
81871  44.344  -10.028  -1.745 0.0000000000
81159  43.614  -11.464  -1.061 0.0000000000
80400  44.004  -12.626  -0.286 0.0000000000
78880  44.814  -13.826  0.670 0.0000000000
79654  45.233  -13.413  -0.010 0.0000000000
78868  45.255  -14.544  1.119 0.0000000000
77950  41.765  -15.854  21.003 0.0000000000
77159  42.902  -16.843  21.591 0.0000000000
77160  42.294  -17.093  20.882 0.0000000000
120360  43.177  -18.585  20.564 0.0000000000
131521  41.617  -18.348  19.086 0.0000000000
75562  43.114  -18.837  20.002 0.0000000000
74771  44.462  -19.560  18.998 0.0000000000
74775  44.872  -19.722  18.384 0.0000000000
127268  51.170  -4.743  12.086 0.0000000000
85502  51.654  -5.432  11.189 0.0000000000
125003  51.213  -5.288  10.588 0.0000000000
128768  50.591  -5.298  10.110 0.0000000000
85535  51.227  -6.027  8.565 0.0000000000
84801  51.405  -6.426  7.299 0.0000000000
81085  44.135  -11.398  9.959 0.0000000000
81798  44.745  -10.818  9.503 0.0000000000
81088  44.213  -11.410  9.043 0.0000000000
81104  44.539  -11.464  7.450 0.0000000000
81112  44.666  -11.553  6.690 0.0000000000
80360  44.391  -12.609  5.679 0.0000000000
121237  44.556  -11.957  6.023 0.0000000000
81111  44.990  -11.316  5.975 0.0000000000
81126  45.316  -11.403  3.855 0.0000000000
81137  45.579  -11.166  2.315 0.0000000000
78840  46.751  -14.473  3.337 0.0000000000
79622  46.328  -13.767  2.917 0.0000000000
79634  46.630  -13.331  2.231 0.0000000000
80379  46.302  -12.714  1.948 0.0000000000
80380  45.775  -12.119  2.174 0.0000000000
80389  45.979  -11.241  1.462 0.0000000000
129548  47.095  -10.429  0.414 0.0000000000
81852  47.632  -10.102  -0.230 0.0000000000
81850  48.784  -10.503  -0.728 0.0000000000
80415  47.624  -11.994  -1.586 0.0000000000
120380  47.732  -12.970  -1.452 0.0000000000
79671  48.214  -13.901  -1.404 0.0000000000
127989  52.139  -12.636  19.474 0.0000000000
80302  51.208  -12.987  18.343 0.0000000000
111645  50.633  -12.358  17.229 0.0000000000
81049  49.358  -12.302  17.262 0.0000000000
78722  48.864  -14.271  22.348 0.0000000000
79531  49.575  -14.297  20.780 0.0000000000
110903  47.491  -13.976  19.497 0.0000000000
79547  48.578  -13.923  19.646 0.0000000000
79546  49.498  -13.937  19.655 0.0000000000
80304  49.025  -12.864  18.004 0.0000000000
81060  48.535  -11.740  16.620 0.0000000000
81067  47.869  -11.304  16.027 0.0000000000
81068  46.726  -11.026  15.144 0.0000000000
81072  45.989  -11.058  14.785 0.0000000000
81063  45.758  -11.812  15.873 0.0000000000
81783  44.827  -10.924  12.726 0.0000000000
81079  44.332  -11.224  11.972 0.0000000000
77158  44.136  -17.612  22.044 0.0000000000
77176  45.350  -17.979  20.610 0.0000000000
78762  44.398  -15.231  18.595 0.0000000000
76412  45.932  -18.543  17.100 0.0000000000
76413  45.454  -17.759  17.327 0.0000000000
77191  44.349  -16.926  17.326 0.0000000000
77192  43.678  -16.497  16.597 0.0000000000
77183  43.631  -16.261  17.241 0.0000000000
77979  43.503  -15.515  17.098 0.0000000000
78782  43.666  -14.734  16.930 0.0000000000
79563  44.004  -13.877  16.578 0.0000000000
80320  43.587  -12.679  14.430 0.0000000000
79572  42.667  -13.685  13.489 0.0000000000
79569  43.023  -13.128  13.996 0.0000000000
80324  43.418  -12.472  13.646 0.0000000000
81083  43.719  -11.804  11.608 0.0000000000
132934  43.659  -11.869  11.039 0.0000000000
81086  43.565  -12.081  10.427 0.0000000000
79582  43.338  -12.857  8.933 0.0000000000
79584  43.453  -13.547  8.259 0.0000000000
116493  43.281  -13.843  9.164 0.0000000000
79591  43.996  -13.766  6.944 0.0000000000
126826  44.365  -14.188  6.484 0.0000000000
78811  45.145  -14.811  5.588 0.0000000000
78061  45.797  -15.248  5.387 0.0000000000
77231  44.807  -16.110  10.274 0.0000000000
78016  44.378  -15.809  9.457 0.0000000000
77240  44.757  -15.810  8.700 0.0000000000
110919  45.211  -15.682  7.924 0.0000000000
133050  45.242  -15.514  7.359 0.0000000000
111030  45.323  -15.415  6.862 0.0000000000
78047  46.308  -15.516  5.934 0.0000000000
129776  40.946  -15.965  20.135 0.0000000000
77961  39.503  -15.048  19.514 0.0000000000
77173  39.751  -15.980  19.125 0.0000000000
134247  39.883  -16.583  18.877 0.0000000000
77980  37.954  -15.753  17.813 0.0000000000
77185  38.353  -16.488  17.527 0.0000000000
77193  37.980  -16.877  16.869 0.0000000000
86242  44.244  -4.213  12.370 0.0000000000
85509  44.120  -5.270  11.478 0.0000000000
86253  43.788  -4.773  11.876 0.0000000000
85542  41.992  -5.407  9.250 0.0000000000
85556  41.868  -4.896  8.303 0.0000000000
86282  41.679  -4.064  7.306 0.0000000000
114669  41.555  -3.525  6.419 0.0000000000
85587  41.571  -4.360  5.110 0.0000000000
85570  44.860  -5.332  7.781 0.0000000000
86304  43.629  -4.044  6.197 0.0000000000
87035  43.309  -3.618  5.581 0.0000000000
86317  42.218  -3.449  5.107 0.0000000000
118619  42.017  -3.746  4.925 0.0000000000
84821  42.379  -5.567  5.085 0.0000000000
126366  52.486  -10.214  17.640 0.0000000000
125743  51.333  -8.570  14.833 0.0000000000
83197  51.299  -8.625  13.950 0.0000000000
81773  49.905  -10.616  15.157 0.0000000000
132537  49.903  -10.282  14.605 0.0000000000
82460  50.221  -10.000  14.159 0.0000000000
82465  49.865  -9.531  12.836 0.0000000000
82459  50.695  -9.805  14.340 0.0000000000
82463  51.096  -9.386  13.600 0.0000000000
83199  51.412  -8.727  13.048 0.0000000000
122525  51.884  -7.950  11.677 0.0000000000
84008  52.319  -8.164  10.773 0.0000000000
84010  52.499  -8.364  9.794 0.0000000000
83215  52.426  -9.089  9.502 0.0000000000
84793  52.280  -7.409  9.297 0.0000000000
84799  52.282  -7.609  8.362 0.0000000000
84800  51.954  -7.028  7.816 0.0000000000
84807  51.620  -6.561  5.978 0.0000000000
81797  45.334  -10.304  9.075 0.0000000000
134091  45.748  -9.803  8.733 0.0000000000
82510  46.028  -9.581  8.152 0.0000000000
122187  46.311  -9.590  8.876 0.0000000000
82509  46.852  -9.432  8.234 0.0000000000
82508  47.732  -9.251  8.376 0.0000000000
83229  48.383  -8.904  7.751 0.0000000000
125295  45.485  -9.544  3.186 0.0000000000
125085  45.540  -9.039  3.544 0.0000000000
83270  45.669  -8.262  3.442 0.0000000000
83263  46.109  -7.968  5.059 0.0000000000
83249  47.463  -8.460  6.619 0.0000000000
83239  47.941  -8.632  7.127 0.0000000000
83238  49.151  -8.500  7.027 0.0000000000
83247  50.041  -7.882  6.265 0.0000000000
84029  51.274  -7.764  6.126 0.0000000000
84820  49.235  -6.491  4.496 0.0000000000
84045  50.027  -6.784  4.833 0.0000000000
84038  50.988  -7.142  5.340 0.0000000000
125820  51.428  -6.473  5.070 0.0000000000
85565  51.003  -5.800  5.469 0.0000000000
85577  49.856  -5.360  5.306 0.0000000000
86330  48.377  -4.390  3.177 0.0000000000
86331  47.798  -3.672  2.884 0.0000000000
87051  45.365  -3.256  2.169 0.0000000000
86338  44.758  -3.965  1.884 0.0000000000
85624  45.997  -4.748  -1.025 0.0000000000
86356  45.585  -4.591  -0.592 0.0000000000
84864  44.662  -5.766  -0.989 0.0000000000
86351  45.194  -4.583  -0.033 0.0000000000
85619  44.802  -4.868  0.624 0.0000000000
85613  44.601  -4.860  1.395 0.0000000000
84844  44.408  -5.697  1.910 0.0000000000
84853  44.340  -6.468  1.796 0.0000000000
83283  43.219  -8.666  1.921 0.0000000000
83291  43.039  -8.787  1.119 0.0000000000
82552  42.536  -9.357  1.586 0.0000000000
78887  46.852  -14.227  -0.711 0.0000000000
78033  46.551  -15.672  7.377 0.0000000000
78049  44.805  -14.907  6.438 0.0000000000
78798  43.503  -14.815  9.285 0.0000000000
78826  46.372  -14.788  4.067 0.0000000000
79505  47.987  -14.411  22.965 0.0000000000
79570  42.801  -13.863  14.293 0.0000000000
79577  42.691  -13.824  11.554 0.0000000000
79613  44.815  -13.308  4.486 0.0000000000
80323  44.069  -11.985  14.138 0.0000000000
80325  42.908  -12.966  13.225 0.0000000000
80330  42.929  -13.078  11.562 0.0000000000
80354  44.213  -12.437  6.523 0.0000000000
81066  48.817  -11.208  16.007 0.0000000000
81074  44.521  -11.964  14.780 0.0000000000
81080  43.765  -11.806  12.412 0.0000000000
81089  43.648  -12.071  9.440 0.0000000000
81096  44.382  -11.432  8.199 0.0000000000
81119  44.720  -11.920  5.355 0.0000000000
81735  53.066  -10.850  19.354 0.0000000000
81814  44.921  -10.872  7.827 0.0000000000
81851  48.183  -10.347  -0.367 0.0000000000
81862  43.057  -10.160  -0.661 0.0000000000
81874  45.709  -9.553  -2.359 0.0000000000
82468  47.188  -9.732  12.854 0.0000000000
82484  51.370  -9.548  10.526 0.0000000000
82499  45.795  -9.784  9.463 0.0000000000
82515  47.397  -9.099  7.667 0.0000000000
83276  43.777  -7.870  2.181 0.0000000000
83303  46.565  -8.195  -2.554 0.0000000000
84073  44.190  -6.688  1.165 0.0000000000
84082  46.307  -7.158  -0.554 0.0000000000
84087  46.266  -6.783  -2.237 0.0000000000
84089  44.651  -7.286  -2.081 0.0000000000
84094  45.896  -7.341  -2.965 0.0000000000
84095  45.272  -7.500  -2.717 0.0000000000
84827  50.404  -5.844  4.125 0.0000000000
84842  46.710  -5.529  2.283 0.0000000000
84870  45.625  -6.012  -2.067 0.0000000000
85612  46.553  -4.053  0.715 0.0000000000
85625  45.544  -4.958  -1.160 0.0000000000
85626  45.110  -4.976  -0.848 0.0000000000
85630  46.098  -5.393  -1.454 0.0000000000
86323  48.455  -4.281  3.653 0.0000000000
86333  44.205  -4.305  3.766 0.0000000000
86350  45.650  -4.132  0.136 0.0000000000
86355  45.937  -4.304  -0.338 0.0000000000
87050  46.199  -3.042  2.278 0.0000000000
87055  46.909  -2.903  1.711 0.0000000000
110801  47.003  -11.444  15.779 0.0000000000
118783  45.358  -10.258  10.779 0.0000000000
124858  43.665  -13.295  7.467 0.0000000000
125272  47.030  -3.091  1.471 0.0000000000
127823  51.079  -10.763  15.543 0.0000000000
130281  45.482  -10.027  4.462 0.0000000000
130706  51.978  -12.666  18.569 0.0000000000
132602  47.235  -10.689  14.848 0.0000000000
132614  48.411  -14.333  22.701 0.0000000000
132680  45.192  -13.847  4.487 0.0000000000
132683  46.719  -10.031  13.268 0.0000000000
134411  42.583  -14.936  12.376 0.0000000000
