#!ascii label  , from subject sub-v1s12x0050114_ses-1 vox2ras=TkReg
1105
41372  8.716  -57.088  46.888 0.0000000000
121394  1.117  -58.904  33.151 0.0000000000
36169  2.492  -61.926  46.361 0.0000000000
45080  1.309  -53.676  45.331 0.0000000000
127509  1.764  -46.950  38.886 0.0000000000
123303  5.910  -59.048  49.248 0.0000000000
131198  3.596  -55.043  49.710 0.0000000000
40384  13.066  -59.101  46.632 0.0000000000
37253  8.588  -59.928  45.989 0.0000000000
34127  4.534  -63.348  46.033 0.0000000000
51564  2.943  -47.218  48.311 0.0000000000
47747  1.219  -50.596  42.546 0.0000000000
51610  4.776  -46.780  43.580 0.0000000000
34140  0.254  -63.749  43.797 0.0000000000
39348  0.440  -60.498  42.065 0.0000000000
41373  0.226  -57.506  46.352 0.0000000000
46771  2.295  -50.809  49.255 0.0000000000
41409  3.470  -56.973  39.547 0.0000000000
117086  2.036  -53.231  37.770 0.0000000000
47815  4.807  -50.518  36.019 0.0000000000
53613  2.196  -45.026  33.846 0.0000000000
41358  7.158  -58.076  48.348 0.0000000000
43193  6.034  -55.924  48.601 0.0000000000
41362  10.841  -57.900  47.240 0.0000000000
38271  10.646  -59.790  46.422 0.0000000000
39319  9.314  -59.545  47.804 0.0000000000
38262  7.382  -60.131  47.822 0.0000000000
51581  4.218  -47.060  45.997 0.0000000000
35160  0.921  -63.075  45.082 0.0000000000
38278  0.350  -60.308  45.079 0.0000000000
39321  0.967  -59.614  46.849 0.0000000000
45915  3.976  -52.540  49.524 0.0000000000
45044  2.538  -53.150  50.081 0.0000000000
35149  3.714  -62.803  47.342 0.0000000000
33029  3.285  -65.154  45.863 0.0000000000
33027  1.596  -64.345  45.716 0.0000000000
33034  1.248  -65.048  44.561 0.0000000000
42311  1.697  -58.188  44.191 0.0000000000
113189  1.649  -59.151  41.174 0.0000000000
43236  2.742  -55.505  42.585 0.0000000000
117883  1.342  -48.766  40.641 0.0000000000
45983  2.075  -52.197  40.044 0.0000000000
47795  2.329  -50.621  39.094 0.0000000000
46867  2.289  -51.808  37.471 0.0000000000
49717  2.271  -48.356  37.606 0.0000000000
38258  4.463  -60.330  48.191 0.0000000000
39305  3.167  -58.600  48.150 0.0000000000
41346  4.861  -57.105  49.418 0.0000000000
128770  4.866  -53.901  48.839 0.0000000000
110822  14.053  -58.776  44.033 0.0000000000
40400  11.784  -58.390  42.654 0.0000000000
39336  11.654  -59.278  43.977 0.0000000000
38281  9.275  -59.750  44.767 0.0000000000
36176  5.892  -61.513  45.859 0.0000000000
37246  5.536  -61.159  47.739 0.0000000000
127040  0.818  -50.329  47.234 0.0000000000
116202  1.196  -51.204  43.910 0.0000000000
118384  1.883  -48.515  45.518 0.0000000000
51613  2.622  -47.409  43.370 0.0000000000
52552  2.816  -46.591  41.489 0.0000000000
42305  11.302  -56.223  44.887 0.0000000000
42314  15.722  -56.559  42.275 0.0000000000
42302  17.577  -56.284  44.639 0.0000000000
41366  14.673  -57.672  46.568 0.0000000000
42283  12.971  -56.719  46.414 0.0000000000
129589  0.196  -64.638  41.435 0.0000000000
35200  -0.825  -62.814  40.115 0.0000000000
37267  -0.335  -61.963  42.855 0.0000000000
112163  0.527  -59.404  44.034 0.0000000000
43214  0.738  -55.971  45.901 0.0000000000
118050  1.632  -56.888  48.396 0.0000000000
44137  0.649  -53.964  48.231 0.0000000000
45918  0.944  -52.194  47.685 0.0000000000
115198  2.195  -49.051  49.086 0.0000000000
115098  0.658  -61.670  39.457 0.0000000000
39381  1.550  -60.452  37.643 0.0000000000
41429  2.304  -57.405  36.498 0.0000000000
45099  1.888  -52.938  41.433 0.0000000000
44207  2.095  -54.486  38.417 0.0000000000
127832  1.065  -55.137  35.586 0.0000000000
45133  1.420  -54.507  34.970 0.0000000000
45130  3.624  -53.588  34.760 0.0000000000
51640  6.372  -46.445  40.516 0.0000000000
53543  4.023  -45.119  38.174 0.0000000000
53593  5.382  -43.997  35.825 0.0000000000
129783  1.513  -45.735  36.259 0.0000000000
49749  1.020  -48.321  34.229 0.0000000000
114190  8.635  -57.819  47.502 0.0000000000
42276  7.135  -56.877  47.404 0.0000000000
42287  8.334  -56.574  46.409 0.0000000000
41370  10.309  -57.649  47.093 0.0000000000
132219  10.339  -58.172  47.408 0.0000000000
41363  9.627  -58.121  47.470 0.0000000000
40373  8.182  -59.246  48.273 0.0000000000
111600  1.311  -59.155  32.105 0.0000000000
41463  1.392  -57.970  32.968 0.0000000000
36175  1.553  -62.538  45.500 0.0000000000
37251  1.298  -60.812  45.742 0.0000000000
120678  2.039  -60.381  46.784 0.0000000000
41392  12.646  -57.296  40.948 0.0000000000
35150  3.059  -62.698  47.032 0.0000000000
34130  2.816  -63.789  46.523 0.0000000000
35155  1.904  -63.302  46.103 0.0000000000
34131  1.514  -63.826  45.714 0.0000000000
43221  1.833  -55.845  45.181 0.0000000000
43237  2.566  -56.299  43.328 0.0000000000
44177  2.508  -54.429  43.950 0.0000000000
50662  1.801  -47.969  39.904 0.0000000000
48725  1.931  -49.684  40.232 0.0000000000
49705  2.147  -48.533  39.148 0.0000000000
48763  2.372  -48.990  38.399 0.0000000000
49719  2.149  -47.943  38.127 0.0000000000
38257  5.125  -60.374  48.548 0.0000000000
39302  4.962  -58.814  49.180 0.0000000000
40370  5.445  -58.539  49.321 0.0000000000
43194  5.515  -55.470  49.111 0.0000000000
45919  4.798  -52.463  47.827 0.0000000000
39327  13.503  -59.475  45.349 0.0000000000
39335  12.556  -59.220  43.931 0.0000000000
39331  12.643  -59.582  44.853 0.0000000000
131372  9.165  -59.932  46.256 0.0000000000
111982  9.629  -59.750  45.308 0.0000000000
37261  8.851  -59.845  45.357 0.0000000000
37255  7.431  -60.216  45.863 0.0000000000
39306  6.955  -59.889  48.896 0.0000000000
37245  6.052  -60.539  47.544 0.0000000000
38256  5.868  -60.305  48.606 0.0000000000
36160  4.740  -61.659  47.835 0.0000000000
49656  1.906  -48.863  47.462 0.0000000000
48687  0.992  -49.507  45.948 0.0000000000
50629  2.485  -48.456  46.663 0.0000000000
51600  4.931  -46.884  44.557 0.0000000000
111737  3.458  -47.335  44.399 0.0000000000
51611  3.209  -46.988  43.107 0.0000000000
52542  2.603  -46.962  42.289 0.0000000000
52539  3.668  -46.633  41.959 0.0000000000
133837  15.590  -57.861  45.685 0.0000000000
34159  -0.083  -63.640  42.683 0.0000000000
35185  -0.612  -63.099  42.085 0.0000000000
36187  -0.337  -62.681  43.288 0.0000000000
39326  0.447  -59.590  45.678 0.0000000000
39333  0.336  -59.591  44.306 0.0000000000
111240  0.645  -58.209  45.081 0.0000000000
41379  0.897  -57.801  45.152 0.0000000000
42290  0.256  -56.725  46.293 0.0000000000
112075  2.982  -57.010  49.052 0.0000000000
41354  2.155  -57.534  48.279 0.0000000000
42264  2.705  -56.311  49.206 0.0000000000
45909  2.565  -51.891  49.913 0.0000000000
44133  1.290  -53.732  49.469 0.0000000000
130366  1.225  -52.165  49.082 0.0000000000
45916  0.929  -53.018  48.072 0.0000000000
113354  1.209  -51.907  48.528 0.0000000000
47718  1.271  -50.404  48.331 0.0000000000
48659  2.219  -49.773  49.824 0.0000000000
39345  10.223  -58.522  41.965 0.0000000000
39349  10.270  -58.272  40.833 0.0000000000
35162  4.866  -63.343  45.189 0.0000000000
34138  5.020  -64.503  44.197 0.0000000000
34135  4.495  -64.368  44.981 0.0000000000
31826  2.820  -65.810  45.758 0.0000000000
31830  3.252  -66.315  45.378 0.0000000000
34139  0.785  -64.463  44.149 0.0000000000
114434  0.515  -65.245  42.932 0.0000000000
38304  0.095  -61.419  41.470 0.0000000000
36218  0.041  -62.231  39.612 0.0000000000
112689  0.485  -61.398  40.831 0.0000000000
41401  2.746  -57.643  40.339 0.0000000000
40417  1.564  -59.408  39.848 0.0000000000
133138  2.612  -58.395  38.773 0.0000000000
40437  2.150  -59.579  36.906 0.0000000000
41423  2.636  -57.644  37.311 0.0000000000
46809  1.281  -50.976  43.097 0.0000000000
127617  2.125  -52.939  42.500 0.0000000000
45977  1.495  -51.460  41.369 0.0000000000
45985  1.823  -52.748  38.632 0.0000000000
45107  1.754  -52.765  39.146 0.0000000000
44208  1.998  -54.085  38.007 0.0000000000
120671  1.498  -54.896  36.959 0.0000000000
44219  1.371  -54.521  36.747 0.0000000000
44237  1.162  -54.905  35.127 0.0000000000
46002  1.791  -53.681  36.432 0.0000000000
47806  3.661  -50.421  37.124 0.0000000000
45999  3.583  -52.495  36.041 0.0000000000
45120  4.636  -52.252  35.901 0.0000000000
52582  7.588  -46.350  39.059 0.0000000000
51652  5.957  -46.233  39.533 0.0000000000
111310  5.920  -45.534  38.067 0.0000000000
54524  4.178  -43.742  33.607 0.0000000000
54509  3.535  -43.830  34.622 0.0000000000
54495  3.677  -43.891  35.827 0.0000000000
124380  2.048  -45.396  34.750 0.0000000000
127781  0.937  -47.153  34.845 0.0000000000
123183  0.299  -47.049  33.941 0.0000000000
40375  6.753  -58.556  48.734 0.0000000000
41351  6.084  -58.038  48.850 0.0000000000
42271  6.716  -57.290  48.072 0.0000000000
40385  12.395  -58.543  46.947 0.0000000000
38270  11.513  -59.659  46.439 0.0000000000
39317  11.134  -58.802  47.366 0.0000000000
38265  10.224  -59.784  47.115 0.0000000000
38266  9.359  -60.071  47.275 0.0000000000
37243  7.505  -59.853  47.052 0.0000000000
38261  8.116  -59.958  47.657 0.0000000000
125676  7.674  -59.514  48.500 0.0000000000
111399  4.924  -46.545  47.974 0.0000000000
51582  3.635  -47.207  46.820 0.0000000000
111236  4.865  -46.594  46.582 0.0000000000
127255  5.922  -46.357  45.690 0.0000000000
51599  6.424  -46.313  44.590 0.0000000000
127265  0.592  -63.429  44.593 0.0000000000
117156  0.095  -62.178  44.079 0.0000000000
36178  0.749  -62.197  44.749 0.0000000000
38274  0.625  -60.266  45.708 0.0000000000
39316  0.678  -58.903  46.882 0.0000000000
44129  4.047  -54.076  49.613 0.0000000000
44131  2.841  -53.989  50.075 0.0000000000
45911  3.268  -52.511  50.024 0.0000000000
46770  3.267  -51.636  50.055 0.0000000000
118850  3.083  -50.297  50.854 0.0000000000
115096  2.679  -49.176  50.815 0.0000000000
35154  4.525  -63.093  46.708 0.0000000000
34133  4.181  -64.235  45.586 0.0000000000
34129  3.619  -63.859  46.459 0.0000000000
33030  2.420  -65.172  45.897 0.0000000000
33031  1.768  -64.980  45.648 0.0000000000
31832  1.433  -65.612  44.676 0.0000000000
33032  1.430  -64.676  45.304 0.0000000000
35163  0.875  -63.812  44.983 0.0000000000
41395  1.338  -59.561  42.641 0.0000000000
40404  1.315  -59.739  41.688 0.0000000000
41394  1.837  -59.089  42.001 0.0000000000
42324  2.557  -57.456  41.849 0.0000000000
42323  2.905  -56.365  41.379 0.0000000000
48701  1.310  -49.841  41.746 0.0000000000
46842  1.687  -51.064  40.980 0.0000000000
47789  1.982  -50.244  40.591 0.0000000000
46856  2.325  -50.975  39.486 0.0000000000
47803  2.183  -51.404  38.759 0.0000000000
46868  2.068  -52.004  37.698 0.0000000000
47802  2.329  -50.436  38.430 0.0000000000
125866  2.372  -50.076  38.061 0.0000000000
48776  3.072  -49.144  36.829 0.0000000000
53639  2.436  -45.650  32.435 0.0000000000
51699  0.538  -46.619  32.840 0.0000000000
51715  0.682  -46.969  31.427 0.0000000000
37241  3.508  -60.634  47.411 0.0000000000
121371  3.199  -60.039  47.477 0.0000000000
38253  4.042  -59.272  48.009 0.0000000000
40365  4.052  -58.102  48.851 0.0000000000
117565  4.584  -56.391  49.411 0.0000000000
42267  5.410  -56.481  49.305 0.0000000000
116454  5.245  -55.797  49.432 0.0000000000
44135  4.568  -54.745  49.528 0.0000000000
45049  4.310  -53.375  49.127 0.0000000000
132228  13.758  -58.502  43.325 0.0000000000
40399  13.242  -57.878  42.210 0.0000000000
40396  12.578  -58.656  43.152 0.0000000000
38275  11.060  -59.749  45.176 0.0000000000
113622  10.032  -59.607  44.469 0.0000000000
110780  8.717  -59.702  43.311 0.0000000000
35161  5.503  -62.631  45.018 0.0000000000
35152  5.240  -61.994  46.056 0.0000000000
37249  6.731  -60.051  46.759 0.0000000000
36164  5.503  -61.077  47.021 0.0000000000
35153  4.825  -62.567  46.360 0.0000000000
113048  4.695  -62.092  47.446 0.0000000000
36161  4.157  -61.609  47.720 0.0000000000
46784  0.705  -51.717  46.627 0.0000000000
45079  1.479  -52.790  44.633 0.0000000000
119337  0.809  -50.953  45.331 0.0000000000
48690  0.922  -49.795  44.831 0.0000000000
48693  1.166  -49.820  43.783 0.0000000000
117250  3.015  -47.809  45.539 0.0000000000
50635  2.016  -48.151  44.889 0.0000000000
127031  1.547  -49.034  43.019 0.0000000000
50649  1.552  -47.784  41.951 0.0000000000
51643  1.672  -47.010  40.860 0.0000000000
53516  2.301  -46.340  40.049 0.0000000000
42297  9.754  -56.459  45.302 0.0000000000
41389  14.883  -56.937  42.278 0.0000000000
43234  18.724  -55.534  42.899 0.0000000000
42301  18.180  -55.804  44.216 0.0000000000
42312  17.330  -56.046  42.895 0.0000000000
126889  16.757  -56.465  43.424 0.0000000000
42310  16.019  -56.757  43.254 0.0000000000
41382  14.919  -57.790  43.628 0.0000000000
40388  14.640  -58.765  45.547 0.0000000000
40383  13.727  -58.782  46.587 0.0000000000
42282  14.146  -57.062  46.692 0.0000000000
114108  13.172  -58.232  46.887 0.0000000000
110707  12.437  -57.575  46.726 0.0000000000
42284  11.265  -57.295  46.601 0.0000000000
116423  -0.673  -62.420  41.464 0.0000000000
38295  0.008  -60.912  42.006 0.0000000000
37264  -0.069  -61.580  43.639 0.0000000000
126238  -0.006  -60.503  43.176 0.0000000000
112774  0.376  -60.167  42.715 0.0000000000
41383  1.138  -58.554  44.437 0.0000000000
43222  1.325  -56.445  45.393 0.0000000000
43213  1.129  -55.359  45.667 0.0000000000
39312  1.856  -58.841  47.494 0.0000000000
40376  1.381  -58.146  47.523 0.0000000000
41361  0.567  -56.787  47.529 0.0000000000
123860  1.795  -54.592  49.575 0.0000000000
43191  0.790  -55.278  48.499 0.0000000000
42274  0.336  -55.867  47.602 0.0000000000
124425  0.327  -55.218  47.076 0.0000000000
45061  0.693  -53.692  47.129 0.0000000000
45060  0.798  -53.231  46.635 0.0000000000
128159  0.753  -51.743  47.230 0.0000000000
49649  1.716  -49.542  48.410 0.0000000000
50619  2.465  -48.138  48.412 0.0000000000
50601  3.119  -48.117  50.550 0.0000000000
50613  3.075  -47.244  49.482 0.0000000000
130454  3.956  -46.707  48.892 0.0000000000
125544  4.945  -65.297  43.227 0.0000000000
128013  4.158  -65.554  45.082 0.0000000000
39359  1.295  -60.192  39.909 0.0000000000
129102  1.009  -61.232  38.899 0.0000000000
40453  1.749  -58.631  34.613 0.0000000000
45087  2.184  -53.100  43.688 0.0000000000
126217  2.905  -54.344  41.624 0.0000000000
44201  3.163  -54.784  39.941 0.0000000000
45103  1.990  -52.391  40.157 0.0000000000
44203  2.247  -54.160  39.299 0.0000000000
43274  2.859  -55.198  39.075 0.0000000000
42385  2.105  -56.423  36.833 0.0000000000
42386  1.903  -56.346  36.063 0.0000000000
42399  1.302  -56.767  34.411 0.0000000000
43345  1.287  -56.060  34.617 0.0000000000
46001  2.036  -53.436  36.052 0.0000000000
45131  2.574  -53.723  34.713 0.0000000000
51617  6.720  -46.440  43.267 0.0000000000
51627  7.480  -46.377  41.659 0.0000000000
111366  5.722  -46.611  41.923 0.0000000000
51642  4.868  -46.406  40.686 0.0000000000
53514  3.144  -45.903  39.559 0.0000000000
53546  2.561  -45.487  38.274 0.0000000000
53557  5.014  -44.508  36.968 0.0000000000
53560  3.075  -44.813  37.338 0.0000000000
52613  1.399  -46.378  37.302 0.0000000000
50691  1.132  -46.994  36.512 0.0000000000
49738  1.764  -48.172  35.750 0.0000000000
48801  2.830  -49.198  34.856 0.0000000000
48811  2.477  -49.479  33.873 0.0000000000
42275  7.994  -57.061  47.129 0.0000000000
41371  9.444  -57.378  47.003 0.0000000000
113297  1.222  -59.228  33.014 0.0000000000
129566  1.251  -58.910  32.696 0.0000000000
124124  1.299  -58.456  32.787 0.0000000000
41451  1.187  -58.121  33.246 0.0000000000
36170  2.061  -61.802  45.765 0.0000000000
37247  2.441  -61.118  46.354 0.0000000000
41390  14.292  -56.890  41.614 0.0000000000
41399  13.120  -56.965  40.694 0.0000000000
41391  13.351  -57.257  41.430 0.0000000000
36168  3.012  -62.030  46.957 0.0000000000
35151  2.448  -62.653  46.500 0.0000000000
36174  1.980  -62.623  45.932 0.0000000000
44170  1.550  -54.708  45.339 0.0000000000
44178  2.217  -55.154  44.693 0.0000000000
44169  2.014  -53.951  44.725 0.0000000000
51653  1.768  -47.282  39.562 0.0000000000
119495  1.973  -48.299  39.550 0.0000000000
133548  2.068  -47.978  38.757 0.0000000000
50668  1.896  -47.511  38.020 0.0000000000
39308  5.505  -59.532  49.059 0.0000000000
130619  13.520  -59.362  46.129 0.0000000000
39328  12.917  -59.664  45.889 0.0000000000
38277  9.385  -59.826  45.850 0.0000000000
37258  7.994  -59.982  45.428 0.0000000000
39307  6.270  -59.750  49.034 0.0000000000
38255  6.610  -60.227  48.585 0.0000000000
50623  2.740  -47.697  48.027 0.0000000000
50625  2.158  -48.666  46.965 0.0000000000
51573  2.855  -48.062  47.241 0.0000000000
51601  4.086  -47.032  44.047 0.0000000000
111235  3.742  -46.893  43.342 0.0000000000
51621  3.360  -46.794  42.716 0.0000000000
51620  4.204  -46.694  42.716 0.0000000000
34147  0.007  -63.444  43.410 0.0000000000
35175  -0.421  -62.967  42.988 0.0000000000
35170  -0.169  -62.992  43.772 0.0000000000
40386  0.243  -58.301  46.078 0.0000000000
120358  0.396  -58.887  45.521 0.0000000000
110783  0.330  -58.165  45.504 0.0000000000
41376  0.407  -57.516  45.636 0.0000000000
42263  3.717  -56.488  49.299 0.0000000000
123417  3.272  -55.555  49.531 0.0000000000
45913  1.937  -51.600  49.449 0.0000000000
45914  1.398  -52.276  49.429 0.0000000000
115400  1.402  -51.720  48.951 0.0000000000
46772  1.867  -51.000  48.818 0.0000000000
47710  1.730  -50.385  48.673 0.0000000000
47709  2.183  -50.253  49.179 0.0000000000
35158  4.873  -62.856  45.811 0.0000000000
34132  4.486  -63.751  45.437 0.0000000000
31831  2.334  -66.331  45.409 0.0000000000
34146  0.398  -64.324  43.364 0.0000000000
132314  0.037  -61.790  40.895 0.0000000000
39352  0.622  -60.856  41.379 0.0000000000
41410  2.903  -57.968  39.332 0.0000000000
41417  3.009  -57.720  38.276 0.0000000000
41416  3.511  -57.202  38.818 0.0000000000
45973  1.416  -51.446  42.433 0.0000000000
46827  1.287  -50.941  41.894 0.0000000000
45990  1.909  -52.766  38.348 0.0000000000
115827  2.019  -53.383  38.100 0.0000000000
44214  1.620  -54.393  37.342 0.0000000000
45115  1.738  -53.971  37.404 0.0000000000
45118  1.434  -54.212  36.567 0.0000000000
126503  1.812  -53.687  37.142 0.0000000000
48775  4.183  -50.075  36.596 0.0000000000
46873  4.062  -51.674  36.445 0.0000000000
46872  4.871  -51.374  36.064 0.0000000000
52581  8.534  -46.338  39.258 0.0000000000
52593  8.209  -46.224  38.427 0.0000000000
52583  6.672  -46.180  38.889 0.0000000000
52594  7.196  -46.043  38.129 0.0000000000
54536  3.360  -44.404  33.188 0.0000000000
54525  3.378  -43.896  33.998 0.0000000000
54510  3.015  -44.117  34.442 0.0000000000
53604  2.051  -45.152  34.182 0.0000000000
123519  1.078  -46.154  34.043 0.0000000000
113747  1.183  -46.189  33.445 0.0000000000
42288  7.580  -56.351  46.714 0.0000000000
41369  11.492  -58.123  47.157 0.0000000000
39324  11.699  -58.995  47.027 0.0000000000
40379  9.925  -58.815  47.636 0.0000000000
39318  10.508  -59.160  47.448 0.0000000000
122357  9.898  -59.539  47.554 0.0000000000
122678  8.792  -59.991  47.643 0.0000000000
41357  8.030  -58.470  48.071 0.0000000000
40374  7.543  -58.917  48.547 0.0000000000
40367  7.167  -59.401  48.791 0.0000000000
51571  4.520  -46.605  47.395 0.0000000000
124928  6.420  -46.286  46.024 0.0000000000
51589  6.474  -46.239  45.369 0.0000000000
113512  5.760  -46.488  45.023 0.0000000000
51598  7.145  -46.098  44.980 0.0000000000
36181  0.325  -62.827  44.402 0.0000000000
38268  1.390  -60.261  46.481 0.0000000000
37252  0.885  -60.738  45.597 0.0000000000
38269  0.907  -60.243  46.187 0.0000000000
39322  0.643  -59.610  46.313 0.0000000000
45046  4.088  -53.304  49.508 0.0000000000
45042  3.559  -53.284  49.852 0.0000000000
45910  3.575  -52.493  49.938 0.0000000000
46769  3.528  -51.563  50.026 0.0000000000
47703  3.251  -50.745  50.381 0.0000000000
47708  3.704  -50.228  50.847 0.0000000000
34123  4.156  -63.400  46.820 0.0000000000
34124  3.677  -63.357  47.032 0.0000000000
125393  1.948  -63.876  46.178 0.0000000000
33026  2.139  -64.481  46.066 0.0000000000
35159  1.159  -63.658  45.282 0.0000000000
41387  2.049  -58.703  43.103 0.0000000000
42315  2.503  -57.608  42.807 0.0000000000
43253  2.627  -56.377  42.286 0.0000000000
43252  3.075  -55.299  41.721 0.0000000000
48708  1.359  -49.643  41.098 0.0000000000
47776  1.784  -50.256  40.954 0.0000000000
48715  1.683  -49.877  40.801 0.0000000000
118981  2.230  -50.096  39.607 0.0000000000
129927  2.161  -50.362  40.042 0.0000000000
133334  2.316  -51.052  38.851 0.0000000000
46862  2.218  -51.365  38.382 0.0000000000
134139  2.337  -50.794  38.739 0.0000000000
48762  2.345  -49.387  38.091 0.0000000000
48761  2.734  -49.490  37.571 0.0000000000
49716  2.650  -48.781  37.200 0.0000000000
53623  3.614  -44.761  32.376 0.0000000000
52693  2.579  -46.012  31.423 0.0000000000
52695  1.058  -46.663  32.005 0.0000000000
52709  1.205  -46.911  31.157 0.0000000000
37240  4.065  -60.871  47.737 0.0000000000
120304  4.063  -60.278  47.756 0.0000000000
40364  4.638  -58.064  49.245 0.0000000000
41347  4.304  -57.272  49.247 0.0000000000
119125  4.909  -56.403  49.482 0.0000000000
42266  5.818  -57.072  48.954 0.0000000000
42273  5.721  -56.209  49.078 0.0000000000
44134  5.034  -55.080  49.462 0.0000000000
43190  4.860  -55.318  49.498 0.0000000000
44139  4.563  -54.264  49.405 0.0000000000
117217  13.221  -58.374  42.907 0.0000000000
40395  13.290  -58.866  43.589 0.0000000000
132323  12.168  -59.425  44.351 0.0000000000
39339  11.986  -58.878  43.409 0.0000000000
132874  11.128  -59.791  45.828 0.0000000000
38280  10.231  -59.721  44.954 0.0000000000
38285  9.381  -59.587  44.015 0.0000000000
38282  8.456  -59.941  44.100 0.0000000000
37266  7.327  -61.133  43.731 0.0000000000
36179  6.541  -61.006  45.572 0.0000000000
35157  5.363  -62.295  45.584 0.0000000000
37244  6.690  -60.085  47.344 0.0000000000
36173  5.099  -61.782  46.589 0.0000000000
36165  5.067  -61.671  47.208 0.0000000000
35147  4.754  -62.376  46.935 0.0000000000
37239  4.655  -61.050  48.126 0.0000000000
36162  3.532  -61.442  47.400 0.0000000000
124029  0.676  -50.990  47.080 0.0000000000
46790  0.813  -51.562  45.669 0.0000000000
121434  0.725  -50.971  46.134 0.0000000000
49659  1.600  -48.934  46.049 0.0000000000
127848  0.944  -50.334  44.174 0.0000000000
124534  1.245  -49.271  44.416 0.0000000000
51583  3.212  -47.862  46.635 0.0000000000
113715  3.568  -47.592  45.890 0.0000000000
51603  3.148  -47.294  43.860 0.0000000000
51604  2.708  -47.482  44.029 0.0000000000
51605  2.376  -47.672  43.998 0.0000000000
115929  1.924  -47.999  43.969 0.0000000000
50641  1.827  -47.871  42.838 0.0000000000
49676  1.459  -48.574  42.363 0.0000000000
51622  1.938  -47.443  42.323 0.0000000000
52553  2.636  -46.711  41.649 0.0000000000
121890  2.375  -46.819  41.746 0.0000000000
52568  2.319  -46.588  41.052 0.0000000000
52569  1.969  -46.627  40.526 0.0000000000
53503  2.600  -46.450  40.815 0.0000000000
42306  10.556  -56.240  44.742 0.0000000000
42321  15.790  -56.209  41.438 0.0000000000
42334  15.372  -56.020  40.708 0.0000000000
43216  18.163  -55.723  45.223 0.0000000000
43235  18.103  -55.771  43.293 0.0000000000
42309  17.463  -56.165  43.730 0.0000000000
41381  15.681  -57.434  43.989 0.0000000000
41384  15.261  -57.129  43.080 0.0000000000
113463  15.093  -58.208  46.070 0.0000000000
40387  15.162  -58.281  45.220 0.0000000000
40382  14.404  -58.518  46.366 0.0000000000
113751  13.630  -56.432  46.568 0.0000000000
41368  13.388  -57.387  46.679 0.0000000000
126927  11.585  -56.604  45.588 0.0000000000
42296  10.818  -56.672  45.493 0.0000000000
125705  0.441  -65.561  41.036 0.0000000000
34182  -0.457  -63.875  40.832 0.0000000000
36191  -0.586  -62.564  42.316 0.0000000000
36198  -0.847  -62.800  41.572 0.0000000000
37271  -0.461  -61.901  41.980 0.0000000000
119179  -0.249  -61.299  42.324 0.0000000000
126362  0.431  -61.930  44.469 0.0000000000
37260  0.222  -61.147  44.371 0.0000000000
39338  0.165  -60.018  43.669 0.0000000000
39343  0.125  -60.237  42.984 0.0000000000
112108  0.429  -59.837  43.380 0.0000000000
40397  0.781  -59.303  43.854 0.0000000000
117138  0.970  -56.916  45.449 0.0000000000
44160  0.718  -54.986  46.185 0.0000000000
39310  3.350  -59.278  47.802 0.0000000000
38260  2.447  -59.669  47.431 0.0000000000
39311  2.606  -58.757  47.788 0.0000000000
40372  2.067  -58.103  47.769 0.0000000000
41355  1.520  -57.492  47.896 0.0000000000
41360  0.987  -57.498  47.582 0.0000000000
41356  1.032  -56.835  48.007 0.0000000000
43187  2.896  -54.688  49.849 0.0000000000
44132  2.213  -53.825  49.963 0.0000000000
44136  0.736  -53.745  48.791 0.0000000000
124415  1.024  -54.521  49.116 0.0000000000
124333  0.640  -54.493  48.390 0.0000000000
43192  0.500  -55.185  47.985 0.0000000000
43198  0.202  -55.732  47.286 0.0000000000
43195  0.379  -55.033  47.570 0.0000000000
132361  0.982  -52.701  47.742 0.0000000000
45053  0.708  -53.699  47.654 0.0000000000
45921  0.865  -52.994  47.592 0.0000000000
44152  0.778  -54.066  46.469 0.0000000000
45920  0.768  -52.565  47.032 0.0000000000
46780  0.883  -51.350  47.747 0.0000000000
48673  1.667  -49.930  48.582 0.0000000000
48677  1.279  -49.897  48.211 0.0000000000
112834  2.084  -48.951  48.521 0.0000000000
50615  2.363  -48.432  48.903 0.0000000000
131720  2.894  -48.637  50.716 0.0000000000
134079  11.973  -57.943  41.956 0.0000000000
40401  12.574  -57.684  41.608 0.0000000000
33035  4.663  -65.096  44.536 0.0000000000
33042  4.886  -65.282  43.909 0.0000000000
33028  3.854  -64.920  45.558 0.0000000000
117960  4.124  -65.035  45.252 0.0000000000
128704  3.713  -65.618  45.489 0.0000000000
35226  0.165  -62.975  38.503 0.0000000000
36232  0.339  -62.571  38.793 0.0000000000
37317  0.709  -62.253  38.174 0.0000000000
40409  1.345  -59.642  40.998 0.0000000000
40410  1.161  -60.269  40.838 0.0000000000
113238  1.398  -59.649  40.434 0.0000000000
113214  1.815  -59.672  39.068 0.0000000000
39369  1.342  -60.516  38.775 0.0000000000
39382  1.074  -61.134  38.107 0.0000000000
38333  0.922  -61.743  37.548 0.0000000000
38332  1.229  -61.051  37.180 0.0000000000
40436  2.475  -58.687  37.156 0.0000000000
40447  2.202  -59.339  35.658 0.0000000000
132384  1.843  -59.440  34.979 0.0000000000
115545  2.203  -58.227  35.300 0.0000000000
45948  1.208  -51.779  44.228 0.0000000000
45963  1.614  -52.205  43.763 0.0000000000
45095  2.568  -53.701  42.008 0.0000000000
44199  2.474  -53.692  41.070 0.0000000000
44198  3.095  -54.528  40.868 0.0000000000
46848  2.080  -51.290  40.288 0.0000000000
45980  1.895  -51.680  40.485 0.0000000000
44204  1.892  -53.598  38.694 0.0000000000
45106  1.921  -53.230  39.581 0.0000000000
43290  2.390  -55.628  38.175 0.0000000000
43307  1.904  -55.522  37.237 0.0000000000
43321  1.193  -55.015  36.273 0.0000000000
42379  1.614  -55.569  36.521 0.0000000000
43332  1.359  -55.619  35.800 0.0000000000
42393  1.604  -56.425  35.245 0.0000000000
43344  1.215  -55.722  35.087 0.0000000000
45146  1.795  -54.789  34.240 0.0000000000
45993  2.252  -52.731  36.889 0.0000000000
45121  3.050  -53.178  35.395 0.0000000000
124504  3.139  -53.996  34.043 0.0000000000
51626  8.040  -46.367  41.376 0.0000000000
51639  7.416  -46.432  40.811 0.0000000000
51628  6.597  -46.472  41.576 0.0000000000
51629  5.659  -46.496  41.120 0.0000000000
51641  5.570  -46.360  40.314 0.0000000000
111300  5.247  -45.796  38.968 0.0000000000
52584  4.149  -45.851  39.562 0.0000000000
130877  4.076  -45.472  38.870 0.0000000000
53529  2.776  -45.653  38.889 0.0000000000
53528  3.223  -45.442  38.654 0.0000000000
54494  5.285  -43.658  35.128 0.0000000000
53592  6.040  -44.062  35.340 0.0000000000
53575  6.151  -44.564  36.130 0.0000000000
53556  5.850  -44.907  36.912 0.0000000000
53576  4.833  -44.006  36.312 0.0000000000
54485  2.849  -44.555  36.253 0.0000000000
54475  3.280  -44.443  36.839 0.0000000000
53579  2.438  -44.913  36.737 0.0000000000
53562  1.990  -45.226  37.218 0.0000000000
52625  1.496  -45.673  36.908 0.0000000000
51677  1.158  -46.669  36.600 0.0000000000
52626  1.214  -46.215  36.417 0.0000000000
121744  0.974  -47.547  34.876 0.0000000000
50699  1.116  -47.454  35.612 0.0000000000
116208  1.151  -47.927  35.042 0.0000000000
48788  2.260  -48.734  35.315 0.0000000000
49748  1.522  -48.492  34.711 0.0000000000
49763  -0.032  -48.290  32.980 0.0000000000
41364  7.601  -57.636  47.750 0.0000000000
42299  7.924  -55.934  45.854 0.0000000000
40378  10.721  -58.435  47.405 0.0000000000
40380  8.958  -58.821  47.944 0.0000000000
40487  1.679  -58.250  32.238 0.0000000000
42413  1.499  -57.538  32.893 0.0000000000
110953  1.210  -63.123  45.251 0.0000000000
36177  1.150  -62.413  45.106 0.0000000000
121033  1.531  -61.638  45.436 0.0000000000
37248  1.900  -60.910  45.909 0.0000000000
34125  3.162  -63.199  46.987 0.0000000000
34126  2.505  -63.259  46.576 0.0000000000
35156  1.518  -63.268  45.633 0.0000000000
42307  1.894  -57.029  44.753 0.0000000000
110951  2.306  -57.471  43.846 0.0000000000
43227  2.336  -56.281  44.381 0.0000000000
43226  2.571  -55.509  43.999 0.0000000000
44190  2.647  -55.047  43.191 0.0000000000
118019  1.650  -48.608  40.197 0.0000000000
49690  1.519  -49.280  40.512 0.0000000000
49696  1.938  -48.937  39.949 0.0000000000
48742  2.168  -49.267  39.520 0.0000000000
48741  2.292  -49.632  39.059 0.0000000000
120773  2.304  -49.984  38.697 0.0000000000
49704  2.298  -48.742  38.705 0.0000000000
49718  2.211  -48.103  37.810 0.0000000000
38252  4.286  -59.707  48.097 0.0000000000
39309  4.798  -59.614  48.629 0.0000000000
40362  5.356  -57.609  49.327 0.0000000000
44142  5.604  -54.465  47.982 0.0000000000
45051  5.262  -53.876  48.147 0.0000000000
45059  5.179  -53.178  47.559 0.0000000000
40392  14.128  -59.142  44.971 0.0000000000
39334  13.404  -59.269  44.416 0.0000000000
39332  11.737  -59.573  44.705 0.0000000000
38272  9.715  -59.947  46.470 0.0000000000
38276  10.272  -59.739  45.676 0.0000000000
36171  6.494  -60.642  46.226 0.0000000000
38254  7.199  -60.150  48.464 0.0000000000
38263  6.734  -60.333  48.117 0.0000000000
37237  6.045  -60.591  48.151 0.0000000000
128148  5.109  -61.609  47.765 0.0000000000
37238  5.334  -61.065  48.177 0.0000000000
114571  1.391  -49.292  47.244 0.0000000000
48684  1.025  -49.732  46.898 0.0000000000
118187  1.734  -48.928  46.756 0.0000000000
50630  2.070  -48.672  46.246 0.0000000000
51591  4.224  -47.195  44.847 0.0000000000
51592  3.779  -47.390  45.208 0.0000000000
132620  3.742  -47.206  44.210 0.0000000000
51602  3.384  -47.140  43.689 0.0000000000
51612  3.018  -47.128  43.169 0.0000000000
52531  2.605  -47.234  42.814 0.0000000000
52529  3.100  -46.929  42.748 0.0000000000
52540  3.156  -46.714  42.092 0.0000000000
42320  16.441  -56.113  41.735 0.0000000000
41377  15.697  -57.770  44.916 0.0000000000
41375  15.557  -57.338  46.450 0.0000000000
130739  12.656  -56.124  45.898 0.0000000000
34170  -0.261  -63.806  41.770 0.0000000000
38283  0.183  -60.215  44.354 0.0000000000
39330  0.309  -59.539  44.945 0.0000000000
40390  0.525  -58.902  44.786 0.0000000000
40393  0.814  -58.750  44.549 0.0000000000
42300  0.540  -56.808  45.744 0.0000000000
131686  0.364  -56.138  46.206 0.0000000000
40366  3.336  -58.122  48.572 0.0000000000
40371  2.676  -58.140  48.242 0.0000000000
41349  2.803  -57.578  48.692 0.0000000000
41350  2.312  -56.964  48.788 0.0000000000
42265  1.837  -56.224  48.916 0.0000000000
119140  2.070  -52.426  49.940 0.0000000000
45045  1.619  -53.035  49.843 0.0000000000
45047  0.970  -52.912  49.143 0.0000000000
45048  0.816  -53.269  48.468 0.0000000000
45050  0.747  -53.635  48.037 0.0000000000
117538  1.017  -52.566  48.575 0.0000000000
114076  1.083  -52.240  48.159 0.0000000000
46776  1.089  -51.527  48.168 0.0000000000
46774  1.332  -51.124  48.457 0.0000000000
48666  2.116  -49.737  49.086 0.0000000000
39344  10.972  -58.498  42.527 0.0000000000
40403  11.165  -58.110  41.678 0.0000000000
35165  5.164  -63.573  44.574 0.0000000000
125080  4.740  -64.210  44.714 0.0000000000
121569  1.005  -64.558  44.546 0.0000000000
33037  1.069  -65.211  44.158 0.0000000000
34158  0.232  -64.551  42.405 0.0000000000
36209  -0.665  -62.555  40.470 0.0000000000
36219  -0.474  -62.496  40.038 0.0000000000
37290  -0.293  -62.206  40.493 0.0000000000
37289  0.213  -61.768  40.248 0.0000000000
38315  0.694  -61.371  40.172 0.0000000000
41402  1.866  -58.819  40.376 0.0000000000
40416  2.109  -58.868  39.287 0.0000000000
40427  2.054  -59.762  38.003 0.0000000000
40426  2.460  -58.776  38.242 0.0000000000
45964  1.428  -51.543  43.377 0.0000000000
45972  1.801  -52.124  42.961 0.0000000000
45976  1.566  -52.099  41.887 0.0000000000
45979  1.666  -52.108  40.798 0.0000000000
130745  1.900  -52.211  39.221 0.0000000000
45110  1.905  -53.301  38.428 0.0000000000
43291  1.782  -54.739  37.631 0.0000000000
44226  1.134  -54.728  35.847 0.0000000000
45123  1.330  -54.369  35.729 0.0000000000
47807  3.019  -51.108  37.496 0.0000000000
45992  3.012  -52.006  36.860 0.0000000000
121382  3.640  -51.187  36.953 0.0000000000
129656  4.168  -53.038  35.448 0.0000000000
52563  7.979  -46.436  39.961 0.0000000000
51651  6.993  -46.424  39.781 0.0000000000
127526  5.925  -45.845  38.650 0.0000000000
52596  5.337  -45.454  38.240 0.0000000000
119985  4.633  -43.493  34.231 0.0000000000
113948  4.559  -43.525  34.954 0.0000000000
53594  4.695  -43.686  35.658 0.0000000000
124244  3.906  -43.702  35.105 0.0000000000
54497  2.762  -44.563  35.678 0.0000000000
53595  1.974  -45.539  35.630 0.0000000000
52639  1.397  -46.168  35.669 0.0000000000
52652  1.554  -46.074  34.801 0.0000000000
50707  0.407  -47.619  34.141 0.0000000000
40368  6.403  -59.076  49.042 0.0000000000
40369  5.741  -58.236  49.143 0.0000000000
41359  6.331  -57.631  48.598 0.0000000000
42272  6.103  -56.762  48.605 0.0000000000
42277  6.478  -56.447  47.926 0.0000000000
39323  12.324  -59.407  46.510 0.0000000000
39325  10.990  -59.418  47.029 0.0000000000
38273  8.916  -60.032  46.610 0.0000000000
37254  8.043  -59.874  46.487 0.0000000000
38267  8.446  -59.975  47.098 0.0000000000
39320  8.612  -59.612  47.994 0.0000000000
39313  7.952  -59.710  48.152 0.0000000000
134168  7.645  -59.997  48.170 0.0000000000
39314  7.449  -59.834  48.543 0.0000000000
117362  3.309  -46.894  48.079 0.0000000000
51572  3.137  -47.363  47.610 0.0000000000
126944  3.727  -46.818  47.523 0.0000000000
111752  4.183  -46.800  46.893 0.0000000000
51579  6.364  -46.386  46.712 0.0000000000
51580  5.691  -46.392  46.314 0.0000000000
51590  5.095  -46.659  45.604 0.0000000000
113511  5.662  -46.637  44.182 0.0000000000
35167  0.259  -63.191  44.286 0.0000000000
36184  -0.092  -62.803  43.927 0.0000000000
37257  0.666  -61.099  44.994 0.0000000000
37256  1.081  -61.432  45.167 0.0000000000
120879  0.442  -58.915  46.234 0.0000000000
40381  0.373  -58.092  46.788 0.0000000000
43186  3.799  -54.624  49.693 0.0000000000
44130  3.638  -53.919  49.756 0.0000000000
45043  3.174  -53.212  50.033 0.0000000000
133789  3.370  -52.116  50.037 0.0000000000
45912  2.819  -52.563  50.092 0.0000000000
46767  2.732  -51.223  50.014 0.0000000000
47704  2.809  -50.554  50.355 0.0000000000
47705  2.384  -50.321  49.875 0.0000000000
34128  4.179  -63.700  46.238 0.0000000000
33024  3.725  -64.406  45.934 0.0000000000
33025  2.972  -64.520  46.164 0.0000000000
31827  1.995  -65.674  45.563 0.0000000000
31828  1.583  -65.344  45.212 0.0000000000
128204  1.382  -64.982  44.957 0.0000000000
34134  1.231  -64.138  45.341 0.0000000000
34137  1.086  -64.400  44.954 0.0000000000
35166  0.724  -63.849  44.613 0.0000000000
40405  0.804  -60.074  42.279 0.0000000000
117447  0.979  -60.263  41.526 0.0000000000
42325  2.343  -58.386  42.202 0.0000000000
41393  2.250  -58.336  41.246 0.0000000000
42338  2.544  -57.190  41.072 0.0000000000
42337  3.181  -56.581  40.469 0.0000000000
47762  1.289  -50.378  41.825 0.0000000000
46843  1.551  -50.552  41.240 0.0000000000
46849  1.926  -50.658  40.718 0.0000000000
46852  2.186  -50.865  40.159 0.0000000000
46851  2.227  -51.577  39.651 0.0000000000
46855  1.890  -51.966  38.875 0.0000000000
46863  1.887  -52.254  38.188 0.0000000000
45994  2.140  -52.889  37.299 0.0000000000
46861  2.531  -50.971  38.007 0.0000000000
47801  2.907  -50.249  37.657 0.0000000000
47800  3.464  -49.733  37.094 0.0000000000
48786  3.751  -49.521  36.369 0.0000000000
113567  3.036  -45.010  32.623 0.0000000000
53624  2.738  -45.022  33.105 0.0000000000
134424  1.626  -46.075  33.194 0.0000000000
53625  1.702  -46.210  32.619 0.0000000000
51722  0.877  -47.378  30.462 0.0000000000
116293  1.136  -59.070  33.701 0.0000000000
36163  2.951  -61.296  46.933 0.0000000000
37242  2.740  -60.560  47.099 0.0000000000
39304  3.821  -58.691  48.265 0.0000000000
39303  4.438  -58.878  48.555 0.0000000000
41348  3.541  -57.459  48.982 0.0000000000
42262  4.163  -55.510  49.534 0.0000000000
41352  5.550  -57.281  49.181 0.0000000000
41353  5.242  -56.773  49.373 0.0000000000
42268  5.130  -56.062  49.466 0.0000000000
42261  4.820  -55.769  49.488 0.0000000000
112928  4.491  -55.143  49.545 0.0000000000
45052  4.709  -53.248  48.313 0.0000000000
40398  13.840  -58.056  42.788 0.0000000000
124271  12.571  -58.165  42.415 0.0000000000
39342  9.670  -58.864  42.543 0.0000000000
39329  11.962  -59.778  45.600 0.0000000000
38279  10.843  -59.515  44.436 0.0000000000
38284  10.202  -59.327  43.898 0.0000000000
38287  9.540  -59.232  43.270 0.0000000000
38288  8.957  -59.273  42.554 0.0000000000
37265  7.763  -60.507  44.139 0.0000000000
110833  7.229  -60.027  46.453 0.0000000000
37250  6.099  -60.494  46.861 0.0000000000
36172  5.698  -61.238  46.391 0.0000000000
35148  4.317  -62.850  47.257 0.0000000000
36166  4.245  -62.238  47.557 0.0000000000
36167  3.617  -62.167  47.439 0.0000000000
112200  0.854  -52.486  46.115 0.0000000000
45936  1.037  -52.909  45.434 0.0000000000
126722  0.916  -52.114  45.087 0.0000000000
46794  0.979  -51.245  44.718 0.0000000000
47730  0.745  -50.327  45.549 0.0000000000
128417  0.850  -50.592  44.757 0.0000000000
121295  1.054  -50.801  44.032 0.0000000000
47738  1.160  -50.461  43.398 0.0000000000
118247  1.258  -50.035  42.666 0.0000000000
51584  2.782  -48.234  46.141 0.0000000000
50634  2.338  -48.281  45.598 0.0000000000
51593  3.089  -47.443  44.499 0.0000000000
51595  2.400  -47.806  44.719 0.0000000000
49662  1.749  -48.350  44.894 0.0000000000
49666  1.562  -48.656  44.342 0.0000000000
49669  1.436  -49.155  43.726 0.0000000000
117173  1.362  -49.384  42.403 0.0000000000
49677  1.231  -49.200  41.621 0.0000000000
124146  1.336  -48.470  41.292 0.0000000000
52532  2.097  -47.195  42.168 0.0000000000
51631  1.762  -47.222  41.663 0.0000000000
51632  1.578  -47.672  41.115 0.0000000000
51644  1.685  -47.495  40.355 0.0000000000
52570  1.756  -46.859  40.055 0.0000000000
52587  1.802  -46.684  39.221 0.0000000000
42286  9.173  -56.762  46.281 0.0000000000
42298  8.735  -56.231  45.581 0.0000000000
43209  9.089  -55.879  44.822 0.0000000000
131663  14.388  -57.198  42.239 0.0000000000
43225  18.944  -55.390  43.753 0.0000000000
42313  16.573  -56.326  42.595 0.0000000000
41385  14.518  -57.585  42.796 0.0000000000
40394  14.290  -58.205  43.416 0.0000000000
40391  14.655  -58.630  44.697 0.0000000000
40389  14.071  -59.158  45.878 0.0000000000
42281  14.908  -56.728  46.786 0.0000000000
117103  14.287  -56.096  46.815 0.0000000000
41367  13.924  -57.983  46.795 0.0000000000
116171  12.246  -56.731  46.071 0.0000000000
42285  10.141  -56.986  46.404 0.0000000000
115418  -0.813  -63.226  41.227 0.0000000000
36208  -0.895  -62.758  40.855 0.0000000000
37277  -0.339  -61.990  41.339 0.0000000000
122425  -0.214  -61.489  41.863 0.0000000000
117747  -0.187  -62.351  43.584 0.0000000000
38286  0.034  -60.733  43.707 0.0000000000
118474  -0.109  -61.109  43.032 0.0000000000
38291  -0.028  -60.730  42.638 0.0000000000
127856  0.179  -60.529  42.487 0.0000000000
111727  0.746  -59.754  43.104 0.0000000000
41388  1.217  -59.145  43.617 0.0000000000
42308  1.379  -57.557  44.977 0.0000000000
44159  1.016  -54.375  45.803 0.0000000000
38264  1.538  -59.633  47.178 0.0000000000
39315  1.138  -58.897  47.302 0.0000000000
126393  0.838  -58.182  47.264 0.0000000000
40377  0.608  -57.547  47.243 0.0000000000
131328  0.325  -57.295  47.037 0.0000000000
43188  2.277  -55.465  49.404 0.0000000000
43189  1.358  -55.386  49.083 0.0000000000
42269  1.140  -56.131  48.493 0.0000000000
42270  0.639  -56.019  48.022 0.0000000000
41365  0.198  -56.555  47.053 0.0000000000
118053  0.175  -55.961  46.765 0.0000000000
127262  0.416  -55.459  46.468 0.0000000000
44143  0.504  -54.429  47.348 0.0000000000
44153  0.531  -54.654  46.801 0.0000000000
45071  0.918  -53.452  45.975 0.0000000000
122499  1.004  -50.847  48.113 0.0000000000
47722  0.839  -50.595  47.714 0.0000000000
48681  1.031  -49.915  47.694 0.0000000000
49653  1.583  -49.302  47.960 0.0000000000
50618  2.733  -47.558  48.541 0.0000000000
49644  2.243  -49.192  49.644 0.0000000000
50609  2.385  -48.449  49.424 0.0000000000
50608  2.721  -47.816  49.795 0.0000000000
50614  2.617  -47.760  49.043 0.0000000000
51555  2.936  -47.203  48.857 0.0000000000
51563  3.330  -46.862  48.604 0.0000000000
51562  4.027  -46.638  48.203 0.0000000000
133805  12.307  -57.485  41.107 0.0000000000
40406  12.081  -57.382  40.630 0.0000000000
34136  4.307  -64.540  45.195 0.0000000000
33033  4.370  -65.115  44.940 0.0000000000
33036  4.401  -65.709  44.719 0.0000000000
31834  4.290  -66.293  44.497 0.0000000000
35212  -0.318  -62.766  39.401 0.0000000000
39360  0.958  -60.883  40.508 0.0000000000
129013  1.038  -60.996  39.642 0.0000000000
38324  0.844  -61.723  38.512 0.0000000000
37329  0.738  -62.278  37.352 0.0000000000
39397  1.747  -60.325  36.554 0.0000000000
40462  1.137  -58.560  33.842 0.0000000000
45096  2.626  -53.910  42.977 0.0000000000
44189  2.852  -54.605  42.370 0.0000000000
43267  3.347  -55.529  40.684 0.0000000000
42352  3.515  -55.877  39.726 0.0000000000
45102  1.911  -52.966  40.453 0.0000000000
44202  2.411  -53.871  40.173 0.0000000000
42366  3.459  -56.320  38.895 0.0000000000
42367  3.065  -56.728  38.339 0.0000000000
42378  2.484  -56.567  37.610 0.0000000000
41430  2.115  -57.305  35.632 0.0000000000
41436  1.751  -57.475  34.774 0.0000000000
123584  1.072  -58.116  33.502 0.0000000000
41444  1.185  -57.553  33.667 0.0000000000
42400  1.249  -56.858  33.973 0.0000000000
42406  1.372  -56.980  33.442 0.0000000000
45122  1.663  -53.925  35.494 0.0000000000
46000  2.558  -52.900  36.127 0.0000000000
46007  2.120  -53.526  35.402 0.0000000000
45132  1.802  -54.079  34.805 0.0000000000
45145  2.322  -54.341  34.113 0.0000000000
51608  7.164  -46.187  44.047 0.0000000000
130045  6.363  -46.449  43.890 0.0000000000
51609  5.843  -46.592  43.361 0.0000000000
116784  7.239  -46.365  42.470 0.0000000000
51618  6.237  -46.551  42.545 0.0000000000
51619  5.269  -46.638  42.654 0.0000000000
51630  4.771  -46.613  41.723 0.0000000000
52550  3.966  -46.453  41.007 0.0000000000
52564  4.962  -46.061  39.775 0.0000000000
52565  4.243  -46.199  40.234 0.0000000000
52567  2.879  -46.301  40.544 0.0000000000
53515  2.653  -46.131  39.830 0.0000000000
53530  2.426  -45.881  39.132 0.0000000000
52598  1.919  -46.151  38.808 0.0000000000
52611  5.530  -45.155  37.574 0.0000000000
53542  4.691  -44.963  37.719 0.0000000000
126474  4.439  -44.072  36.734 0.0000000000
53559  3.508  -44.477  37.148 0.0000000000
53544  3.386  -45.004  37.886 0.0000000000
53545  2.899  -45.225  38.054 0.0000000000
52612  1.869  -45.815  37.809 0.0000000000
51660  1.675  -47.035  38.074 0.0000000000
51668  1.380  -46.923  37.293 0.0000000000
50679  1.728  -47.537  37.142 0.0000000000
49729  1.865  -47.807  36.926 0.0000000000
50700  1.038  -47.186  35.688 0.0000000000
49739  1.424  -47.675  36.112 0.0000000000
49728  2.107  -48.191  36.784 0.0000000000
49727  2.493  -48.585  36.349 0.0000000000
48787  3.057  -49.076  35.880 0.0000000000
48800  3.709  -49.446  35.390 0.0000000000
51700  0.121  -46.954  33.107 0.0000000000
50713  0.001  -47.594  33.452 0.0000000000
48803  1.307  -48.727  33.876 0.0000000000
48799  4.435  -49.844  35.829 0.0000000000
36199  -0.604  -62.383  40.875 0.0000000000
37309  0.561  -62.147  38.929 0.0000000000
38259  3.831  -59.874  47.669 0.0000000000
40363  5.067  -58.051  49.436 0.0000000000
40446  2.376  -58.421  36.183 0.0000000000
40463  1.088  -58.500  33.256 0.0000000000
41443  1.208  -57.941  34.092 0.0000000000
43185  4.268  -54.635  49.571 0.0000000000
44140  0.575  -54.224  47.674 0.0000000000
45908  3.017  -52.041  50.047 0.0000000000
46768  2.633  -51.056  49.673 0.0000000000
46866  4.270  -50.827  36.570 0.0000000000
47726  0.761  -50.301  46.514 0.0000000000
48658  2.491  -49.919  50.635 0.0000000000
48802  1.999  -48.971  34.313 0.0000000000
49636  2.268  -49.368  50.239 0.0000000000
49643  2.480  -48.635  50.180 0.0000000000
49648  1.985  -49.483  48.760 0.0000000000
49652  2.118  -48.697  48.022 0.0000000000
49684  1.168  -49.138  40.953 0.0000000000
49750  0.664  -48.025  34.225 0.0000000000
49759  0.251  -48.162  33.603 0.0000000000
50624  2.449  -48.362  47.609 0.0000000000
50655  1.556  -48.211  40.574 0.0000000000
50680  1.692  -47.397  37.360 0.0000000000
50690  1.278  -47.359  36.352 0.0000000000
51594  2.607  -47.797  45.067 0.0000000000
51614  2.180  -47.568  42.922 0.0000000000
51688  1.050  -46.744  35.855 0.0000000000
52522  2.838  -47.272  43.267 0.0000000000
52530  2.836  -47.073  42.758 0.0000000000
52541  2.812  -46.843  42.229 0.0000000000
52549  8.102  -46.221  42.098 0.0000000000
52551  3.179  -46.463  41.252 0.0000000000
52554  1.988  -46.822  41.362 0.0000000000
52566  3.504  -46.153  40.186 0.0000000000
52585  3.550  -45.661  39.230 0.0000000000
52586  1.962  -46.419  39.671 0.0000000000
52595  6.411  -45.834  38.259 0.0000000000
52597  4.663  -45.425  38.512 0.0000000000
52599  1.725  -46.504  38.318 0.0000000000
52640  1.240  -46.620  35.111 0.0000000000
52653  0.859  -46.576  34.399 0.0000000000
52677  1.090  -46.479  32.706 0.0000000000
52694  1.786  -46.405  31.800 0.0000000000
53531  2.046  -46.116  39.204 0.0000000000
53547  2.109  -45.819  38.486 0.0000000000
53558  4.393  -44.372  37.153 0.0000000000
53561  2.595  -45.079  37.447 0.0000000000
53577  4.168  -43.823  36.238 0.0000000000
53578  3.974  -44.092  36.927 0.0000000000
53580  1.915  -45.277  36.505 0.0000000000
53612  2.688  -44.539  33.739 0.0000000000
53614  1.801  -45.622  33.700 0.0000000000
53638  3.125  -45.318  31.907 0.0000000000
54476  2.930  -44.669  36.827 0.0000000000
54483  3.628  -44.099  36.563 0.0000000000
54484  3.278  -44.283  36.356 0.0000000000
54486  2.395  -44.911  36.036 0.0000000000
54496  3.168  -44.226  35.727 0.0000000000
54508  5.242  -43.542  34.407 0.0000000000
54511  2.495  -44.620  34.287 0.0000000000
54512  2.415  -44.919  35.289 0.0000000000
112325  -0.781  -63.166  39.734 0.0000000000
113505  1.898  -47.613  38.949 0.0000000000
115316  2.205  -45.498  33.291 0.0000000000
116653  2.257  -45.415  37.822 0.0000000000
116831  1.323  -57.511  33.274 0.0000000000
118701  3.374  -43.981  35.119 0.0000000000
118747  4.199  -43.681  35.555 0.0000000000
119232  1.643  -48.497  43.414 0.0000000000
119695  1.500  -50.118  41.245 0.0000000000
120488  1.363  -48.915  45.229 0.0000000000
120880  1.556  -45.683  34.111 0.0000000000
122705  6.693  -44.531  35.543 0.0000000000
123081  2.816  -44.414  35.017 0.0000000000
123236  4.017  -43.621  34.439 0.0000000000
123383  0.528  -54.574  47.964 0.0000000000
123913  1.004  -50.310  48.082 0.0000000000
124528  3.951  -44.633  37.499 0.0000000000
126489  1.370  -49.503  43.131 0.0000000000
127003  3.572  -45.319  38.546 0.0000000000
127670  1.346  -49.243  46.584 0.0000000000
130155  5.438  -44.361  36.430 0.0000000000
130377  3.319  -47.515  45.067 0.0000000000
130901  0.539  -46.517  33.620 0.0000000000
131104  7.457  -46.192  43.282 0.0000000000
131646  1.048  -51.787  47.988 0.0000000000
132968  4.623  -45.705  39.139 0.0000000000
133766  2.370  -44.872  34.678 0.0000000000
