#!ascii label  , from subject sub-v1s12x0050108_ses-1 vox2ras=TkReg
710
42595  -16.853  -33.035  49.007 0.0000000000
124672  -41.173  -23.013  39.639 0.0000000000
60347  -44.117  -14.738  36.114 0.0000000000
125155  -48.423  -16.341  29.765 0.0000000000
53800  -37.010  -22.058  39.874 0.0000000000
128863  -47.075  -17.885  32.622 0.0000000000
65838  -46.811  -8.916  25.703 0.0000000000
66685  -51.219  -6.288  24.251 0.0000000000
49991  -43.141  -25.432  39.596 0.0000000000
121230  -44.790  -22.158  37.536 0.0000000000
56620  -41.867  -18.064  38.847 0.0000000000
45062  -18.632  -31.089  52.665 0.0000000000
47000  -22.047  -28.533  52.273 0.0000000000
51653  -22.268  -24.151  50.135 0.0000000000
52675  -26.603  -22.279  48.265 0.0000000000
51704  -31.136  -23.771  46.362 0.0000000000
52716  -35.335  -22.808  44.737 0.0000000000
50834  -39.602  -24.341  43.312 0.0000000000
125943  -46.041  -20.340  33.560 0.0000000000
69248  -52.274  -3.709  24.272 0.0000000000
126718  -42.123  -22.983  40.626 0.0000000000
53803  -43.328  -21.415  39.607 0.0000000000
54730  -41.799  -20.661  38.677 0.0000000000
46041  -18.424  -29.978  50.757 0.0000000000
124423  -20.338  -30.624  52.685 0.0000000000
51742  -31.708  -23.305  43.360 0.0000000000
51723  -32.924  -23.408  45.585 0.0000000000
52740  -33.803  -22.550  42.350 0.0000000000
51798  -39.239  -23.202  40.269 0.0000000000
53746  -38.029  -22.592  42.244 0.0000000000
51782  -40.829  -23.301  41.835 0.0000000000
49978  -41.335  -25.647  41.833 0.0000000000
56638  -44.181  -17.990  37.467 0.0000000000
117628  -43.793  -20.943  34.890 0.0000000000
56666  -45.169  -17.619  35.400 0.0000000000
124910  -47.777  -18.477  29.985 0.0000000000
55749  -49.765  -19.450  32.105 0.0000000000
56756  -50.982  -18.328  29.661 0.0000000000
58602  -51.381  -16.043  28.765 0.0000000000
65840  -49.422  -8.948  27.921 0.0000000000
64933  -47.007  -9.741  29.177 0.0000000000
53776  -34.893  -21.922  40.108 0.0000000000
130223  -45.563  -17.164  29.351 0.0000000000
65876  -49.467  -8.128  23.921 0.0000000000
64995  -51.994  -9.032  25.774 0.0000000000
67476  -52.071  -6.421  22.155 0.0000000000
48059  -42.469  -27.165  38.681 0.0000000000
51819  -44.328  -23.420  38.355 0.0000000000
55668  -43.672  -19.266  39.023 0.0000000000
114250  -18.194  -32.789  51.383 0.0000000000
46029  -23.923  -29.700  51.533 0.0000000000
48903  -22.404  -26.002  51.729 0.0000000000
47912  -24.341  -27.542  51.248 0.0000000000
124935  -23.075  -25.801  49.506 0.0000000000
50780  -24.752  -23.775  48.519 0.0000000000
125930  -27.381  -24.015  48.452 0.0000000000
52690  -28.550  -22.932  47.014 0.0000000000
49922  -31.565  -25.055  46.277 0.0000000000
53744  -36.139  -22.160  42.402 0.0000000000
51728  -36.943  -23.268  43.725 0.0000000000
119292  -37.689  -25.553  43.106 0.0000000000
48990  -39.444  -27.068  42.646 0.0000000000
48006  -41.480  -28.258  40.781 0.0000000000
56680  -47.818  -18.353  34.042 0.0000000000
62194  -45.606  -11.647  29.729 0.0000000000
60394  -48.481  -13.028  30.760 0.0000000000
117945  -16.915  -32.872  50.663 0.0000000000
117590  -41.784  -22.600  40.477 0.0000000000
52772  -42.195  -21.773  40.034 0.0000000000
52788  -41.802  -21.998  39.924 0.0000000000
51763  -32.106  -22.985  41.824 0.0000000000
51764  -32.394  -23.073  42.691 0.0000000000
129904  -32.899  -22.424  40.806 0.0000000000
51816  -39.806  -23.643  39.618 0.0000000000
52771  -39.399  -23.026  41.367 0.0000000000
136121  -40.768  -23.124  41.380 0.0000000000
51801  -41.447  -23.119  41.203 0.0000000000
130017  -44.521  -17.452  36.376 0.0000000000
58528  -45.431  -15.802  35.620 0.0000000000
56753  -48.436  -18.053  29.739 0.0000000000
56754  -49.769  -18.187  30.374 0.0000000000
57721  -49.729  -17.426  29.825 0.0000000000
57723  -51.335  -17.367  29.179 0.0000000000
58586  -50.576  -16.050  29.599 0.0000000000
121964  -50.251  -9.835  27.425 0.0000000000
64025  -49.158  -9.581  28.621 0.0000000000
63115  -48.551  -10.595  27.241 0.0000000000
66683  -48.982  -7.324  22.261 0.0000000000
66675  -50.207  -7.598  23.735 0.0000000000
65864  -50.671  -8.358  25.489 0.0000000000
65878  -52.144  -7.598  25.415 0.0000000000
64996  -52.445  -8.518  25.250 0.0000000000
66668  -52.479  -6.868  25.108 0.0000000000
67467  -52.409  -5.733  22.938 0.0000000000
49049  -43.089  -26.589  38.873 0.0000000000
122943  -43.526  -25.950  38.415 0.0000000000
50885  -44.042  -24.113  38.783 0.0000000000
55659  -42.674  -19.506  39.641 0.0000000000
54718  -43.798  -20.810  39.127 0.0000000000
56605  -42.620  -17.881  39.725 0.0000000000
57601  -43.172  -17.186  39.511 0.0000000000
58501  -42.607  -16.548  39.015 0.0000000000
42570  -19.362  -32.860  51.351 0.0000000000
43411  -19.374  -31.922  52.460 0.0000000000
46015  -21.530  -29.648  52.377 0.0000000000
51659  -21.958  -23.659  49.902 0.0000000000
49859  -22.368  -25.601  51.242 0.0000000000
47911  -23.810  -27.129  51.668 0.0000000000
48913  -23.289  -26.056  51.161 0.0000000000
47922  -23.868  -26.616  50.824 0.0000000000
114129  -22.727  -25.330  50.371 0.0000000000
51670  -25.476  -22.919  49.003 0.0000000000
50781  -26.004  -23.503  48.684 0.0000000000
51672  -27.266  -22.971  48.904 0.0000000000
51721  -29.814  -23.391  44.704 0.0000000000
51702  -28.901  -23.205  44.837 0.0000000000
115162  -30.203  -23.584  46.540 0.0000000000
51680  -29.568  -23.888  47.804 0.0000000000
51681  -30.222  -24.189  47.285 0.0000000000
49894  -30.853  -24.548  46.798 0.0000000000
51692  -31.454  -24.383  46.625 0.0000000000
51724  -34.113  -22.957  45.315 0.0000000000
50815  -33.633  -24.157  46.057 0.0000000000
50823  -34.900  -24.015  45.589 0.0000000000
50824  -35.514  -24.236  45.118 0.0000000000
53759  -35.212  -22.114  41.047 0.0000000000
53778  -36.696  -22.132  40.633 0.0000000000
52732  -38.778  -23.034  42.706 0.0000000000
52731  -37.953  -22.934  42.793 0.0000000000
51746  -38.388  -23.312  43.103 0.0000000000
50832  -37.154  -24.689  43.584 0.0000000000
49954  -38.055  -24.960  43.539 0.0000000000
49964  -39.295  -26.302  43.144 0.0000000000
49979  -42.016  -25.541  41.058 0.0000000000
49011  -41.155  -26.857  41.770 0.0000000000
48007  -42.189  -27.702  40.240 0.0000000000
136354  -41.975  -28.061  39.473 0.0000000000
136559  -17.563  -30.498  52.432 0.0000000000
45051  -17.926  -31.185  52.722 0.0000000000
43409  -17.590  -32.023  52.466 0.0000000000
50921  -44.203  -24.188  37.228 0.0000000000
51880  -43.942  -23.389  36.475 0.0000000000
54755  -45.014  -20.152  33.748 0.0000000000
58555  -46.440  -16.763  33.389 0.0000000000
57641  -47.006  -17.038  34.390 0.0000000000
57655  -47.429  -17.340  33.789 0.0000000000
121248  -50.360  -20.629  31.022 0.0000000000
54781  -49.303  -20.563  32.496 0.0000000000
63999  -47.500  -10.751  30.259 0.0000000000
64013  -46.268  -10.283  29.185 0.0000000000
63082  -47.177  -11.353  30.852 0.0000000000
130360  -47.082  -12.885  30.822 0.0000000000
60395  -48.602  -12.948  30.445 0.0000000000
132757  -49.692  -13.914  29.292 0.0000000000
68331  -50.478  -4.844  23.687 0.0000000000
68332  -51.657  -5.305  24.600 0.0000000000
69254  -50.773  -3.800  23.846 0.0000000000
71052  -52.077  -2.153  23.606 0.0000000000
51802  -42.499  -23.708  40.540 0.0000000000
51803  -43.400  -23.716  39.633 0.0000000000
117019  -42.839  -22.917  40.087 0.0000000000
53802  -42.581  -21.078  39.799 0.0000000000
55667  -41.883  -19.622  39.041 0.0000000000
46012  -18.827  -30.653  52.440 0.0000000000
134090  -19.620  -30.905  52.656 0.0000000000
47010  -21.741  -28.830  52.030 0.0000000000
115676  -31.392  -23.403  44.380 0.0000000000
51705  -31.808  -23.715  46.051 0.0000000000
115940  -32.326  -23.242  44.543 0.0000000000
51744  -33.690  -22.806  44.190 0.0000000000
51745  -34.626  -22.709  44.664 0.0000000000
52769  -37.755  -22.223  40.415 0.0000000000
53779  -37.296  -22.201  40.990 0.0000000000
52770  -38.560  -22.638  40.916 0.0000000000
52758  -39.551  -22.889  42.265 0.0000000000
51748  -40.067  -23.516  42.903 0.0000000000
50835  -40.373  -24.630  42.823 0.0000000000
50842  -41.127  -24.547  42.173 0.0000000000
50855  -41.733  -24.619  41.528 0.0000000000
46025  -17.999  -30.076  51.643 0.0000000000
54736  -44.481  -19.976  37.408 0.0000000000
137140  -44.555  -21.287  36.893 0.0000000000
55700  -44.238  -19.156  35.884 0.0000000000
55714  -44.359  -19.223  34.927 0.0000000000
55716  -46.287  -18.888  34.476 0.0000000000
56704  -47.521  -18.381  31.869 0.0000000000
56705  -48.690  -18.387  32.116 0.0000000000
117716  -49.128  -18.543  31.308 0.0000000000
56724  -50.224  -19.267  31.443 0.0000000000
65855  -48.557  -8.617  26.864 0.0000000000
64962  -46.780  -9.039  26.977 0.0000000000
64950  -48.848  -9.231  28.654 0.0000000000
64015  -47.942  -10.197  29.643 0.0000000000
51833  -40.901  -23.319  38.239 0.0000000000
51831  -39.707  -23.886  38.599 0.0000000000
59441  -45.011  -14.870  34.971 0.0000000000
56702  -45.315  -18.186  31.961 0.0000000000
56735  -45.855  -18.640  30.317 0.0000000000
56751  -46.162  -18.232  29.711 0.0000000000
126335  -47.155  -16.403  29.721 0.0000000000
65862  -48.111  -8.543  24.822 0.0000000000
65856  -48.924  -8.538  25.951 0.0000000000
65842  -50.863  -9.285  26.995 0.0000000000
131256  -51.280  -10.544  25.845 0.0000000000
67452  -52.471  -6.265  24.955 0.0000000000
65891  -52.345  -7.219  23.319 0.0000000000
49072  -43.352  -26.130  37.963 0.0000000000
50910  -44.276  -24.417  37.607 0.0000000000
52807  -44.583  -22.880  37.987 0.0000000000
52789  -43.775  -22.252  39.281 0.0000000000
117398  -44.537  -21.191  38.446 0.0000000000
54731  -44.788  -20.716  37.962 0.0000000000
56622  -43.888  -18.465  38.587 0.0000000000
58514  -43.593  -16.316  38.078 0.0000000000
132541  -41.649  -20.912  37.575 0.0000000000
55678  -41.642  -19.448  37.901 0.0000000000
57617  -41.630  -16.813  36.847 0.0000000000
42582  -17.806  -32.876  50.641 0.0000000000
42583  -18.748  -32.944  50.780 0.0000000000
45088  -25.175  -30.468  50.525 0.0000000000
131238  -21.289  -28.687  50.231 0.0000000000
47020  -21.736  -28.056  51.349 0.0000000000
47900  -22.250  -27.605  52.287 0.0000000000
47011  -24.497  -28.360  51.272 0.0000000000
48924  -23.238  -26.256  48.502 0.0000000000
118945  -23.362  -25.742  48.113 0.0000000000
52688  -26.847  -22.307  47.195 0.0000000000
118372  -27.918  -22.752  46.244 0.0000000000
52676  -27.408  -22.584  48.096 0.0000000000
51673  -28.180  -23.348  48.466 0.0000000000
50796  -28.867  -24.317  48.020 0.0000000000
50808  -32.550  -24.398  46.262 0.0000000000
52768  -34.179  -22.154  40.709 0.0000000000
52741  -34.748  -22.419  42.752 0.0000000000
52728  -35.872  -22.577  43.950 0.0000000000
53745  -37.357  -22.340  42.357 0.0000000000
52729  -36.449  -22.662  43.669 0.0000000000
51727  -35.952  -23.316  44.520 0.0000000000
50825  -36.041  -23.986  44.636 0.0000000000
49952  -36.239  -24.968  43.822 0.0000000000
135173  -39.244  -27.928  41.636 0.0000000000
48992  -40.630  -26.377  42.366 0.0000000000
47994  -40.206  -28.339  41.878 0.0000000000
47110  -39.467  -29.112  41.113 0.0000000000
47122  -40.411  -29.139  39.862 0.0000000000
42559  -17.156  -32.420  52.176 0.0000000000
58529  -46.152  -15.846  34.992 0.0000000000
56679  -47.077  -17.997  34.510 0.0000000000
55728  -46.828  -19.638  33.950 0.0000000000
56693  -48.864  -18.962  33.096 0.0000000000
54767  -48.130  -20.397  33.279 0.0000000000
53880  -47.458  -21.222  32.804 0.0000000000
59491  -45.386  -15.596  29.398 0.0000000000
59492  -46.824  -15.394  30.047 0.0000000000
131727  -45.958  -10.066  28.330 0.0000000000
63102  -45.192  -10.862  28.146 0.0000000000
61295  -45.441  -12.573  29.738 0.0000000000
128361  -46.391  -13.699  30.405 0.0000000000
59494  -49.276  -14.975  30.214 0.0000000000
59508  -50.411  -14.648  29.329 0.0000000000
52806  -41.461  -22.390  38.895 0.0000000000
52766  -31.491  -22.629  40.481 0.0000000000
52753  -32.577  -22.657  41.213 0.0000000000
51817  -40.486  -23.429  39.983 0.0000000000
51800  -41.014  -23.049  40.716 0.0000000000
59428  -44.377  -15.078  36.474 0.0000000000
58521  -44.673  -15.736  36.344 0.0000000000
126683  -45.056  -15.199  35.920 0.0000000000
57720  -48.741  -17.262  29.621 0.0000000000
135722  -50.256  -16.684  29.735 0.0000000000
58585  -49.712  -16.200  29.818 0.0000000000
64050  -49.859  -10.372  26.906 0.0000000000
67466  -50.170  -6.514  23.212 0.0000000000
66684  -50.733  -7.045  23.795 0.0000000000
132160  -51.191  -7.415  24.628 0.0000000000
66676  -51.833  -6.820  25.002 0.0000000000
49031  -42.927  -26.223  39.585 0.0000000000
49998  -43.471  -25.768  38.958 0.0000000000
50871  -43.613  -24.842  39.232 0.0000000000
117308  -42.204  -18.635  39.523 0.0000000000
127277  -42.650  -18.653  39.738 0.0000000000
56604  -42.259  -17.744  39.415 0.0000000000
57594  -42.612  -17.181  39.478 0.0000000000
57600  -42.030  -17.107  38.901 0.0000000000
43410  -18.662  -31.796  52.518 0.0000000000
44236  -19.103  -31.386  52.608 0.0000000000
45063  -21.648  -30.129  52.604 0.0000000000
51652  -22.059  -24.153  50.288 0.0000000000
49867  -22.150  -24.906  50.617 0.0000000000
49868  -22.559  -25.482  50.928 0.0000000000
50764  -22.406  -24.636  50.202 0.0000000000
115385  -25.771  -21.977  48.500 0.0000000000
51664  -25.593  -22.506  49.035 0.0000000000
52663  -26.283  -22.508  48.906 0.0000000000
51671  -26.332  -22.906  49.089 0.0000000000
52664  -27.080  -22.663  48.662 0.0000000000
132593  -30.382  -23.440  45.584 0.0000000000
51690  -29.897  -23.769  47.313 0.0000000000
51691  -30.674  -23.980  46.916 0.0000000000
51682  -30.671  -24.200  47.016 0.0000000000
51725  -34.879  -23.123  45.485 0.0000000000
51708  -34.223  -23.618  45.908 0.0000000000
51726  -35.444  -23.438  45.061 0.0000000000
128521  -36.347  -21.965  39.885 0.0000000000
51747  -39.276  -23.383  43.135 0.0000000000
50833  -38.696  -24.156  43.472 0.0000000000
49955  -38.964  -25.274  43.518 0.0000000000
133223  -39.703  -25.338  43.261 0.0000000000
49990  -42.622  -25.518  40.273 0.0000000000
49030  -42.353  -26.600  40.458 0.0000000000
115602  -42.652  -27.108  39.567 0.0000000000
45061  -17.887  -30.857  52.639 0.0000000000
44232  -18.311  -31.394  52.625 0.0000000000
52828  -44.626  -22.863  37.539 0.0000000000
51865  -44.393  -23.556  37.118 0.0000000000
52851  -44.535  -22.805  36.976 0.0000000000
54766  -45.211  -21.003  33.299 0.0000000000
117389  -46.306  -21.133  33.085 0.0000000000
57672  -46.189  -17.460  32.664 0.0000000000
57673  -47.016  -17.290  33.351 0.0000000000
64979  -45.814  -9.369  25.666 0.0000000000
63083  -47.559  -11.166  30.626 0.0000000000
131617  -47.217  -10.884  30.632 0.0000000000
125238  -47.708  -11.948  30.793 0.0000000000
52773  -42.427  -22.324  40.198 0.0000000000
53801  -42.170  -21.082  39.823 0.0000000000
54715  -42.150  -20.376  39.506 0.0000000000
55658  -42.320  -19.509  39.585 0.0000000000
46026  -18.915  -29.990  51.924 0.0000000000
47019  -21.455  -29.050  51.174 0.0000000000
51762  -30.793  -23.349  42.526 0.0000000000
51741  -30.727  -23.436  43.544 0.0000000000
51765  -33.271  -22.812  43.041 0.0000000000
52726  -34.197  -22.618  43.471 0.0000000000
52787  -38.433  -22.721  39.830 0.0000000000
51781  -40.215  -23.027  41.775 0.0000000000
51766  -40.211  -23.159  42.416 0.0000000000
52746  -39.528  -23.032  42.718 0.0000000000
51767  -40.720  -23.721  42.343 0.0000000000
128472  -41.895  -23.478  41.100 0.0000000000
51783  -41.441  -23.745  41.695 0.0000000000
51784  -42.012  -23.993  41.214 0.0000000000
50856  -42.313  -24.629  40.845 0.0000000000
134610  -44.223  -18.811  37.904 0.0000000000
55686  -44.280  -19.082  37.069 0.0000000000
125372  -44.590  -18.578  35.369 0.0000000000
56677  -45.166  -18.600  34.833 0.0000000000
56678  -46.069  -18.029  34.865 0.0000000000
56722  -47.932  -18.687  30.799 0.0000000000
56737  -48.808  -18.472  30.381 0.0000000000
56755  -50.444  -18.011  30.024 0.0000000000
56738  -49.887  -18.574  31.150 0.0000000000
56739  -50.517  -18.832  30.595 0.0000000000
55758  -50.661  -19.795  30.965 0.0000000000
55768  -51.151  -19.049  29.250 0.0000000000
65839  -48.174  -8.827  27.720 0.0000000000
64951  -49.360  -9.406  28.423 0.0000000000
63103  -47.848  -10.765  29.158 0.0000000000
119719  -40.334  -23.899  38.111 0.0000000000
56720  -45.577  -18.659  31.219 0.0000000000
120460  -44.875  -17.599  29.229 0.0000000000
135330  -45.588  -17.861  29.451 0.0000000000
57718  -46.421  -17.462  29.479 0.0000000000
65887  -48.679  -7.910  22.683 0.0000000000
65875  -48.222  -8.297  23.194 0.0000000000
114111  -47.477  -8.597  23.797 0.0000000000
114638  -48.479  -8.405  24.057 0.0000000000
65863  -49.338  -8.447  25.031 0.0000000000
65858  -51.438  -8.940  26.344 0.0000000000
64980  -51.436  -9.580  26.410 0.0000000000
64039  -50.929  -9.742  26.910 0.0000000000
64052  -51.400  -10.153  26.322 0.0000000000
64065  -51.714  -10.128  25.728 0.0000000000
68333  -52.260  -4.668  24.694 0.0000000000
133709  -52.430  -5.556  24.906 0.0000000000
68326  -52.410  -5.437  24.861 0.0000000000
118114  -52.468  -6.376  23.518 0.0000000000
49071  -42.643  -26.635  38.085 0.0000000000
115841  -42.965  -26.609  38.412 0.0000000000
50900  -44.318  -24.338  38.116 0.0000000000
132088  -44.192  -25.019  37.877 0.0000000000
51834  -44.451  -23.726  37.879 0.0000000000
118354  -43.470  -22.802  39.597 0.0000000000
51818  -43.944  -23.111  39.016 0.0000000000
54725  -43.391  -19.897  39.327 0.0000000000
54726  -44.155  -20.286  38.657 0.0000000000
55669  -44.339  -19.561  38.187 0.0000000000
134443  -42.919  -16.300  38.818 0.0000000000
57609  -43.376  -16.782  38.991 0.0000000000
42596  -18.228  -32.884  49.800 0.0000000000
42571  -20.006  -32.827  51.299 0.0000000000
125081  -20.461  -30.851  52.815 0.0000000000
44245  -23.721  -30.981  50.979 0.0000000000
45075  -24.343  -30.254  50.992 0.0000000000
127811  -24.490  -29.583  51.178 0.0000000000
47920  -21.430  -27.387  50.572 0.0000000000
48896  -22.438  -26.688  52.179 0.0000000000
47901  -22.902  -27.467  52.327 0.0000000000
47903  -24.114  -27.761  51.653 0.0000000000
46031  -24.784  -29.132  50.992 0.0000000000
47012  -24.961  -28.736  50.701 0.0000000000
47022  -25.494  -28.770  50.243 0.0000000000
48919  -23.290  -26.227  50.202 0.0000000000
47931  -23.811  -27.011  49.987 0.0000000000
47938  -23.368  -26.687  49.168 0.0000000000
50771  -23.587  -23.989  49.071 0.0000000000
50791  -23.761  -24.797  48.354 0.0000000000
50792  -24.407  -24.768  47.812 0.0000000000
50794  -26.531  -24.167  48.139 0.0000000000
49889  -26.149  -24.881  47.127 0.0000000000
49890  -27.137  -24.663  47.635 0.0000000000
52702  -28.611  -22.981  45.813 0.0000000000
52689  -27.697  -22.640  47.146 0.0000000000
52677  -28.288  -22.937  48.019 0.0000000000
50797  -29.560  -24.192  47.741 0.0000000000
50785  -28.942  -23.822  48.205 0.0000000000
137818  -28.398  -24.679  47.752 0.0000000000
126209  -31.408  -24.711  46.533 0.0000000000
49906  -30.931  -25.084  46.561 0.0000000000
51706  -32.607  -23.924  46.235 0.0000000000
51694  -32.993  -24.211  46.230 0.0000000000
53760  -35.919  -22.138  41.563 0.0000000000
52756  -35.349  -22.250  42.077 0.0000000000
52742  -35.656  -22.299  43.125 0.0000000000
120852  -36.404  -22.358  43.198 0.0000000000
53780  -37.940  -22.327  41.445 0.0000000000
53762  -37.500  -22.262  41.790 0.0000000000
51729  -37.601  -23.129  43.224 0.0000000000
52730  -37.103  -22.768  43.261 0.0000000000
52718  -36.405  -22.941  44.000 0.0000000000
127506  -36.705  -23.990  43.968 0.0000000000
132873  -37.621  -25.283  43.348 0.0000000000
49953  -36.963  -25.041  43.408 0.0000000000
48989  -38.976  -26.799  42.814 0.0000000000
49009  -39.418  -27.511  42.241 0.0000000000
135094  -40.750  -25.396  42.434 0.0000000000
49965  -40.120  -25.876  42.883 0.0000000000
47995  -40.936  -27.901  41.576 0.0000000000
48005  -40.620  -28.723  41.254 0.0000000000
47101  -40.011  -28.935  41.479 0.0000000000
47111  -40.086  -29.289  40.761 0.0000000000
47112  -41.037  -28.815  40.390 0.0000000000
48042  -42.370  -27.533  39.122 0.0000000000
48041  -41.708  -27.909  39.060 0.0000000000
42560  -18.072  -32.418  52.047 0.0000000000
42568  -17.473  -32.741  51.473 0.0000000000
123819  -43.961  -21.108  36.131 0.0000000000
53862  -43.737  -21.955  35.493 0.0000000000
116281  -45.323  -15.168  34.174 0.0000000000
59442  -45.785  -15.370  34.652 0.0000000000
57642  -47.535  -17.694  34.106 0.0000000000
55717  -47.425  -18.921  34.210 0.0000000000
56706  -49.253  -18.824  32.555 0.0000000000
57657  -48.544  -18.367  33.007 0.0000000000
54768  -48.818  -20.242  32.972 0.0000000000
54780  -48.555  -20.946  32.660 0.0000000000
130695  -46.058  -15.292  29.848 0.0000000000
60406  -45.741  -14.647  29.816 0.0000000000
64949  -47.753  -9.274  28.584 0.0000000000
64948  -46.351  -9.577  27.835 0.0000000000
63091  -45.840  -10.885  29.487 0.0000000000
63090  -45.130  -11.495  28.842 0.0000000000
63101  -44.484  -11.854  28.079 0.0000000000
133516  -44.840  -12.266  28.881 0.0000000000
60393  -47.594  -13.530  30.752 0.0000000000
137489  -47.540  -14.527  30.442 0.0000000000
60408  -48.702  -13.956  30.556 0.0000000000
125483  -50.163  -14.915  29.875 0.0000000000
60410  -49.855  -14.130  29.852 0.0000000000
53823  -41.832  -21.332  39.341 0.0000000000
130940  -31.650  -23.220  42.393 0.0000000000
52739  -32.916  -22.771  42.037 0.0000000000
52754  -33.427  -22.450  41.292 0.0000000000
51799  -40.065  -23.373  40.776 0.0000000000
57618  -44.242  -16.680  37.105 0.0000000000
57627  -44.950  -16.606  35.963 0.0000000000
57628  -45.889  -16.569  35.314 0.0000000000
57722  -50.731  -17.174  29.642 0.0000000000
58587  -51.123  -16.412  29.214 0.0000000000
64963  -50.097  -9.407  27.627 0.0000000000
64038  -49.569  -9.975  28.096 0.0000000000
66674  -49.384  -7.649  23.000 0.0000000000
65877  -50.969  -7.951  24.878 0.0000000000
65865  -51.872  -8.420  25.733 0.0000000000
117422  -52.324  -8.227  25.562 0.0000000000
65866  -52.501  -7.606  25.184 0.0000000000
66669  -52.611  -7.001  25.024 0.0000000000
69255  -52.528  -3.685  23.510 0.0000000000
68334  -52.413  -4.678  24.294 0.0000000000
68341  -52.499  -4.783  23.008 0.0000000000
67484  -51.688  -6.939  21.079 0.0000000000
49060  -42.814  -26.913  38.759 0.0000000000
49061  -43.240  -26.307  38.349 0.0000000000
50899  -43.988  -25.171  38.422 0.0000000000
54717  -43.016  -20.464  39.645 0.0000000000
55660  -43.087  -19.055  39.556 0.0000000000
56606  -43.193  -18.080  39.527 0.0000000000
57595  -42.977  -17.303  39.703 0.0000000000
136893  -43.010  -16.722  39.352 0.0000000000
58507  -42.768  -16.128  38.388 0.0000000000
137131  -18.258  -32.033  52.417 0.0000000000
42569  -18.819  -32.695  51.722 0.0000000000
43415  -18.823  -32.265  52.267 0.0000000000
43416  -19.566  -32.474  52.011 0.0000000000
43412  -20.000  -31.947  52.386 0.0000000000
46017  -23.565  -29.084  51.918 0.0000000000
133421  -22.884  -26.248  51.977 0.0000000000
49860  -22.831  -25.948  51.579 0.0000000000
48904  -23.367  -26.421  51.686 0.0000000000
48905  -23.919  -26.808  51.266 0.0000000000
47923  -24.407  -27.368  50.696 0.0000000000
50782  -27.004  -23.404  48.814 0.0000000000
51703  -29.549  -23.284  45.694 0.0000000000
52691  -29.357  -23.289  46.753 0.0000000000
52678  -29.089  -23.394  47.616 0.0000000000
129340  -30.034  -24.201  47.404 0.0000000000
50799  -31.122  -24.579  46.661 0.0000000000
50807  -31.885  -24.536  46.419 0.0000000000
133874  -33.683  -23.328  45.688 0.0000000000
51707  -33.473  -23.860  46.121 0.0000000000
50816  -34.248  -24.262  45.849 0.0000000000
49939  -35.145  -24.960  44.882 0.0000000000
53798  -35.608  -21.769  39.521 0.0000000000
53777  -35.895  -22.015  40.427 0.0000000000
116051  -36.368  -22.131  41.156 0.0000000000
120317  -36.520  -22.104  41.844 0.0000000000
52745  -38.860  -22.888  42.462 0.0000000000
134089  -38.275  -22.850  42.520 0.0000000000
50826  -37.623  -23.884  43.489 0.0000000000
49963  -38.431  -25.886  43.271 0.0000000000
49012  -41.720  -26.385  41.246 0.0000000000
49029  -41.710  -27.338  41.053 0.0000000000
48022  -41.873  -28.348  40.008 0.0000000000
49048  -42.660  -27.232  39.104 0.0000000000
46011  -17.307  -30.170  52.045 0.0000000000
45060  -17.060  -30.638  52.698 0.0000000000
45050  -17.299  -31.078  52.895 0.0000000000
54754  -44.259  -20.036  34.411 0.0000000000
54765  -44.275  -20.907  33.822 0.0000000000
58544  -46.227  -16.136  33.670 0.0000000000
59452  -46.461  -15.985  34.102 0.0000000000
58545  -46.845  -16.572  33.918 0.0000000000
57656  -47.958  -17.981  33.616 0.0000000000
54794  -50.211  -20.144  31.662 0.0000000000
54782  -49.723  -20.100  32.228 0.0000000000
64014  -47.515  -10.119  29.911 0.0000000000
135661  -46.957  -10.064  29.722 0.0000000000
63998  -46.890  -10.471  30.116 0.0000000000
63081  -46.512  -11.066  30.430 0.0000000000
62189  -46.351  -11.831  30.570 0.0000000000
62190  -47.165  -12.102  30.946 0.0000000000
61286  -48.164  -12.633  30.804 0.0000000000
60409  -49.198  -13.491  30.171 0.0000000000
68340  -50.647  -5.786  23.677 0.0000000000
121883  -51.479  -4.435  24.330 0.0000000000
69247  -51.815  -3.684  24.358 0.0000000000
70185  -51.199  -2.997  23.887 0.0000000000
70186  -51.992  -2.886  24.148 0.0000000000
70195  -52.338  -2.797  23.759 0.0000000000
50870  -42.895  -24.633  40.002 0.0000000000
52774  -43.123  -22.193  39.845 0.0000000000
53781  -42.713  -21.712  39.950 0.0000000000
54716  -42.440  -20.301  39.656 0.0000000000
46013  -19.771  -30.512  52.380 0.0000000000
46014  -20.659  -30.239  52.512 0.0000000000
46028  -21.031  -29.649  51.813 0.0000000000
115776  -25.978  -22.035  47.383 0.0000000000
131812  -30.547  -23.452  44.398 0.0000000000
137843  -30.446  -23.443  44.948 0.0000000000
115944  -31.109  -23.483  45.296 0.0000000000
51722  -32.033  -23.450  45.391 0.0000000000
51743  -32.757  -23.047  43.750 0.0000000000
118091  -33.244  -23.003  44.910 0.0000000000
52757  -38.705  -22.695  41.922 0.0000000000
130547  -18.055  -30.391  52.205 0.0000000000
131486  -44.807  -21.438  37.486 0.0000000000
118345  -44.453  -20.636  36.957 0.0000000000
122125  -44.253  -19.772  36.569 0.0000000000
54741  -44.013  -20.077  35.621 0.0000000000
56654  -44.382  -18.309  36.185 0.0000000000
55715  -45.063  -19.405  34.327 0.0000000000
55727  -45.807  -19.657  33.965 0.0000000000
56723  -49.618  -18.772  31.858 0.0000000000
136191  -47.550  -8.741  26.576 0.0000000000
135964  -48.960  -9.450  28.847 0.0000000000
64935  -48.629  -9.614  29.067 0.0000000000
64934  -48.080  -9.726  29.456 0.0000000000
63092  -47.677  -10.960  30.108 0.0000000000
116028  -41.335  -22.553  37.704 0.0000000000
53822  -37.089  -21.784  38.813 0.0000000000
52805  -38.356  -22.837  38.795 0.0000000000
51815  -39.071  -23.476  39.215 0.0000000000
51832  -40.448  -23.702  38.989 0.0000000000
61241  -43.654  -14.618  35.199 0.0000000000
60354  -44.293  -14.736  35.500 0.0000000000
60370  -44.423  -14.778  34.274 0.0000000000
59450  -44.747  -15.211  33.650 0.0000000000
58554  -45.721  -16.606  33.037 0.0000000000
56703  -46.380  -18.360  31.896 0.0000000000
56721  -46.669  -18.708  30.966 0.0000000000
56736  -46.895  -18.574  30.111 0.0000000000
56752  -47.189  -18.158  29.659 0.0000000000
57719  -47.662  -17.419  29.558 0.0000000000
65861  -47.118  -8.767  24.773 0.0000000000
119805  -47.765  -8.646  25.727 0.0000000000
128536  -49.575  -8.735  27.052 0.0000000000
65857  -50.310  -8.715  26.471 0.0000000000
65841  -50.220  -9.006  27.427 0.0000000000
64051  -50.849  -10.403  26.434 0.0000000000
63126  -49.872  -10.890  25.720 0.0000000000
127358  -52.035  -9.580  24.905 0.0000000000
67459  -52.286  -6.124  25.003 0.0000000000
65867  -52.691  -7.366  24.925 0.0000000000
115486  -52.556  -5.736  24.296 0.0000000000
66677  -52.657  -6.850  24.612 0.0000000000
50008  -43.812  -25.697  37.979 0.0000000000
50020  -43.689  -25.586  37.715 0.0000000000
50021  -43.971  -25.133  37.602 0.0000000000
51849  -44.467  -23.617  37.530 0.0000000000
135851  -44.778  -22.251  37.865 0.0000000000
52790  -44.313  -22.516  38.591 0.0000000000
53804  -44.144  -21.677  38.890 0.0000000000
53824  -44.671  -21.991  38.243 0.0000000000
53840  -44.890  -21.634  37.943 0.0000000000
134404  -43.920  -17.804  38.361 0.0000000000
56621  -43.591  -17.541  39.019 0.0000000000
57610  -43.858  -17.161  38.232 0.0000000000
60340  -43.827  -14.909  36.603 0.0000000000
135121  -41.691  -20.159  38.058 0.0000000000
121636  -41.775  -18.845  38.708 0.0000000000
130902  -41.763  -17.680  38.030 0.0000000000
132376  -41.823  -16.948  37.764 0.0000000000
60353  -43.572  -14.667  35.765 0.0000000000
115599  -17.306  -32.894  49.789 0.0000000000
130303  -18.577  -32.891  48.958 0.0000000000
44237  -19.905  -31.384  52.595 0.0000000000
126533  -21.977  -27.967  52.127 0.0000000000
137785  -23.515  -28.584  52.082 0.0000000000
48897  -23.227  -26.835  52.092 0.0000000000
46030  -24.274  -29.025  51.545 0.0000000000
50770  -22.830  -24.226  49.639 0.0000000000
49874  -22.866  -24.864  49.642 0.0000000000
49881  -23.142  -25.264  48.899 0.0000000000
50793  -25.364  -24.483  47.692 0.0000000000
52715  -28.200  -22.958  44.881 0.0000000000
52700  -27.062  -22.532  46.003 0.0000000000
52665  -27.672  -22.878  48.547 0.0000000000
50783  -27.800  -23.574  48.655 0.0000000000
51679  -28.799  -23.496  48.077 0.0000000000
50784  -28.429  -23.829  48.444 0.0000000000
50795  -28.045  -24.333  48.196 0.0000000000
128858  -31.879  -23.951  46.329 0.0000000000
51693  -32.322  -24.307  46.364 0.0000000000
49907  -33.075  -24.509  46.127 0.0000000000
116371  -32.366  -24.974  46.124 0.0000000000
52767  -33.271  -22.174  40.440 0.0000000000
52755  -34.432  -22.319  41.676 0.0000000000
52727  -35.127  -22.508  43.881 0.0000000000
53761  -37.000  -22.108  41.632 0.0000000000
131879  -36.805  -22.186  42.449 0.0000000000
52744  -37.621  -22.654  42.693 0.0000000000
52743  -36.989  -22.500  42.987 0.0000000000
52717  -35.856  -22.900  44.369 0.0000000000
49940  -35.806  -24.719  44.526 0.0000000000
50831  -36.415  -24.612  43.986 0.0000000000
48991  -39.911  -26.898  42.717 0.0000000000
49010  -40.410  -27.438  42.215 0.0000000000
47983  -39.799  -27.680  42.299 0.0000000000
46205  -39.729  -29.375  39.397 0.0000000000
47123  -41.327  -28.533  39.645 0.0000000000
42567  -16.641  -32.765  51.603 0.0000000000
53852  -44.433  -21.929  36.745 0.0000000000
59436  -45.450  -15.265  35.307 0.0000000000
58536  -46.594  -16.246  34.435 0.0000000000
57640  -46.428  -17.247  34.938 0.0000000000
57674  -47.879  -17.805  32.997 0.0000000000
56692  -48.346  -18.661  33.551 0.0000000000
55730  -48.539  -19.501  33.394 0.0000000000
138009  -48.051  -19.003  33.864 0.0000000000
55729  -47.753  -19.637  33.730 0.0000000000
118779  -47.146  -20.429  33.452 0.0000000000
58584  -45.144  -16.558  29.188 0.0000000000
126198  -46.014  -16.263  29.578 0.0000000000
64961  -45.663  -9.654  26.661 0.0000000000
64023  -45.384  -10.165  27.346 0.0000000000
64022  -44.643  -10.767  26.910 0.0000000000
61308  -44.656  -13.239  28.837 0.0000000000
118731  -45.362  -13.746  29.606 0.0000000000
61296  -46.262  -12.768  30.479 0.0000000000
60407  -46.628  -14.536  30.301 0.0000000000
59493  -48.000  -15.262  30.154 0.0000000000
59495  -50.792  -15.511  29.258 0.0000000000
59509  -50.933  -15.367  28.668 0.0000000000
58616  -51.371  -16.128  27.982 0.0000000000
43404  -17.958  -31.695  52.565 0.0000000000
47902  -23.624  -27.586  52.029 0.0000000000
48023  -42.290  -27.719  39.519 0.0000000000
51780  -31.804  -22.803  41.071 0.0000000000
57629  -46.529  -16.549  34.850 0.0000000000
58506  -42.290  -16.394  38.303 0.0000000000
58603  -51.647  -16.770  28.332 0.0000000000
59435  -44.803  -14.885  35.746 0.0000000000
60346  -43.430  -14.787  36.295 0.0000000000
61285  -47.865  -12.537  31.060 0.0000000000
64026  -49.657  -9.590  28.109 0.0000000000
119070  -49.555  -14.142  30.189 0.0000000000
125336  -36.351  -23.459  44.220 0.0000000000
130537  -48.605  -9.504  29.070 0.0000000000
135019  -42.433  -19.030  39.659 0.0000000000
136720  -35.858  -22.103  41.004 0.0000000000
