#!ascii label  , from subject sub-v1s12x0050108_ses-1 vox2ras=TkReg
1824
25822  -21.629  -54.281  -25.025 0.5000000000
25821  -20.300  -54.053  -24.213 0.4000000060
25820  -19.446  -53.821  -23.781 0.6000000238
27521  -20.447  -52.584  -24.187 0.6000000238
118805  -22.198  -52.059  -24.831 0.6000000238
26668  -21.033  -53.421  -24.438 0.5000000000
28366  -22.668  -51.382  -24.850 0.6000000238
27520  -19.714  -52.578  -23.785 0.6999999881
25807  -19.101  -54.047  -23.339 0.6999999881
28364  -20.305  -51.681  -24.075 0.6999999881
128510  -21.194  -52.061  -24.394 0.6999999881
28365  -21.490  -51.256  -24.515 0.6999999881
29172  -22.743  -50.016  -24.750 0.5000000000
124180  -22.247  -50.611  -24.729 0.6999999881
125711  -23.125  -50.758  -24.817 0.5000000000
20782  -19.740  -60.408  -13.789 0.5000000000
27506  -19.413  -52.707  -23.277 0.6999999881
126039  -21.397  -50.460  -24.472 0.6999999881
28351  -20.252  -50.986  -23.710 0.6999999881
29170  -20.924  -49.896  -24.323 0.6999999881
116642  -20.643  -50.678  -24.158 0.6999999881
29160  -20.430  -49.937  -23.916 0.6999999881
25755  -21.768  -54.609  -19.557 0.6999999881
26619  -21.485  -53.393  -20.229 0.6999999881
27495  -19.467  -52.844  -22.666 0.6999999881
27485  -19.994  -52.991  -21.959 0.6999999881
21549  -19.197  -59.711  -13.829 0.6000000238
20756  -17.309  -60.157  -11.374 0.4000000060
28350  -19.866  -51.917  -23.496 0.6999999881
30006  -22.294  -49.254  -24.671 0.6999999881
30844  -21.397  -47.821  -24.521 0.6999999881
30830  -23.390  -48.007  -23.972 0.6000000238
24860  -23.078  -55.264  -19.069 0.6999999881
25756  -22.469  -54.719  -19.396 0.6999999881
25765  -21.233  -54.157  -19.915 0.6999999881
26607  -22.379  -53.854  -19.705 0.6999999881
118505  -23.147  -54.477  -19.369 0.6999999881
134646  -20.293  -58.282  -14.384 0.6000000238
118392  -21.603  -52.766  -20.548 0.6999999881
28327  -20.181  -52.339  -22.257 0.6999999881
26634  -20.956  -53.023  -20.788 0.6999999881
26620  -22.226  -52.905  -20.202 0.6999999881
26621  -23.137  -52.950  -19.922 0.6999999881
21547  -17.435  -59.113  -13.294 0.5000000000
117605  -18.150  -59.632  -12.422 0.5000000000
29152  -20.250  -50.416  -23.446 0.6999999881
28340  -20.026  -51.246  -23.226 0.6999999881
27475  -22.735  -52.284  -20.300 0.6999999881
21534  -17.265  -59.479  -12.077 0.4000000060
30004  -20.629  -49.288  -24.216 0.6999999881
126405  -20.429  -50.701  -22.779 0.6999999881
119367  -21.726  -51.616  -21.243 0.6999999881
27474  -22.076  -52.186  -20.643 0.6999999881
21532  -15.473  -59.714  -12.242 0.4000000060
132227  -20.403  -50.042  -23.044 0.6999999881
28329  -22.171  -50.734  -21.238 0.6999999881
28315  -22.408  -51.502  -20.791 0.6999999881
30005  -21.313  -49.226  -24.508 0.6999999881
29991  -20.382  -49.027  -23.990 0.6999999881
30812  -21.678  -48.614  -22.006 0.6999999881
29142  -21.706  -50.070  -21.792 0.6999999881
30845  -22.135  -47.953  -24.565 0.6999999881
30811  -20.944  -48.660  -22.780 0.6999999881
31625  -23.084  -47.162  -23.971 0.6000000238
31639  -22.002  -47.340  -24.573 0.6999999881
31638  -21.324  -47.071  -24.468 0.6999999881
33161  -23.931  -45.028  -22.965 0.5000000000
32374  -24.065  -45.951  -22.867 0.5000000000
32376  -26.051  -46.193  -22.576 0.4000000060
33146  -25.552  -45.461  -22.495 0.5000000000
27464  -24.219  -52.732  -19.641 0.6999999881
124857  -20.546  -57.161  -14.342 0.6000000238
122128  -20.952  -51.918  -21.763 0.6999999881
21561  -18.543  -59.081  -14.103 0.5000000000
27476  -23.518  -52.101  -20.097 0.6999999881
29980  -20.355  -49.604  -23.554 0.6999999881
29141  -20.972  -50.108  -22.486 0.6999999881
30843  -20.779  -48.521  -24.305 0.6999999881
131072  -20.624  -47.858  -23.390 0.6999999881
33177  -22.560  -44.817  -24.167 0.6999999881
31640  -22.631  -47.643  -24.367 0.6999999881
33160  -23.170  -45.554  -23.651 0.6999999881
32403  -22.427  -46.906  -24.382 0.6999999881
33975  -23.214  -44.509  -23.606 0.6999999881
24813  -24.179  -55.196  -15.418 0.6999999881
25706  -24.523  -54.557  -15.671 0.6999999881
26573  -25.425  -53.257  -16.596 0.8000000119
27429  -25.747  -52.677  -17.087 0.8000000119
24803  -23.606  -55.199  -14.715 0.6000000238
25705  -24.055  -54.500  -14.931 0.6000000238
123392  -24.437  -53.959  -15.213 0.6000000238
26584  -25.418  -53.351  -17.536 0.8000000119
24802  -22.734  -55.185  -14.245 0.6000000238
133313  -22.321  -54.502  -14.096 0.6000000238
26610  -24.948  -52.837  -19.215 0.6999999881
23976  -21.395  -56.719  -14.151 0.6000000238
24800  -21.390  -55.811  -14.070 0.6000000238
125666  -19.294  -57.163  -14.534 0.6000000238
23974  -19.657  -56.453  -14.476 0.6000000238
28307  -24.390  -51.792  -19.916 0.6999999881
22366  -17.913  -58.506  -14.443 0.5000000000
23186  -18.070  -58.017  -14.734 0.6000000238
27465  -25.038  -52.182  -19.493 0.6999999881
117954  -22.909  -50.900  -20.689 0.6999999881
30829  -20.413  -48.178  -23.974 0.6999999881
29968  -20.635  -49.422  -22.955 0.6999999881
29143  -22.273  -49.902  -21.296 0.6999999881
130650  -21.889  -45.670  -24.557 0.8000000119
33176  -22.157  -46.247  -24.492 0.6999999881
30820  -20.474  -48.794  -23.572 0.6999999881
29970  -22.016  -49.292  -21.589 0.6999999881
33988  -22.185  -44.214  -24.537 0.8000000119
31637  -20.715  -47.602  -24.191 0.6999999881
129960  -20.658  -47.011  -23.449 0.6999999881
33961  -24.933  -44.637  -22.557 0.5000000000
127841  -25.975  -44.843  -22.489 0.5000000000
33962  -25.847  -44.055  -22.486 0.5000000000
33148  -27.307  -45.341  -22.899 0.4000000060
26561  -23.827  -53.692  -14.741 0.6000000238
26572  -25.004  -53.839  -15.902 0.6999999881
27419  -25.460  -52.138  -15.774 0.8000000119
130778  -25.591  -52.598  -16.372 0.8999999762
25695  -23.169  -54.309  -14.414 0.6000000238
28280  -26.008  -52.109  -17.459 0.8000000119
27438  -25.689  -52.636  -17.965 0.8000000119
29106  -26.029  -51.171  -18.714 0.8000000119
137251  -20.962  -55.367  -14.030 0.6000000238
24799  -20.274  -55.353  -14.238 0.6000000238
28309  -25.625  -51.656  -19.106 0.8000000119
22385  -17.131  -57.951  -14.772 0.6000000238
23973  -18.858  -56.471  -14.653 0.6000000238
122700  -19.406  -55.633  -14.483 0.6000000238
29121  -25.104  -50.593  -19.916 0.6999999881
22353  -16.565  -58.748  -13.789 0.5000000000
29962  -23.857  -49.373  -20.312 0.6999999881
29949  -24.950  -49.649  -19.970 0.6999999881
22352  -15.759  -58.560  -14.061 0.5000000000
22365  -16.467  -58.254  -14.532 0.5000000000
29129  -23.422  -50.221  -20.490 0.6999999881
29128  -22.731  -50.078  -20.855 0.6999999881
33987  -21.544  -44.371  -24.568 0.8000000119
32401  -21.399  -46.226  -24.511 0.8000000119
31624  -20.500  -47.299  -23.916 0.6999999881
31600  -21.055  -47.154  -22.746 0.6999999881
127610  -21.919  -47.968  -21.796 0.6999999881
116801  -20.775  -46.737  -24.169 0.6999999881
133363  -23.652  -52.941  -14.635 0.6999999881
28261  -24.065  -51.566  -14.753 0.6999999881
27418  -24.746  -52.286  -15.150 0.6999999881
28263  -25.760  -51.405  -15.848 0.8000000119
127650  -26.178  -51.211  -16.539 0.8000000119
26551  -23.038  -53.313  -14.365 0.6999999881
28262  -25.044  -51.523  -15.157 0.8000000119
29081  -26.402  -50.582  -16.849 0.8000000119
25693  -21.608  -54.204  -13.977 0.6000000238
28293  -26.274  -51.067  -18.162 0.8000000119
25692  -20.777  -54.625  -14.020 0.6000000238
29107  -26.241  -50.446  -18.625 0.6999999881
23198  -17.522  -57.322  -14.954 0.6000000238
23986  -18.015  -56.543  -14.952 0.6000000238
123191  -25.557  -50.130  -19.588 0.8000000119
29950  -25.845  -49.421  -19.460 0.6999999881
30795  -25.866  -48.541  -19.519 0.8000000119
22364  -15.717  -58.061  -14.900 0.4000000060
119215  -22.585  -49.310  -21.047 0.6999999881
29960  -22.965  -48.731  -20.756 0.6999999881
30805  -24.474  -48.708  -20.069 0.6999999881
130926  -13.511  -59.412  -13.347 0.4000000060
30803  -22.877  -47.912  -20.785 0.6999999881
30804  -23.569  -48.394  -20.394 0.6999999881
33175  -21.291  -45.255  -24.451 0.8000000119
32387  -20.543  -46.352  -23.791 0.8000000119
31602  -22.356  -47.553  -21.361 0.6999999881
32365  -21.568  -46.438  -22.226 0.6999999881
33989  -22.677  -43.985  -24.139 0.8000000119
34774  -23.276  -43.592  -23.652 0.6999999881
33976  -23.958  -44.070  -23.012 0.5000000000
34760  -26.687  -43.584  -22.571 0.5000000000
33964  -27.672  -44.614  -23.058 0.4000000060
29070  -23.596  -50.779  -14.568 0.6000000238
29071  -24.501  -50.834  -14.778 0.6999999881
29080  -26.083  -50.686  -15.993 0.8000000119
29911  -26.341  -50.039  -16.285 0.8000000119
26550  -22.193  -52.947  -14.207 0.6999999881
122124  -21.440  -52.780  -14.228 0.6999999881
30771  -26.784  -48.890  -18.072 0.8000000119
126799  -20.335  -53.931  -14.174 0.6000000238
29912  -26.616  -49.676  -17.159 0.8000000119
25691  -19.702  -54.573  -14.352 0.6000000238
135952  -26.544  -49.281  -18.551 0.8000000119
30784  -26.476  -48.830  -18.999 0.8000000119
24811  -17.666  -55.747  -15.139 0.6000000238
30794  -25.099  -48.186  -19.805 0.8999999762
31581  -26.354  -47.936  -19.276 0.8000000119
31592  -23.470  -47.393  -20.457 0.8000000119
31593  -24.248  -47.797  -20.080 0.8000000119
22384  -16.187  -57.739  -15.054 0.5000000000
33937  -22.954  -45.003  -21.140 0.8000000119
114073  -14.981  -57.995  -15.286 0.4000000060
34789  -21.815  -43.497  -24.590 0.8000000119
33174  -20.769  -45.151  -24.126 0.8000000119
33159  -20.572  -45.447  -23.873 0.8000000119
33134  -21.165  -45.878  -22.636 0.8000000119
32366  -22.261  -46.709  -21.529 0.6999999881
133520  -22.323  -43.572  -24.442 0.8000000119
33144  -20.745  -45.714  -23.271 0.8000000119
31601  -21.772  -47.290  -22.004 0.6999999881
33960  -20.778  -44.913  -23.395 0.8000000119
34790  -22.255  -42.945  -24.447 0.8000000119
33974  -20.623  -44.657  -23.965 0.8000000119
34775  -23.987  -43.149  -23.172 0.6000000238
35636  -23.331  -42.656  -23.813 0.6000000238
34759  -25.707  -43.087  -22.580 0.5000000000
123534  -25.725  -49.959  -15.420 0.6999999881
27407  -21.873  -52.176  -14.309 0.6000000238
134260  -25.677  -49.211  -15.206 0.6999999881
30760  -26.756  -48.667  -16.904 0.6999999881
27406  -20.933  -52.225  -14.496 0.6000000238
28252  -22.264  -51.358  -14.425 0.6000000238
134551  -23.133  -50.184  -14.519 0.6000000238
27405  -20.070  -52.617  -14.588 0.6000000238
25690  -18.778  -54.084  -14.705 0.6000000238
133081  -19.618  -53.431  -14.516 0.6000000238
31557  -26.933  -47.933  -17.638 0.6999999881
23984  -16.412  -56.468  -15.620 0.3000000119
32346  -24.858  -46.431  -20.016 0.8000000119
137467  -25.560  -46.724  -19.727 0.8000000119
117678  -24.140  -46.887  -20.179 0.8000000119
33949  -22.436  -44.432  -21.573 0.8000000119
33986  -20.916  -44.508  -24.276 0.8000000119
33123  -22.751  -45.994  -21.103 0.8000000119
31591  -22.822  -46.997  -20.898 0.6999999881
33947  -21.174  -45.214  -22.665 0.8000000119
34757  -20.751  -43.988  -23.501 0.8000000119
34791  -22.729  -43.199  -24.171 0.6999999881
35638  -24.548  -41.906  -23.304 0.6000000238
35639  -27.814  -42.342  -23.159 0.3000000119
29889  -23.935  -49.205  -14.468 0.6000000238
30746  -25.248  -48.785  -14.848 0.6999999881
31532  -26.107  -47.605  -15.259 0.6999999881
28270  -17.227  -51.403  -16.288 0.5000000000
133922  -21.470  -51.613  -14.541 0.6000000238
135108  -22.067  -50.615  -14.557 0.6000000238
31545  -26.776  -47.783  -16.493 0.6999999881
119785  -18.009  -53.982  -15.031 0.5000000000
135602  -19.545  -52.789  -14.707 0.5000000000
28250  -20.828  -51.398  -14.776 0.6000000238
32325  -27.294  -46.357  -17.697 0.6999999881
126254  -16.697  -54.818  -15.645 0.3000000119
127592  -18.054  -54.838  -14.961 0.5000000000
31570  -27.063  -47.140  -18.227 0.8000000119
33107  -27.230  -45.572  -18.940 0.8000000119
116551  -26.744  -47.068  -19.080 0.8000000119
33125  -24.244  -45.105  -20.439 0.8999999762
33931  -25.155  -44.696  -20.227 0.8999999762
132821  -25.598  -46.105  -19.839 0.8000000119
33116  -26.619  -45.447  -19.456 0.8000000119
23196  -15.622  -57.419  -15.538 0.4000000060
33950  -23.111  -44.110  -21.158 0.8999999762
33124  -23.477  -45.528  -20.684 0.8999999762
33114  -24.932  -45.620  -20.155 0.8999999762
124348  -21.342  -42.919  -24.415 0.8000000119
34788  -21.126  -43.715  -24.398 0.8000000119
33948  -21.776  -44.792  -22.074 0.8000000119
118759  -22.148  -46.005  -21.694 0.8000000119
126078  -21.829  -42.735  -24.528 0.8000000119
36479  -22.608  -41.749  -24.411 0.6999999881
35637  -24.041  -42.435  -23.367 0.6000000238
36463  -26.183  -41.244  -22.943 0.6000000238
36445  -26.585  -41.925  -22.717 0.6000000238
30734  -23.419  -48.567  -14.431 0.6000000238
30735  -24.415  -48.530  -14.542 0.6000000238
31531  -25.225  -48.118  -14.769 0.6999999881
29887  -22.257  -49.300  -14.580 0.6000000238
32303  -26.205  -46.607  -15.186 0.6999999881
127217  -21.497  -50.234  -14.776 0.6000000238
32304  -26.705  -46.159  -15.690 0.8000000119
27413  -18.294  -52.649  -15.378 0.6000000238
27414  -18.883  -52.075  -15.270 0.5000000000
28260  -20.700  -50.614  -15.017 0.6000000238
31533  -26.756  -46.954  -16.011 0.6999999881
25703  -16.813  -53.866  -15.736 0.4000000060
32326  -27.542  -45.493  -18.103 0.6999999881
123027  -16.943  -55.731  -15.490 0.4000000060
32337  -27.165  -46.308  -18.604 0.8000000119
136161  -24.944  -44.059  -20.353 0.8000000119
34744  -22.601  -43.558  -21.566 0.8999999762
33939  -24.352  -44.210  -20.522 0.8000000119
33932  -26.267  -44.654  -19.778 0.8000000119
34745  -23.363  -43.174  -21.191 0.8000000119
117763  -20.739  -43.160  -23.695 0.8000000119
116708  -21.565  -42.985  -22.440 0.8000000119
33136  -22.317  -45.302  -21.597 0.6999999881
35649  -20.912  -42.382  -24.257 0.8000000119
133066  -21.834  -43.829  -22.100 0.8000000119
116316  -21.193  -44.387  -22.709 0.8000000119
35651  -22.150  -42.233  -24.510 0.8000000119
35635  -20.717  -42.561  -23.999 0.8000000119
37278  -23.747  -40.558  -23.989 0.6999999881
36461  -24.113  -41.211  -23.679 0.6999999881
38077  -25.176  -39.956  -23.588 0.6000000238
38078  -26.076  -39.774  -23.497 0.6000000238
38079  -26.949  -39.671  -23.623 0.6000000238
30733  -22.549  -48.669  -14.493 0.6000000238
32294  -24.767  -46.566  -14.591 0.8000000119
32295  -25.556  -46.842  -14.829 0.6999999881
29909  -18.242  -49.506  -16.530 0.5000000000
29067  -20.094  -50.067  -15.452 0.5000000000
33066  -27.093  -45.618  -16.117 0.8000000119
32314  -27.084  -46.321  -16.638 0.6999999881
29066  -19.262  -50.532  -15.700 0.5000000000
123512  -19.968  -50.753  -15.295 0.5000000000
33904  -26.975  -44.999  -15.693 0.8000000119
33079  -27.393  -45.001  -16.455 0.8000000119
28271  -17.978  -51.419  -15.946 0.5000000000
33078  -27.398  -45.652  -17.081 0.8000000119
33927  -27.897  -44.409  -18.059 0.8000000119
33108  -27.494  -44.959  -18.686 0.8000000119
33933  -27.084  -44.901  -19.273 0.8000000119
34725  -27.516  -44.370  -19.033 0.8000000119
34732  -25.621  -43.867  -20.163 0.8000000119
34736  -23.748  -43.834  -20.808 0.8000000119
134186  -26.485  -43.949  -19.776 0.8000000119
35620  -20.777  -42.355  -23.507 0.8000000119
35612  -22.719  -42.711  -21.658 0.8000000119
127399  -22.174  -43.093  -21.964 0.8999999762
35650  -21.468  -42.117  -24.504 0.8000000119
117288  -20.716  -41.136  -24.140 0.8000000119
36460  -23.237  -41.290  -24.192 0.6999999881
114409  -22.586  -41.135  -24.466 0.6999999881
37279  -24.656  -40.539  -23.601 0.6999999881
120391  -22.507  -40.119  -24.552 0.6999999881
37295  -22.967  -40.527  -24.408 0.6999999881
119340  -23.537  -40.004  -24.214 0.6999999881
38090  -24.348  -39.810  -23.894 0.6999999881
33872  -23.699  -44.802  -14.529 0.8000000119
31522  -23.415  -46.980  -14.377 0.6000000238
32293  -23.929  -46.318  -14.434 0.6000000238
33052  -24.514  -45.785  -14.554 0.8000000119
33076  -18.677  -45.786  -16.422 0.6000000238
32312  -18.719  -46.707  -16.336 0.5000000000
31530  -21.963  -48.066  -14.529 0.6000000238
31521  -22.079  -47.258  -14.451 0.6000000238
126527  -25.832  -45.306  -14.860 0.8000000119
131904  -17.716  -44.895  -17.676 0.6000000238
33093  -18.175  -45.305  -17.159 0.6000000238
33077  -19.321  -45.296  -15.974 0.6000000238
32300  -20.001  -46.871  -15.409 0.5000000000
30743  -20.451  -48.384  -15.251 0.5000000000
116784  -17.209  -42.497  -16.499 0.5000000000
35586  -17.640  -42.942  -17.112 0.5000000000
136685  -18.494  -43.270  -16.911 0.6000000238
119871  -18.720  -44.852  -16.578 0.6000000238
29910  -18.727  -49.287  -16.331 0.5000000000
31528  -19.914  -47.740  -15.574 0.5000000000
33905  -27.147  -44.276  -15.749 0.8000000119
114940  -27.699  -44.337  -16.811 0.8000000119
35571  -17.920  -42.136  -16.839 0.5000000000
29895  -20.260  -49.222  -15.427 0.5000000000
36395  -16.460  -42.028  -15.843 0.4000000060
118140  -28.140  -43.354  -18.208 0.6999999881
117602  -26.316  -43.265  -19.911 0.8000000119
125259  -27.189  -43.648  -19.451 0.8000000119
35601  -27.810  -43.024  -19.083 0.6999999881
36439  -23.356  -42.225  -21.418 0.8000000119
34737  -24.739  -43.524  -20.478 0.8000000119
35600  -27.040  -42.738  -19.661 0.8000000119
35606  -25.458  -42.980  -20.307 0.8000000119
117758  -25.341  -42.095  -20.546 0.8000000119
132632  -20.970  -40.929  -24.363 0.8999999762
125550  -20.556  -41.113  -23.763 0.8999999762
35610  -21.227  -42.121  -22.772 0.8000000119
35611  -22.086  -42.359  -22.191 0.8000000119
36478  -21.970  -41.431  -24.591 0.8000000119
37294  -22.234  -40.677  -24.583 0.6999999881
33050  -22.972  -45.018  -14.473 0.8000000119
33873  -24.346  -45.027  -14.564 0.8000000119
33889  -25.134  -44.546  -14.683 0.8000000119
121894  -19.446  -43.664  -16.294 0.6000000238
33049  -22.207  -45.559  -14.533 0.6000000238
32291  -22.134  -46.423  -14.456 0.6000000238
33874  -25.034  -45.332  -14.643 0.8000000119
116326  -25.651  -43.755  -14.872 0.8000000119
34703  -18.315  -42.742  -16.938 0.5000000000
33901  -18.734  -43.875  -16.729 0.6000000238
33884  -20.042  -44.886  -15.600 0.6000000238
32302  -21.380  -45.973  -14.636 0.6000000238
119278  -26.289  -44.580  -15.126 0.8000000119
34689  -26.917  -43.532  -15.555 0.8000000119
34706  -27.556  -43.595  -16.134 0.6999999881
35572  -18.562  -42.033  -16.669 0.5000000000
125623  -20.832  -44.562  -15.129 0.6000000238
36378  -16.878  -41.206  -15.602 0.4000000060
37226  -17.964  -40.828  -16.351 0.4000000060
36397  -18.227  -41.392  -16.572 0.4000000060
134531  -18.809  -42.500  -16.664 0.4000000060
35587  -28.261  -42.726  -17.391 0.6999999881
37213  -17.447  -40.699  -15.784 0.4000000060
37227  -18.509  -40.685  -16.267 0.4000000060
35574  -20.172  -42.516  -15.772 0.4000000060
120541  -18.836  -39.936  -15.920 0.4000000060
37229  -20.120  -40.512  -15.409 0.5000000000
114467  -27.693  -42.058  -19.353 0.6999999881
38007  -18.010  -39.399  -15.834 0.3000000119
128872  -19.463  -39.935  -15.631 0.5000000000
35604  -23.983  -42.512  -21.012 0.8000000119
128583  -24.534  -42.072  -20.878 0.8000000119
131980  -26.150  -41.784  -20.331 0.8000000119
36432  -27.357  -41.235  -19.797 0.8000000119
36422  -26.869  -41.921  -19.963 0.8000000119
37277  -20.371  -40.434  -23.823 0.8000000119
36444  -20.760  -41.536  -23.382 1.0000000000
37263  -21.255  -40.593  -22.804 0.8000000119
37264  -22.233  -40.437  -22.420 0.8000000119
36438  -22.721  -41.841  -21.841 0.8000000119
137504  -23.788  -41.126  -21.493 0.8000000119
37257  -24.275  -40.788  -21.403 0.8000000119
37265  -23.520  -40.650  -21.683 0.8000000119
37293  -21.426  -40.698  -24.533 0.8000000119
38061  -20.605  -39.886  -23.077 0.8000000119
119464  -22.815  -40.975  -21.970 0.8000000119
38966  -22.444  -39.468  -24.674 0.6999999881
123385  -23.039  -39.759  -24.474 0.6999999881
127470  -23.105  -38.968  -24.638 0.6999999881
38967  -23.860  -38.437  -24.593 0.6999999881
38968  -24.758  -38.590  -24.323 0.6999999881
38092  -26.486  -39.019  -23.835 0.6000000238
39821  -25.334  -37.929  -24.677 0.6999999881
38979  -23.127  -38.066  -24.899 0.6999999881
38981  -26.708  -37.888  -25.053 0.6000000238
38969  -25.956  -38.300  -24.324 0.6000000238
127421  -24.647  -43.669  -14.682 0.8000000119
33902  -19.414  -44.415  -16.162 0.5000000000
34684  -22.110  -43.574  -14.798 0.8000000119
34685  -22.992  -43.571  -14.650 0.8000000119
34686  -23.789  -43.614  -14.646 0.8000000119
34687  -25.118  -42.985  -14.810 0.8000000119
34704  -19.019  -43.040  -16.628 0.5000000000
33903  -20.190  -43.912  -15.709 0.6000000238
34682  -20.631  -43.065  -15.517 0.5000000000
33886  -22.573  -44.246  -14.622 0.8000000119
34688  -26.196  -43.071  -15.176 0.6999999881
36398  -18.935  -41.366  -16.360 0.4000000060
125227  -20.144  -41.949  -15.716 0.5000000000
33885  -21.720  -44.327  -14.810 0.6999999881
129052  -27.115  -42.918  -15.661 0.6999999881
35575  -28.053  -42.087  -16.548 0.6999999881
38024  -18.076  -40.047  -16.150 0.3000000119
123555  -27.849  -42.871  -16.379 0.6999999881
35576  -28.382  -41.872  -17.476 0.6999999881
36418  -28.408  -41.478  -18.263 0.6999999881
38027  -20.058  -39.476  -15.383 0.5000000000
36417  -28.177  -41.653  -18.906 0.6999999881
120614  -18.947  -38.477  -15.805 0.4000000060
38026  -19.260  -39.100  -15.707 0.4000000060
36430  -25.685  -41.263  -20.662 0.8000000119
36423  -27.922  -41.311  -19.320 0.6999999881
36429  -24.819  -41.419  -20.997 0.8000000119
38056  -24.694  -39.966  -21.419 0.8000000119
38057  -25.545  -39.842  -21.181 0.6999999881
38062  -21.561  -39.799  -22.694 0.8000000119
37266  -23.922  -40.045  -21.646 0.8000000119
37292  -20.571  -40.374  -24.190 0.8999999762
38088  -21.045  -39.832  -24.538 0.8999999762
38076  -19.964  -39.653  -23.851 0.8999999762
38070  -20.089  -39.806  -23.538 0.8000000119
126238  -19.991  -39.285  -23.250 0.8000000119
38937  -21.944  -38.994  -22.627 0.8000000119
38087  -20.087  -39.507  -24.208 0.8000000119
38965  -21.674  -39.096  -24.835 0.8999999762
38978  -21.881  -38.210  -25.182 0.8000000119
37296  -27.712  -40.048  -23.786 0.4000000060
133807  -22.443  -38.648  -24.894 0.8000000119
39819  -23.885  -37.788  -24.861 0.6999999881
39846  -26.024  -36.801  -26.139 0.5000000000
131795  -23.430  -43.048  -14.694 0.6999999881
35562  -24.162  -42.977  -14.744 0.8000000119
124855  -22.711  -42.063  -14.744 0.6999999881
36384  -24.960  -41.563  -15.049 0.6999999881
37215  -21.904  -40.946  -14.791 0.6000000238
36383  -24.011  -41.556  -14.872 0.6999999881
35564  -26.481  -42.268  -15.403 0.6999999881
36399  -27.563  -41.454  -15.984 0.6999999881
36400  -28.189  -41.308  -16.675 0.6999999881
38008  -20.843  -39.970  -14.912 0.5000000000
36412  -28.470  -41.088  -17.484 0.6999999881
38904  -19.940  -38.512  -15.631 0.4000000060
36424  -28.332  -40.911  -18.885 0.6999999881
39747  -19.525  -37.022  -15.977 0.3000000119
118230  -19.821  -37.635  -15.952 0.3000000119
118908  -20.871  -38.918  -15.092 0.5000000000
37258  -25.180  -40.636  -21.105 0.6999999881
36431  -26.576  -41.176  -20.307 0.6999999881
37253  -28.403  -40.061  -19.212 0.6999999881
38882  -20.540  -37.953  -15.663 0.4000000060
37260  -27.147  -40.321  -20.287 0.6999999881
38058  -26.453  -39.621  -20.843 0.6999999881
38066  -25.022  -39.208  -21.496 0.6999999881
38936  -20.851  -39.171  -22.890 0.8000000119
38063  -22.555  -39.634  -22.365 0.8000000119
116288  -23.028  -40.204  -22.033 0.8000000119
38064  -23.419  -39.543  -21.985 0.8000000119
38948  -22.405  -38.230  -22.636 0.8000000119
38954  -19.225  -38.578  -23.820 0.8000000119
38976  -20.049  -38.253  -24.745 0.8000000119
38975  -19.228  -38.233  -24.273 0.8000000119
38086  -19.391  -38.972  -23.968 0.8999999762
38977  -21.059  -38.298  -25.078 0.8999999762
39829  -21.391  -37.658  -25.388 0.8000000119
40739  -22.302  -36.650  -25.634 0.8000000119
39833  -25.397  -37.336  -25.233 0.6999999881
39834  -26.398  -37.394  -25.595 0.6000000238
40740  -23.184  -36.582  -25.481 0.6999999881
39831  -23.561  -37.279  -25.174 0.6999999881
41609  -22.014  -35.075  -26.070 0.6999999881
124853  -24.531  -42.277  -14.844 0.6999999881
124187  -23.047  -40.299  -14.913 0.6000000238
124186  -23.778  -40.262  -15.078 0.6000000238
121411  -24.463  -40.750  -15.124 0.6999999881
122116  -25.466  -40.911  -15.290 0.6999999881
36385  -25.909  -41.596  -15.245 0.6999999881
130821  -21.550  -40.386  -14.786 0.5000000000
36381  -22.315  -41.531  -14.776 0.6000000238
37217  -26.112  -40.290  -15.482 0.6999999881
123260  -26.226  -41.041  -15.434 0.6999999881
37218  -26.924  -40.857  -15.684 0.6999999881
124360  -22.257  -40.349  -14.807 0.6000000238
128263  -19.264  -37.752  -15.858 0.3000000119
38009  -21.666  -39.710  -14.843 0.5000000000
38011  -23.423  -39.530  -15.127 0.6000000238
37232  -28.299  -40.554  -16.805 0.6999999881
39725  -21.049  -37.386  -15.800 0.4000000060
38883  -21.455  -38.151  -15.350 0.5000000000
127268  -22.439  -38.311  -15.237 0.6000000238
38041  -28.583  -39.648  -17.731 0.6999999881
38060  -28.157  -38.804  -20.127 0.6999999881
38047  -28.616  -39.475  -18.607 0.6999999881
38059  -27.382  -39.258  -20.501 0.6999999881
131730  -20.810  -36.207  -16.158 0.3000000119
38933  -26.723  -38.749  -20.998 0.6999999881
38938  -22.924  -38.873  -22.343 0.8000000119
38939  -23.762  -38.740  -22.089 0.8000000119
38940  -24.531  -38.609  -21.826 0.6999999881
39796  -24.850  -38.013  -21.927 0.6999999881
38942  -26.135  -38.248  -21.407 0.6999999881
38947  -21.258  -38.286  -22.894 0.8000000119
38949  -23.294  -38.143  -22.399 0.8000000119
38963  -19.023  -38.306  -23.999 0.8000000119
38945  -19.592  -38.833  -23.479 0.8000000119
38946  -20.127  -38.645  -23.109 0.8000000119
39803  -22.002  -37.559  -22.908 0.8000000119
128384  -19.428  -36.913  -25.029 0.8000000119
41561  -19.019  -35.840  -23.894 0.8000000119
41551  -20.900  -36.266  -23.481 0.8000000119
41563  -21.390  -35.575  -23.719 0.8000000119
129064  -20.868  -35.001  -24.022 0.8000000119
40742  -25.002  -36.679  -25.647 0.6999999881
41595  -21.729  -35.893  -25.884 0.8000000119
42469  -22.152  -34.161  -26.262 0.6999999881
129260  -22.840  -34.795  -25.963 0.6000000238
41597  -23.686  -35.910  -25.730 0.6000000238
38012  -24.462  -39.736  -15.297 0.6000000238
38885  -23.330  -38.632  -15.245 0.6000000238
38014  -26.437  -39.400  -15.652 0.6999999881
37230  -27.098  -40.087  -15.796 0.6999999881
130287  -24.053  -38.997  -15.324 0.6000000238
38028  -27.366  -39.328  -15.989 0.6999999881
124167  -27.895  -39.976  -16.297 0.6999999881
39726  -21.999  -37.491  -15.453 0.4000000060
126143  -24.139  -38.218  -15.370 0.5000000000
38906  -26.834  -38.529  -15.831 0.6999999881
38029  -28.381  -39.815  -16.943 0.6999999881
39727  -23.166  -37.653  -15.356 0.5000000000
39728  -24.210  -37.287  -15.444 0.5000000000
116503  -28.648  -39.004  -17.912 0.6999999881
40630  -21.525  -36.647  -15.796 0.3000000119
40631  -22.490  -36.923  -15.509 0.4000000060
38067  -25.860  -39.033  -21.284 0.6999999881
125632  -28.740  -38.584  -18.622 0.6999999881
41494  -21.520  -35.638  -15.949 0.3000000119
39792  -28.384  -37.917  -20.217 0.6999999881
38943  -26.877  -38.038  -21.174 0.6999999881
136591  -28.042  -37.488  -20.681 0.6999999881
126073  -25.545  -37.735  -21.770 0.6999999881
39791  -27.961  -36.798  -20.964 0.6999999881
39797  -25.738  -36.957  -22.045 0.6999999881
41548  -26.951  -35.836  -21.825 0.6999999881
39801  -19.480  -37.291  -23.526 0.8000000119
128461  -21.152  -37.517  -23.069 0.8000000119
39806  -24.841  -37.285  -22.254 0.6999999881
40702  -26.460  -36.610  -21.827 0.6999999881
41556  -26.398  -35.327  -22.293 0.6999999881
39810  -18.853  -37.640  -23.926 0.8000000119
39802  -20.292  -37.845  -23.204 0.8000000119
40708  -22.516  -36.914  -23.011 0.8000000119
127208  -23.314  -37.003  -22.769 0.8000000119
135061  -25.413  -35.937  -22.578 0.8000000119
42428  -26.269  -34.500  -22.562 0.6999999881
40724  -18.529  -36.811  -24.038 0.8000000119
40707  -21.555  -36.905  -23.172 0.8000000119
41564  -22.468  -35.543  -23.640 0.8000000119
41566  -24.254  -35.244  -23.381 0.8000000119
118563  -18.801  -36.851  -24.467 0.8000000119
117232  -18.778  -36.106  -24.309 0.8000000119
41562  -20.061  -35.535  -23.785 0.8000000119
42439  -23.745  -34.587  -23.805 0.8000000119
40737  -20.095  -36.462  -25.427 0.8000000119
42435  -19.219  -34.809  -24.482 0.8000000119
42437  -21.863  -34.910  -24.045 0.8000000119
127425  -22.292  -34.203  -24.297 0.8000000119
43289  -23.650  -33.393  -24.152 0.8000000119
41593  -19.654  -35.570  -25.490 0.8000000119
43287  -21.053  -34.244  -24.346 0.8000000119
41594  -20.718  -35.845  -25.842 0.8000000119
40753  -26.072  -36.292  -26.768 0.5000000000
40751  -24.573  -36.024  -25.897 0.6000000238
41607  -20.173  -35.057  -25.981 0.8000000119
41608  -21.129  -35.188  -26.150 0.8000000119
40752  -25.427  -36.183  -26.284 0.6000000238
41612  -25.057  -35.477  -26.373 0.6000000238
42470  -23.736  -34.483  -26.154 0.6000000238
41611  -24.199  -35.308  -26.082 0.6000000238
38886  -24.842  -38.840  -15.442 0.6999999881
38013  -25.464  -39.529  -15.464 0.6999999881
38905  -26.137  -37.881  -15.713 0.6999999881
38907  -27.402  -38.059  -16.182 0.6999999881
126016  -27.735  -38.693  -16.320 0.6999999881
39750  -25.087  -36.850  -15.565 0.5000000000
123108  -26.844  -37.788  -15.944 0.6999999881
40655  -22.479  -36.163  -15.624 0.4000000060
40656  -23.444  -35.862  -15.560 0.4000000060
40633  -24.251  -36.386  -15.513 0.5000000000
38040  -28.405  -38.967  -17.021 0.6999999881
125995  -21.971  -34.618  -16.081 0.3000000119
41496  -23.788  -34.995  -15.658 0.3000000119
121497  -24.242  -35.678  -15.576 0.5000000000
39767  -28.852  -36.944  -17.568 0.6999999881
120873  -28.818  -37.871  -18.904 0.6999999881
124787  -20.997  -34.994  -16.220 0.3000000119
122905  -23.805  -34.099  -15.918 0.3000000119
40691  -29.008  -36.658  -19.263 0.6999999881
42366  -22.807  -33.815  -16.228 0.3000000119
40698  -28.395  -36.069  -20.608 0.6999999881
39805  -24.006  -37.162  -22.528 0.8000000119
119718  -27.770  -36.021  -21.269 0.6999999881
132723  -25.980  -36.084  -22.265 0.6999999881
42421  -27.036  -34.840  -22.030 0.6999999881
40705  -19.700  -36.397  -23.563 0.8000000119
41552  -22.023  -36.237  -23.363 0.8000000119
41555  -24.840  -35.800  -22.863 0.6999999881
42427  -25.587  -34.568  -22.961 0.8000000119
40714  -18.773  -36.650  -23.850 0.8000000119
43291  -25.141  -34.067  -23.328 0.8000000119
123782  -18.661  -36.146  -24.036 0.8000000119
42438  -22.850  -34.830  -24.008 0.8000000119
43290  -24.323  -33.836  -23.759 0.8000000119
41592  -19.029  -35.203  -24.868 0.8000000119
42436  -19.905  -34.770  -24.203 0.8000000119
125348  -21.801  -33.477  -24.464 0.8000000119
44095  -22.314  -32.665  -24.509 0.8000000119
131700  -23.937  -32.556  -24.167 0.8000000119
41606  -19.370  -34.720  -25.577 0.8000000119
42459  -19.093  -34.348  -25.226 0.8000000119
43285  -19.678  -33.874  -24.749 0.8000000119
131142  -20.820  -33.454  -24.602 0.8000000119
44908  -23.720  -31.892  -24.341 0.8000000119
42468  -21.408  -34.558  -26.273 0.8000000119
39729  -25.137  -37.862  -15.546 0.6000000238
40632  -23.367  -36.718  -15.465 0.5000000000
39751  -25.772  -37.244  -15.685 0.6000000238
40657  -25.083  -35.901  -15.661 0.5000000000
39752  -26.487  -37.219  -15.928 0.6999999881
39753  -27.336  -37.343  -16.306 0.6999999881
39766  -28.175  -37.118  -16.802 0.6999999881
137995  -25.748  -35.721  -15.816 0.6000000238
125905  -26.812  -36.177  -16.259 0.6999999881
40660  -27.485  -36.554  -16.489 0.6999999881
40669  -28.260  -36.320  -16.959 0.6999999881
131759  -21.878  -33.879  -16.341 0.3000000119
41500  -27.499  -35.640  -16.558 0.6999999881
44021  -24.696  -32.519  -16.539 0.3000000119
40670  -28.825  -36.177  -17.566 0.6999999881
40680  -29.173  -36.417  -18.266 0.6999999881
44852  -22.467  -31.652  -17.242 0.3000000119
44853  -23.241  -31.567  -17.067 0.3000000119
44854  -24.156  -31.899  -16.754 0.3000000119
45819  -22.283  -30.291  -18.124 0.3000000119
41540  -28.179  -35.431  -20.921 0.6999999881
41549  -27.647  -35.180  -21.432 0.6999999881
115883  -25.804  -33.981  -22.953 0.8000000119
117427  -24.945  -33.322  -23.501 0.8000000119
124249  -24.452  -32.928  -23.833 0.8000000119
42449  -18.997  -34.404  -24.863 0.8000000119
43301  -19.326  -32.890  -25.230 0.8000000119
43286  -20.166  -32.878  -24.892 0.8000000119
44094  -21.293  -32.738  -24.650 0.8000000119
44907  -21.793  -31.927  -24.711 0.8000000119
45857  -22.827  -31.874  -24.564 0.8000000119
124572  -19.887  -33.791  -26.263 0.8000000119
44110  -20.625  -32.047  -24.927 0.8000000119
42467  -20.561  -34.491  -26.257 0.8000000119
44133  -21.244  -32.669  -26.522 0.6999999881
126248  -21.924  -33.337  -26.443 0.6000000238
40658  -26.032  -36.412  -15.835 0.6000000238
42369  -26.907  -34.697  -16.415 0.6000000238
43208  -24.671  -33.685  -16.105 0.4000000060
42390  -28.046  -34.652  -16.937 0.6999999881
41509  -28.442  -35.569  -17.229 0.6999999881
43232  -26.721  -33.119  -16.636 0.4000000060
42391  -28.794  -34.973  -17.627 0.6999999881
41510  -29.136  -35.650  -17.941 0.6999999881
130787  -29.141  -35.301  -19.438 0.6999999881
46797  -24.862  -29.994  -17.450 0.3000000119
44044  -27.126  -32.393  -16.892 0.4000000060
42397  -28.764  -34.114  -17.777 0.6000000238
43241  -28.978  -33.535  -19.428 0.6999999881
41541  -28.731  -35.182  -20.238 0.6999999881
123233  -28.214  -34.698  -20.884 0.6999999881
43248  -28.537  -33.270  -20.451 0.6999999881
42422  -27.638  -34.196  -21.474 0.6999999881
43261  -27.439  -33.255  -21.697 0.6999999881
42440  -25.015  -34.968  -23.208 0.8000000119
130184  -24.503  -34.541  -23.518 0.8000000119
43272  -25.599  -33.228  -23.106 0.8000000119
44096  -23.214  -32.638  -24.393 0.8000000119
44909  -24.602  -31.898  -23.890 0.8000000119
44923  -23.447  -31.131  -24.537 0.8000000119
44132  -18.759  -32.151  -25.967 0.8000000119
44109  -19.484  -32.232  -25.320 0.8000000119
44921  -21.191  -31.253  -25.063 0.8000000119
44920  -19.866  -31.318  -25.424 0.8000000119
43323  -23.535  -33.533  -26.291 0.6000000238
43320  -20.139  -33.029  -26.450 0.8000000119
44134  -22.319  -32.634  -26.490 0.6000000238
44148  -21.002  -31.840  -26.605 0.6999999881
44967  -21.139  -31.119  -26.753 0.6999999881
120914  -26.083  -34.664  -16.070 0.6000000238
44022  -25.473  -32.511  -16.558 0.3000000119
44855  -25.717  -31.434  -16.882 0.3000000119
44856  -26.502  -31.797  -16.880 0.3000000119
43233  -27.621  -33.106  -17.008 0.5000000000
45805  -27.454  -31.643  -17.261 0.5000000000
116346  -29.112  -34.076  -18.696 0.6999999881
46810  -24.253  -29.301  -17.910 0.3000000119
44869  -28.593  -31.803  -18.622 0.4000000060
47689  -23.383  -28.091  -19.171 0.3000000119
44059  -28.551  -32.309  -20.353 0.6000000238
44878  -27.730  -31.852  -21.514 0.6000000238
44058  -28.018  -32.615  -21.177 0.6000000238
43274  -26.804  -32.973  -22.289 0.8000000119
44069  -27.292  -32.367  -21.866 0.6999999881
44085  -26.167  -32.692  -22.744 0.8000000119
44086  -26.646  -32.100  -22.426 0.6999999881
44893  -27.202  -31.420  -22.055 0.6999999881
44097  -25.128  -32.600  -23.462 0.8000000119
131541  -25.667  -32.444  -23.102 0.8000000119
44911  -25.858  -31.184  -23.167 0.6999999881
44892  -26.473  -31.277  -22.656 0.6999999881
45843  -26.946  -30.579  -22.433 0.6999999881
44098  -25.427  -31.852  -23.359 0.8000000119
45858  -25.702  -30.465  -23.490 0.6999999881
45859  -26.321  -30.513  -22.997 0.6999999881
44924  -24.157  -31.269  -24.265 0.8000000119
44925  -24.663  -31.022  -24.029 0.8000000119
46851  -25.559  -29.794  -23.859 0.6999999881
46852  -26.212  -29.799  -23.395 0.6999999881
43310  -18.963  -33.058  -25.713 0.8000000119
44108  -18.906  -32.487  -25.720 0.8000000119
44922  -22.364  -31.019  -24.809 0.8000000119
45876  -24.254  -30.409  -24.459 0.8000000119
124867  -19.061  -31.036  -25.843 0.8000000119
45875  -21.600  -30.576  -25.195 0.8000000119
119497  -23.237  -30.374  -24.858 0.8000000119
42466  -19.272  -33.945  -25.780 0.8000000119
44934  -18.828  -31.374  -25.966 0.8000000119
45874  -20.618  -30.531  -25.419 0.8000000119
47740  -21.980  -29.211  -25.562 0.8000000119
43319  -19.176  -32.969  -26.182 0.8000000119
44948  -18.977  -31.482  -26.180 0.8000000119
45921  -19.576  -30.951  -26.381 0.6999999881
44135  -23.213  -32.685  -26.427 0.6000000238
44951  -23.756  -31.875  -26.627 0.6000000238
44147  -20.158  -32.213  -26.493 0.8000000119
44966  -20.308  -31.385  -26.567 0.6999999881
45923  -21.166  -30.294  -27.031 0.6999999881
43236  -28.386  -33.188  -17.592 0.5000000000
43237  -28.859  -33.327  -18.379 0.5000000000
45803  -25.402  -30.742  -17.160 0.3000000119
120178  -27.798  -30.798  -17.680 0.4000000060
44051  -28.561  -32.478  -18.063 0.5000000000
44052  -28.820  -32.641  -18.932 0.6000000238
46812  -26.422  -29.224  -17.680 0.3000000119
124589  -28.705  -32.022  -19.506 0.6000000238
47677  -25.530  -28.447  -18.140 0.3000000119
46813  -27.370  -29.112  -17.995 0.3000000119
44872  -28.638  -31.177  -19.272 0.6000000238
44875  -28.598  -31.464  -20.165 0.6000000238
48663  -23.558  -27.364  -19.631 0.3000000119
48664  -25.000  -27.320  -19.087 0.3000000119
130938  -28.017  -29.006  -18.572 0.3000000119
49611  -24.379  -26.974  -19.592 0.3000000119
44874  -28.282  -31.718  -20.964 0.6000000238
45844  -27.535  -30.647  -21.929 0.6999999881
46843  -26.826  -29.822  -22.813 0.6999999881
46868  -23.801  -29.813  -24.898 0.8000000119
119174  -24.961  -29.833  -24.258 0.6999999881
46870  -25.393  -29.208  -24.338 0.6999999881
46869  -24.534  -29.355  -24.737 0.6999999881
46867  -23.134  -29.706  -25.188 0.8000000119
47755  -23.496  -28.516  -25.631 0.6999999881
45873  -19.585  -30.455  -25.768 0.8000000119
46865  -20.171  -29.788  -25.761 0.6999999881
46866  -21.255  -29.866  -25.463 0.8000000119
46884  -22.948  -29.106  -25.458 0.6000000238
44971  -25.199  -31.556  -27.403 0.6000000238
45903  -19.144  -30.703  -26.110 0.6999999881
46901  -19.773  -30.141  -26.440 0.6999999881
46882  -19.626  -29.887  -26.122 0.6999999881
44968  -22.089  -30.897  -26.829 0.6999999881
44969  -23.035  -31.181  -26.802 0.6999999881
45922  -20.345  -30.572  -26.685 0.6999999881
49739  -21.887  -26.185  -28.602 0.5000000000
48794  -22.620  -26.952  -28.665 0.5000000000
45833  -28.594  -30.632  -19.974 0.6000000238
44879  -28.388  -30.906  -20.802 0.6000000238
45836  -28.444  -30.203  -20.585 0.6000000238
46832  -28.141  -29.486  -21.595 0.6000000238
46844  -27.564  -29.856  -22.148 0.6999999881
117761  -26.798  -29.114  -23.313 0.6999999881
123818  -21.665  -25.570  -21.497 0.3000000119
46871  -26.115  -29.122  -23.874 0.6999999881
46853  -27.425  -29.148  -22.687 0.6999999881
47741  -25.179  -28.609  -24.835 0.6999999881
47756  -24.406  -28.523  -25.323 0.6999999881
45887  -19.136  -30.536  -25.982 0.6999999881
46883  -19.960  -29.199  -25.970 0.6999999881
47739  -20.772  -29.107  -25.841 0.6999999881
48741  -21.991  -27.732  -26.320 0.6000000238
47773  -20.286  -28.632  -26.686 0.6999999881
116260  -23.846  -31.158  -26.970 0.6000000238
44970  -24.418  -31.475  -26.984 0.5000000000
46913  -21.231  -29.353  -27.354 0.6999999881
47789  -21.768  -28.754  -27.662 0.6999999881
46925  -22.687  -28.711  -27.937 0.6000000238
46828  -28.519  -29.800  -19.917 0.5000000000
128004  -28.489  -29.066  -19.989 0.4000000060
47702  -28.468  -28.505  -20.490 0.5000000000
46833  -28.421  -29.437  -20.774 0.6000000238
124133  -28.365  -28.761  -21.361 0.6000000238
47720  -27.905  -28.551  -22.518 0.6000000238
51440  -21.647  -24.926  -21.894 0.3000000119
50558  -22.362  -25.259  -21.566 0.3000000119
48723  -26.814  -28.311  -23.884 0.6000000238
47742  -25.952  -28.515  -24.437 0.6000000238
48742  -23.205  -27.730  -26.154 0.6000000238
47757  -25.074  -28.098  -25.261 0.6000000238
47752  -20.549  -28.538  -26.419 0.6999999881
47754  -22.507  -28.443  -25.812 0.6000000238
126880  -24.013  -28.024  -25.818 0.6000000238
48740  -21.018  -27.854  -26.592 0.6999999881
49691  -21.429  -27.114  -26.865 0.6000000238
47788  -20.919  -28.276  -27.533 0.6999999881
127583  -23.147  -29.448  -27.743 0.6999999881
45925  -23.507  -30.598  -27.235 0.6000000238
45939  -24.883  -30.183  -28.181 0.5000000000
46915  -23.903  -29.926  -27.771 0.6000000238
46927  -24.520  -29.378  -28.384 0.5000000000
47802  -21.102  -27.431  -28.027 0.6000000238
46926  -23.670  -29.080  -28.099 0.5000000000
47803  -21.693  -27.988  -27.985 0.5000000000
135563  -23.396  -28.390  -28.333 0.5000000000
47805  -24.207  -28.572  -28.552 0.5000000000
48795  -23.677  -27.673  -28.724 0.5000000000
48805  -23.487  -26.705  -29.023 0.5000000000
48668  -28.468  -27.683  -20.173 0.4000000060
124749  -28.462  -27.054  -20.590 0.4000000060
50524  -26.433  -25.910  -19.787 0.4000000060
47711  -28.340  -28.265  -21.971 0.6000000238
128961  -22.386  -24.678  -21.936 0.3000000119
51460  -23.644  -24.216  -22.022 0.3000000119
51428  -24.643  -24.787  -21.328 0.3000000119
48724  -27.673  -27.661  -23.451 0.6000000238
52473  -22.986  -23.027  -22.986 0.3000000119
48732  -27.239  -27.416  -24.208 0.6000000238
48745  -26.121  -27.348  -25.224 0.5000000000
48731  -26.444  -27.778  -24.607 0.6000000238
48761  -24.185  -27.419  -26.168 0.6000000238
48762  -24.973  -27.160  -25.998 0.6000000238
48744  -25.389  -27.560  -25.491 0.6000000238
49692  -22.495  -26.949  -26.672 0.6000000238
133095  -24.038  -26.277  -26.880 0.6000000238
48739  -20.480  -28.003  -26.796 0.6999999881
47801  -20.774  -27.556  -27.506 0.6999999881
48793  -21.528  -27.019  -28.314 0.5000000000
47804  -22.599  -27.808  -28.346 0.5000000000
49757  -23.031  -25.954  -29.115 0.5000000000
127127  -27.708  -26.706  -19.526 0.4000000060
48685  -28.461  -27.768  -21.101 0.4000000060
49634  -28.382  -26.350  -20.528 0.4000000060
50543  -27.973  -25.607  -20.413 0.4000000060
48698  -28.466  -27.514  -21.866 0.4000000060
48712  -28.464  -27.057  -22.234 0.4000000060
48711  -28.162  -27.809  -22.628 0.5000000000
52451  -23.388  -23.591  -22.510 0.3000000119
52452  -24.415  -23.616  -22.280 0.3000000119
51461  -24.342  -24.290  -21.771 0.4000000060
53494  -23.931  -22.833  -22.898 0.3000000119
51462  -25.231  -24.064  -21.678 0.4000000060
49681  -26.848  -27.027  -24.853 0.5000000000
49693  -25.748  -26.938  -25.793 0.5000000000
49710  -24.514  -26.720  -26.496 0.6000000238
50618  -26.482  -25.626  -26.412 0.5000000000
50615  -23.044  -26.125  -27.142 0.6000000238
51502  -24.027  -25.639  -27.312 0.6000000238
49707  -21.127  -26.735  -27.477 0.6000000238
50614  -22.178  -25.610  -27.711 0.6000000238
49722  -21.106  -26.469  -27.948 0.5000000000
49755  -21.821  -25.609  -28.570 0.5000000000
49756  -22.114  -25.539  -29.120 0.5000000000
50654  -23.086  -25.254  -29.422 0.5000000000
50655  -24.236  -25.570  -29.706 0.5000000000
49614  -28.042  -26.269  -19.972 0.4000000060
49650  -28.502  -26.668  -21.391 0.4000000060
50544  -28.458  -25.719  -21.072 0.4000000060
50561  -28.537  -25.824  -21.717 0.4000000060
49666  -28.523  -26.296  -22.340 0.4000000060
137743  -28.548  -25.870  -22.691 0.4000000060
49674  -28.426  -26.206  -23.213 0.4000000060
49682  -27.583  -26.622  -24.439 0.4000000060
49673  -27.949  -26.890  -23.752 0.5000000000
54444  -23.153  -21.803  -23.667 0.3000000119
50600  -26.883  -25.960  -25.807 0.4000000060
50617  -25.733  -25.882  -26.691 0.5000000000
50619  -27.168  -25.236  -26.083 0.4000000060
50616  -24.871  -26.005  -26.957 0.6000000238
49711  -25.337  -26.526  -26.375 0.5000000000
50630  -24.845  -25.235  -27.437 0.5000000000
50631  -25.445  -25.474  -27.133 0.5000000000
50628  -21.591  -25.827  -28.297 0.5000000000
50629  -21.926  -25.409  -28.314 0.6000000238
51501  -23.140  -25.270  -27.701 0.6000000238
51512  -24.025  -24.824  -27.763 0.6000000238
51500  -22.642  -25.021  -27.940 0.6000000238
137980  -21.978  -25.189  -28.897 0.5000000000
50653  -22.277  -24.784  -29.164 0.5000000000
50669  -24.734  -24.972  -30.166 0.5000000000
51510  -22.320  -24.740  -28.661 0.5000000000
56340  -22.669  -19.363  -25.303 0.3000000119
56324  -23.959  -19.744  -24.808 0.4000000060
56342  -24.336  -19.195  -25.244 0.4000000060
52514  -24.067  -24.086  -28.353 0.5000000000
57368  -22.510  -18.075  -26.118 0.4000000060
51511  -23.118  -24.512  -28.316 0.5000000000
52528  -26.157  -23.355  -28.281 0.5000000000
52525  -23.278  -23.518  -29.285 0.5000000000
53573  -25.548  -22.824  -28.794 0.5000000000
115766  -22.460  -24.451  -29.085 0.5000000000
52524  -23.036  -23.831  -29.406 0.6000000238
52552  -25.090  -24.188  -30.693 0.5000000000
51547  -23.311  -23.829  -30.017 0.6000000238
51548  -24.115  -24.210  -30.297 0.6000000238
52563  -24.695  -23.124  -31.154 0.4000000060
57344  -23.857  -18.606  -25.590 0.4000000060
56326  -25.662  -19.763  -24.823 0.4000000060
52526  -23.889  -23.330  -28.931 0.5000000000
53571  -23.492  -22.795  -29.685 0.5000000000
53586  -23.407  -22.571  -30.175 0.5000000000
53587  -23.750  -22.055  -30.257 0.5000000000
54510  -24.529  -21.817  -29.943 0.5000000000
51535  -22.896  -24.127  -29.422 0.5000000000
52550  -23.329  -22.874  -30.259 0.5000000000
121086  -25.523  -22.905  -31.704 0.4000000060
52562  -23.683  -22.385  -30.883 0.5000000000
128572  -25.481  -18.489  -25.643 0.4000000060
58305  -23.739  -17.416  -26.385 0.4000000060
53572  -24.496  -22.602  -29.349 0.5000000000
53574  -26.419  -22.580  -28.629 0.4000000060
53600  -23.624  -22.133  -30.631 0.4000000060
54552  -23.723  -21.638  -31.101 0.4000000060
115617  -24.314  -22.023  -31.449 0.5000000000
53611  -25.193  -21.858  -32.053 0.3000000119
54511  -25.595  -22.048  -29.378 0.4000000060
54539  -23.779  -21.409  -30.964 0.4000000060
54563  -25.094  -20.946  -32.254 0.5000000000
53620  -26.141  -21.681  -32.466 0.4000000060
55478  -24.958  -20.234  -32.181 0.4000000060
54540  -24.463  -20.767  -31.128 0.4000000060
54567  -28.931  -21.049  -32.423 0.4000000060
54553  -24.326  -20.954  -31.585 0.4000000060
55480  -26.507  -20.277  -32.880 0.4000000060
56410  -26.126  -19.359  -31.903 0.4000000060
55481  -27.467  -20.695  -32.980 0.4000000060
54566  -28.186  -21.346  -32.712 0.4000000060
55470  -29.558  -20.549  -31.766 0.4000000060
55469  -25.375  -19.779  -32.114 0.4000000060
55479  -25.634  -19.936  -32.493 0.3000000119
123694  -27.236  -19.825  -33.073 0.4000000060
56421  -26.938  -18.880  -32.513 0.4000000060
56411  -27.038  -18.824  -31.790 0.4000000060
56427  -27.362  -18.817  -33.073 0.3000000119
56428  -28.178  -19.529  -33.262 0.4000000060
127816  -28.220  -20.503  -33.017 0.4000000060
55471  -30.040  -19.898  -31.488 0.4000000060
56420  -26.285  -19.434  -32.647 0.3000000119
56438  -28.430  -18.520  -33.475 0.4000000060
56429  -29.139  -19.335  -33.246 0.5000000000
56437  -27.860  -18.060  -33.362 0.4000000060
28339  -19.672  -52.039  -22.966 0.6999999881
26597  -25.147  -53.281  -18.558 0.6999999881
22367  -18.654  -58.581  -14.392 0.6000000238
26562  -24.471  -53.149  -15.081 0.6999999881
114487  -25.751  -50.810  -19.328 0.8000000119
29091  -26.451  -50.484  -17.740 0.8000000119
28253  -23.202  -51.397  -14.515 0.6000000238
29896  -23.996  -50.030  -14.539 0.6000000238
29897  -24.869  -49.439  -14.713 0.6999999881
32347  -26.231  -46.550  -19.513 0.8000000119
26571  -16.747  -52.939  -15.945 0.4000000060
34773  -20.716  -43.856  -24.094 0.8000000119
124123  -24.228  -47.121  -14.456 0.6000000238
30758  -19.010  -48.689  -16.244 0.5000000000
33094  -27.631  -44.999  -17.340 0.8000000119
34733  -26.950  -44.313  -19.490 0.8000000119
33065  -26.556  -45.434  -15.382 0.8000000119
36396  -17.506  -41.582  -16.114 0.4000000060
132863  -22.202  -44.841  -14.620 0.6000000238
35573  -19.410  -42.221  -16.292 0.5000000000
126635  -21.574  -42.915  -15.076 0.6000000238
35563  -25.526  -42.287  -15.035 0.6999999881
38065  -24.215  -39.335  -21.723 0.6999999881
37231  -27.711  -40.711  -16.145 0.6999999881
38887  -25.799  -38.672  -15.581 0.6999999881
43288  -22.761  -33.448  -24.381 0.8000000119
43260  -26.947  -33.893  -22.161 0.6999999881
121656  -28.075  -33.779  -17.160 0.6000000238
42411  -28.232  -33.976  -20.856 0.6999999881
43247  -27.979  -33.472  -21.149 0.6000000238
132358  -28.251  -31.645  -17.836 0.5000000000
133300  -28.405  -29.257  -19.205 0.4000000060
48730  -25.700  -27.991  -24.979 0.6000000238
51537  -23.716  -24.701  -29.859 0.5000000000
50576  -28.550  -25.538  -22.298 0.4000000060
54526  -24.170  -21.420  -30.596 0.4000000060
26669  -22.225  -53.489  -25.229 0.5000000000
24906  -19.189  -54.871  -23.069 0.6999999881
30007  -23.188  -49.421  -24.562 0.5000000000
121130  -20.354  -60.219  -14.304 0.5000000000
30846  -22.756  -48.511  -24.514 0.6999999881
26608  -23.734  -53.755  -19.447 0.6999999881
116261  -21.220  -50.962  -21.977 0.6999999881
118439  -21.323  -47.924  -22.444 0.6999999881
29969  -21.355  -49.371  -22.268 0.6999999881
32388  -22.771  -46.346  -24.078 0.6999999881
33145  -24.670  -45.456  -22.596 0.5000000000
124856  -20.747  -55.958  -14.196 0.6000000238
28316  -23.721  -51.167  -20.297 0.6999999881
134333  -22.405  -45.612  -24.297 0.6999999881
126901  -22.184  -55.936  -14.100 0.6000000238
27449  -25.442  -52.419  -18.801 0.8000000119
132855  -24.566  -51.085  -20.085 0.6999999881
33963  -26.838  -44.569  -22.606 0.4000000060
28272  -25.969  -51.962  -16.618 0.8000000119
24798  -18.862  -54.960  -14.614 0.6000000238
27408  -22.965  -52.269  -14.403 0.6999999881
29936  -26.533  -49.746  -18.190 0.6999999881
23197  -16.527  -57.256  -15.252 0.5000000000
31579  -25.056  -47.297  -19.817 0.8000000119
34776  -24.762  -42.677  -22.908 0.5000000000
116998  -26.372  -49.244  -15.986 0.6999999881
135883  -18.953  -53.443  -14.785 0.6000000238
119633  -26.775  -47.972  -18.624 0.8000000119
32357  -23.424  -46.461  -20.579 0.8000000119
120874  -23.107  -41.998  -24.180 0.6999999881
35621  -25.619  -42.061  -22.789 0.6000000238
30759  -26.487  -48.392  -15.952 0.6999999881
28259  -20.241  -51.193  -15.029 0.6000000238
118881  -20.985  -42.921  -23.018 0.8000000119
36462  -25.119  -41.238  -23.269 0.6000000238
135128  -28.031  -41.736  -23.491 0.4000000060
27426  -16.610  -52.030  -16.359 0.3000000119
26560  -19.020  -52.858  -14.924 0.5000000000
26558  -17.607  -53.347  -15.490 0.5000000000
25704  -17.414  -54.320  -15.370 0.5000000000
137168  -16.225  -54.244  -15.922 0.4000000060
33938  -23.610  -44.628  -20.760 0.8999999762
36477  -21.237  -41.363  -24.477 0.8000000119
123844  -23.792  -47.790  -14.413 0.6000000238
31523  -24.519  -47.783  -14.543 0.6000000238
136178  -26.222  -45.924  -15.096 0.8000000119
29068  -20.845  -49.783  -15.061 0.5000000000
27427  -17.533  -52.242  -15.842 0.4000000060
27428  -18.282  -51.949  -15.614 0.5000000000
28257  -18.723  -51.350  -15.645 0.5000000000
38091  -25.307  -39.191  -23.833 0.6000000238
38093  -27.465  -39.234  -24.116 0.4000000060
119118  -22.847  -47.747  -14.399 0.6000000238
126947  -18.264  -48.791  -16.726 0.5000000000
29079  -18.676  -49.958  -16.222 0.5000000000
116630  -20.977  -49.011  -14.935 0.5000000000
29894  -19.405  -49.479  -15.895 0.5000000000
127016  -22.707  -46.886  -14.387 0.6000000238
32313  -19.368  -46.227  -15.768 0.6000000238
31544  -19.307  -47.162  -15.863 0.5000000000
30757  -18.626  -48.030  -16.588 0.5000000000
132755  -21.437  -47.583  -14.616 0.5000000000
34716  -18.016  -43.548  -17.268 0.6000000238
33920  -18.156  -44.432  -17.231 0.6000000238
32301  -20.633  -46.467  -14.899 0.6000000238
33063  -20.583  -45.521  -15.062 0.6000000238
30742  -19.721  -48.578  -15.756 0.5000000000
31529  -20.667  -47.458  -14.938 0.5000000000
35595  -28.234  -42.347  -18.451 0.6999999881
117368  -23.366  -41.411  -21.596 0.8000000119
36436  -21.067  -41.266  -22.910 0.8999999762
34705  -19.828  -43.075  -16.086 0.5000000000
33062  -19.876  -45.612  -15.540 0.6000000238
33064  -21.481  -45.111  -14.746 0.6000000238
34683  -21.154  -43.717  -15.161 0.6000000238
37228  -19.246  -40.625  -15.923 0.4000000060
116969  -19.728  -41.337  -15.865 0.4000000060
35560  -20.913  -42.223  -15.266 0.5000000000
36379  -20.554  -41.396  -15.314 0.5000000000
37214  -21.032  -40.819  -14.880 0.5000000000
37259  -26.096  -40.482  -20.737 0.6999999881
37270  -20.619  -40.639  -23.360 0.8000000119
39832  -24.409  -37.252  -25.146 0.6999999881
130001  -22.620  -42.795  -14.756 0.6999999881
124854  -23.524  -42.319  -14.737 0.6999999881
35561  -21.920  -42.178  -14.888 0.6000000238
37248  -28.551  -40.238  -18.397 0.6999999881
37252  -27.896  -40.614  -19.604 0.6999999881
38903  -19.393  -38.235  -15.805 0.4000000060
127745  -22.035  -37.466  -25.465 0.8000000119
121412  -23.521  -40.903  -14.911 0.6000000238
121413  -22.715  -40.937  -14.806 0.6000000238
36380  -21.426  -41.534  -14.919 0.6000000238
132224  -20.346  -37.317  -16.050 0.3000000119
38052  -28.452  -39.189  -19.413 0.6999999881
39749  -20.590  -36.794  -16.150 0.3000000119
39828  -20.396  -37.446  -25.244 0.8999999762
40738  -21.287  -36.806  -25.680 0.8000000119
41596  -22.740  -35.732  -25.769 0.6000000238
40741  -24.059  -36.608  -25.459 0.6000000238
41610  -23.426  -35.245  -25.894 0.6000000238
38010  -22.528  -39.657  -14.926 0.6000000238
124362  -21.946  -38.951  -15.020 0.5000000000
39795  -24.125  -37.937  -22.222 0.8000000119
39798  -26.480  -37.410  -21.546 0.6999999881
40736  -19.091  -36.177  -24.953 0.8000000119
137076  -28.035  -39.350  -16.470 0.6999999881
38921  -28.655  -38.322  -17.550 0.6999999881
38930  -28.598  -38.336  -19.559 0.6999999881
38934  -27.602  -38.256  -20.710 0.6999999881
40699  -28.575  -36.937  -20.221 0.6999999881
40703  -27.192  -36.708  -21.455 0.6999999881
41553  -23.094  -36.269  -23.204 0.8000000119
41554  -23.962  -36.001  -23.079 0.8000000119
41565  -23.410  -35.429  -23.541 0.8000000119
38920  -28.109  -38.002  -16.711 0.6999999881
41495  -22.672  -35.279  -15.724 0.3000000119
121603  -28.572  -37.620  -17.297 0.6999999881
39779  -29.016  -37.198  -18.609 0.6999999881
127426  -23.011  -34.521  -15.861 0.3000000119
42367  -24.656  -34.513  -15.786 0.4000000060
41527  -28.947  -36.008  -19.841 0.6999999881
43206  -22.207  -33.338  -16.496 0.3000000119
42412  -28.708  -34.204  -20.249 0.6999999881
41499  -26.357  -35.495  -16.101 0.6000000238
43209  -25.096  -33.072  -16.356 0.3000000119
44825  -25.114  -31.936  -16.703 0.3000000119
41517  -29.229  -35.835  -18.883 0.6999999881
126703  -24.039  -31.300  -17.095 0.3000000119
115379  -24.822  -31.326  -16.936 0.3000000119
44949  -21.901  -31.775  -26.603 0.6999999881
125766  -26.241  -33.878  -16.316 0.6000000238
42389  -27.291  -33.855  -16.665 0.6000000238
44023  -26.242  -32.471  -16.660 0.4000000060
42398  -29.207  -34.917  -18.524 0.6999999881
42401  -29.099  -34.534  -19.462 0.6999999881
44910  -25.226  -31.134  -23.641 0.8000000119
118532  -22.350  -30.076  -25.246 0.8000000119
137744  -22.473  -31.424  -26.677 0.6000000238
44950  -22.800  -31.912  -26.568 0.6000000238
44826  -25.807  -32.019  -16.717 0.3000000119
43210  -25.865  -33.093  -16.431 0.5000000000
45804  -26.612  -30.912  -17.213 0.3000000119
44045  -28.008  -32.381  -17.368 0.5000000000
47676  -24.001  -28.516  -18.549 0.3000000119
46811  -25.380  -29.168  -17.700 0.3000000119
125942  -26.020  -31.913  -22.889 0.8000000119
45835  -28.116  -30.248  -21.392 0.6000000238
45877  -25.062  -30.434  -23.948 0.6999999881
45924  -22.097  -30.106  -27.236 0.6999999881
45822  -27.151  -29.959  -17.581 0.3000000119
48647  -24.854  -28.004  -18.548 0.3000000119
47690  -24.187  -27.699  -19.094 0.3000000119
138014  -25.649  -27.054  -19.162 0.3000000119
124267  -20.537  -29.827  -27.088 0.6999999881
46912  -20.097  -29.263  -26.682 0.6999999881
47710  -28.035  -29.040  -22.097 0.6000000238
48743  -24.666  -27.783  -25.656 0.6000000238
47787  -20.400  -28.360  -27.118 0.6999999881
45926  -24.473  -30.794  -27.454 0.5000000000
47692  -28.392  -28.409  -19.699 0.4000000060
48760  -20.832  -27.485  -26.934 0.6000000238
49708  -21.837  -26.353  -27.285 0.6000000238
48806  -24.369  -27.141  -29.163 0.4000000060
49615  -28.355  -26.904  -19.959 0.4000000060
123965  -25.983  -25.391  -20.419 0.4000000060
116103  -23.826  -24.804  -21.534 0.3000000119
52450  -22.511  -23.644  -22.623 0.3000000119
49694  -26.501  -26.660  -25.497 0.5000000000
48777  -20.866  -27.150  -27.564 0.5000000000
48725  -28.304  -27.011  -22.973 0.4000000060
53495  -25.023  -22.812  -22.667 0.4000000060
49695  -27.252  -26.283  -25.120 0.5000000000
50586  -28.587  -25.475  -22.959 0.4000000060
50601  -27.557  -25.494  -25.366 0.4000000060
50632  -26.109  -25.261  -26.958 0.5000000000
52512  -22.786  -24.059  -28.924 0.6000000238
55396  -23.157  -19.875  -24.859 0.3000000119
56325  -24.767  -19.727  -24.807 0.4000000060
52527  -25.009  -23.544  -28.490 0.5000000000
56343  -25.245  -19.144  -25.286 0.4000000060
55468  -24.831  -20.284  -31.703 0.4000000060
55457  -25.358  -19.916  -31.523 0.4000000060
56422  -29.707  -19.748  -32.338 0.4000000060
57440  -27.411  -18.264  -32.411 0.4000000060
56423  -30.258  -19.252  -31.779 0.3000000119
21621  -19.037  -58.835  -20.674 0.5000000000
22464  -19.503  -58.045  -21.432 0.5000000000
20078  -20.503  -61.570  -19.353 0.4000000060
20834  -20.799  -60.634  -19.224 0.5000000000
20848  -19.383  -60.060  -20.081 0.5000000000
21622  -19.670  -59.249  -20.022 0.5000000000
22444  -19.761  -58.380  -20.250 0.6000000238
23261  -19.914  -57.106  -20.621 0.6000000238
20072  -21.350  -61.528  -18.805 0.5000000000
20073  -22.096  -61.380  -18.241 0.5000000000
20841  -21.208  -59.869  -19.000 0.5000000000
122954  -20.940  -58.136  -19.283 0.5000000000
132243  -22.463  -61.179  -17.632 0.5000000000
23253  -20.793  -57.312  -19.445 0.6000000238
24040  -20.618  -56.521  -19.632 0.6000000238
23252  -20.247  -57.149  -20.001 0.6000000238
24039  -20.115  -56.414  -20.247 0.6000000238
25763  -19.794  -54.918  -20.798 0.6000000238
24867  -20.242  -55.157  -20.180 0.6000000238
24878  -19.613  -55.557  -21.387 0.6000000238
25792  -19.143  -54.312  -22.685 0.6000000238
25777  -19.479  -54.631  -21.727 0.6000000238
21616  -22.525  -59.625  -18.181 0.5000000000
22434  -21.637  -58.442  -18.757 0.5000000000
20058  -22.462  -61.357  -16.880 0.5000000000
21606  -22.974  -59.866  -17.542 0.5000000000
122036  -21.128  -55.903  -19.349 0.6000000238
20810  -22.157  -60.827  -15.376 0.5000000000
20811  -22.624  -60.704  -16.244 0.5000000000
25754  -20.966  -55.024  -19.665 0.6000000238
25778  -19.885  -54.127  -21.049 0.6000000238
26642  -19.100  -53.464  -23.003 0.6000000238
22435  -22.411  -58.791  -18.316 0.5000000000
21595  -23.074  -59.961  -16.627 0.5000000000
22422  -23.377  -58.429  -17.384 0.5000000000
22421  -23.032  -59.061  -17.790 0.5000000000
122153  -22.269  -57.962  -18.465 0.5000000000
24024  -21.851  -56.872  -18.820 0.6000000238
128297  -22.686  -59.920  -15.460 0.5000000000
22406  -23.158  -59.154  -16.116 0.5000000000
20796  -21.465  -60.913  -14.849 0.5000000000
21565  -22.269  -59.351  -14.655 0.5000000000
25764  -20.408  -54.499  -20.307 0.6000000238
26632  -19.517  -53.691  -22.080 0.6000000238
22407  -23.474  -58.492  -16.640 0.5000000000
24026  -23.350  -56.823  -18.092 0.5000000000
23239  -22.836  -57.450  -18.256 0.6000000238
24847  -23.285  -56.064  -18.576 0.6000000238
22387  -23.280  -58.360  -15.730 0.5000000000
23238  -22.203  -57.285  -18.590 0.6000000238
124241  -22.579  -55.930  -18.932 0.6000000238
124512  -21.103  -60.283  -14.485 0.5000000000
21563  -19.981  -59.482  -14.308 0.5000000000
26618  -20.652  -53.740  -20.533 0.6000000238
27486  -20.626  -52.667  -21.495 0.6000000238
23214  -23.703  -57.227  -16.370 0.5000000000
23225  -23.689  -57.805  -16.990 0.5000000000
24011  -23.782  -56.907  -17.285 0.5000000000
24834  -23.887  -56.153  -17.932 0.6000000238
22371  -22.458  -58.550  -14.596 0.5000000000
22370  -21.732  -58.667  -14.351 0.5000000000
23189  -22.258  -57.711  -14.297 0.6000000238
24822  -24.140  -55.831  -16.115 0.6000000238
24001  -24.180  -56.070  -17.098 0.5000000000
24835  -24.326  -55.428  -17.712 0.5000000000
24848  -24.437  -54.753  -18.308 0.6000000238
23191  -23.063  -57.149  -14.727 0.6000000238
23987  -23.661  -56.617  -15.533 0.6000000238
25741  -23.879  -54.668  -19.031 0.6000000238
23188  -20.991  -57.873  -14.324 0.5000000000
23977  -22.485  -56.737  -14.254 0.5000000000
22368  -19.627  -58.632  -14.370 0.4000000060
121650  -23.836  -55.813  -15.197 0.6000000238
25717  -24.784  -54.628  -16.484 0.6000000238
24823  -24.491  -55.324  -16.838 0.5000000000
26596  -24.969  -54.063  -17.972 0.6000000238
25742  -24.542  -54.039  -18.860 0.6000000238
26583  -25.169  -54.029  -16.982 0.6999999881
37280  -25.666  -40.528  -23.324 0.5000000000
43273  -26.282  -33.543  -22.655 0.6000000238
43322  -22.695  -33.410  -26.331 0.5000000000
44136  -24.146  -32.803  -26.443 0.5000000000
118694  -22.975  -30.029  -27.446 0.5000000000
56430  -29.909  -19.000  -32.778 0.4000000060
57441  -30.558  -18.448  -32.230 0.3000000119
57442  -31.130  -18.197  -31.481 0.3000000119
59249  -32.237  -16.962  -30.831 0.3000000119
19338  -19.977  -62.392  -19.541 0.4000000060
20085  -19.183  -60.846  -20.130 0.5000000000
21632  -18.904  -59.475  -20.483 0.5000000000
23284  -19.851  -57.174  -21.775 0.5000000000
23271  -19.692  -57.143  -21.139 0.6000000238
24050  -19.760  -56.361  -20.880 0.6000000238
24062  -19.731  -56.409  -21.547 0.5000000000
24891  -19.371  -55.142  -22.326 0.5000000000
18574  -21.389  -62.903  -18.180 0.4000000060
19302  -21.908  -62.103  -16.539 0.5000000000
20048  -21.589  -61.623  -15.459 0.5000000000
20049  -22.219  -61.363  -16.067 0.5000000000
20032  -21.025  -61.412  -14.858 0.3000000119
20794  -20.205  -60.874  -14.080 0.4000000060
20013  -18.943  -60.311  -12.391 0.4000000060
36464  -27.277  -41.524  -22.993 0.4000000060
37281  -26.859  -40.481  -23.268 0.4000000060
41498  -25.451  -35.077  -15.798 0.5000000000
125462  -25.452  -33.580  -16.221 0.4000000060
43324  -24.468  -33.726  -26.377 0.5000000000
44137  -25.056  -32.991  -26.530 0.5000000000
44149  -24.709  -32.149  -26.741 0.5000000000
45831  -28.541  -30.267  -19.136 0.4000000060
58364  -31.076  -17.841  -32.150 0.3000000119
19326  -21.006  -62.548  -18.899 0.4000000060
121242  -21.969  -55.381  -19.277 0.6000000238
23187  -19.944  -57.728  -14.412 0.5000000000
22369  -20.662  -58.889  -14.355 0.5000000000
42471  -24.744  -34.652  -26.409 0.5000000000
20795  -20.750  -60.891  -14.512 0.4000000060
22453  -19.522  -57.984  -20.838 0.6000000238
20077  -19.735  -61.474  -19.764 0.4000000060
21623  -20.510  -59.464  -19.464 0.5000000000
22445  -20.360  -58.683  -19.664 0.6000000238
125619  -21.955  -60.017  -18.511 0.5000000000
19327  -21.737  -62.208  -18.269 0.5000000000
22436  -22.955  -58.244  -18.004 0.5000000000
23240  -23.361  -57.620  -17.648 0.5000000000
22386  -22.841  -58.914  -15.156 0.5000000000
23200  -23.406  -57.560  -15.536 0.5000000000
57447  -30.057  -18.327  -33.156 0.4000000060
19315  -21.694  -62.620  -17.484 0.4000000060
24076  -19.908  -56.467  -22.229 0.4000000060
24892  -19.671  -55.698  -22.751 0.4000000060
19291  -21.217  -62.480  -15.821 0.4000000060
133601  -17.074  -49.237  -17.283 0.4000000060
29922  -17.667  -49.366  -16.874 0.3000000119
29908  -17.827  -50.127  -16.497 0.4000000060
128231  -17.735  -47.143  -17.559 0.4000000060
31556  -17.975  -47.973  -17.192 0.4000000060
33105  -16.452  -45.502  -18.919 0.4000000060
32336  -17.065  -45.819  -18.534 0.4000000060
32324  -18.122  -46.324  -17.168 0.4000000060
33925  -15.294  -44.987  -18.642 0.3000000119
33926  -16.324  -44.900  -18.653 0.3000000119
34713  -15.437  -43.879  -17.307 0.4000000060
33092  -17.615  -45.603  -17.826 0.4000000060
33917  -15.908  -44.426  -17.987 0.4000000060
33918  -16.822  -44.337  -18.000 0.5000000000
34714  -16.418  -43.815  -17.424 0.4000000060
35570  -16.877  -43.181  -16.991 0.4000000060
33919  -17.500  -44.299  -17.672 0.5000000000
137871  -16.411  -42.779  -16.364 0.4000000060
44871  -28.398  -30.915  -18.422 0.3000000119
45823  -28.109  -29.880  -18.295 0.3000000119
118200  -24.922  -24.449  -27.883 0.4000000060
48666  -27.271  -27.182  -19.020 0.3000000119
49613  -26.839  -26.508  -19.340 0.3000000119
50542  -27.042  -25.346  -20.245 0.3000000119
51429  -25.578  -24.765  -21.043 0.3000000119
51514  -26.549  -24.521  -27.167 0.4000000060
52516  -26.746  -23.715  -27.599 0.3000000119
52515  -25.872  -24.121  -27.865 0.4000000060
54527  -25.069  -21.286  -30.256 0.3000000119
51431  -27.597  -24.876  -20.777 0.3000000119
51443  -27.983  -24.531  -21.394 0.3000000119
51430  -26.632  -24.738  -20.776 0.3000000119
51442  -27.217  -24.300  -21.248 0.3000000119
134470  -26.893  -23.785  -21.594 0.3000000119
52432  -27.627  -23.858  -21.752 0.3000000119
52455  -27.906  -23.411  -22.368 0.3000000119
51463  -28.549  -24.847  -22.552 0.3000000119
50595  -28.433  -25.590  -23.711 0.3000000119
52453  -25.393  -23.385  -22.210 0.3000000119
125811  -26.169  -23.554  -21.857 0.3000000119
50594  -27.994  -25.776  -24.568 0.3000000119
54446  -25.197  -21.541  -23.566 0.3000000119
54445  -24.182  -21.468  -23.698 0.3000000119
135675  -24.867  -21.013  -23.967 0.3000000119
51503  -27.271  -24.547  -26.457 0.3000000119
51515  -27.307  -23.898  -26.906 0.3000000119
56341  -23.500  -19.272  -25.262 0.3000000119
137525  -26.721  -25.041  -26.632 0.3000000119
57370  -24.215  -17.944  -25.939 0.3000000119
116903  -23.041  -17.572  -26.404 0.3000000119
55443  -25.503  -20.495  -30.724 0.3000000119
52433  -28.301  -24.159  -22.170 0.3000000119
52454  -27.088  -23.292  -22.044 0.3000000119
127028  -28.544  -24.175  -23.005 0.3000000119
51482  -28.469  -24.956  -24.170 0.3000000119
53517  -25.690  -22.164  -23.087 0.3000000119
53496  -26.244  -22.826  -22.472 0.3000000119
53497  -27.454  -22.782  -22.672 0.3000000119
53498  -28.191  -23.034  -23.035 0.3000000119
52474  -28.490  -23.512  -23.457 0.3000000119
115576  -28.601  -24.167  -23.807 0.3000000119
51481  -28.125  -25.041  -24.905 0.3000000119
54447  -26.261  -21.532  -23.538 0.3000000119
53519  -27.867  -22.351  -23.391 0.3000000119
51489  -27.867  -24.605  -25.586 0.3000000119
54464  -24.258  -20.764  -24.238 0.3000000119
117925  -27.878  -23.867  -26.157 0.3000000119
55378  -25.097  -20.412  -24.407 0.3000000119
115624  -27.474  -23.250  -27.266 0.3000000119
57345  -24.694  -18.554  -25.607 0.3000000119
58286  -25.891  -17.861  -25.963 0.3000000119
53562  -27.032  -23.016  -28.005 0.3000000119
57371  -25.040  -17.893  -25.966 0.3000000119
53575  -27.300  -22.270  -28.317 0.3000000119
54512  -26.715  -21.838  -29.008 0.3000000119
54528  -26.136  -21.231  -29.738 0.3000000119
52456  -28.346  -23.637  -22.789 0.3000000119
52484  -28.621  -23.381  -24.384 0.3000000119
54466  -26.746  -20.966  -24.016 0.3000000119
54449  -28.337  -21.866  -24.212 0.3000000119
53520  -28.450  -22.750  -23.826 0.3000000119
51490  -28.442  -24.295  -24.681 0.3000000119
54465  -25.701  -20.969  -23.993 0.3000000119
55379  -26.169  -20.385  -24.437 0.3000000119
52501  -28.445  -23.044  -25.967 0.3000000119
53564  -28.463  -22.119  -27.038 0.3000000119
126175  -26.056  -19.217  -25.243 0.3000000119
134730  -25.756  -18.877  -25.447 0.3000000119
53563  -27.751  -22.569  -27.557 0.3000000119
58307  -25.420  -17.256  -26.365 0.3000000119
58308  -26.272  -17.230  -26.382 0.3000000119
54529  -27.057  -21.214  -29.329 0.3000000119
55444  -26.751  -20.575  -30.014 0.3000000119
53532  -28.717  -22.465  -24.661 0.3000000119
55380  -27.209  -20.425  -24.460 0.3000000119
55381  -28.033  -20.548  -24.628 0.3000000119
54468  -28.920  -21.700  -24.974 0.3000000119
124062  -28.717  -22.943  -25.136 0.3000000119
52491  -28.435  -23.690  -25.307 0.3000000119
54480  -29.063  -21.031  -25.487 0.3000000119
56327  -26.721  -19.716  -24.869 0.3000000119
56328  -27.752  -19.941  -24.842 0.3000000119
56344  -26.761  -19.097  -25.305 0.3000000119
58287  -26.903  -17.848  -26.029 0.3000000119
58309  -27.703  -17.472  -26.425 0.3000000119
54514  -28.376  -21.122  -28.215 0.3000000119
54498  -28.086  -21.871  -27.887 0.3000000119
115125  -26.993  -17.198  -26.488 0.3000000119
54513  -27.579  -21.519  -28.648 0.3000000119
55432  -27.810  -20.679  -29.134 0.3000000119
56396  -26.276  -19.847  -30.920 0.3000000119
128151  -28.529  -21.082  -24.750 0.3000000119
135188  -29.063  -21.635  -25.547 0.3000000119
116769  -29.025  -21.562  -26.282 0.3000000119
56345  -27.518  -19.311  -25.229 0.3000000119
119899  -28.218  -19.604  -25.258 0.3000000119
56346  -28.802  -19.655  -25.694 0.3000000119
53549  -28.658  -22.357  -26.312 0.3000000119
57347  -27.283  -18.621  -25.576 0.3000000119
57372  -27.923  -18.138  -25.970 0.3000000119
54499  -28.728  -21.374  -27.316 0.3000000119
132655  -26.674  -15.391  -27.297 0.3000000119
58310  -28.515  -17.838  -26.514 0.3000000119
59197  -26.674  -16.620  -26.736 0.3000000119
59198  -27.504  -16.781  -26.774 0.3000000119
59199  -28.353  -17.113  -26.860 0.3000000119
55433  -28.629  -20.451  -28.471 0.3000000119
56397  -27.505  -19.823  -30.132 0.3000000119
128448  -26.908  -19.378  -31.147 0.3000000119
54481  -29.209  -20.682  -26.282 0.3000000119
136978  -29.258  -19.863  -26.443 0.3000000119
135925  -29.314  -20.378  -26.885 0.3000000119
57373  -28.614  -18.446  -26.167 0.3000000119
56360  -29.038  -19.056  -26.235 0.3000000119
56361  -29.345  -19.113  -27.000 0.3000000119
55417  -29.377  -19.828  -27.325 0.3000000119
60120  -27.242  -15.956  -27.073 0.3000000119
56374  -29.153  -19.879  -28.220 0.3000000119
59209  -28.147  -16.364  -27.128 0.3000000119
137511  -28.726  -16.065  -27.486 0.3000000119
58319  -29.123  -17.607  -27.204 0.3000000119
57374  -29.100  -18.401  -26.739 0.3000000119
55445  -28.505  -19.885  -29.093 0.3000000119
56398  -28.408  -19.153  -29.738 0.3000000119
56412  -27.698  -19.011  -30.763 0.3000000119
57445  -27.474  -18.151  -33.025 0.3000000119
60133  -27.369  -15.116  -27.456 0.3000000119
56375  -29.386  -19.126  -27.872 0.3000000119
60134  -28.093  -15.620  -27.409 0.3000000119
59210  -28.927  -16.736  -27.355 0.3000000119
57390  -29.372  -18.388  -27.506 0.3000000119
57403  -29.106  -19.168  -28.804 0.3000000119
57423  -29.036  -18.489  -29.405 0.3000000119
133202  -28.942  -17.944  -29.947 0.3000000119
131252  -28.528  -17.296  -31.807 0.3000000119
58351  -28.552  -17.726  -30.926 0.3000000119
57434  -27.830  -18.350  -31.403 0.3000000119
58362  -28.250  -17.199  -32.688 0.3000000119
58357  -28.036  -17.778  -32.063 0.3000000119
60985  -28.132  -14.928  -27.665 0.3000000119
60149  -28.929  -15.378  -27.792 0.3000000119
59211  -29.346  -17.051  -27.840 0.3000000119
59224  -29.490  -16.558  -28.491 0.3000000119
57404  -29.404  -18.307  -28.433 0.3000000119
115274  -29.713  -16.075  -29.263 0.3000000119
58352  -29.332  -17.739  -29.230 0.3000000119
58358  -28.988  -16.925  -31.136 0.3000000119
120568  -29.220  -17.293  -30.088 0.3000000119
58368  -28.283  -17.188  -33.274 0.3000000119
58363  -28.769  -16.712  -32.309 0.3000000119
57455  -29.007  -17.975  -33.734 0.3000000119
58378  -28.531  -17.299  -33.620 0.3000000119
57446  -29.369  -18.514  -33.451 0.3000000119
61000  -28.663  -14.393  -28.072 0.3000000119
137301  -29.348  -14.950  -28.339 0.3000000119
60150  -29.514  -15.707  -28.417 0.3000000119
125389  -29.835  -15.126  -29.083 0.3000000119
114892  -29.495  -16.919  -29.274 0.3000000119
59243  -29.542  -16.423  -30.312 0.3000000119
59255  -28.596  -16.701  -33.260 0.3000000119
58379  -29.066  -17.294  -33.857 0.3000000119
57456  -29.601  -17.779  -33.638 0.3000000119
25808  -19.686  -54.623  -23.703 0.4000000060
31543  -18.345  -47.282  -16.865 0.4000000060
33106  -17.132  -44.996  -18.314 0.4000000060
34715  -17.253  -43.656  -17.504 0.4000000060
122960  -26.267  -24.204  -21.373 0.3000000119
51444  -28.420  -25.070  -21.693 0.3000000119
51513  -25.636  -24.864  -27.434 0.4000000060
135100  -24.347  -20.218  -24.553 0.3000000119
57369  -23.399  -18.044  -25.994 0.3000000119
58306  -24.571  -17.310  -26.373 0.3000000119
51474  -28.591  -24.848  -23.345 0.3000000119
33104  -15.712  -45.445  -19.197 0.4000000060
33113  -15.931  -45.869  -19.344 0.4000000060
31569  -16.971  -46.501  -18.548 0.4000000060
32323  -17.472  -46.396  -17.980 0.4000000060
33916  -14.734  -44.477  -17.901 0.3000000119
137219  -27.838  -23.377  -26.623 0.3000000119
53518  -26.879  -22.125  -23.053 0.3000000119
54448  -27.385  -21.605  -23.684 0.3000000119
54467  -27.761  -21.072  -24.248 0.3000000119
55382  -28.557  -20.292  -25.148 0.3000000119
53540  -28.898  -22.230  -25.522 0.3000000119
55397  -29.067  -20.313  -25.794 0.3000000119
55408  -29.062  -20.593  -27.627 0.3000000119
59208  -26.288  -15.974  -27.045 0.3000000119
57348  -28.264  -18.929  -25.641 0.3000000119
122506  -29.152  -20.931  -26.869 0.3000000119
57435  -28.426  -18.463  -30.339 0.3000000119
60135  -29.255  -16.246  -27.860 0.3000000119
130822  -29.440  -17.754  -27.865 0.3000000119
58331  -29.457  -17.396  -28.483 0.3000000119
59262  -28.746  -16.888  -33.765 0.3000000119
124997  -29.985  -15.595  -30.158 0.3000000119
33112  -15.187  -45.951  -19.640 0.4000000060
36446  -27.193  -42.297  -22.770 0.4000000060
22351  -14.970  -58.693  -13.904 0.3000000119
21545  -15.483  -59.077  -13.122 0.3000000119
21559  -14.317  -58.581  -14.390 0.3000000119
21546  -16.490  -59.089  -12.997 0.3000000119
34701  -15.089  -43.269  -16.911 0.3000000119
34702  -15.955  -43.353  -16.695 0.3000000119
35569  -15.679  -42.657  -16.348 0.3000000119
30783  -16.269  -48.195  -18.383 0.3000000119
32335  -16.473  -46.188  -19.042 0.3000000119
31555  -17.186  -47.008  -18.163 0.3000000119
30770  -17.479  -48.654  -17.269 0.3000000119
30769  -17.071  -47.819  -17.811 0.3000000119
32345  -15.685  -46.612  -19.470 0.3000000119
31568  -16.437  -47.187  -18.777 0.3000000119
35623  -27.500  -43.108  -22.827 0.3000000119
19314  -21.287  -62.947  -16.670 0.4000000060
20015  -19.831  -61.245  -13.533 0.4000000060
20064  -22.189  -61.871  -17.560 0.5000000000
20065  -22.471  -60.526  -18.068 0.5000000000
20781  -19.423  -60.388  -13.257 0.5000000000
20822  -22.782  -60.634  -17.211 0.5000000000
20835  -21.671  -60.675  -18.650 0.5000000000
21533  -16.220  -59.428  -12.384 0.4000000060
21544  -14.323  -59.109  -13.462 0.3000000119
21548  -18.522  -59.527  -13.392 0.5000000000
21560  -17.922  -58.929  -13.990 0.5000000000
21562  -19.233  -59.243  -14.190 0.4000000060
21564  -21.421  -59.551  -14.423 0.5000000000
21580  -21.991  -60.224  -14.711 0.5000000000
21596  -23.335  -59.205  -17.078 0.5000000000
21615  -21.785  -59.294  -18.622 0.5000000000
22354  -17.242  -58.588  -14.240 0.5000000000
22363  -15.047  -58.348  -14.646 0.4000000060
22383  -15.525  -57.695  -15.373 0.4000000060
22446  -21.067  -58.984  -19.141 0.5000000000
23190  -22.984  -58.071  -14.865 0.5000000000
23199  -18.427  -57.293  -14.751 0.6000000238
23254  -21.531  -57.520  -18.905 0.5000000000
23975  -20.402  -56.538  -14.333 0.6000000238
23978  -23.172  -56.107  -14.561 0.6000000238
23985  -17.186  -56.547  -15.252 0.5000000000
24000  -23.940  -56.551  -16.503 0.5000000000
24025  -22.585  -56.672  -18.625 0.6000000238
24041  -21.266  -56.713  -19.174 0.6000000238
24042  -21.880  -56.244  -19.036 0.6000000238
24801  -21.711  -55.083  -13.979 0.6000000238
24812  -18.465  -55.701  -14.791 0.6000000238
24859  -20.429  -55.759  -19.859 0.6000000238
24866  -19.914  -55.685  -20.531 0.6000000238
25694  -22.324  -53.775  -14.129 0.6999999881
25730  -24.731  -54.719  -17.400 0.6000000238
26548  -20.690  -53.169  -14.240 0.6000000238
26549  -21.536  -53.440  -14.078 0.6999999881
26559  -18.430  -53.391  -15.039 0.5000000000
26563  -25.213  -52.908  -15.761 0.6999999881
26609  -24.568  -53.365  -19.213 0.6000000238
26633  -20.252  -53.376  -21.292 0.6000000238
26653  -19.314  -53.322  -23.550 0.6999999881
26667  -19.808  -53.263  -24.043 0.6000000238
27415  -19.522  -52.250  -14.893 0.5000000000
27416  -20.178  -51.835  -14.813 0.6000000238
27417  -23.903  -52.333  -14.755 0.6999999881
27487  -21.329  -52.357  -21.048 0.6999999881
28251  -21.464  -50.957  -14.682 0.6000000238
28258  -19.537  -51.419  -15.235 0.5000000000
28273  -26.270  -51.337  -17.376 0.8000000119
28292  -25.977  -51.796  -18.249 0.8000000119
28308  -25.147  -51.388  -19.733 0.6999999881
28328  -20.365  -51.525  -22.522 0.6999999881
29061  -22.768  -50.695  -14.505 0.6000000238
29069  -22.337  -49.992  -14.607 0.6000000238
29072  -25.384  -50.788  -15.268 0.8000000119
29078  -18.379  -50.712  -16.064 0.5000000000
29130  -24.262  -50.351  -20.191 0.6999999881
29171  -21.829  -49.905  -24.621 0.6999999881
29888  -23.071  -49.431  -14.485 0.6000000238
29951  -26.329  -49.652  -18.874 0.8000000119
29961  -23.141  -49.431  -20.649 0.6999999881
30744  -21.173  -48.237  -14.766 0.5000000000
30745  -21.744  -48.822  -14.657 0.5000000000
30747  -25.905  -48.573  -15.304 0.6999999881
30813  -22.358  -48.475  -21.308 0.6999999881
31524  -25.062  -47.340  -14.667 0.6999999881
31578  -15.147  -47.343  -19.666 0.3000000119
31580  -26.027  -47.252  -19.524 0.8000000119
32292  -23.015  -46.077  -14.381 0.6000000238
32348  -26.793  -46.163  -19.211 0.8000000119
32364  -20.816  -46.422  -23.004 0.8000000119
32375  -24.998  -46.167  -22.499 0.5000000000
32400  -20.781  -45.859  -24.193 0.6999999881
32402  -21.893  -46.747  -24.555 0.6999999881
33051  -23.730  -45.488  -14.478 0.8000000119
33053  -25.485  -46.056  -14.760 0.8000000119
33115  -25.803  -45.407  -19.883 0.8000000119
33135  -21.702  -45.603  -22.114 0.8000000119
33147  -26.521  -45.442  -22.601 0.5000000000
33887  -23.363  -44.247  -14.575 0.8000000119
33888  -24.146  -44.302  -14.593 0.8000000119
34717  -28.027  -43.585  -17.168 0.6999999881
34743  -21.160  -43.580  -22.792 0.8000000119
34758  -24.828  -43.592  -22.682 0.5000000000
34761  -27.391  -43.957  -22.787 0.3000000119
35565  -27.365  -42.192  -15.830 0.6999999881
35599  -26.190  -42.466  -20.131 0.8000000119
35605  -24.668  -42.725  -20.631 0.8000000119
35622  -26.576  -42.663  -22.603 0.6000000238
35652  -22.687  -42.456  -24.306 0.6999999881
36382  -23.141  -41.541  -14.770 0.6999999881
36386  -26.747  -41.568  -15.581 0.6999999881
36428  -24.015  -41.658  -21.281 0.8000000119
36437  -21.940  -41.381  -22.434 0.8000000119
36459  -20.643  -41.842  -23.993 0.8000000119
36476  -20.929  -41.774  -24.320 0.8000000119
37216  -25.186  -40.241  -15.342 0.6999999881
37242  -28.519  -40.371  -17.568 0.6999999881
38051  -27.980  -39.735  -19.924 0.6999999881
38069  -19.590  -39.199  -23.665 0.8000000119
38089  -21.912  -40.018  -24.662 0.6999999881
38104  -19.656  -38.820  -24.305 0.8000000119
38884  -22.740  -39.024  -15.082 0.6000000238
38941  -25.295  -38.471  -21.612 0.6999999881
38964  -20.600  -39.015  -24.651 0.8999999762
38970  -27.069  -38.487  -24.518 0.4000000060
38980  -25.975  -37.708  -24.923 0.6000000238
39788  -28.774  -37.496  -19.530 0.6999999881
39799  -27.390  -37.466  -21.124 0.6999999881
39804  -22.873  -37.553  -22.680 0.8000000119
39818  -18.802  -37.559  -24.119 0.8000000119
39820  -24.586  -37.877  -24.749 0.6999999881
39827  -19.352  -37.557  -24.669 0.8000000119
39830  -22.773  -37.341  -25.297 0.6999999881
40659  -26.808  -36.737  -16.188 0.6999999881
40706  -20.507  -37.023  -23.284 0.8000000119
40709  -23.760  -36.602  -22.824 0.8000000119
40710  -24.425  -36.561  -22.653 0.8000000119
40711  -25.207  -36.456  -22.460 0.8000000119
41497  -24.651  -35.225  -15.667 0.4000000060
41577  -18.946  -35.423  -24.318 0.8000000119
42368  -25.431  -34.208  -15.995 0.4000000060
43300  -19.036  -33.420  -25.302 0.8000000119
43321  -21.047  -33.742  -26.421 0.8000000119
43330  -19.591  -32.615  -26.385 0.8000000119
44056  -28.791  -32.750  -19.739 0.6999999881
44146  -19.190  -32.182  -26.290 0.8000000119
44919  -18.912  -31.718  -25.768 0.8000000119
46864  -19.546  -29.930  -25.974 0.6999999881
46885  -23.751  -29.186  -25.226 0.8000000119
46914  -22.344  -29.423  -27.569 0.6999999881
47730  -27.472  -28.454  -23.121 0.6000000238
47753  -21.421  -28.454  -26.062 0.6999999881
48759  -20.527  -27.805  -27.100 0.6999999881
48792  -20.884  -26.901  -27.988 0.6999999881
49683  -28.149  -26.247  -23.979 0.5000000000
49709  -23.606  -26.873  -26.568 0.6000000238
49712  -26.146  -26.312  -26.149 0.5000000000
49738  -21.355  -26.270  -28.248 0.5000000000
49740  -22.609  -26.241  -28.871 0.5000000000
50525  -27.375  -25.981  -19.780 0.3000000119
50613  -21.436  -25.982  -27.860 0.6000000238
50641  -21.984  -25.159  -28.816 0.5000000000
51432  -28.233  -25.100  -20.993 0.3000000119
51536  -22.993  -24.466  -29.516 0.6000000238
51546  -23.192  -23.495  -29.766 0.5000000000
52513  -23.351  -23.849  -28.756 0.5000000000
52540  -23.223  -23.124  -29.826 0.6000000238
52551  -23.875  -23.372  -30.600 0.5000000000
53548  -28.127  -22.805  -26.806 0.3000000119
54564  -25.821  -20.698  -32.609 0.4000000060
55482  -29.053  -20.221  -32.871 0.4000000060
57343  -23.017  -18.681  -25.635 0.3000000119
57346  -26.290  -18.571  -25.589 0.3000000119
57454  -28.494  -17.744  -33.613 0.3000000119
58367  -27.751  -17.648  -32.931 0.3000000119
58377  -28.004  -17.629  -33.356 0.3000000119
115178  -21.367  -46.856  -14.586 0.5000000000
115825  -14.757  -59.548  -12.717 0.3000000119
116257  -23.849  -39.265  -24.298 0.6999999881
116737  -24.132  -46.000  -20.328 0.8999999762
116992  -19.257  -35.249  -24.082 0.8000000119
117448  -20.927  -43.088  -24.134 0.8000000119
117454  -20.077  -46.139  -15.318 0.6000000238
117485  -19.760  -59.973  -14.100 0.5000000000
118284  -25.644  -35.331  -22.690 0.8000000119
118815  -21.763  -48.534  -24.612 0.6999999881
118882  -19.253  -47.944  -16.079 0.5000000000
119304  -28.518  -40.837  -18.139 0.6999999881
119743  -26.250  -45.940  -19.592 0.8000000119
119830  -18.965  -57.950  -14.550 0.6000000238
120290  -19.499  -38.201  -23.527 0.8000000119
121179  -25.266  -48.911  -19.782 0.8000000119
121235  -19.062  -33.762  -25.306 0.8000000119
121339  -21.597  -49.532  -14.748 0.6000000238
121624  -20.978  -53.860  -14.021 0.6000000238
121946  -20.147  -60.022  -19.615 0.5000000000
122010  -23.674  -41.883  -23.742 0.6000000238
122608  -28.955  -37.769  -18.061 0.6999999881
122651  -27.034  -47.094  -17.158 0.6999999881
122981  -23.559  -57.902  -16.271 0.5000000000
123212  -20.428  -28.942  -27.171 0.6999999881
124172  -22.963  -51.643  -20.441 0.6999999881
124176  -17.709  -50.867  -16.289 0.4000000060
124242  -16.055  -58.856  -13.478 0.5000000000
124487  -24.940  -50.232  -14.796 0.6999999881
124652  -25.997  -50.109  -19.198 0.6999999881
125018  -24.073  -43.229  -20.752 0.8000000119
125126  -27.916  -31.139  -21.496 0.6000000238
125268  -26.453  -43.832  -15.258 0.8000000119
125448  -23.799  -26.121  -29.347 0.5000000000
125673  -19.974  -57.001  -14.441 0.6000000238
125752  -19.644  -55.845  -22.043 0.5000000000
126062  -22.020  -44.998  -24.535 0.8000000119
126113  -20.095  -55.982  -14.361 0.6000000238
127190  -22.746  -30.565  -27.095 0.5000000000
127269  -22.987  -34.082  -26.152 0.6000000238
127413  -19.948  -60.760  -19.679 0.4000000060
127424  -23.182  -34.117  -24.207 0.8000000119
127850  -21.653  -52.736  -24.699 0.5000000000
128343  -17.349  -55.087  -15.318 0.5000000000
128695  -25.718  -47.852  -19.593 0.8000000119
129836  -23.872  -55.416  -18.498 0.6000000238
130373  -19.564  -31.639  -26.405 0.8000000119
131424  -20.327  -57.896  -19.830 0.6000000238
131779  -19.764  -34.417  -26.049 0.8000000119
133091  -25.957  -28.798  -17.847 0.3000000119
133352  -24.457  -55.124  -16.119 0.6000000238
133648  -25.163  -26.675  -19.551 0.3000000119
134015  -24.208  -43.693  -20.631 0.8000000119
134083  -20.662  -59.708  -14.368 0.5000000000
135082  -23.722  -34.006  -24.030 0.8000000119
135516  -24.930  -20.306  -31.348 0.4000000060
135989  -24.539  -39.212  -24.068 0.6999999881
136021  -20.018  -29.278  -26.370 0.6999999881
136054  -18.721  -31.902  -25.892 0.8000000119
136078  -19.942  -57.701  -20.343 0.6000000238
136210  -23.374  -48.961  -20.536 0.6999999881
136307  -19.202  -38.620  -24.106 0.8999999762
136363  -22.445  -37.959  -25.150 0.8000000119
136544  -20.666  -59.996  -19.331 0.5000000000
136621  -23.540  -37.557  -22.507 0.8000000119
136654  -23.524  -51.866  -14.622 0.6999999881
136691  -27.805  -43.789  -18.810 0.6999999881
136834  -18.827  -47.431  -16.323 0.5000000000
136910  -22.627  -29.541  -25.362 0.8000000119
136969  -23.475  -40.091  -21.808 0.8000000119
137331  -20.877  -43.399  -23.255 0.8000000119
137867  -22.546  -51.909  -20.543 0.6999999881
