#!ascii label  , from subject sub-v1s12x0050122_ses-1 vox2ras=TkReg
409
19925  -13.876  -65.592  -51.151 0.6999999881
19926  -14.746  -65.161  -51.780 0.6000000238
19927  -15.527  -65.328  -51.450 0.6000000238
19911  -17.090  -65.663  -50.333 0.4000000060
23064  -11.148  -61.445  -44.470 0.6999999881
23882  -12.169  -61.005  -44.520 0.6999999881
23077  -11.088  -61.299  -45.099 0.6999999881
23065  -11.712  -60.877  -44.866 0.6000000238
23090  -10.618  -61.937  -45.483 0.6999999881
23078  -11.737  -60.941  -45.350 0.6000000238
119405  -10.759  -62.243  -46.328 0.6000000238
22250  -11.381  -62.102  -46.873 0.6000000238
103583  -11.867  -63.249  -48.195 0.6000000238
23104  -13.148  -62.024  -47.314 0.5000000000
105527  -12.607  -63.448  -48.683 0.5000000000
21397  -12.818  -62.817  -48.064 0.5000000000
102647  -14.205  -63.580  -49.330 0.6000000238
20652  -13.263  -64.685  -50.510 0.6000000238
117961  -13.959  -64.149  -50.127 0.6000000238
20653  -14.106  -64.462  -50.995 0.6000000238
20670  -15.099  -64.474  -51.776 0.6000000238
23055  -12.497  -61.421  -44.341 0.6000000238
23883  -12.770  -60.714  -44.533 0.6000000238
23888  -12.476  -60.386  -44.855 0.6000000238
23911  -12.443  -60.519  -45.509 0.6000000238
23912  -13.220  -60.030  -45.868 0.6000000238
23092  -11.954  -61.334  -46.150 0.6000000238
23103  -12.285  -61.823  -46.885 0.6000000238
23094  -13.773  -61.143  -46.806 0.6000000238
22264  -14.223  -61.929  -47.673 0.6000000238
21406  -13.519  -63.252  -48.581 0.6000000238
22276  -13.696  -62.602  -47.970 0.6999999881
22277  -14.536  -62.813  -48.398 0.6000000238
21407  -15.062  -63.276  -49.179 0.6000000238
19945  -15.285  -64.904  -51.890 0.5000000000
19946  -16.093  -65.021  -51.585 0.5000000000
23056  -13.222  -61.417  -44.409 0.6000000238
23057  -13.422  -60.525  -44.500 0.6000000238
23889  -13.462  -59.773  -44.733 0.6000000238
110691  -12.946  -60.064  -44.713 0.6000000238
23901  -12.956  -59.832  -45.066 0.6000000238
116500  -13.565  -59.404  -45.460 0.6000000238
119263  -14.070  -60.282  -46.570 0.6000000238
23093  -12.850  -61.184  -46.377 0.6000000238
104504  -14.783  -63.668  -50.642 0.6000000238
21438  -15.221  -63.940  -51.298 0.6000000238
19929  -17.533  -65.332  -51.219 0.4000000060
22228  -15.094  -62.291  -44.944 0.6000000238
23066  -14.168  -61.575  -44.564 0.6000000238
106496  -14.142  -60.368  -44.649 0.6000000238
23902  -13.691  -59.319  -45.118 0.5000000000
23120  -15.792  -61.539  -48.671 0.6000000238
23119  -15.134  -61.810  -48.176 0.6000000238
112713  -15.456  -62.504  -48.598 0.6000000238
123413  -15.678  -63.116  -48.892 0.6000000238
21423  -16.622  -63.690  -49.757 0.6000000238
21439  -16.121  -64.209  -50.760 0.6000000238
20673  -17.720  -64.827  -51.504 0.4000000060
20672  -16.601  -64.812  -51.327 0.5000000000
22238  -15.826  -62.019  -45.225 0.5000000000
23079  -15.781  -61.254  -45.364 0.6000000238
23067  -15.023  -61.344  -45.144 0.6000000238
23890  -15.144  -60.293  -45.294 0.6000000238
102668  -14.149  -59.476  -44.920 0.5000000000
24723  -15.047  -59.067  -45.275 0.5000000000
24735  -14.103  -58.938  -45.630 0.6000000238
25579  -14.528  -58.352  -45.879 0.6000000238
24745  -14.457  -58.956  -46.274 0.6999999881
23924  -15.409  -60.329  -47.775 0.6999999881
23105  -14.735  -60.951  -47.448 0.6999999881
23938  -16.444  -60.003  -48.636 0.6000000238
23106  -15.449  -61.037  -48.230 0.6999999881
23937  -16.008  -60.633  -48.604 0.6000000238
23121  -16.371  -61.355  -48.931 0.6000000238
22293  -16.273  -63.171  -48.990 0.6000000238
21440  -17.068  -64.311  -50.773 0.5000000000
21441  -18.043  -64.184  -50.863 0.4000000060
23080  -16.600  -61.618  -45.422 0.6000000238
23903  -16.142  -60.801  -45.484 0.6000000238
113716  -16.068  -59.920  -45.446 0.6000000238
24724  -15.499  -58.334  -45.167 0.5000000000
24722  -14.352  -58.923  -45.304 0.6000000238
25549  -14.995  -58.268  -45.292 0.5000000000
25567  -14.562  -58.500  -45.533 0.5000000000
25592  -15.679  -58.105  -46.662 0.5000000000
25591  -15.052  -58.554  -46.456 0.6000000238
26424  -16.303  -57.672  -46.819 0.5000000000
109919  -15.881  -58.901  -47.293 0.5000000000
24756  -15.388  -59.459  -47.177 0.6000000238
25593  -16.603  -58.350  -47.585 0.4000000060
114339  -15.932  -59.842  -48.146 0.6999999881
25603  -17.207  -58.852  -48.393 0.4000000060
24766  -17.108  -59.737  -48.794 0.5000000000
23939  -16.734  -60.550  -48.928 0.6000000238
118077  -17.373  -60.498  -48.880 0.5000000000
23122  -17.117  -61.312  -48.962 0.6000000238
23123  -18.096  -61.161  -48.545 0.5000000000
22279  -16.682  -62.324  -48.817 0.6000000238
21408  -17.104  -63.232  -48.916 0.6000000238
21424  -17.503  -63.681  -49.743 0.6000000238
23081  -17.537  -61.468  -45.418 0.5000000000
24736  -16.131  -58.986  -45.340 0.5000000000
26382  -15.366  -57.543  -45.084 0.4000000060
25568  -14.843  -57.966  -45.519 0.5000000000
25580  -14.929  -57.837  -46.018 0.5000000000
26396  -15.334  -57.457  -45.539 0.5000000000
119355  -17.989  -57.518  -48.136 0.4000000060
117954  -17.139  -57.456  -47.345 0.4000000060
25594  -17.402  -58.107  -48.051 0.4000000060
25604  -17.870  -58.391  -48.417 0.5000000000
24767  -17.797  -59.200  -48.627 0.5000000000
24768  -18.322  -59.464  -48.539 0.5000000000
23940  -17.871  -59.992  -48.745 0.5000000000
23941  -18.561  -60.103  -48.434 0.5000000000
21410  -18.955  -63.399  -48.917 0.5000000000
21425  -18.241  -63.583  -49.625 0.5000000000
22280  -17.590  -62.405  -48.705 0.6000000238
21409  -18.015  -63.281  -48.898 0.5000000000
27292  -15.661  -56.877  -45.062 0.4000000060
27310  -15.876  -56.830  -45.620 0.5000000000
27326  -16.400  -56.982  -46.427 0.5000000000
27327  -17.183  -56.701  -46.766 0.5000000000
120310  -18.428  -58.039  -48.301 0.4000000060
24769  -18.978  -59.264  -48.202 0.5000000000
22282  -19.510  -62.908  -48.150 0.5000000000
21426  -19.504  -63.566  -49.679 0.3000000119
113431  -18.911  -60.853  -48.110 0.5000000000
22281  -18.534  -62.591  -48.414 0.5000000000
27311  -16.714  -56.206  -45.873 0.4000000060
103579  -17.919  -56.779  -47.512 0.4000000060
27312  -17.745  -56.107  -46.647 0.4000000060
27329  -19.549  -56.641  -47.760 0.4000000060
27328  -18.703  -56.519  -47.681 0.4000000060
26426  -19.795  -57.644  -47.799 0.4000000060
27330  -20.412  -56.773  -47.584 0.4000000060
25596  -19.703  -58.693  -47.787 0.5000000000
22283  -20.473  -62.759  -47.900 0.4000000060
21411  -19.944  -63.287  -48.631 0.4000000060
23925  -19.302  -60.166  -47.946 0.5000000000
22265  -19.830  -62.163  -47.791 0.5000000000
24758  -19.700  -59.506  -47.754 0.5000000000
23107  -19.750  -61.177  -47.739 0.5000000000
23124  -19.087  -61.809  -48.080 0.5000000000
26427  -20.774  -57.606  -47.534 0.4000000060
22266  -21.169  -62.111  -47.418 0.4000000060
119871  -20.390  -61.920  -47.535 0.5000000000
117121  -20.524  -59.247  -47.451 0.5000000000
23926  -20.178  -60.248  -47.542 0.5000000000
27331  -21.190  -56.907  -47.287 0.4000000060
23095  -21.796  -61.368  -46.965 0.4000000060
119673  -22.018  -62.217  -47.379 0.3000000119
25597  -21.121  -58.453  -47.335 0.5000000000
23108  -20.731  -61.214  -47.323 0.5000000000
27314  -21.485  -56.376  -46.858 0.4000000060
23109  -22.751  -61.720  -47.083 0.3000000119
26428  -21.540  -57.731  -47.107 0.4000000060
23927  -21.112  -60.282  -47.146 0.5000000000
25581  -21.910  -58.593  -46.907 0.4000000060
24759  -21.491  -59.363  -47.070 0.5000000000
27315  -22.099  -56.317  -46.370 0.4000000060
23096  -22.716  -60.914  -46.762 0.3000000119
23928  -23.535  -61.104  -46.968 0.3000000119
26414  -21.856  -57.035  -46.716 0.4000000060
24747  -23.125  -59.598  -46.468 0.4000000060
109656  -22.390  -57.876  -46.504 0.4000000060
25582  -22.698  -58.793  -46.481 0.4000000060
28147  -22.347  -55.593  -45.959 0.5000000000
23916  -23.431  -60.382  -46.636 0.3000000119
23917  -24.270  -60.497  -46.776 0.4000000060
23918  -25.012  -60.472  -47.031 0.4000000060
23111  -24.283  -60.950  -47.363 0.4000000060
26415  -22.601  -57.036  -46.184 0.4000000060
112319  -23.549  -58.960  -46.191 0.5000000000
24748  -24.024  -59.767  -46.360 0.4000000060
26416  -23.167  -57.671  -45.928 0.5000000000
118095  -23.094  -58.320  -46.145 0.5000000000
25583  -23.812  -58.273  -45.831 0.5000000000
112669  -24.570  -58.944  -46.018 0.4000000060
25584  -25.567  -58.988  -46.285 0.4000000060
24751  -26.067  -59.069  -46.705 0.4000000060
24760  -25.794  -59.791  -47.744 0.3000000119
27294  -22.863  -56.354  -45.784 0.5000000000
26397  -23.262  -57.015  -45.717 0.5000000000
26401  -26.395  -57.784  -45.933 0.4000000060
26417  -26.711  -57.842  -46.610 0.3000000119
28135  -23.936  -55.042  -44.690 0.5000000000
26400  -25.825  -57.721  -45.571 0.4000000060
25572  -25.309  -58.334  -45.731 0.4000000060
25585  -26.206  -58.456  -46.334 0.4000000060
25598  -26.494  -58.587  -46.968 0.4000000060
26434  -26.273  -57.750  -48.477 0.3000000119
28148  -23.249  -55.596  -45.292 0.5000000000
26398  -24.013  -57.470  -45.462 0.5000000000
25571  -24.577  -58.163  -45.620 0.5000000000
27295  -23.702  -56.553  -45.281 0.5000000000
27316  -27.025  -57.036  -46.137 0.4000000060
27332  -27.028  -57.065  -47.212 0.4000000060
29046  -23.594  -54.184  -44.634 0.5000000000
27341  -26.654  -56.989  -48.223 0.3000000119
28149  -24.267  -55.948  -44.841 0.5000000000
27282  -25.287  -56.164  -44.882 0.5000000000
27297  -25.600  -56.979  -45.199 0.5000000000
26399  -25.023  -57.629  -45.352 0.5000000000
27296  -24.633  -56.814  -45.082 0.5000000000
27333  -27.191  -56.282  -46.789 0.4000000060
113425  -23.975  -53.672  -44.312 0.5000000000
29049  -26.626  -54.977  -44.772 0.5000000000
111800  -26.895  -56.203  -47.845 0.3000000119
29047  -24.647  -54.343  -44.355 0.5000000000
29048  -25.834  -54.723  -44.460 0.5000000000
28136  -24.981  -55.298  -44.624 0.5000000000
20669  -14.346  -64.890  -51.627 0.6000000238
19928  -16.629  -65.276  -51.176 0.5000000000
22263  -12.104  -62.426  -47.549 0.6000000238
23913  -13.838  -59.400  -46.083 0.6999999881
21422  -15.661  -63.544  -49.875 0.6000000238
23923  -14.730  -59.946  -46.799 0.6999999881
24757  -16.428  -59.290  -48.219 0.5000000000
26413  -15.588  -57.396  -46.149 0.5000000000
26425  -18.823  -57.327  -48.104 0.4000000060
25595  -19.006  -58.276  -48.129 0.5000000000
122131  -18.246  -56.326  -47.253 0.4000000060
23914  -22.023  -60.290  -46.793 0.4000000060
24749  -24.919  -59.818  -46.544 0.4000000060
24761  -26.162  -59.236  -47.291 0.3000000119
28137  -26.012  -55.537  -44.784 0.5000000000
16057  -13.619  -70.189  -46.376 0.5000000000
16908  -15.111  -70.091  -47.113 0.5000000000
112310  -14.363  -70.190  -46.880 0.5000000000
16033  -16.729  -69.898  -46.118 0.5000000000
112861  -16.267  -70.491  -46.492 0.5000000000
16059  -15.634  -70.820  -46.772 0.4000000060
17715  -13.633  -68.720  -46.895 0.5000000000
16907  -14.613  -69.615  -47.165 0.6000000238
16906  -13.947  -69.524  -46.871 0.6000000238
105805  -15.856  -69.833  -46.855 0.5000000000
17701  -17.980  -69.043  -45.788 0.4000000060
111093  -11.572  -66.714  -45.409 0.6999999881
18478  -12.261  -66.986  -46.258 0.6999999881
119922  -13.189  -68.096  -46.642 0.6999999881
17716  -14.325  -69.024  -47.269 0.5000000000
104782  -16.416  -69.163  -46.439 0.5000000000
17717  -15.900  -68.993  -46.934 0.5000000000
16920  -15.179  -69.240  -47.272 0.5000000000
17719  -17.592  -68.357  -46.220 0.5000000000
16909  -17.097  -69.023  -45.999 0.5000000000
19853  -9.238  -65.074  -44.118 0.5000000000
19158  -10.097  -66.110  -44.320 0.6999999881
19172  -10.820  -66.004  -45.213 0.6999999881
18466  -12.661  -67.853  -46.037 0.6000000238
17729  -13.978  -68.337  -47.582 0.6999999881
17714  -13.465  -67.958  -47.347 0.6000000238
17718  -16.572  -68.306  -46.657 0.5000000000
17731  -15.565  -68.437  -47.227 0.6000000238
17730  -14.689  -68.531  -47.552 0.6000000238
18482  -18.139  -67.850  -46.454 0.5000000000
19866  -9.014  -63.921  -44.217 0.5000000000
19867  -9.910  -65.083  -44.914 0.6999999881
19177  -11.498  -65.978  -46.300 0.6999999881
19868  -10.494  -64.945  -46.072 0.6999999881
18479  -12.893  -67.575  -46.893 0.8000000119
104569  -12.571  -67.086  -47.422 0.6999999881
18501  -14.250  -67.940  -48.059 0.6000000238
18500  -13.521  -67.760  -48.293 0.6999999881
124677  -15.987  -67.797  -47.275 0.6999999881
18502  -15.190  -67.860  -47.696 0.6000000238
18481  -17.453  -67.659  -46.714 0.6000000238
18480  -16.710  -67.436  -47.202 0.6000000238
18504  -18.303  -67.181  -46.961 0.6000000238
20589  -8.002  -62.507  -42.939 0.5000000000
21362  -8.154  -62.495  -43.039 0.6000000238
113885  -7.881  -63.199  -43.416 0.5000000000
20609  -9.389  -63.697  -44.976 0.6000000238
106788  -9.657  -64.237  -45.446 0.6000000238
19870  -11.098  -65.204  -46.951 0.6999999881
20614  -10.663  -64.486  -47.056 0.6000000238
118955  -12.087  -66.436  -47.048 0.6999999881
19191  -11.679  -65.782  -47.392 0.6999999881
103642  -13.038  -67.560  -47.737 0.6999999881
19193  -15.891  -67.161  -47.861 0.6999999881
18503  -17.468  -67.068  -47.242 0.6999999881
19194  -16.915  -66.737  -47.764 0.6999999881
22209  -8.572  -62.419  -42.659 0.5000000000
21375  -9.131  -63.246  -43.952 0.6000000238
20610  -9.905  -64.031  -46.275 0.6000000238
19192  -12.263  -66.449  -47.931 0.8000000119
19885  -11.882  -65.687  -48.313 0.5000000000
18516  -13.224  -67.543  -49.326 0.6999999881
18515  -12.788  -67.156  -49.623 0.6999999881
19209  -15.404  -66.855  -48.884 0.6999999881
19208  -14.385  -67.210  -49.553 0.6999999881
19195  -17.908  -66.506  -47.766 0.5000000000
113907  -17.940  -66.143  -48.667 0.5000000000
21355  -9.185  -62.798  -43.084 0.5000000000
22214  -9.854  -62.705  -43.493 0.5000000000
22223  -10.135  -62.168  -43.939 0.6000000238
22222  -9.348  -62.883  -43.364 0.6000000238
22236  -9.581  -62.654  -44.295 0.6000000238
21376  -9.643  -63.142  -45.272 0.6000000238
22237  -10.046  -62.298  -44.920 0.6000000238
21383  -10.055  -63.511  -46.300 0.6000000238
22249  -10.288  -62.739  -45.920 0.6000000238
19899  -12.139  -65.615  -49.191 0.6000000238
19898  -11.636  -64.916  -48.573 0.5000000000
21384  -10.570  -62.921  -46.988 0.5000000000
19239  -13.260  -66.521  -50.627 0.6000000238
19223  -12.543  -66.381  -49.819 0.6000000238
112540  -15.068  -66.602  -49.746 0.6000000238
18528  -13.674  -67.009  -50.328 0.6000000238
19225  -16.725  -66.047  -49.396 0.5000000000
21356  -10.507  -62.936  -43.506 0.5000000000
22215  -11.101  -62.193  -43.684 0.6000000238
23063  -10.742  -61.781  -44.054 0.6000000238
20625  -11.193  -64.292  -47.865 0.5000000000
22262  -11.375  -62.818  -47.509 0.5000000000
20667  -12.920  -65.148  -50.680 0.4000000060
20637  -12.054  -64.771  -49.292 0.5000000000
21405  -12.002  -63.967  -49.077 0.5000000000
19241  -14.561  -65.820  -51.082 0.6000000238
20598  -11.256  -64.038  -43.917 0.5000000000
21363  -11.573  -63.232  -43.996 0.6000000238
22216  -12.031  -61.889  -43.925 0.6000000238
23054  -11.308  -61.740  -43.933 0.6000000238
21421  -13.076  -63.948  -49.493 0.5000000000
20599  -12.276  -64.296  -44.418 0.5000000000
21364  -12.507  -63.353  -44.343 0.5000000000
22225  -12.683  -62.535  -44.266 0.6000000238
115695  -11.943  -61.513  -44.174 0.6000000238
117509  -13.152  -64.685  -44.573 0.5000000000
20600  -13.193  -63.956  -44.577 0.5000000000
21365  -13.239  -63.174  -44.425 0.6000000238
22217  -12.804  -61.929  -44.308 0.6000000238
19856  -13.648  -65.380  -44.581 0.5000000000
20601  -13.885  -64.489  -44.667 0.5000000000
21366  -14.044  -63.517  -44.544 0.5000000000
22227  -14.531  -62.734  -44.609 0.6000000238
22226  -13.570  -62.421  -44.414 0.6000000238
111074  -14.507  -65.051  -44.690 0.5000000000
20602  -14.700  -64.247  -44.649 0.5000000000
114395  -15.393  -64.784  -44.609 0.5000000000
20603  -16.044  -64.149  -44.630 0.5000000000
21367  -14.940  -63.519  -44.659 0.5000000000
19858  -15.878  -65.484  -44.427 0.5000000000
115803  -16.210  -64.811  -44.496 0.5000000000
106804  -15.674  -63.488  -44.721 0.5000000000
122499  -17.395  -64.807  -44.095 0.5000000000
21368  -16.483  -63.374  -44.709 0.4000000060
103791  -15.826  -62.810  -44.926 0.4000000060
20604  -16.974  -64.235  -44.406 0.4000000060
21369  -17.099  -63.529  -44.549 0.4000000060
22229  -17.141  -62.965  -44.738 0.4000000060
19924  -13.061  -65.704  -50.847 0.6000000238
19910  -16.210  -65.787  -50.407 0.5000000000
19226  -17.542  -65.931  -49.430 0.4000000060
21396  -11.135  -63.521  -47.677 0.6000000238
22239  -16.539  -62.519  -45.058 0.4000000060
22240  -17.270  -62.255  -45.151 0.4000000060
18499  -12.768  -67.308  -48.566 0.6999999881
18518  -14.827  -67.496  -48.468 0.6999999881
18517  -13.889  -67.718  -48.967 0.6999999881
19884  -11.317  -65.047  -47.726 0.6000000238
20624  -10.460  -63.815  -47.063 0.6000000238
19210  -16.333  -66.508  -48.559 0.6999999881
19207  -12.354  -66.492  -48.926 0.6999999881
18526  -13.574  -67.410  -49.698 0.6999999881
103775  -15.859  -66.282  -49.515 0.6000000238
18524  -12.877  -66.859  -50.261 0.6000000238
18525  -13.151  -67.203  -50.080 0.6999999881
19211  -17.229  -66.269  -48.518 0.5000000000
19224  -15.277  -66.050  -50.438 0.5000000000
19238  -12.828  -66.291  -50.478 0.6000000238
19240  -13.871  -66.388  -50.798 0.6000000238
19909  -12.545  -65.510  -50.115 0.4000000060
19944  -14.880  -64.718  -51.885 0.6000000238
19947  -17.154  -65.019  -51.378 0.5000000000
20597  -8.365  -63.144  -43.544 0.6000000238
20636  -11.636  -64.290  -48.711 0.5000000000
20651  -12.639  -64.677  -49.839 0.5000000000
20668  -13.496  -65.109  -51.124 0.6000000238
20671  -15.614  -64.646  -51.568 0.5000000000
21354  -8.228  -62.381  -42.719 0.5000000000
21404  -11.536  -63.865  -48.379 0.5000000000
21437  -14.802  -64.263  -51.588 0.6000000238
22224  -11.966  -62.548  -43.977 0.6000000238
22278  -16.009  -62.225  -48.865 0.6000000238
23053  -10.640  -62.054  -43.776 0.6000000238
23076  -10.601  -61.742  -44.595 0.6000000238
23091  -11.207  -61.571  -45.916 0.6000000238
23881  -11.650  -61.360  -44.400 0.6999999881
23900  -12.264  -60.429  -45.048 0.6000000238
23915  -22.735  -60.154  -46.637 0.4000000060
23929  -25.401  -60.300  -47.442 0.3000000119
23942  -24.917  -60.744  -47.695 0.4000000060
24746  -22.310  -59.451  -46.720 0.4000000060
24750  -25.652  -59.798  -46.902 0.4000000060
25550  -15.611  -57.789  -44.978 0.4000000060
25573  -25.909  -58.295  -45.897 0.4000000060
25605  -18.407  -58.774  -48.433 0.5000000000
25607  -26.339  -58.540  -47.860 0.3000000119
26429  -26.712  -57.833  -47.574 0.3000000119
106275  -14.402  -66.578  -50.413 0.6000000238
107466  -15.228  -62.983  -44.751 0.4000000060
114643  -16.319  -71.116  -46.466 0.5000000000
116612  -15.360  -64.054  -44.650 0.5000000000
119739  -20.390  -58.314  -47.591 0.5000000000
122137  -18.369  -57.016  -47.955 0.4000000060
122701  -9.743  -63.681  -45.806 0.6000000238
123353  -15.924  -59.396  -47.773 0.4000000060
123557  -15.628  -57.161  -44.927 0.4000000060
