#!ascii label  , from subject sub-v1s12x0050122_ses-1 vox2ras=TkReg
621
19876  -28.722  -65.425  -46.985 0.5000000000
106014  -27.757  -66.397  -46.983 0.8000000119
19873  -25.700  -65.641  -46.763 0.8000000119
19874  -26.394  -66.125  -46.616 0.8000000119
19875  -27.154  -65.955  -47.156 0.8000000119
111569  -29.274  -66.105  -47.013 0.5000000000
120252  -28.425  -66.129  -47.102 0.5000000000
113544  -27.924  -65.686  -47.253 0.6000000238
20627  -25.206  -64.774  -47.875 0.6999999881
19888  -25.494  -65.220  -47.301 0.6999999881
19890  -27.370  -65.265  -47.466 0.8000000119
120865  -30.048  -65.832  -46.864 0.6000000238
19877  -29.584  -65.275  -46.748 0.5000000000
20638  -23.047  -64.866  -48.922 0.6999999881
21386  -28.518  -63.806  -46.702 0.6000000238
20639  -23.931  -64.511  -48.598 0.6999999881
20626  -24.319  -64.788  -47.833 0.6999999881
20628  -26.083  -64.868  -47.912 0.6999999881
20615  -28.162  -64.720  -47.090 0.6000000238
20629  -26.918  -64.846  -47.871 0.8000000119
20630  -27.566  -64.494  -47.523 0.8000000119
21385  -27.930  -63.938  -47.026 0.6999999881
19878  -30.452  -65.278  -46.630 0.4000000060
20656  -23.575  -64.372  -49.554 0.6999999881
20640  -24.853  -64.421  -48.515 0.6999999881
21398  -27.658  -63.660  -47.512 0.6999999881
22268  -27.737  -62.770  -47.623 0.5000000000
20641  -25.778  -64.511  -48.554 0.6000000238
114613  -26.586  -64.471  -48.464 0.6000000238
20643  -27.239  -64.208  -48.143 0.6000000238
21415  -27.372  -63.434  -48.307 0.6000000238
20642  -26.963  -63.970  -48.882 0.6000000238
22287  -27.478  -62.606  -48.531 0.5000000000
114455  -30.375  -63.965  -46.394 0.4000000060
112715  -29.976  -64.550  -46.511 0.5000000000
20675  -22.202  -64.537  -51.139 0.6999999881
21387  -29.535  -63.691  -46.478 0.6000000238
20657  -24.505  -64.114  -49.292 0.6999999881
20658  -25.458  -64.142  -49.221 0.6999999881
22251  -28.042  -63.182  -46.903 0.5000000000
22269  -28.442  -62.234  -47.137 0.6000000238
20659  -26.301  -64.199  -49.162 0.6999999881
23112  -27.944  -61.819  -48.023 0.5000000000
21414  -27.190  -63.288  -49.202 0.5000000000
20687  -19.868  -64.173  -52.418 0.6000000238
20694  -20.632  -63.738  -52.674 0.6000000238
112768  -31.057  -63.792  -46.324 0.5000000000
113989  -21.866  -64.077  -52.310 0.6999999881
20654  -21.378  -64.900  -51.003 0.6999999881
22254  -30.559  -62.467  -46.278 0.4000000060
20676  -23.143  -64.153  -50.565 0.6999999881
22253  -29.784  -62.759  -46.537 0.5000000000
21428  -24.090  -63.790  -50.163 0.6999999881
21429  -25.070  -63.688  -49.937 0.6999999881
22270  -29.259  -62.164  -46.789 0.5000000000
21430  -26.046  -64.004  -49.923 0.6000000238
21431  -26.693  -63.741  -49.656 0.6000000238
23113  -28.904  -61.333  -47.640 0.5000000000
21449  -26.455  -63.563  -50.330 0.5000000000
22295  -27.068  -63.130  -50.202 0.5000000000
22296  -27.367  -62.513  -49.403 0.5000000000
23127  -27.904  -61.335  -48.827 0.5000000000
120398  -27.574  -61.945  -48.807 0.5000000000
23945  -28.420  -60.694  -48.979 0.3000000119
22255  -31.127  -62.205  -45.899 0.3000000119
21456  -20.119  -63.673  -52.426 0.6000000238
116051  -31.327  -62.991  -46.091 0.4000000060
21458  -22.228  -63.474  -52.545 0.6000000238
23097  -30.034  -61.944  -46.653 0.5000000000
21446  -23.579  -63.536  -51.165 0.6999999881
21448  -25.791  -63.489  -50.603 0.5000000000
118449  -29.021  -61.762  -47.130 0.5000000000
23930  -29.171  -60.634  -48.385 0.4000000060
23128  -28.456  -61.130  -48.325 0.3000000119
23944  -27.738  -60.879  -49.578 0.5000000000
21443  -20.186  -63.342  -51.538 0.6000000238
21457  -20.592  -63.126  -52.291 0.6000000238
21464  -20.844  -63.288  -52.726 0.6000000238
21465  -21.159  -63.385  -52.837 0.6000000238
21466  -21.745  -63.089  -52.941 0.6000000238
116042  -23.081  -63.283  -52.172 0.6000000238
23115  -30.221  -61.072  -46.851 0.3000000119
21460  -23.864  -63.073  -51.795 0.6000000238
21447  -24.636  -63.232  -50.902 0.6999999881
23931  -30.633  -60.299  -47.209 0.3000000119
23114  -29.582  -61.458  -47.116 0.3000000119
105278  -30.577  -59.980  -47.923 0.3000000119
103748  -29.921  -60.653  -47.698 0.3000000119
22310  -25.205  -62.168  -52.021 0.5000000000
22301  -25.523  -62.900  -51.348 0.5000000000
22302  -26.493  -63.091  -51.072 0.5000000000
23947  -30.070  -59.978  -48.643 0.3000000119
22303  -27.095  -62.466  -51.061 0.5000000000
24779  -29.697  -59.562  -49.550 0.3000000119
113361  -26.700  -62.544  -51.669 0.5000000000
23954  -28.241  -60.214  -49.715 0.4000000060
24778  -28.783  -59.664  -49.983 0.3000000119
21444  -20.880  -62.893  -51.280 0.6000000238
22307  -21.158  -62.732  -52.385 0.5000000000
21467  -22.577  -62.811  -52.827 0.6000000238
102740  -23.164  -62.130  -53.125 0.5000000000
24772  -30.869  -59.379  -48.347 0.3000000119
21459  -23.491  -62.596  -52.573 0.6000000238
25608  -30.850  -58.753  -48.936 0.3000000119
22309  -24.521  -62.602  -51.858 0.6000000238
109490  -26.171  -62.596  -51.879 0.5000000000
23145  -27.241  -61.733  -51.681 0.5000000000
23960  -27.738  -60.488  -50.385 0.4000000060
24787  -27.953  -60.211  -51.406 0.4000000060
110170  -21.697  -62.328  -51.109 0.5000000000
22308  -21.902  -62.137  -52.662 0.5000000000
110918  -21.469  -62.935  -52.886 0.5000000000
23149  -22.610  -61.811  -53.055 0.5000000000
26436  -30.986  -58.015  -47.996 0.3000000119
25609  -31.128  -58.763  -48.254 0.3000000119
22317  -24.289  -62.042  -52.814 0.6000000238
22311  -26.578  -62.131  -52.344 0.5000000000
24789  -29.430  -59.303  -50.375 0.4000000060
24797  -29.348  -59.239  -51.414 0.4000000060
22300  -22.284  -61.613  -51.530 0.5000000000
123972  -22.420  -61.505  -52.487 0.5000000000
115985  -30.891  -57.754  -46.995 0.4000000060
26430  -30.717  -57.174  -47.675 0.4000000060
26435  -30.837  -57.384  -48.661 0.4000000060
116265  -30.954  -58.254  -48.688 0.3000000119
23150  -23.306  -61.386  -52.916 0.4000000060
26441  -30.943  -58.070  -49.388 0.3000000119
23151  -24.120  -61.616  -52.889 0.5000000000
109588  -25.060  -61.586  -52.729 0.4000000060
23153  -26.468  -61.618  -53.089 0.4000000060
24796  -28.581  -59.718  -52.244 0.4000000060
22294  -22.448  -61.904  -50.380 0.5000000000
106862  -23.053  -61.315  -50.502 0.5000000000
23138  -22.759  -61.024  -51.790 0.5000000000
27334  -30.564  -56.401  -47.071 0.4000000060
23143  -22.811  -61.223  -52.615 0.5000000000
23966  -23.168  -60.531  -52.160 0.4000000060
27342  -30.628  -56.425  -48.136 0.4000000060
27348  -30.800  -56.514  -49.054 0.4000000060
23972  -23.660  -60.564  -52.520 0.4000000060
106947  -31.005  -57.298  -49.487 0.4000000060
103325  -25.179  -61.198  -52.994 0.4000000060
23975  -26.331  -61.213  -53.670 0.4000000060
105356  -26.938  -61.418  -53.749 0.4000000060
23144  -27.030  -61.689  -52.822 0.4000000060
23976  -27.276  -61.206  -53.687 0.4000000060
25624  -30.173  -58.869  -51.742 0.4000000060
118017  -23.525  -61.314  -49.500 0.5000000000
28168  -30.667  -55.539  -46.573 0.4000000060
28183  -30.574  -55.532  -47.594 0.4000000060
23958  -23.320  -60.529  -51.156 0.5000000000
24785  -23.460  -59.713  -51.634 0.4000000060
23973  -24.264  -60.919  -52.784 0.4000000060
28201  -31.000  -55.777  -49.443 0.4000000060
23974  -25.216  -60.473  -53.147 0.4000000060
23980  -26.260  -60.747  -53.891 0.4000000060
24795  -27.909  -60.510  -53.186 0.4000000060
23951  -23.738  -60.755  -50.084 0.4000000060
23959  -23.837  -59.918  -50.676 0.5000000000
28194  -30.673  -55.618  -48.614 0.4000000060
24794  -23.439  -59.025  -51.983 0.4000000060
24793  -23.561  -59.778  -52.147 0.4000000060
25622  -23.754  -59.068  -52.323 0.4000000060
24801  -24.130  -59.990  -52.566 0.4000000060
24810  -25.637  -59.875  -53.458 0.4000000060
24811  -26.547  -60.407  -53.986 0.4000000060
23981  -26.984  -61.059  -54.147 0.4000000060
24803  -27.575  -60.434  -53.999 0.4000000060
109039  -30.216  -58.777  -52.721 0.4000000060
24804  -28.426  -59.791  -54.010 0.4000000060
107994  -29.411  -59.239  -52.963 0.4000000060
24786  -23.684  -58.814  -51.311 0.4000000060
25623  -23.623  -58.398  -52.123 0.4000000060
25628  -24.012  -58.547  -52.494 0.4000000060
24802  -24.543  -59.368  -52.800 0.4000000060
25637  -26.339  -59.373  -53.582 0.4000000060
25625  -30.784  -58.440  -52.040 0.4000000060
112626  -27.534  -59.445  -54.084 0.4000000060
111577  -28.089  -59.814  -54.339 0.4000000060
25638  -28.450  -59.339  -54.609 0.4000000060
24812  -28.644  -59.403  -54.647 0.4000000060
24805  -29.170  -59.256  -54.539 0.4000000060
25618  -24.321  -58.257  -50.444 0.4000000060
105899  -23.927  -57.662  -51.470 0.4000000060
26456  -24.123  -57.905  -52.330 0.4000000060
26457  -24.958  -57.649  -52.488 0.4000000060
25629  -24.955  -58.667  -52.865 0.4000000060
25630  -25.780  -58.313  -52.957 0.4000000060
26463  -26.725  -58.467  -53.354 0.4000000060
26464  -27.711  -58.560  -54.033 0.4000000060
26465  -28.593  -58.616  -54.563 0.4000000060
25632  -30.683  -58.477  -53.208 0.3000000119
25640  -29.668  -58.768  -54.640 0.4000000060
25631  -29.964  -58.895  -53.900 0.4000000060
26446  -24.290  -56.746  -51.175 0.4000000060
26451  -24.452  -57.024  -51.918 0.4000000060
27366  -25.252  -56.844  -52.205 0.4000000060
27375  -27.914  -57.662  -53.710 0.4000000060
27371  -31.869  -57.325  -52.557 0.4000000060
25633  -31.339  -58.038  -52.573 0.3000000119
25647  -29.640  -58.638  -54.621 0.4000000060
25641  -30.505  -58.472  -54.293 0.5000000000
25642  -31.308  -58.253  -53.846 0.4000000060
27355  -24.532  -56.349  -50.544 0.4000000060
27354  -24.481  -56.025  -51.109 0.4000000060
27359  -24.806  -56.283  -51.608 0.4000000060
27360  -25.728  -56.097  -51.889 0.4000000060
26470  -29.660  -57.959  -54.596 0.4000000060
25648  -30.359  -58.292  -54.609 0.5000000000
110323  -24.825  -55.557  -50.614 0.4000000060
28216  -24.987  -55.450  -51.184 0.4000000060
28218  -26.938  -55.191  -51.572 0.4000000060
26471  -30.375  -58.065  -54.672 0.4000000060
108546  -31.105  -57.894  -54.734 0.5000000000
28208  -25.187  -54.887  -50.543 0.4000000060
28209  -25.514  -54.881  -50.880 0.4000000060
29127  -27.378  -54.570  -51.224 0.4000000060
27380  -31.808  -57.514  -55.088 0.5000000000
30081  -27.051  -53.415  -50.413 0.4000000060
29111  -25.281  -54.346  -50.113 0.4000000060
30080  -26.139  -53.747  -50.461 0.4000000060
29119  -25.601  -54.307  -50.478 0.4000000060
29121  -27.804  -53.963  -50.842 0.4000000060
30090  -28.711  -53.807  -51.117 0.5000000000
30070  -25.530  -53.649  -49.998 0.4000000060
118229  -27.511  -60.894  -51.181 0.5000000000
24788  -28.616  -59.591  -50.879 0.4000000060
19872  -24.825  -65.522  -46.606 0.8000000119
19886  -23.955  -65.317  -47.071 0.6999999881
19186  -30.835  -66.086  -46.898 0.5000000000
19903  -23.419  -65.026  -47.964 0.6999999881
20616  -30.921  -64.535  -46.453 0.4000000060
20655  -22.700  -64.694  -49.922 0.6999999881
20688  -20.562  -64.100  -52.633 0.6999999881
122588  -31.426  -64.192  -46.364 0.4000000060
104642  -31.874  -63.819  -46.172 0.4000000060
21442  -19.416  -63.756  -51.386 0.6000000238
109499  -19.953  -63.517  -50.358 0.5000000000
21427  -20.598  -63.302  -50.109 0.5000000000
102771  -22.186  -62.437  -49.571 0.5000000000
23132  -24.098  -61.024  -49.080 0.4000000060
111512  -24.738  -60.643  -48.640 0.4000000060
23952  -24.404  -60.331  -49.656 0.4000000060
23953  -25.038  -59.976  -49.161 0.4000000060
120018  -25.093  -58.833  -49.555 0.4000000060
25613  -25.051  -57.908  -49.720 0.4000000060
26440  -25.004  -56.978  -49.786 0.4000000060
27347  -25.231  -56.118  -49.786 0.4000000060
28200  -25.282  -55.066  -49.809 0.4000000060
119685  -25.735  -53.184  -49.456 0.4000000060
19182  -27.121  -66.461  -46.720 0.8000000119
19889  -26.445  -65.443  -47.349 0.8000000119
19887  -24.747  -65.092  -47.302 0.6999999881
109616  -29.054  -64.575  -46.664 0.6000000238
22252  -28.821  -62.945  -46.601 0.6000000238
21445  -22.701  -63.898  -51.671 0.6999999881
123659  -21.563  -63.582  -52.749 0.6000000238
21388  -30.441  -63.279  -46.381 0.5000000000
23139  -27.404  -61.440  -50.452 0.5000000000
22316  -22.254  -62.502  -52.872 0.6000000238
23967  -27.496  -61.062  -52.371 0.4000000060
112482  -27.290  -60.266  -54.082 0.4000000060
24777  -24.488  -59.373  -50.055 0.4000000060
25639  -29.090  -59.122  -54.852 0.4000000060
14259  -24.404  -72.430  -50.241 0.4000000060
14281  -25.343  -72.527  -50.803 0.4000000060
14261  -25.728  -72.906  -49.886 0.4000000060
13294  -26.355  -73.137  -49.651 0.4000000060
14237  -24.527  -72.694  -49.247 0.4000000060
14238  -25.298  -72.843  -49.333 0.4000000060
14239  -25.902  -73.047  -49.134 0.4000000060
14218  -26.173  -72.883  -48.436 0.4000000060
14197  -27.467  -72.521  -47.739 0.5000000000
14216  -24.427  -72.652  -48.382 0.4000000060
14217  -25.250  -72.820  -48.559 0.4000000060
14195  -25.662  -72.594  -47.763 0.5000000000
14196  -26.552  -72.568  -47.742 0.5000000000
15177  -27.361  -71.617  -46.597 0.6000000238
14192  -23.065  -72.493  -47.892 0.4000000060
14193  -23.920  -72.476  -47.799 0.4000000060
14178  -24.281  -72.206  -47.175 0.4000000060
19879  -31.330  -65.315  -46.680 0.3000000119
20617  -31.846  -64.618  -46.479 0.4000000060
21389  -32.777  -63.746  -46.026 0.3000000119
15192  -27.855  -72.007  -47.089 0.5000000000
19201  -30.654  -66.884  -47.296 0.5000000000
19202  -31.337  -66.560  -47.498 0.4000000060
15172  -22.105  -71.606  -46.585 0.4000000060
15189  -25.152  -72.224  -47.157 0.5000000000
15190  -26.046  -72.148  -47.103 0.5000000000
116515  -22.508  -72.046  -46.914 0.4000000060
15178  -28.209  -71.301  -46.415 0.6000000238
15179  -29.186  -71.065  -46.700 0.6000000238
16070  -28.723  -70.517  -46.105 0.6999999881
19185  -30.060  -66.494  -47.035 0.5000000000
16921  -29.879  -69.275  -47.009 0.6999999881
18491  -29.962  -67.261  -47.122 0.6999999881
16071  -29.471  -70.111  -46.602 0.6999999881
17726  -29.584  -68.489  -46.752 0.6999999881
15175  -25.505  -71.648  -46.563 0.5000000000
16067  -25.767  -71.002  -45.925 0.6000000238
15176  -26.500  -71.482  -46.410 0.6000000238
16043  -27.399  -70.363  -45.587 0.6000000238
116559  -23.003  -71.617  -46.601 0.4000000060
112944  -24.295  -71.261  -46.259 0.5000000000
16069  -27.356  -71.097  -46.002 0.6000000238
16044  -28.198  -69.883  -45.664 0.6000000238
16914  -28.614  -69.123  -45.887 0.6000000238
21377  -32.276  -63.114  -45.651 0.3000000119
112436  -28.000  -70.695  -45.854 0.6000000238
16915  -29.270  -69.191  -46.360 0.6999999881
112553  -22.333  -70.345  -46.174 0.6000000238
16913  -23.326  -69.393  -45.861 0.6000000238
16039  -23.888  -70.065  -45.741 0.6999999881
16040  -25.179  -70.566  -45.720 0.6000000238
16041  -25.904  -70.135  -45.427 0.6000000238
16899  -27.391  -69.453  -45.357 0.6000000238
16064  -22.623  -70.969  -46.288 0.5000000000
16066  -24.970  -71.166  -46.099 0.6000000238
16900  -28.036  -69.101  -45.575 0.6000000238
17725  -28.865  -68.406  -46.285 0.6999999881
18489  -28.276  -67.709  -46.310 0.6999999881
19184  -29.427  -66.882  -46.984 0.6000000238
18490  -29.223  -67.657  -46.731 0.6999999881
17724  -23.595  -68.651  -45.703 0.6999999881
109670  -24.198  -68.253  -45.416 0.6999999881
16896  -24.848  -69.785  -45.498 0.6999999881
113135  -26.312  -68.667  -45.076 0.6000000238
19183  -28.540  -66.879  -46.847 0.5000000000
18471  -27.421  -67.901  -45.640 0.6999999881
19173  -24.029  -66.869  -45.734 0.6999999881
19174  -26.013  -66.670  -45.864 0.6999999881
18469  -25.816  -67.423  -45.425 0.6000000238
17705  -24.890  -68.732  -45.257 0.6999999881
17706  -25.714  -68.267  -45.105 0.6000000238
17707  -27.006  -68.632  -45.210 0.6000000238
18488  -27.502  -67.051  -46.397 0.6999999881
19180  -24.494  -66.141  -45.977 0.6999999881
19181  -25.405  -66.055  -46.093 0.6999999881
18470  -26.671  -67.259  -45.743 0.6000000238
14260  -25.065  -72.657  -49.896 0.4000000060
14219  -27.041  -72.900  -48.415 0.4000000060
14177  -23.301  -72.202  -47.145 0.4000000060
14194  -24.790  -72.550  -47.770 0.4000000060
15174  -24.669  -71.743  -46.645 0.4000000060
15173  -23.854  -71.697  -46.641 0.4000000060
17732  -30.132  -68.520  -47.355 0.6999999881
18509  -29.883  -67.943  -47.075 0.6999999881
16068  -26.611  -70.735  -45.724 0.6000000238
16898  -26.525  -69.380  -45.169 0.6000000238
16065  -23.595  -70.948  -46.163 0.6999999881
119762  -24.453  -70.646  -45.852 0.6000000238
16897  -25.695  -69.175  -45.158 0.6000000238
115344  -24.967  -67.787  -45.259 0.6999999881
107923  -26.523  -67.976  -45.249 0.6000000238
121309  -25.002  -66.812  -45.519 0.6000000238
110776  -21.833  -70.040  -46.119 0.4000000060
16912  -22.486  -69.521  -46.159 0.5000000000
18486  -22.682  -67.690  -46.514 0.6000000238
121720  -20.926  -70.701  -45.998 0.4000000060
16910  -20.936  -69.223  -46.083 0.5000000000
16911  -21.644  -69.344  -46.213 0.5000000000
17722  -22.157  -68.629  -46.456 0.5000000000
18508  -22.130  -67.144  -47.206 0.5000000000
17723  -22.949  -68.624  -46.111 0.5000000000
18467  -23.554  -67.782  -45.809 0.6000000238
105142  -23.345  -67.029  -46.167 0.5000000000
19178  -22.889  -66.542  -46.779 0.6999999881
19200  -23.051  -65.710  -47.364 0.6000000238
16895  -20.299  -69.567  -45.833 0.5000000000
113805  -20.327  -68.671  -46.231 0.5000000000
18484  -20.808  -67.977  -46.840 0.5000000000
18507  -21.307  -67.387  -47.341 0.5000000000
18485  -21.760  -67.913  -46.837 0.5000000000
19871  -24.074  -65.764  -46.421 0.6000000238
106267  -21.642  -66.813  -47.681 0.6000000238
19199  -22.224  -66.276  -47.713 0.5000000000
19902  -22.515  -65.526  -48.343 0.6000000238
17721  -19.353  -68.479  -46.129 0.5000000000
18483  -19.851  -67.893  -46.668 0.5000000000
18506  -20.321  -67.289  -47.321 0.5000000000
19198  -20.977  -66.854  -47.825 0.5000000000
19215  -21.475  -66.287  -48.276 0.5000000000
121924  -22.006  -65.964  -48.314 0.6000000238
17720  -18.472  -68.416  -46.098 0.5000000000
120102  -18.912  -67.793  -46.503 0.5000000000
18505  -19.329  -67.244  -47.045 0.5000000000
19196  -18.905  -66.701  -47.601 0.5000000000
19212  -18.669  -66.263  -48.472 0.6000000238
124200  -19.676  -66.865  -47.587 0.4000000060
19227  -18.353  -65.902  -49.491 0.4000000060
19213  -19.516  -66.445  -48.256 0.5000000000
19197  -20.252  -66.671  -47.961 0.5000000000
19912  -17.898  -65.691  -50.507 0.4000000060
19913  -18.729  -65.607  -50.780 0.5000000000
19229  -20.139  -65.813  -49.540 0.5000000000
120905  -18.123  -65.388  -51.370 0.4000000060
19900  -20.897  -65.906  -49.101 0.6000000238
19901  -21.772  -65.727  -48.877 0.6000000238
19917  -22.251  -65.225  -49.351 0.6000000238
119510  -22.009  -64.982  -50.236 0.6000000238
19228  -19.345  -65.933  -49.374 0.5000000000
19931  -19.208  -65.214  -51.598 0.5000000000
19932  -20.023  -65.167  -51.243 0.5000000000
19914  -19.679  -65.578  -50.484 0.5000000000
19948  -18.393  -64.890  -51.820 0.4000000060
19949  -19.005  -64.650  -52.034 0.5000000000
19933  -20.763  -65.182  -50.867 0.6000000238
19915  -20.500  -65.509  -50.161 0.6000000238
19950  -19.595  -64.688  -51.987 0.5000000000
105750  -18.732  -63.794  -50.341 0.3000000119
109506  -18.784  -64.161  -51.510 0.4000000060
20686  -18.613  -64.612  -51.794 0.4000000060
21455  -19.316  -64.285  -52.098 0.5000000000
20674  -20.460  -64.652  -51.852 0.5000000000
112917  -21.260  -64.418  -52.093 0.6000000238
22286  -23.119  -62.062  -48.272 0.3000000119
22284  -21.791  -62.785  -48.650 0.3000000119
21412  -20.859  -63.188  -48.740 0.4000000060
23126  -24.282  -61.231  -48.085 0.3000000119
24770  -25.509  -59.432  -48.747 0.3000000119
23943  -25.360  -60.257  -48.251 0.3000000119
25606  -25.765  -58.466  -48.831 0.3000000119
110126  -25.647  -57.624  -49.174 0.3000000119
113701  -25.844  -56.915  -49.039 0.3000000119
110211  -26.038  -55.940  -48.850 0.3000000119
28192  -25.744  -54.929  -48.995 0.3000000119
23125  -23.627  -61.591  -48.601 0.3000000119
107753  -21.274  -68.614  -46.451 0.5000000000
111082  -20.758  -66.414  -48.357 0.5000000000
19916  -21.384  -65.360  -49.902 0.6000000238
18510  -30.440  -67.705  -47.557 0.6000000238
20632  -33.498  -64.673  -47.414 0.3000000119
20631  -32.832  -65.105  -47.426 0.3000000119
19880  -32.180  -65.280  -46.977 0.3000000119
19892  -32.579  -65.694  -47.963 0.3000000119
19891  -31.702  -65.893  -47.205 0.3000000119
17733  -30.534  -68.380  -48.047 0.6000000238
18511  -31.083  -67.224  -47.839 0.5000000000
20633  -34.320  -64.259  -47.819 0.3000000119
20618  -32.681  -64.702  -46.850 0.3000000119
115732  -32.461  -64.227  -46.396 0.3000000119
19203  -31.953  -66.314  -47.864 0.3000000119
20619  -34.021  -64.070  -46.867 0.3000000119
109623  -33.187  -64.206  -46.606 0.3000000119
13296  -28.726  -73.393  -49.827 0.5000000000
13297  -29.565  -73.136  -49.782 0.5000000000
13313  -26.451  -73.092  -50.489 0.4000000060
13314  -27.444  -73.418  -50.549 0.4000000060
13315  -28.343  -73.558  -50.551 0.5000000000
14222  -30.327  -72.143  -49.037 0.5000000000
13281  -29.800  -72.739  -49.188 0.5000000000
13279  -28.112  -73.258  -49.275 0.5000000000
13280  -29.005  -73.039  -49.006 0.5000000000
13295  -27.085  -73.312  -49.736 0.4000000060
16088  -30.547  -70.359  -48.737 0.6000000238
15205  -30.453  -71.252  -48.768 0.6000000238
15204  -29.969  -71.771  -48.213 0.5000000000
14221  -29.597  -72.473  -48.543 0.5000000000
13278  -26.649  -73.168  -49.054 0.3000000119
14220  -28.047  -72.888  -48.485 0.4000000060
106792  -28.891  -72.664  -48.276 0.5000000000
16930  -30.516  -69.524  -48.710 0.6000000238
113628  -30.188  -70.822  -47.944 0.6000000238
15194  -29.550  -71.410  -47.483 0.6000000238
14198  -28.396  -72.398  -47.727 0.4000000060
14199  -29.252  -72.161  -47.841 0.5000000000
116085  -30.499  -68.836  -48.619 0.6000000238
19217  -32.283  -66.353  -48.650 0.3000000119
18520  -31.260  -67.442  -48.699 0.4000000060
16922  -30.348  -69.236  -47.849 0.6000000238
15193  -28.776  -71.771  -47.165 0.4000000060
19893  -33.250  -65.175  -47.969 0.3000000119
19216  -31.657  -66.840  -48.267 0.3000000119
18519  -30.840  -67.785  -48.201 0.5000000000
16079  -30.067  -70.041  -47.427 0.6000000238
16080  -30.420  -70.015  -48.102 0.6000000238
19230  -31.879  -66.972  -49.197 0.3000000119
16932  -30.614  -69.785  -49.496 0.5000000000
17740  -30.807  -68.286  -50.136 0.5000000000
17739  -30.541  -68.917  -49.423 0.5000000000
119943  -31.281  -67.637  -50.476 0.4000000060
17743  -30.821  -68.719  -50.817 0.5000000000
16933  -30.631  -69.162  -50.225 0.5000000000
107837  -31.080  -68.099  -51.036 0.4000000060
119968  -31.262  -67.554  -49.667 0.4000000060
17737  -30.777  -68.151  -48.999 0.5000000000
16092  -30.681  -70.698  -49.490 0.5000000000
13395  -28.133  -73.073  -56.442 0.3000000119
14357  -28.596  -72.876  -57.979 0.3000000119
13396  -28.877  -73.497  -56.764 0.3000000119
104682  -29.937  -73.883  -55.197 0.3000000119
118065  -30.570  -73.679  -55.397 0.4000000060
13384  -28.597  -73.491  -55.729 0.3000000119
13383  -27.983  -73.143  -55.515 0.3000000119
119136  -31.947  -72.481  -55.516 0.4000000060
13377  -30.432  -73.710  -54.531 0.4000000060
106346  -29.102  -73.803  -55.054 0.3000000119
115800  -28.309  -73.461  -54.884 0.3000000119
14325  -32.114  -72.103  -54.588 0.4000000060
13376  -29.599  -73.875  -54.409 0.4000000060
13374  -27.966  -73.475  -54.047 0.4000000060
105218  -29.341  -73.888  -53.634 0.4000000060
16967  -33.093  -69.212  -55.720 0.3000000119
15283  -32.433  -71.016  -54.591 0.4000000060
14311  -31.951  -71.791  -53.696 0.4000000060
13365  -31.073  -73.150  -53.339 0.4000000060
105794  -29.948  -73.848  -53.029 0.4000000060
13362  -28.524  -73.751  -53.442 0.4000000060
17750  -32.024  -68.203  -54.079 0.3000000119
16130  -32.229  -70.041  -53.970 0.4000000060
15269  -31.725  -71.510  -53.010 0.4000000060
16129  -31.951  -70.864  -53.460 0.4000000060
14310  -31.524  -72.375  -52.953 0.4000000060
14297  -31.328  -72.460  -52.041 0.4000000060
13350  -30.985  -73.073  -52.533 0.4000000060
13336  -30.812  -73.047  -51.728 0.4000000060
13349  -30.344  -73.509  -52.275 0.4000000060
107066  -29.084  -73.868  -52.818 0.4000000060
106596  -31.779  -69.108  -53.541 0.4000000060
16951  -31.722  -69.998  -53.066 0.4000000060
14284  -31.122  -72.490  -51.371 0.4000000060
14283  -30.687  -72.860  -50.962 0.4000000060
13334  -28.664  -73.756  -51.971 0.4000000060
13348  -29.585  -73.744  -52.143 0.4000000060
13361  -27.745  -73.467  -53.161 0.4000000060
105720  -31.498  -70.096  -52.342 0.4000000060
16099  -31.428  -70.837  -51.786 0.4000000060
14263  -31.081  -72.099  -50.719 0.4000000060
13298  -30.116  -73.111  -50.442 0.4000000060
13335  -28.728  -73.683  -51.174 0.4000000060
13316  -29.300  -73.491  -50.634 0.4000000060
16938  -31.215  -69.765  -51.715 0.4000000060
15225  -30.916  -71.176  -50.247 0.4000000060
15216  -30.663  -71.509  -49.443 0.4000000060
17745  -31.069  -68.744  -51.637 0.4000000060
16095  -31.055  -70.409  -51.003 0.4000000060
16936  -30.746  -70.089  -50.261 0.4000000060
18529  -31.635  -67.319  -51.149 0.3000000119
18530  -32.253  -66.547  -51.185 0.3000000119
14240  -30.240  -72.674  -49.744 0.4000000060
103257  -30.847  -69.433  -50.957 0.4000000060
19242  -31.930  -66.904  -50.292 0.3000000119
14324  -31.609  -72.815  -54.630 0.4000000060
13378  -31.102  -73.297  -54.179 0.4000000060
13363  -29.985  -73.852  -53.833 0.4000000060
16952  -32.275  -69.121  -54.544 0.4000000060
17755  -32.460  -68.121  -55.119 0.3000000119
15257  -31.570  -71.661  -52.315 0.4000000060
16942  -31.374  -69.151  -52.569 0.4000000060
105617  -31.220  -71.290  -51.044 0.4000000060
121474  -29.290  -73.685  -51.446 0.4000000060
120334  -30.746  -72.091  -49.860 0.4000000060
16163  -33.662  -69.997  -56.622 0.3000000119
14348  -32.555  -72.088  -56.754 0.3000000119
14337  -31.752  -72.846  -56.453 0.3000000119
108669  -33.042  -70.647  -56.185 0.3000000119
14338  -32.529  -71.579  -55.737 0.3000000119
16147  -32.645  -70.001  -55.223 0.3000000119
17749  -31.634  -68.285  -53.160 0.3000000119
17747  -31.391  -68.314  -52.386 0.3000000119
18532  -31.434  -67.800  -51.834 0.3000000119
13364  -30.512  -73.610  -53.635 0.4000000060
13375  -28.799  -73.789  -54.248 0.4000000060
14262  -30.593  -72.589  -50.335 0.4000000060
14346  -27.750  -72.465  -57.075 0.3000000119
15191  -26.950  -72.099  -47.101 0.6000000238
15239  -31.394  -71.844  -51.515 0.4000000060
16038  -21.083  -70.042  -45.981 0.4000000060
16042  -26.773  -70.064  -45.352 0.6000000238
16112  -31.653  -70.815  -52.657 0.4000000060
17703  -19.662  -69.114  -45.805 0.5000000000
17704  -24.092  -69.160  -45.510 0.6999999881
17708  -27.631  -68.671  -45.475 0.6999999881
17709  -28.164  -68.446  -45.830 0.6000000238
18468  -24.326  -67.466  -45.479 0.6999999881
18487  -26.756  -66.699  -46.254 0.6000000238
19179  -23.699  -66.317  -46.215 0.5000000000
19214  -20.162  -66.214  -48.728 0.5000000000
19930  -18.499  -65.128  -51.764 0.5000000000
20689  -21.090  -63.882  -52.751 0.6000000238
21413  -21.389  -62.927  -49.847 0.5000000000
21426  -19.504  -63.566  -49.679 0.3000000119
22285  -22.517  -62.396  -48.504 0.3000000119
22312  -26.999  -62.208  -51.955 0.5000000000
22318  -25.844  -61.952  -52.571 0.4000000060
23131  -22.959  -61.873  -49.311 0.5000000000
23133  -27.507  -61.699  -49.494 0.5000000000
23152  -25.853  -61.469  -53.041 0.4000000060
23946  -29.093  -60.121  -49.201 0.3000000119
23961  -28.198  -59.952  -50.418 0.4000000060
24771  -26.017  -59.134  -48.099 0.3000000119
25646  -29.199  -58.598  -54.735 0.4000000060
25649  -31.161  -58.070  -54.560 0.5000000000
26447  -24.364  -57.235  -50.512 0.4000000060
27384  -32.506  -56.862  -55.653 0.5000000000
28217  -25.950  -55.304  -51.382 0.4000000060
28224  -26.596  -55.761  -51.904 0.4000000060
29103  -25.463  -54.247  -49.512 0.4000000060
29120  -26.290  -54.553  -50.965 0.4000000060
30071  -26.227  -53.065  -49.877 0.4000000060
104626  -23.504  -65.853  -46.668 0.6000000238
106314  -31.616  -72.649  -53.861 0.4000000060
107061  -30.063  -73.433  -51.349 0.4000000060
107081  -23.054  -70.228  -46.065 0.6000000238
107620  -27.307  -62.295  -50.132 0.5000000000
111543  -27.873  -73.444  -49.888 0.5000000000
112480  -31.204  -73.304  -55.222 0.4000000060
114544  -28.923  -69.783  -46.009 0.6999999881
114740  -17.943  -65.062  -51.670 0.4000000060
115756  -28.335  -73.718  -52.717 0.4000000060
117869  -24.501  -56.507  -51.449 0.4000000060
118408  -29.732  -70.704  -47.184 0.6000000238
118608  -30.574  -73.512  -52.953 0.4000000060
119301  -27.411  -73.209  -49.052 0.4000000060
120957  -20.189  -63.428  -49.313 0.4000000060
121719  -25.073  -59.426  -49.389 0.4000000060
121952  -30.629  -57.065  -47.012 0.4000000060
122121  -27.604  -73.328  -49.480 0.5000000000
122479  -25.076  -61.809  -52.528 0.5000000000
122828  -26.917  -54.047  -50.772 0.4000000060
