#!ascii label  , from subject sub-v1s12x0050122_ses-1 vox2ras=TkReg
803
68490  15.375  -6.748  -41.204 0.2500000000
67739  15.861  -7.287  -41.595 0.2500000000
105850  16.021  -8.211  -41.296 0.7500000000
70722  12.496  -2.909  -41.196 0.2500000000
70721  12.805  -3.013  -41.216 0.1250000000
71438  13.112  -2.365  -41.302 0.3750000000
70019  13.300  -3.630  -41.200 0.2500000000
69252  14.609  -5.227  -41.267 0.2500000000
68494  15.653  -6.303  -41.880 0.7500000000
68495  15.135  -5.889  -41.399 0.3750000000
66925  16.710  -8.623  -41.844 0.8750000000
67738  16.442  -7.788  -41.969 0.8750000000
66046  17.431  -9.264  -42.048 0.8750000000
70720  13.949  -3.120  -41.367 0.3750000000
70018  14.193  -3.909  -41.657 0.3750000000
70017  15.032  -4.273  -41.987 0.8750000000
69251  15.200  -5.264  -41.804 0.7500000000
68499  16.877  -6.736  -42.760 1.0000000000
68500  16.332  -6.196  -42.563 1.0000000000
69257  15.795  -5.616  -42.340 0.8750000000
66928  17.486  -8.362  -42.469 1.0000000000
68493  16.324  -6.983  -42.238 0.8750000000
66049  18.102  -9.055  -42.432 1.0000000000
72129  13.198  -2.265  -41.311 0.2500000000
120684  13.715  -2.639  -41.267 0.7500000000
71442  14.435  -2.728  -41.749 0.8750000000
70023  15.580  -3.875  -42.584 0.8750000000
70024  14.754  -3.337  -42.226 0.7500000000
111108  17.571  -6.902  -43.148 1.0000000000
69256  16.365  -5.398  -42.854 1.0000000000
70022  16.316  -4.476  -43.033 1.0000000000
103126  18.378  -8.272  -42.705 1.0000000000
67743  17.911  -7.664  -43.066 1.0000000000
112434  14.228  -2.311  -41.355 0.6250000000
71441  14.929  -2.813  -42.654 1.0000000000
71448  14.902  -2.326  -42.198 0.8750000000
70725  15.394  -3.039  -42.944 1.0000000000
103527  18.428  -6.996  -43.386 1.0000000000
68498  18.069  -6.290  -43.483 1.0000000000
69255  17.090  -6.080  -43.231 1.0000000000
66927  19.241  -8.102  -42.534 1.0000000000
67742  18.780  -7.562  -43.046 1.0000000000
66043  20.448  -9.356  -41.695 1.0000000000
66923  19.809  -8.724  -42.113 1.0000000000
100331  12.906  5.534  -41.537 0.2500000000
72793  14.177  -1.373  -41.223 0.2500000000
73493  14.588  -0.616  -41.555 0.3750000000
72128  14.090  -1.855  -41.114 0.5000000000
72809  15.093  -1.195  -42.364 1.0000000000
72801  14.590  -1.028  -41.858 0.6250000000
72139  15.291  -1.710  -42.680 1.0000000000
118579  16.024  -2.749  -43.264 1.0000000000
71447  15.529  -2.371  -43.088 1.0000000000
68497  19.273  -6.903  -43.306 1.0000000000
69260  17.740  -5.624  -43.504 1.0000000000
70029  17.175  -4.065  -43.576 1.0000000000
68501  19.696  -6.338  -43.435 1.0000000000
67737  20.064  -7.978  -42.314 1.0000000000
67736  20.446  -7.252  -42.512 1.0000000000
103351  20.722  -7.836  -41.974 1.0000000000
75753  15.180  4.236  -41.556 0.5000000000
105171  13.947  4.399  -41.711 0.3750000000
74228  15.639  1.288  -41.168 0.3750000000
75046  15.592  2.468  -41.771 0.5000000000
73500  16.150  0.499  -42.563 0.8750000000
72808  15.558  -0.830  -42.984 1.0000000000
116340  16.485  0.459  -43.284 1.0000000000
116903  16.822  -2.973  -43.615 1.0000000000
72138  15.915  -1.507  -43.461 1.0000000000
110371  19.264  -4.287  -43.944 1.0000000000
70729  17.861  -3.218  -43.995 1.0000000000
68496  21.102  -5.852  -42.758 1.0000000000
68492  20.831  -6.485  -42.679 1.0000000000
67735  21.291  -7.259  -41.950 0.8750000000
99898  14.892  5.292  -41.146 0.5000000000
114088  15.482  3.489  -42.084 0.6250000000
75045  16.279  3.173  -42.585 0.6250000000
106583  16.789  1.154  -42.815 1.0000000000
74235  16.293  1.333  -41.987 0.7500000000
73506  16.556  0.099  -43.851 1.0000000000
70025  20.493  -4.125  -43.629 1.0000000000
119089  19.286  -2.451  -44.356 1.0000000000
107699  18.452  -2.425  -44.360 1.0000000000
72136  17.186  -1.569  -44.214 1.0000000000
70026  19.970  -4.599  -43.835 1.0000000000
70728  19.039  -3.319  -44.173 1.0000000000
69250  21.539  -5.470  -42.393 0.8750000000
69254  20.522  -4.951  -43.491 1.0000000000
67731  21.911  -7.114  -41.524 0.8750000000
114807  15.592  4.807  -41.861 0.5000000000
75751  16.722  4.318  -43.117 0.8750000000
73509  18.721  0.327  -44.292 1.0000000000
74245  17.776  0.855  -43.663 1.0000000000
70726  20.516  -3.188  -43.704 1.0000000000
72140  19.247  -0.654  -44.582 1.0000000000
72142  17.557  -0.756  -44.539 1.0000000000
71440  20.790  -2.319  -43.435 1.0000000000
70016  21.873  -4.943  -41.853 1.0000000000
70021  21.009  -4.443  -43.158 1.0000000000
112633  20.992  -3.101  -43.014 1.0000000000
117039  15.919  5.422  -42.084 0.5000000000
99904  16.380  4.957  -42.718 0.8750000000
75761  17.469  4.202  -43.404 1.0000000000
73504  20.283  0.509  -43.206 1.0000000000
74243  19.171  1.039  -43.530 1.0000000000
74241  18.275  1.936  -43.402 1.0000000000
72127  21.490  -1.488  -41.537 1.0000000000
72131  20.958  -1.424  -43.060 1.0000000000
70704  22.349  -2.766  -40.486 1.0000000000
71437  21.522  -2.285  -41.899 1.0000000000
71439  21.210  -2.327  -42.738 1.0000000000
70015  21.744  -3.953  -41.844 1.0000000000
71436  21.808  -2.985  -41.385 1.0000000000
70010  22.093  -4.496  -40.968 0.8750000000
75012  22.479  0.777  -38.872 1.0000000000
75025  22.370  2.213  -40.683 0.3750000000
120981  22.848  2.244  -40.775 0.8750000000
73490  21.927  1.508  -42.016 1.0000000000
72115  21.558  -0.747  -40.973 1.0000000000
72798  21.057  -0.259  -42.177 1.0000000000
74998  24.656  1.742  -38.283 0.8750000000
74197  23.000  0.543  -38.674 1.0000000000
74207  22.772  1.752  -39.983 1.0000000000
73478  22.714  1.569  -41.121 1.0000000000
72781  21.968  0.193  -40.476 1.0000000000
72114  22.018  -1.134  -40.089 1.0000000000
75703  24.487  3.141  -37.737 0.7500000000
74196  23.808  0.807  -38.702 1.0000000000
73454  23.238  -0.067  -38.347 1.0000000000
73453  23.246  -0.170  -38.137 1.0000000000
73465  22.804  -0.065  -38.508 1.0000000000
74195  24.267  1.866  -37.334 1.0000000000
106550  19.369  7.490  -40.375 0.1250000000
78206  18.650  8.159  -40.048 0.1250000000
78729  20.459  7.618  -40.711 0.2500000000
78730  19.377  8.502  -40.531 0.1250000000
79271  20.909  9.235  -40.836 0.3750000000
79272  19.966  9.191  -40.837 0.2500000000
79853  22.143  9.723  -41.234 0.5000000000
104429  21.253  9.743  -41.015 0.2500000000
79861  22.059  9.977  -41.709 0.3750000000
78731  18.638  9.813  -40.291 0.2500000000
109655  21.203  10.269  -41.405 0.2500000000
100497  19.232  10.499  -40.627 0.2500000000
102153  20.482  11.414  -41.577 0.2500000000
80490  21.990  10.234  -42.173 0.2500000000
80500  21.532  10.934  -43.149 0.2500000000
79862  21.014  10.581  -41.683 0.2500000000
108119  22.586  10.713  -43.490 0.3750000000
80507  22.401  10.589  -44.072 0.2500000000
104763  14.937  -5.875  -41.128 0.1250000000
110508  14.546  -4.658  -41.591 0.2500000000
70717  12.199  -3.523  -41.213 0.1250000000
66044  19.560  -9.468  -41.836 1.0000000000
75056  17.084  3.294  -43.342 0.8750000000
72805  20.180  -0.296  -43.976 1.0000000000
107893  15.824  -8.910  -40.478 0.1250000000
66047  16.720  -9.653  -41.459 0.6250000000
64497  17.411  -11.228  -41.385 0.7500000000
119067  11.653  -3.422  -40.907 0.1250000000
102524  13.534  -4.572  -40.934 0.1250000000
65232  18.357  -10.288  -41.802 1.0000000000
65231  19.230  -10.195  -41.561 1.0000000000
65230  20.227  -10.278  -41.589 1.0000000000
73484  14.484  -0.477  -40.911 0.3750000000
75038  14.712  2.608  -40.966 0.2500000000
66921  21.328  -8.245  -41.541 0.8750000000
68489  22.184  -6.594  -41.312 0.8750000000
67734  22.013  -7.932  -41.336 0.8750000000
69247  22.408  -5.921  -40.802 0.8750000000
75013  22.349  1.276  -39.560 0.1250000000
100142  16.617  5.655  -42.015 0.3750000000
75759  18.316  3.709  -43.288 0.6250000000
70719  22.159  -3.606  -40.802 1.0000000000
70011  22.139  -5.257  -41.103 0.8750000000
74999  23.236  1.326  -39.043 0.8750000000
74219  21.939  2.204  -41.561 0.3750000000
74226  22.543  1.648  -41.231 0.8750000000
71427  22.485  -2.022  -40.102 1.0000000000
72102  22.946  -1.520  -39.383 1.0000000000
72767  22.401  -0.424  -39.425 1.0000000000
76352  25.021  4.043  -38.465 1.0000000000
107280  24.807  1.891  -37.493 1.0000000000
78198  18.060  7.317  -38.035 0.1250000000
99908  20.384  4.692  -40.095 0.1250000000
78718  22.800  8.553  -39.411 0.6250000000
78727  22.033  8.888  -40.502 0.6250000000
79860  22.937  10.410  -40.959 0.5000000000
78213  18.798  8.598  -40.266 0.2500000000
80489  22.958  10.789  -41.532 0.5000000000
113821  18.535  10.911  -40.226 0.2500000000
79854  20.224  10.790  -40.677 0.2500000000
80498  22.613  10.782  -42.507 0.5000000000
80492  20.606  11.671  -42.582 0.2500000000
80515  22.041  10.983  -45.092 0.2500000000
80506  23.023  10.718  -44.429 0.3750000000
80521  22.501  11.506  -45.919 0.2500000000
114616  20.099  12.080  -42.079 0.1250000000
67732  15.618  -7.630  -41.107 0.1250000000
66926  16.281  -8.983  -41.224 0.5000000000
70012  13.822  -4.504  -41.207 0.1250000000
118631  16.890  -8.080  -42.249 0.8750000000
65233  17.545  -10.225  -41.723 1.0000000000
115960  17.980  -9.731  -42.177 1.0000000000
107473  15.678  -4.829  -42.456 1.0000000000
67744  17.063  -7.501  -42.571 1.0000000000
66045  18.663  -9.566  -41.956 1.0000000000
66924  18.916  -8.819  -42.220 1.0000000000
72132  14.776  -1.782  -41.803 0.8750000000
70724  16.213  -3.505  -43.132 1.0000000000
67741  19.637  -7.398  -42.821 1.0000000000
69261  17.029  -5.148  -43.454 1.0000000000
73492  14.813  0.090  -41.323 0.3750000000
73491  15.580  0.464  -41.740 0.5000000000
73501  15.322  -0.093  -42.681 0.8750000000
71446  16.418  -2.093  -43.730 1.0000000000
69259  18.646  -5.576  -43.658 1.0000000000
70028  17.940  -4.904  -43.623 1.0000000000
70027  18.723  -4.807  -43.786 1.0000000000
69258  19.582  -5.795  -43.635 1.0000000000
120339  16.342  2.206  -42.190 0.6250000000
73507  15.955  -0.101  -43.270 1.0000000000
74246  17.058  0.735  -43.585 1.0000000000
71445  17.434  -2.314  -44.107 1.0000000000
72137  16.633  -1.156  -44.051 1.0000000000
115661  20.021  -5.290  -43.682 1.0000000000
68491  21.584  -6.334  -42.133 0.8750000000
74242  17.533  1.890  -43.125 1.0000000000
72812  17.551  -0.082  -44.533 1.0000000000
116482  20.882  -3.749  -43.263 1.0000000000
70727  19.921  -3.748  -44.033 1.0000000000
71444  18.018  -1.569  -44.568 1.0000000000
72135  19.053  -1.568  -44.567 1.0000000000
69248  21.998  -5.770  -41.701 0.8750000000
73508  19.431  0.448  -44.038 1.0000000000
74244  18.475  0.894  -43.682 1.0000000000
72810  18.991  -0.111  -44.559 1.0000000000
72811  18.214  -0.115  -44.688 1.0000000000
71443  20.383  -2.360  -43.924 1.0000000000
72141  18.528  -0.745  -44.698 1.0000000000
72133  20.464  -1.402  -43.824 1.0000000000
70723  21.425  -3.109  -42.295 1.0000000000
100444  17.234  5.178  -42.752 0.6250000000
75760  18.044  3.903  -43.475 0.7500000000
75054  18.624  2.855  -43.342 1.0000000000
74239  19.798  1.485  -43.440 1.0000000000
73499  20.174  1.529  -43.253 1.0000000000
73505  19.853  0.567  -43.742 1.0000000000
73498  20.654  1.275  -42.465 1.0000000000
72792  20.858  0.569  -42.300 1.0000000000
72126  21.782  -1.994  -40.862 1.0000000000
108323  21.380  -0.685  -41.692 1.0000000000
72799  20.578  -0.441  -43.186 1.0000000000
74217  22.622  2.036  -40.294 0.7500000000
110981  22.952  2.172  -41.131 1.0000000000
74218  22.687  2.294  -41.021 0.7500000000
74234  20.093  2.131  -43.270 1.0000000000
109960  21.907  1.169  -42.000 1.0000000000
74227  20.929  1.522  -41.643 1.0000000000
73489  22.515  1.692  -41.550 1.0000000000
72782  21.995  0.709  -41.680 1.0000000000
74986  24.370  2.492  -37.287 0.8750000000
73466  22.623  0.892  -39.049 1.0000000000
73477  22.588  0.817  -39.961 1.0000000000
73467  22.879  1.693  -40.509 1.0000000000
105456  24.087  0.761  -38.298 1.0000000000
74997  24.865  2.675  -38.073 1.0000000000
77661  19.038  6.600  -38.893 0.1250000000
77669  20.115  6.530  -40.700 0.1250000000
77660  19.607  5.499  -39.643 0.1250000000
78720  18.315  9.414  -39.696 0.2500000000
102963  21.293  6.904  -40.675 0.3750000000
78728  21.169  8.260  -40.649 0.5000000000
79270  22.333  9.413  -40.685 0.7500000000
80508  21.778  10.878  -44.153 0.2500000000
79872  22.698  10.539  -45.029 0.2500000000
116242  15.941  -8.888  -40.731 0.2500000000
109698  15.874  -9.460  -40.262 0.1250000000
66040  15.885  -9.522  -40.323 0.1250000000
65227  16.411  -10.317  -40.860 0.6250000000
116746  16.909  -10.507  -41.299 0.7500000000
110944  18.036  -10.954  -41.702 1.0000000000
76388  18.074  4.694  -43.124 0.6250000000
100708  19.138  2.653  -43.227 0.8750000000
75044  18.846  2.959  -43.139 0.7500000000
75043  19.906  2.454  -43.117 0.8750000000
75036  20.328  2.115  -42.656 0.8750000000
105841  24.616  3.755  -38.027 1.0000000000
75713  24.943  3.256  -38.263 1.0000000000
78204  21.492  6.859  -40.536 0.3750000000
79264  22.866  9.188  -39.886 0.7500000000
79269  23.114  9.825  -40.425 0.7500000000
80513  23.151  10.778  -45.550 0.2500000000
81104  23.627  12.083  -44.619 0.3750000000
60720  17.819  -16.245  -40.271 0.7500000000
60710  19.147  -16.278  -39.389 0.7500000000
60721  17.151  -15.945  -40.113 0.7500000000
61518  17.063  -15.085  -40.281 0.7500000000
61515  18.798  -15.147  -40.264 0.7500000000
61516  18.190  -15.597  -40.538 0.7500000000
105761  18.238  -14.943  -40.797 0.7500000000
62201  17.660  -14.671  -40.730 0.7500000000
62193  19.630  -14.692  -39.911 0.7500000000
63786  17.262  -12.795  -40.801 0.7500000000
64492  17.060  -11.999  -40.920 0.6250000000
62203  18.153  -14.051  -41.017 0.7500000000
63016  18.196  -13.230  -41.136 0.8750000000
111656  17.808  -12.553  -41.210 0.8750000000
62200  19.026  -14.262  -40.527 0.7500000000
63013  18.879  -13.375  -40.794 0.7500000000
63785  18.640  -12.578  -41.079 0.8750000000
105960  18.180  -11.759  -41.397 0.8750000000
63012  19.737  -13.506  -40.597 0.7500000000
63784  19.683  -12.706  -40.968 0.8750000000
64496  18.897  -10.979  -41.299 0.8750000000
63783  20.563  -12.420  -40.943 0.7500000000
64491  20.075  -11.913  -41.277 0.8750000000
116169  19.650  -11.362  -41.365 0.8750000000
64489  21.534  -11.295  -40.866 0.8750000000
64490  20.808  -11.624  -41.074 0.8750000000
65226  20.989  -10.761  -41.088 0.8750000000
65229  21.193  -9.930  -41.308 0.8750000000
65221  23.255  -10.574  -40.300 0.3750000000
65222  22.725  -10.573  -40.947 0.6250000000
114491  22.020  -10.526  -41.250 0.7500000000
66032  23.480  -9.935  -40.959 0.5000000000
106370  23.271  -9.455  -41.373 0.7500000000
66041  22.128  -8.820  -41.463 0.7500000000
66031  24.508  -9.503  -40.522 0.1250000000
66037  23.927  -9.097  -41.132 0.3750000000
109589  23.403  -9.038  -41.495 0.6250000000
66919  22.915  -8.496  -41.398 0.6250000000
66030  25.775  -9.407  -40.474 0.1250000000
104900  24.707  -8.531  -41.197 0.1250000000
66917  25.806  -8.149  -41.514 0.1250000000
105843  23.590  -7.560  -40.690 0.6250000000
68488  22.805  -6.705  -40.575 0.7500000000
67728  26.416  -7.519  -41.936 0.1250000000
67720  24.656  -7.035  -40.342 0.1250000000
68487  23.649  -6.469  -40.253 0.6250000000
69246  22.981  -5.954  -40.250 0.7500000000
66035  26.357  -8.646  -41.340 0.1250000000
68478  24.446  -6.193  -40.022 0.5000000000
115842  23.688  -5.548  -39.815 0.6250000000
106885  22.678  -5.112  -40.301 0.7500000000
75714  24.346  2.710  -37.241 0.6250000000
77648  24.243  6.347  -38.485 0.5000000000
76353  24.336  4.501  -38.291 0.7500000000
69996  24.298  -4.929  -39.195 0.6250000000
70703  23.115  -3.671  -39.323 0.6250000000
120906  22.719  -3.325  -40.114 0.8750000000
110768  24.757  -4.385  -38.672 0.5000000000
70702  23.742  -4.117  -38.682 0.6250000000
77015  24.381  5.422  -38.289 0.7500000000
72766  23.191  -0.800  -38.725 0.8750000000
71411  22.979  -2.615  -39.578 0.7500000000
72093  23.654  -1.448  -38.639 0.8750000000
72756  23.828  -0.800  -38.095 0.8750000000
73452  24.175  -0.001  -37.498 0.8750000000
70687  24.530  -3.620  -38.278 0.5000000000
70667  24.363  -2.784  -38.220 0.6250000000
70686  25.856  -3.898  -38.616 0.2500000000
78192  23.986  7.233  -38.661 0.6250000000
76364  25.028  4.923  -38.700 0.8750000000
73442  24.598  1.072  -37.140 0.7500000000
71398  24.110  -2.062  -38.447 0.6250000000
72092  24.144  -1.368  -38.214 0.7500000000
70666  25.110  -3.150  -37.796 0.3750000000
71382  24.674  -2.268  -37.882 0.5000000000
72755  25.178  -0.234  -37.566 0.7500000000
70665  26.236  -3.042  -38.050 0.2500000000
78203  23.521  8.081  -38.919 0.6250000000
77026  24.908  5.809  -38.946 0.8750000000
75712  25.652  3.387  -38.740 0.8750000000
77657  25.590  6.275  -39.414 0.7500000000
74996  25.464  2.490  -38.299 0.8750000000
73451  25.164  0.602  -37.492 0.7500000000
72745  24.571  -0.916  -37.723 0.5000000000
72081  26.072  -1.784  -37.428 0.2500000000
72082  25.064  -1.634  -37.520 0.5000000000
78193  23.452  7.733  -38.522 0.5000000000
78717  23.229  8.601  -39.319 0.5000000000
78716  24.008  8.453  -39.440 0.7500000000
78201  25.263  7.156  -39.615 0.7500000000
78715  25.036  8.039  -39.759 0.7500000000
77025  25.825  5.259  -39.350 0.7500000000
76362  26.525  4.407  -39.769 0.7500000000
74995  26.436  2.656  -39.076 0.7500000000
75727  26.505  3.556  -39.429 0.7500000000
109793  26.207  0.312  -37.861 0.5000000000
116423  27.084  1.403  -38.756 0.3750000000
108585  26.333  1.871  -38.556 0.6250000000
72743  26.933  -0.948  -37.735 0.2500000000
114134  26.229  -0.366  -37.790 0.3750000000
79263  23.654  9.194  -39.793 0.6250000000
78726  24.686  8.895  -39.949 0.7500000000
78725  25.760  8.436  -40.189 0.7500000000
77667  26.297  6.783  -39.820 0.7500000000
120876  26.538  5.054  -40.081 0.6250000000
75011  27.353  1.974  -39.359 0.3750000000
108714  27.301  3.742  -40.232 0.3750000000
74192  28.111  1.376  -39.218 0.1250000000
73450  27.251  0.811  -38.377 0.2500000000
79268  24.177  9.745  -40.261 0.7500000000
79267  25.234  9.316  -40.516 0.6250000000
78210  26.124  7.620  -39.946 0.7500000000
77033  26.364  5.871  -39.892 0.3750000000
75010  28.236  2.168  -39.752 0.2500000000
75726  27.501  2.915  -39.800 0.3750000000
74191  28.477  1.237  -38.938 0.1250000000
110163  28.066  0.606  -38.471 0.1250000000
72754  27.775  -0.298  -37.967 0.1250000000
79852  23.705  10.531  -40.609 0.6250000000
79277  25.734  9.718  -41.134 0.3750000000
79851  24.649  10.368  -40.778 0.3750000000
79266  26.262  8.787  -40.765 0.3750000000
78216  26.859  6.986  -41.334 0.2500000000
77666  26.697  6.133  -40.564 0.3750000000
78724  26.574  7.897  -40.481 0.3750000000
118209  28.414  2.312  -39.755 0.1250000000
120304  27.845  3.460  -40.326 0.3750000000
76376  27.164  4.471  -40.700 0.3750000000
73449  28.254  0.711  -38.375 0.1250000000
80497  24.349  12.200  -41.959 0.3750000000
80483  23.539  10.983  -40.964 0.3750000000
80482  24.038  11.269  -40.828 0.3750000000
79858  25.399  10.644  -41.379 0.3750000000
79276  26.694  9.092  -41.498 0.3750000000
76361  28.345  4.500  -40.567 0.1250000000
76375  27.733  4.507  -41.031 0.1250000000
77039  27.154  5.373  -41.387 0.2500000000
74994  28.633  2.151  -38.923 0.1250000000
80495  26.129  11.483  -42.776 0.2500000000
79866  26.583  10.550  -42.445 0.2500000000
79867  25.809  11.011  -42.034 0.3750000000
80487  24.918  11.434  -41.690 0.3750000000
79280  27.803  8.727  -42.810 0.1250000000
79281  27.055  9.484  -42.217 0.3750000000
79857  26.246  10.131  -41.736 0.3750000000
79275  27.542  8.043  -42.159 0.1250000000
78723  28.605  5.848  -42.096 0.1250000000
77672  26.826  6.140  -41.417 0.1250000000
81095  24.032  12.423  -42.552 0.3750000000
79871  26.824  10.996  -43.270 0.2500000000
79284  28.037  9.108  -43.594 0.1250000000
79870  27.509  10.309  -43.863 0.1250000000
79287  28.203  9.358  -44.550 0.1250000000
78742  28.901  7.283  -43.466 0.1250000000
79878  28.574  9.913  -46.328 0.1250000000
78746  29.261  8.013  -45.041 0.1250000000
79289  28.934  8.704  -46.201 0.1250000000
78217  29.554  7.084  -42.991 0.1250000000
78207  28.761  5.650  -40.846 0.1250000000
63789  19.167  -11.836  -41.083 0.8750000000
69236  24.987  -5.663  -39.693 0.6250000000
104748  23.470  -2.144  -38.903 0.8750000000
72083  24.523  -1.618  -37.990 0.5000000000
120085  23.766  7.702  -38.749 0.6250000000
78202  24.298  7.650  -39.207 0.8750000000
77658  24.704  6.725  -39.106 0.7500000000
76363  25.724  4.295  -39.049 0.8750000000
74194  25.442  1.532  -37.798 0.7500000000
72744  25.644  -0.973  -37.636 0.5000000000
77665  27.635  5.555  -41.702 0.1250000000
79865  27.337  9.942  -42.963 0.2500000000
79286  28.888  8.460  -45.309 0.1250000000
117472  29.250  7.378  -43.523 0.1250000000
66918  23.791  -8.461  -41.186 0.5000000000
115061  23.241  -8.024  -41.174 0.6250000000
67730  22.628  -7.527  -41.091 0.7500000000
69975  27.388  -4.111  -40.266 0.2500000000
78734  27.532  6.542  -42.296 0.1250000000
59875  18.087  -17.402  -39.453 0.7500000000
121270  17.752  -16.887  -39.777 0.7500000000
60701  18.836  -17.057  -39.153 0.7500000000
60711  18.330  -16.658  -39.733 0.7500000000
63787  16.628  -12.658  -40.410 0.6250000000
113450  17.525  -13.961  -40.784 0.7500000000
61505  19.380  -15.470  -39.608 0.6250000000
63004  19.860  -14.016  -40.166 0.7500000000
63003  20.457  -13.515  -40.264 0.6250000000
63773  20.922  -12.867  -40.468 0.6250000000
64480  21.912  -11.696  -40.319 0.5000000000
64479  22.702  -11.206  -40.094 0.3750000000
64488  22.188  -11.080  -40.817 0.5000000000
64478  23.608  -11.085  -39.656 0.1250000000
65219  25.154  -10.263  -39.854 0.1250000000
65218  26.327  -10.287  -40.078 0.1250000000
66034  27.024  -9.571  -41.199 0.1250000000
101548  27.353  -8.527  -41.776 0.1250000000
66915  27.571  -7.818  -42.147 0.1250000000
76345  24.137  3.870  -37.715 0.3750000000
67727  27.331  -7.211  -42.247 0.1250000000
68486  26.900  -6.774  -42.200 0.1250000000
69235  26.218  -5.505  -40.622 0.1250000000
69976  25.785  -4.825  -39.594 0.2500000000
71397  27.438  -2.699  -38.458 0.1250000000
70685  27.492  -3.215  -39.334 0.2500000000
72091  27.200  -2.039  -37.672 0.1250000000
72753  28.156  0.168  -38.042 0.1250000000
74184  28.531  1.094  -37.838 0.1250000000
73441  28.435  0.461  -37.754 0.1250000000
75710  28.316  3.117  -38.798 0.1250000000
76344  27.467  5.093  -37.176 0.1250000000
100179  17.984  10.769  -39.658 0.1250000000
81102  25.416  12.825  -44.314 0.2500000000
80504  26.379  12.020  -43.734 0.1250000000
80511  27.374  12.070  -45.273 0.1250000000
78750  29.487  8.521  -46.624 0.1250000000
103139  29.240  7.706  -44.045 0.1250000000
77656  28.846  5.754  -39.890 0.1250000000
78745  29.514  7.995  -44.690 0.1250000000
66042  21.307  -9.100  -41.467 0.7500000000
70716  22.699  -4.102  -40.197 0.7500000000
75715  23.967  1.527  -38.011 0.3750000000
64495  20.259  -11.160  -41.427 0.8750000000
118709  17.613  -11.904  -41.282 0.7500000000
66039  22.133  -9.661  -41.471 0.7500000000
81091  23.618  11.923  -41.804 0.3750000000
81096  23.427  11.798  -43.119 0.3750000000
81103  24.457  12.606  -43.990 0.2500000000
61517  17.719  -15.477  -40.569 0.7500000000
60712  17.266  -16.652  -39.746 0.7500000000
61506  18.579  -15.900  -39.991 0.7500000000
62202  17.040  -14.200  -40.372 0.7500000000
63014  17.696  -13.359  -40.999 0.7500000000
117754  20.343  -13.045  -40.733 0.7500000000
63782  21.213  -12.067  -40.625 0.6250000000
110918  22.770  -9.935  -41.348 0.7500000000
65220  24.058  -10.324  -39.977 0.1250000000
66036  25.119  -8.825  -41.139 0.2500000000
67729  24.999  -7.871  -41.257 0.5000000000
66916  26.926  -7.971  -42.159 0.1250000000
67719  25.795  -6.998  -41.197 0.1250000000
68477  25.426  -6.320  -40.381 0.1250000000
69997  23.281  -4.593  -39.506 0.6250000000
70688  23.643  -3.044  -38.639 0.6250000000
71381  25.483  -2.431  -37.401 0.3750000000
74193  26.273  1.133  -38.004 0.6250000000
71380  26.417  -2.411  -37.649 0.2500000000
103879  27.195  0.013  -38.075 0.3750000000
77024  26.810  5.267  -40.722 0.3750000000
78209  26.659  7.050  -40.404 0.3750000000
75725  28.193  3.108  -40.065 0.2500000000
75009  28.559  1.854  -39.479 0.1250000000
114034  28.639  1.584  -38.834 0.1250000000
81086  23.744  11.534  -41.147 0.3750000000
76384  27.334  4.874  -41.149 0.2500000000
103625  28.425  2.510  -39.653 0.1250000000
75724  28.343  3.582  -39.931 0.1250000000
75737  28.171  3.868  -40.620 0.1250000000
80488  24.161  11.928  -41.142 0.3750000000
78735  26.906  7.962  -41.347 0.3750000000
76382  28.185  4.870  -41.156 0.1250000000
77664  28.473  5.309  -41.021 0.1250000000
77032  28.467  5.199  -40.588 0.1250000000
76383  27.804  4.877  -41.266 0.1250000000
81094  24.807  12.380  -42.981 0.2500000000
78743  28.458  8.006  -43.385 0.1250000000
110444  28.066  6.653  -42.656 0.1250000000
78738  28.769  6.654  -42.822 0.1250000000
80503  27.051  11.497  -44.257 0.1250000000
79876  27.723  10.715  -44.844 0.1250000000
79875  28.337  9.679  -45.495 0.1250000000
79283  28.898  8.091  -44.223 0.1250000000
78739  28.247  7.413  -42.889 0.1250000000
79879  28.035  11.227  -45.819 0.1250000000
59061  17.805  -18.060  -39.023 0.7500000000
59863  18.545  -17.823  -38.905 0.7500000000
59876  17.330  -17.361  -39.257 0.7500000000
117294  16.384  -13.504  -40.019 0.5000000000
63015  17.063  -13.415  -40.564 0.6250000000
63002  21.196  -13.376  -39.672 0.6250000000
63772  21.561  -12.476  -39.915 0.5000000000
68475  27.633  -6.135  -42.183 0.1250000000
68476  26.614  -6.117  -41.632 0.1250000000
75711  28.068  4.287  -38.427 0.1250000000
76351  28.308  4.771  -39.372 0.1250000000
59877  16.818  -16.912  -39.158 0.7500000000
61507  16.463  -15.412  -39.501 0.5000000000
59047  18.259  -18.536  -38.594 0.6250000000
59862  19.307  -17.427  -38.515 0.3750000000
60699  20.285  -16.222  -38.163 0.2500000000
60700  19.600  -16.645  -38.715 0.3750000000
77649  23.732  6.841  -38.419 0.3750000000
78708  22.955  8.186  -38.783 0.2500000000
78719  21.993  7.849  -40.108 0.2500000000
61504  20.177  -15.011  -39.206 0.5000000000
62192  20.490  -14.183  -39.617 0.5000000000
62191  21.244  -14.031  -39.054 0.3750000000
59850  19.682  -17.738  -37.760 0.5000000000
59046  18.989  -18.172  -38.252 0.6250000000
59036  17.968  -19.117  -38.169 0.6250000000
60702  16.274  -16.768  -38.682 0.3750000000
59865  16.555  -17.425  -38.684 0.6250000000
58201  19.127  -19.205  -37.231 0.3750000000
59035  18.671  -18.842  -37.910 0.5000000000
61508  16.125  -14.678  -39.174 0.2500000000
59033  20.125  -18.142  -37.111 0.3750000000
59849  20.393  -17.386  -37.328 0.2500000000
64493  16.673  -11.089  -40.870 0.3750000000
61495  20.812  -15.326  -38.272 0.2500000000
62183  20.829  -14.605  -38.921 0.3750000000
63759  21.965  -12.924  -39.182 0.2500000000
74222  15.432  1.218  -40.395 0.1250000000
100520  15.999  6.018  -41.614 0.2500000000
63770  23.210  -11.671  -39.385 0.2500000000
75037  19.568  1.920  -41.890 0.3750000000
99901  17.635  4.960  -42.732 0.2500000000
75754  12.952  4.455  -41.203 0.1250000000
73482  15.410  0.596  -40.896 0.2500000000
116057  16.220  -10.845  -40.421 0.2500000000
100428  18.790  3.341  -42.798 0.3750000000
60713  16.666  -16.321  -39.360 0.5000000000
61496  19.896  -15.813  -38.882 0.5000000000
63771  22.462  -12.136  -39.494 0.2500000000
62194  16.502  -14.491  -39.801 0.3750000000
107331  16.300  -11.685  -40.316 0.2500000000
59864  17.014  -18.085  -38.683 0.6250000000
60687  19.997  -17.010  -38.023 0.2500000000
60686  20.629  -16.643  -37.530 0.2500000000
59034  19.408  -18.485  -37.520 0.5000000000
59025  19.899  -18.933  -36.930 0.3750000000
61497  16.108  -16.001  -38.708 0.3750000000
59048  17.539  -18.662  -38.530 0.6250000000
58202  18.331  -19.462  -37.508 0.5000000000
62994  21.697  -13.526  -38.974 0.2500000000
73483  14.952  0.287  -40.502 0.1250000000
58204  16.697  -19.496  -37.591 0.5000000000
58192  18.730  -19.804  -36.768 0.2500000000
57449  17.897  -20.027  -37.054 0.3750000000
58205  15.838  -19.651  -37.234 0.3750000000
59049  16.270  -18.801  -37.413 0.5000000000
116205  16.806  -18.722  -38.107 0.5000000000
59050  16.289  -18.067  -38.092 0.3750000000
57432  15.197  -20.617  -35.991 0.1250000000
57443  15.400  -20.412  -37.051 0.3750000000
59866  15.960  -17.342  -38.078 0.2500000000
55865  15.214  -22.601  -35.671 0.1250000000
56659  15.626  -21.215  -36.621 0.2500000000
56666  15.922  -21.013  -37.313 0.3750000000
57440  18.386  -20.479  -36.491 0.2500000000
56657  17.218  -21.492  -36.664 0.3750000000
57450  17.016  -20.313  -37.506 0.5000000000
56647  14.537  -20.954  -35.281 0.1250000000
57442  16.594  -21.062  -37.360 0.3750000000
58194  14.855  -19.321  -35.954 0.1250000000
101245  15.546  -17.798  -36.743 0.1250000000
69995  27.022  -4.752  -41.053 0.1250000000
58211  17.305  -19.118  -38.022 0.5000000000
58203  17.528  -19.621  -37.678 0.5000000000
60703  15.791  -16.556  -38.076 0.2500000000
57439  19.256  -20.302  -36.272 0.2500000000
57451  16.168  -20.413  -37.455 0.5000000000
57441  17.509  -20.781  -36.932 0.3750000000
118820  15.792  -18.922  -36.843 0.1250000000
59037  15.784  -18.084  -37.271 0.1250000000
57433  14.707  -20.012  -35.458 0.1250000000
57444  15.045  -19.924  -36.307 0.1250000000
58193  15.286  -19.517  -36.635 0.1250000000
55866  14.503  -21.841  -35.166 0.1250000000
56646  15.218  -21.513  -35.795 0.1250000000
56656  18.105  -21.251  -36.318 0.2500000000
59026  15.318  -18.634  -36.376 0.1250000000
55875  15.782  -22.091  -36.335 0.2500000000
55874  16.972  -22.173  -36.328 0.2500000000
56658  16.338  -21.622  -36.740 0.2500000000
115614  16.301  -22.334  -36.353 0.1250000000
63005  16.033  -13.127  -39.243 0.1250000000
107370  24.147  3.351  -37.359 0.1250000000
77016  23.862  4.888  -37.937 0.1250000000
76346  23.822  4.371  -37.609 0.1250000000
113101  23.734  5.791  -38.201 0.1250000000
78709  22.361  7.912  -38.930 0.1250000000
77650  22.810  6.773  -37.867 0.1250000000
78194  22.423  7.113  -37.908 0.1250000000
78185  21.940  6.824  -37.148 0.1250000000
75716  23.215  0.918  -38.547 0.1250000000
100279  16.957  5.629  -42.231 0.1250000000
62995  15.879  -13.573  -38.649 0.1250000000
75704  23.747  1.573  -37.583 0.1250000000
77010  23.122  4.958  -36.954 0.1250000000
78703  21.660  6.849  -37.239 0.1250000000
66048  16.183  -9.582  -40.779 0.1250000000
64494  15.909  -10.956  -40.038 0.1250000000
62195  16.129  -13.957  -39.246 0.1250000000
62184  15.896  -14.371  -38.613 0.1250000000
99905  18.056  2.466  -41.773 0.1250000000
63774  16.178  -12.510  -39.853 0.1250000000
63775  16.038  -12.344  -39.076 0.1250000000
110866  15.871  -12.879  -38.701 0.1250000000
77009  23.665  5.132  -37.776 0.1250000000
77640  22.606  6.256  -37.289 0.1250000000
76340  23.643  3.953  -36.954 0.1250000000
102965  22.102  6.525  -36.739 0.1250000000
59024  20.625  -18.652  -36.599 0.1250000000
61483  20.818  -15.992  -37.680 0.1250000000
61482  21.333  -15.671  -37.572 0.1250000000
62182  21.454  -14.505  -38.419 0.1250000000
114228  22.681  -14.545  -37.577 0.1250000000
62181  22.214  -14.210  -38.079 0.1250000000
100903  21.793  -13.936  -38.593 0.1250000000
62979  23.033  -13.881  -37.822 0.1250000000
62992  23.496  -13.117  -38.300 0.1250000000
63758  23.348  -12.285  -38.868 0.1250000000
56644  18.668  -21.713  -35.713 0.1250000000
57431  18.958  -21.038  -36.041 0.1250000000
58190  20.430  -19.447  -36.417 0.1250000000
59842  20.830  -17.836  -36.725 0.1250000000
59841  21.647  -17.620  -36.533 0.1250000000
60677  21.993  -16.726  -36.801 0.1250000000
61481  22.820  -15.255  -37.120 0.1250000000
62169  23.477  -14.506  -37.362 0.1250000000
63757  24.324  -12.448  -38.533 0.1250000000
62991  24.653  -13.185  -38.050 0.1250000000
64466  24.004  -11.706  -39.031 0.1250000000
58191  19.606  -19.637  -36.620 0.1250000000
102392  22.705  -12.757  -38.818 0.1250000000
59848  21.078  -17.042  -36.915 0.1250000000
56645  17.808  -21.923  -35.987 0.1250000000
57438  20.147  -20.158  -36.122 0.1250000000
60685  21.291  -16.312  -37.245 0.1250000000
62170  21.866  -14.997  -37.669 0.1250000000
62993  22.400  -13.463  -38.509 0.1250000000
62978  24.021  -13.820  -37.682 0.1250000000
55862  18.355  -22.364  -35.346 0.1250000000
59023  21.384  -18.430  -36.344 0.1250000000
65228  16.034  -10.219  -40.303 0.1250000000
66038  22.819  -9.284  -41.526 0.7500000000
66920  15.705  -8.270  -40.746 0.1250000000
66922  20.589  -8.558  -41.830 1.0000000000
67740  20.062  -6.689  -43.099 1.0000000000
68502  18.984  -6.351  -43.524 1.0000000000
69249  14.050  -4.994  -41.098 0.1250000000
69253  21.061  -5.234  -43.019 0.8750000000
70020  21.464  -4.660  -42.537 1.0000000000
70718  11.708  -3.462  -41.058 0.1250000000
72130  21.300  -1.473  -42.269 1.0000000000
72134  19.822  -0.981  -44.335 1.0000000000
72800  15.073  -0.608  -42.434 1.0000000000
72806  19.647  -0.130  -44.345 1.0000000000
72807  16.222  -0.650  -43.702 1.0000000000
72813  16.892  -0.342  -44.266 1.0000000000
73502  14.806  -0.226  -42.097 0.6250000000
73510  17.964  0.298  -44.338 1.0000000000
73511  17.247  0.259  -44.183 1.0000000000
74233  20.389  2.103  -42.948 1.0000000000
74240  18.853  1.791  -43.483 1.0000000000
75047  14.826  3.466  -41.417 0.3750000000
75048  13.747  3.702  -41.158 0.2500000000
75053  19.319  1.986  -43.461 1.0000000000
75055  17.888  3.183  -43.487 1.0000000000
75738  27.913  3.923  -40.710 0.3750000000
75752  15.969  4.260  -42.445 0.5000000000
76365  20.440  4.630  -39.925 0.1250000000
76366  16.548  5.717  -40.870 0.1250000000
76374  28.081  4.384  -40.984 0.1250000000
76389  14.018  4.894  -42.061 0.2500000000
76392  17.041  4.975  -43.122 0.8750000000
77023  28.522  5.266  -39.889 0.1250000000
77027  20.966  4.660  -39.922 0.1250000000
77028  19.989  4.738  -39.953 0.1250000000
77038  27.790  5.182  -41.480 0.1250000000
77668  21.595  5.079  -40.111 0.1250000000
78205  19.452  7.177  -40.374 0.1250000000
78208  28.633  5.543  -41.534 0.1250000000
78211  21.162  6.233  -40.767 0.3750000000
78212  20.729  6.426  -40.852 0.3750000000
78215  27.364  5.954  -42.027 0.1250000000
78733  29.157  5.993  -42.073 0.1250000000
79259  17.551  10.340  -38.885 0.1250000000
79273  19.009  9.917  -40.572 0.2500000000
79859  24.603  11.114  -41.171 0.3750000000
79873  22.457  10.548  -44.818 0.2500000000
80491  21.107  10.958  -42.262 0.2500000000
80496  25.303  11.808  -42.411 0.3750000000
80499  22.096  10.510  -42.946 0.3750000000
80505  25.677  12.274  -43.340 0.2500000000
80512  26.742  12.670  -44.846 0.1250000000
80514  22.825  10.570  -45.617 0.2500000000
81098  19.852  12.427  -42.760 0.1250000000
99899  12.141  5.363  -41.387 0.1250000000
99900  16.259  5.946  -41.652 0.1250000000
99902  16.535  5.420  -42.469 0.5000000000
99906  18.529  3.845  -43.108 0.6250000000
101606  20.747  6.110  -40.851 0.1250000000
101966  20.313  10.888  -41.050 0.2500000000
102971  19.583  2.670  -43.044 0.3750000000
103858  19.697  -10.804  -41.507 0.8750000000
105355  18.250  4.268  -42.967 0.2500000000
105975  18.339  -4.115  -43.852 1.0000000000
106729  19.393  -5.077  -43.783 1.0000000000
108285  13.259  5.015  -41.419 0.1250000000
108921  19.845  2.268  -43.297 0.8750000000
111213  21.296  -3.846  -42.707 1.0000000000
111411  16.837  2.143  -42.604 1.0000000000
111465  19.876  -1.950  -44.234 1.0000000000
112836  19.908  -2.863  -44.178 1.0000000000
114555  19.998  7.098  -40.627 0.1250000000
115211  29.310  8.322  -45.860 0.1250000000
116685  17.700  4.564  -43.288 0.7500000000
116954  20.238  9.964  -40.873 0.2500000000
118503  20.409  -5.857  -43.324 1.0000000000
