#!ascii label  , from subject sub-v1s12x0050118_ses-1 vox2ras=TkReg
785
135608  -31.926  -53.235  -43.126 0.5000000000
39483  -31.003  -52.258  -43.406 0.8000000119
140534  -28.352  -51.043  -45.052 0.8000000119
40501  -29.176  -51.710  -44.304 0.8000000119
40502  -30.411  -51.564  -43.745 0.8000000119
37460  -33.021  -54.383  -42.950 0.5000000000
132614  -31.029  -52.963  -43.267 0.5000000000
42611  -26.320  -50.110  -45.634 0.6999999881
131948  -28.287  -50.206  -45.442 0.6999999881
41543  -29.659  -50.829  -44.375 0.8000000119
41544  -31.013  -50.595  -44.081 0.6999999881
138219  -34.084  -54.309  -43.292 0.6000000238
39485  -33.118  -53.100  -43.421 0.5000000000
137000  -32.983  -52.523  -43.720 0.6000000238
41541  -24.509  -49.476  -43.995 0.6999999881
40503  -31.905  -51.770  -43.653 0.6000000238
41553  -33.489  -51.220  -45.036 0.6000000238
41548  -24.652  -49.759  -44.696 0.6999999881
41549  -25.251  -50.488  -45.226 0.6999999881
128430  -29.061  -49.790  -45.246 0.6999999881
41545  -32.431  -51.161  -44.257 0.6000000238
41551  -29.952  -49.908  -44.861 0.8000000119
141348  -30.983  -49.735  -44.687 0.8000000119
41552  -32.019  -50.253  -44.610 0.6999999881
38491  -34.274  -53.903  -43.329 0.4000000060
127942  -34.008  -52.840  -44.188 0.6000000238
42594  -25.086  -49.119  -43.148 0.6999999881
42598  -24.406  -48.904  -44.151 0.6999999881
42601  -25.731  -49.331  -45.231 0.6999999881
41559  -27.339  -50.146  -45.619 0.6999999881
42603  -28.304  -49.425  -45.245 0.6999999881
42604  -29.449  -49.195  -45.139 0.6000000238
42606  -31.606  -49.378  -45.101 0.6999999881
43687  -31.934  -48.567  -45.355 0.5000000000
43683  -28.867  -48.511  -44.811 0.6000000238
42605  -30.454  -49.193  -45.074 0.6000000238
135433  -30.900  -48.398  -45.102 0.6000000238
43684  -29.905  -48.380  -44.898 0.6000000238
44764  -31.401  -47.481  -45.080 0.5000000000
39487  -34.191  -53.535  -43.446 0.4000000060
39486  -34.040  -53.125  -43.905 0.5000000000
42588  -26.756  -49.676  -41.809 0.6999999881
40510  -34.632  -52.177  -45.204 0.6000000238
43680  -25.042  -48.647  -44.558 0.6999999881
41560  -33.773  -50.507  -45.612 0.6000000238
43681  -26.288  -48.560  -44.789 0.6999999881
139481  -33.881  -49.714  -46.001 0.5000000000
43689  -34.017  -48.909  -46.138 0.6000000238
43682  -27.654  -48.631  -44.762 0.6999999881
44768  -32.484  -47.849  -45.425 0.5000000000
139556  -33.605  -48.064  -45.889 0.5000000000
44763  -30.352  -47.523  -44.720 0.5000000000
41518  -29.351  -50.384  -38.827 0.6000000238
136062  -28.784  -49.132  -39.481 0.6000000238
38479  -34.499  -53.817  -43.056 0.5000000000
39475  -34.147  -52.956  -43.373 0.5000000000
144087  -27.658  -49.139  -40.721 0.6999999881
42589  -27.599  -49.731  -41.161 0.6999999881
130402  -33.928  -52.689  -44.240 0.5000000000
40505  -34.635  -52.423  -44.830 0.5000000000
41547  -35.258  -51.987  -45.154 0.4000000060
42587  -25.827  -48.730  -42.224 0.6999999881
41554  -35.887  -51.507  -45.876 0.5000000000
43674  -24.593  -48.311  -43.565 0.6999999881
43675  -24.647  -48.144  -43.818 0.6999999881
42614  -36.146  -50.200  -46.480 0.5000000000
43677  -26.986  -48.023  -44.209 0.6999999881
44757  -28.257  -47.896  -44.334 0.6000000238
136820  -35.141  -49.573  -46.463 0.5000000000
44762  -29.333  -47.565  -44.434 0.6000000238
43690  -34.998  -48.396  -46.533 0.5000000000
44758  -29.184  -46.944  -44.119 0.5000000000
44759  -29.902  -46.881  -44.336 0.5000000000
45887  -30.791  -46.881  -44.542 0.5000000000
45894  -33.335  -46.684  -45.409 0.5000000000
44765  -32.312  -47.012  -45.214 0.5000000000
45890  -33.382  -46.068  -45.154 0.3000000119
41540  -33.510  -51.108  -43.053 0.3000000119
41500  -29.489  -50.637  -37.239 0.6000000238
42563  -29.378  -49.659  -38.478 0.6000000238
41546  -34.407  -52.190  -44.219 0.4000000060
42599  -34.376  -50.874  -44.231 0.4000000060
43660  -27.189  -48.355  -40.667 0.6000000238
42610  -36.392  -50.596  -46.054 0.5000000000
151245  -25.993  -48.262  -41.692 0.6999999881
43666  -24.953  -47.647  -42.715 0.6999999881
43691  -36.457  -48.916  -46.931 0.5000000000
44756  -26.316  -47.535  -43.578 0.5000000000
44770  -36.456  -47.734  -47.060 0.5000000000
135383  -27.708  -47.494  -43.812 0.5000000000
141000  -34.616  -47.234  -46.162 0.3000000119
45895  -34.523  -46.229  -45.737 0.4000000060
45888  -31.673  -46.714  -44.728 0.5000000000
45889  -32.548  -46.403  -44.891 0.4000000060
139362  -29.419  -50.145  -36.699 0.6000000238
134015  -29.384  -48.853  -38.110 0.6000000238
43654  -29.146  -48.919  -38.922 0.6000000238
43653  -28.531  -48.339  -39.387 0.6000000238
43652  -27.556  -47.871  -39.988 0.6000000238
138053  -36.024  -49.907  -45.557 0.3000000119
42615  -36.489  -49.798  -46.501 0.4000000060
43659  -26.150  -47.890  -41.299 0.6000000238
43686  -36.712  -49.277  -46.348 0.3000000119
43667  -25.308  -47.680  -42.104 0.6000000238
44755  -25.114  -47.646  -43.357 0.6999999881
128036  -37.652  -47.124  -46.610 0.3000000119
44774  -37.191  -48.813  -47.011 0.3000000119
44751  -25.663  -47.265  -42.656 0.6000000238
45897  -37.704  -46.276  -46.506 0.3000000119
127030  -37.416  -47.385  -47.047 0.3000000119
45873  -26.410  -46.766  -42.139 0.5000000000
44752  -27.137  -47.258  -42.979 0.5000000000
44753  -28.535  -47.066  -43.441 0.5000000000
47000  -35.628  -45.645  -45.881 0.3000000119
45896  -36.547  -46.508  -46.668 0.3000000119
45880  -29.578  -46.756  -43.640 0.5000000000
46997  -34.157  -45.385  -45.176 0.3000000119
45875  -29.214  -46.906  -42.514 0.5000000000
45883  -32.095  -46.146  -44.220 0.4000000060
46996  -32.928  -45.755  -44.587 0.3000000119
42539  -29.434  -49.364  -36.516 0.5000000000
138313  -29.491  -48.892  -37.315 0.6000000238
43645  -29.004  -47.978  -38.553 0.5000000000
44743  -26.365  -47.432  -40.664 0.6000000238
45892  -38.021  -46.025  -46.014 0.3000000119
44742  -25.496  -47.067  -41.391 0.6000000238
48084  -38.075  -44.557  -45.157 0.3000000119
47001  -37.229  -45.432  -46.262 0.3000000119
45872  -25.625  -46.744  -41.877 0.6000000238
45874  -27.949  -46.964  -42.297 0.5000000000
45868  -29.880  -46.676  -41.686 0.5000000000
46990  -31.724  -45.945  -43.440 0.4000000060
46985  -31.465  -45.851  -42.551 0.4000000060
43637  -29.463  -48.462  -36.736 0.5000000000
43646  -29.372  -48.146  -37.601 0.5000000000
150817  -28.610  -47.326  -38.468 0.5000000000
44729  -28.005  -47.360  -39.119 0.5000000000
46989  -36.387  -44.757  -43.313 0.3000000119
46994  -37.347  -44.933  -44.400 0.3000000119
44736  -25.593  -46.556  -40.801 0.6000000238
46979  -25.859  -46.213  -41.442 0.6000000238
45866  -27.319  -46.448  -41.519 0.5000000000
45867  -28.751  -46.753  -41.425 0.5000000000
127673  -33.350  -45.117  -44.361 0.4000000060
46982  -31.883  -45.178  -42.129 0.4000000060
44730  -29.043  -47.238  -37.800 0.5000000000
45847  -28.272  -46.731  -38.430 0.5000000000
45846  -27.104  -46.390  -39.099 0.5000000000
46988  -34.984  -45.469  -42.808 0.4000000060
137224  -36.851  -44.023  -42.574 0.4000000060
44737  -26.580  -46.882  -39.936 0.5000000000
45858  -25.345  -46.020  -40.902 0.5000000000
48079  -37.874  -44.111  -43.731 0.4000000060
48082  -38.161  -44.040  -44.544 0.3000000119
45853  -25.589  -46.086  -40.350 0.4000000060
48081  -38.064  -43.964  -45.002 0.3000000119
130997  -25.362  -45.970  -41.078 0.5000000000
45859  -26.774  -45.857  -41.137 0.4000000060
45860  -28.309  -46.247  -40.762 0.4000000060
46981  -31.274  -45.757  -41.540 0.4000000060
45839  -29.319  -46.701  -36.982 0.5000000000
45838  -28.704  -46.327  -37.683 0.5000000000
46958  -27.791  -45.953  -38.280 0.5000000000
48072  -35.277  -44.552  -41.772 0.4000000060
151991  -26.264  -46.326  -39.712 0.5000000000
46957  -26.713  -45.593  -38.829 0.4000000060
129215  -37.542  -43.527  -42.984 0.4000000060
145165  -26.010  -45.867  -39.583 0.4000000060
46970  -25.372  -45.685  -40.768 0.4000000060
49128  -37.649  -43.642  -43.555 0.4000000060
145001  -25.642  -45.805  -41.128 0.4000000060
46972  -27.877  -45.558  -40.485 0.4000000060
46973  -29.104  -45.853  -40.145 0.4000000060
46980  -30.497  -46.233  -41.051 0.4000000060
46974  -30.116  -45.899  -40.226 0.4000000060
48069  -31.686  -45.049  -41.097 0.4000000060
48070  -32.385  -44.510  -41.689 0.4000000060
147055  -29.446  -47.082  -36.022 0.5000000000
46950  -29.062  -45.886  -37.066 0.4000000060
48068  -34.986  -44.263  -40.885 0.4000000060
48073  -36.189  -43.898  -41.717 0.4000000060
46948  -27.496  -45.144  -38.170 0.5000000000
126674  -25.337  -44.920  -40.399 0.4000000060
49125  -37.635  -42.995  -42.709 0.4000000060
46971  -26.125  -45.273  -40.857 0.4000000060
46965  -27.525  -44.834  -40.272 0.4000000060
48071  -33.220  -44.009  -42.227 0.3000000119
46975  -30.986  -45.589  -40.591 0.4000000060
46949  -28.386  -45.524  -37.605 0.5000000000
49115  -36.422  -43.382  -41.201 0.4000000060
48045  -26.401  -44.779  -38.735 0.4000000060
46956  -25.722  -45.180  -39.495 0.4000000060
48044  -25.341  -44.324  -39.571 0.4000000060
130678  -25.203  -44.828  -40.077 0.4000000060
48063  -26.092  -44.335  -40.552 0.4000000060
46966  -28.809  -45.158  -39.844 0.4000000060
46967  -29.801  -45.334  -39.724 0.4000000060
49118  -32.858  -43.815  -41.283 0.4000000060
48065  -31.322  -44.821  -40.148 0.4000000060
48066  -32.096  -44.304  -40.737 0.4000000060
48034  -28.163  -44.720  -37.489 0.4000000060
48033  -27.269  -44.303  -38.040 0.4000000060
49087  -26.203  -43.877  -38.651 0.4000000060
49086  -25.223  -43.352  -39.412 0.4000000060
48062  -25.198  -44.107  -40.243 0.4000000060
49096  -26.701  -43.435  -40.377 0.4000000060
48053  -27.460  -44.061  -40.201 0.4000000060
48055  -29.603  -44.548  -39.526 0.4000000060
49098  -29.335  -43.624  -39.413 0.4000000060
48057  -31.155  -44.270  -39.619 0.4000000060
49077  -28.068  -43.854  -37.384 0.4000000060
49076  -27.191  -43.394  -37.932 0.4000000060
50154  -25.120  -42.934  -40.075 0.4000000060
49109  -25.162  -43.312  -40.167 0.4000000060
50155  -25.338  -42.299  -40.269 0.4000000060
50156  -25.985  -42.859  -40.503 0.4000000060
50140  -27.130  -42.530  -40.302 0.4000000060
49097  -28.104  -43.280  -39.795 0.4000000060
49112  -32.492  -43.544  -40.457 0.3000000119
49099  -30.433  -43.856  -39.339 0.4000000060
49111  -31.765  -43.982  -40.009 0.4000000060
50117  -28.077  -42.923  -37.342 0.4000000060
50116  -27.206  -42.447  -37.882 0.4000000060
50127  -26.219  -42.926  -38.517 0.4000000060
50125  -25.157  -41.823  -39.648 0.4000000060
50141  -28.192  -42.145  -39.854 0.4000000060
50158  -33.715  -42.550  -40.766 0.4000000060
49113  -33.324  -43.146  -40.942 0.3000000119
50142  -29.101  -42.653  -39.406 0.4000000060
49100  -31.373  -43.605  -39.455 0.5000000000
49101  -32.089  -43.266  -39.751 0.4000000060
50143  -30.023  -42.986  -39.044 0.5000000000
51138  -28.049  -41.964  -37.331 0.4000000060
51137  -27.148  -41.430  -37.981 0.4000000060
51147  -26.347  -41.998  -38.429 0.4000000060
146171  -26.398  -41.388  -38.432 0.4000000060
51146  -25.629  -41.371  -38.950 0.4000000060
51161  -29.002  -41.723  -39.468 0.4000000060
50130  -31.447  -42.480  -38.843 0.5000000000
51125  -28.757  -41.354  -36.689 0.4000000060
144428  -27.961  -41.112  -37.426 0.4000000060
52085  -26.319  -40.720  -38.524 0.4000000060
50128  -29.720  -42.143  -38.945 0.4000000060
50129  -30.567  -42.381  -38.694 0.5000000000
52074  -28.270  -40.432  -37.191 0.4000000060
52073  -27.259  -40.310  -37.928 0.4000000060
140614  -30.219  -41.579  -38.566 0.5000000000
146254  -29.545  -40.094  -35.471 0.4000000060
52054  -29.385  -41.030  -35.737 0.4000000060
52064  -28.994  -40.354  -36.459 0.4000000060
132831  -28.480  -39.754  -36.946 0.4000000060
53026  -27.234  -38.524  -37.872 0.5000000000
45876  -30.196  -46.621  -42.806 0.5000000000
45869  -30.777  -46.314  -42.103 0.5000000000
46991  -32.518  -45.363  -43.731 0.4000000060
38489  -32.487  -53.764  -42.994 0.5000000000
40509  -28.135  -51.950  -45.183 0.8000000119
41550  -27.313  -50.906  -45.691 0.8000000119
145008  -25.914  -50.773  -45.707 0.6999999881
36427  -35.960  -55.317  -44.523 0.5000000000
40499  -25.483  -51.194  -45.092 0.6999999881
37463  -35.878  -55.088  -44.114 0.5000000000
41537  -25.522  -50.242  -43.423 0.6999999881
37444  -35.069  -54.387  -43.496 0.4000000060
37462  -35.496  -54.795  -43.695 0.4000000060
42595  -26.019  -49.659  -42.555 0.6999999881
42573  -28.723  -49.751  -39.825 0.6999999881
37445  -35.694  -54.766  -42.849 0.4000000060
38480  -35.163  -53.945  -42.313 0.4000000060
41511  -29.464  -50.426  -38.073 0.6000000238
39468  -33.964  -52.490  -42.076 0.4000000060
138060  -29.150  -50.113  -36.006 0.6000000238
41472  -28.476  -49.997  -35.489 0.5000000000
149093  -29.408  -48.755  -36.019 0.5000000000
43627  -29.474  -48.028  -36.034 0.5000000000
45820  -29.405  -46.286  -35.542 0.4000000060
46932  -29.383  -45.592  -35.081 0.4000000060
146118  -29.257  -45.505  -36.598 0.4000000060
132316  -29.414  -44.818  -35.596 0.4000000060
49064  -28.769  -43.424  -36.771 0.4000000060
50103  -28.760  -42.460  -36.665 0.4000000060
51126  -29.347  -42.053  -35.786 0.4000000060
140032  -29.592  -42.180  -34.915 0.4000000060
136689  -29.770  -40.342  -34.619 0.4000000060
39482  -29.925  -52.501  -43.733 0.8000000119
143800  -29.085  -50.318  -45.016 0.8000000119
38490  -33.833  -53.686  -43.347 0.5000000000
41558  -26.618  -50.732  -45.800 0.6999999881
42602  -26.983  -49.378  -45.260 0.6999999881
40504  -33.790  -52.323  -44.497 0.6000000238
42607  -32.683  -50.124  -45.196 0.6999999881
40512  -34.883  -51.588  -45.690 0.6000000238
42612  -32.730  -49.504  -45.513 0.6000000238
43668  -26.815  -48.842  -41.339 0.6999999881
42613  -35.091  -50.763  -46.191 0.5000000000
43661  -28.168  -48.899  -40.092 0.6000000238
39476  -34.319  -53.188  -42.570 0.5000000000
42609  -35.557  -50.932  -45.419 0.3000000119
45882  -31.279  -46.417  -44.025 0.5000000000
45877  -31.022  -46.353  -43.106 0.5000000000
45861  -29.462  -46.424  -40.713 0.4000000060
48074  -32.629  -44.698  -42.801 0.4000000060
48064  -30.604  -45.347  -39.953 0.4000000060
48054  -28.544  -44.297  -39.766 0.4000000060
48021  -28.860  -44.310  -36.952 0.4000000060
135229  -27.744  -39.570  -37.501 0.4000000060
33219  -27.780  -58.142  -51.094 0.4000000060
34277  -28.750  -56.970  -52.213 0.4000000060
150735  -29.569  -56.640  -51.056 0.4000000060
33210  -30.507  -57.242  -49.362 0.4000000060
34269  -27.979  -56.834  -50.214 0.4000000060
35390  -29.405  -56.523  -50.171 0.4000000060
35386  -30.108  -56.581  -49.692 0.4000000060
35385  -28.995  -56.391  -49.205 0.4000000060
145966  -30.428  -57.264  -47.566 0.5000000000
134468  -27.853  -56.793  -49.359 0.4000000060
35389  -28.385  -56.595  -49.709 0.4000000060
35381  -28.235  -56.043  -48.433 0.5000000000
35382  -29.742  -56.403  -48.621 0.5000000000
35377  -29.750  -55.887  -47.153 0.6000000238
33196  -27.704  -57.778  -47.839 0.4000000060
146180  -27.621  -56.963  -48.642 0.4000000060
34260  -27.340  -56.054  -48.112 0.4000000060
133182  -30.113  -56.445  -47.718 0.5000000000
37446  -36.776  -54.942  -42.405 0.4000000060
37433  -36.283  -53.955  -41.531 0.3000000119
34254  -30.535  -56.984  -46.669 0.5000000000
151006  -35.421  -56.453  -44.621 0.5000000000
36441  -36.459  -56.072  -45.028 0.4000000060
34245  -28.127  -57.188  -45.870 0.4000000060
125145  -28.886  -55.838  -47.929 0.5000000000
33177  -28.284  -58.191  -46.046 0.4000000060
128043  -27.498  -56.855  -47.761 0.4000000060
34246  -30.784  -57.026  -45.613 0.6000000238
34229  -31.128  -56.971  -44.692 0.6999999881
36426  -35.199  -55.563  -44.104 0.5000000000
34247  -31.295  -57.757  -44.970 0.6999999881
34232  -33.278  -58.116  -43.999 0.6999999881
35345  -34.489  -56.513  -43.832 0.6999999881
34230  -31.639  -57.587  -44.343 0.6999999881
34216  -32.659  -57.273  -43.604 0.6999999881
145444  -27.342  -55.480  -48.014 0.5000000000
125144  -28.024  -55.156  -47.777 0.6000000238
125142  -29.299  -55.462  -46.598 0.6000000238
142801  -27.347  -56.166  -46.931 0.5000000000
125143  -26.888  -54.890  -47.624 0.6000000238
148415  -30.335  -56.274  -46.263 0.6000000238
35370  -30.440  -56.083  -45.402 0.6000000238
35357  -30.965  -56.215  -44.279 0.6000000238
38470  -34.731  -53.306  -41.890 0.3000000119
34215  -31.688  -56.966  -43.853 0.6999999881
36425  -33.979  -55.680  -43.371 0.6000000238
127090  -33.467  -54.985  -43.063 0.5000000000
148574  -28.348  -56.591  -44.689 0.6000000238
125756  -27.707  -56.062  -45.850 0.6000000238
125491  -26.837  -54.830  -46.984 0.6999999881
125146  -27.541  -54.563  -47.341 0.6000000238
36449  -29.380  -55.059  -45.921 0.6000000238
125688  -27.033  -55.496  -47.735 0.6000000238
36440  -30.321  -55.411  -44.756 0.6000000238
36422  -30.834  -55.487  -43.809 0.6999999881
36423  -31.536  -55.319  -43.222 0.6999999881
35343  -32.249  -56.431  -43.343 0.6999999881
144835  -32.849  -55.769  -43.094 0.6999999881
125141  -27.711  -55.174  -44.760 0.6000000238
36438  -27.163  -54.565  -45.699 0.6999999881
125617  -26.686  -54.296  -46.801 0.6999999881
125565  -26.800  -54.235  -47.234 0.6999999881
37473  -28.362  -54.280  -46.303 0.6000000238
38488  -31.270  -53.827  -43.163 0.5000000000
37470  -30.182  -54.716  -44.261 0.6999999881
37443  -31.900  -54.526  -42.939 0.6000000238
138649  -26.803  -52.851  -46.583 0.6999999881
132377  -27.851  -52.893  -46.042 0.6999999881
37468  -26.704  -53.950  -46.477 0.6999999881
38494  -28.349  -53.521  -45.809 0.5000000000
38496  -27.041  -53.604  -47.112 0.6999999881
145739  -28.354  -53.927  -46.056 0.6000000238
37458  -29.667  -53.910  -44.398 0.6999999881
36439  -29.598  -54.759  -45.224 0.6000000238
148798  -30.433  -54.181  -43.638 0.6999999881
37459  -30.947  -54.731  -43.363 0.6000000238
40508  -27.186  -51.830  -45.993 0.6999999881
40507  -26.413  -51.521  -45.885 0.6999999881
38487  -30.242  -53.453  -43.641 0.6000000238
39490  -28.630  -52.470  -44.861 0.6999999881
38486  -29.207  -53.136  -44.615 0.6000000238
34274  -28.430  -56.944  -51.309 0.4000000060
149290  -30.321  -56.806  -48.342 0.4000000060
33187  -27.933  -58.031  -47.021 0.4000000060
35384  -28.013  -56.530  -48.732 0.4000000060
34253  -27.229  -56.181  -47.621 0.4000000060
127373  -27.644  -57.091  -46.887 0.4000000060
34217  -33.886  -57.381  -43.824 0.6999999881
35344  -33.301  -56.553  -43.355 0.6999999881
125607  -26.978  -55.321  -47.215 0.6000000238
125619  -26.951  -53.967  -47.346 0.6000000238
145907  -26.785  -53.676  -46.967 0.6999999881
37469  -29.220  -54.200  -45.276 0.6000000238
146452  -27.062  -52.820  -46.697 0.6000000238
37457  -27.456  -54.548  -44.669 0.5000000000
135283  -28.462  -56.916  -43.981 0.4000000060
35356  -28.152  -55.981  -44.540 0.5000000000
135726  -27.349  -54.147  -44.078 0.6000000238
34214  -28.618  -57.768  -43.688 0.4000000060
34201  -28.345  -57.260  -42.976 0.5000000000
35341  -28.191  -56.436  -43.532 0.5000000000
36421  -27.833  -55.550  -43.659 0.5000000000
36420  -27.470  -54.792  -43.320 0.5000000000
37442  -27.232  -54.147  -43.151 0.5000000000
134887  -27.025  -53.841  -45.257 0.6000000238
131066  -26.569  -52.798  -45.873 0.5000000000
38485  -26.989  -53.482  -44.576 0.5000000000
39481  -26.341  -52.395  -45.238 0.6999999881
39474  -26.655  -52.549  -43.709 0.6000000238
40500  -26.061  -51.817  -44.363 0.6000000238
34190  -28.284  -57.906  -42.145 0.5000000000
144039  -27.942  -57.051  -42.014 0.5000000000
36403  -27.579  -55.519  -42.563 0.5000000000
127033  -27.468  -54.812  -42.509 0.5000000000
39480  -26.006  -51.819  -45.690 0.6000000238
38478  -27.010  -53.385  -43.098 0.6000000238
137633  -26.638  -51.970  -42.880 0.5000000000
40496  -25.522  -51.067  -44.165 0.6000000238
149022  -27.923  -57.618  -41.470 0.5000000000
35330  -27.668  -56.224  -41.822 0.5000000000
37421  -27.845  -54.749  -41.221 0.5000000000
36394  -27.633  -55.322  -41.689 0.5000000000
38468  -27.399  -53.452  -41.889 0.5000000000
39466  -27.060  -52.708  -42.457 0.5000000000
128009  -27.733  -57.807  -40.792 0.5000000000
128965  -27.632  -56.136  -40.989 0.5000000000
134138  -27.800  -56.107  -40.122 0.5000000000
36372  -28.214  -55.460  -39.516 0.5000000000
37413  -28.690  -54.531  -39.131 0.6000000238
37422  -28.396  -54.534  -40.314 0.4000000060
38441  -29.062  -53.747  -38.622 0.4000000060
38469  -28.148  -53.261  -41.087 0.5000000000
37432  -27.956  -54.023  -41.236 0.4000000060
38429  -29.268  -53.023  -38.067 0.4000000060
38442  -29.344  -52.965  -38.996 0.5000000000
38459  -28.746  -53.046  -40.396 0.5000000000
39435  -28.983  -52.972  -37.173 0.4000000060
39460  -28.320  -52.628  -40.886 0.6000000238
139842  -27.346  -51.974  -41.841 0.6000000238
40490  -27.047  -51.205  -42.159 0.6000000238
41531  -27.397  -50.469  -41.611 0.6000000238
38452  -28.963  -53.639  -39.697 0.5000000000
142070  -29.411  -52.376  -38.479 0.5000000000
39454  -29.310  -52.048  -39.277 0.5000000000
131870  -29.128  -52.797  -39.724 0.5000000000
39423  -29.026  -52.188  -36.752 0.4000000060
39436  -29.370  -52.156  -37.613 0.5000000000
40475  -28.976  -51.253  -39.815 0.6000000238
39453  -28.757  -52.145  -40.260 0.6000000238
41532  -28.114  -50.482  -40.939 0.6000000238
39447  -29.449  -51.637  -38.462 0.5000000000
41471  -28.111  -50.869  -35.606 0.3000000119
40427  -28.371  -51.503  -35.946 0.4000000060
40443  -28.880  -51.482  -36.354 0.4000000060
40444  -29.356  -51.456  -36.964 0.5000000000
41517  -29.077  -50.458  -39.489 0.5000000000
41525  -28.639  -50.496  -40.194 0.6000000238
135549  -29.310  -46.961  -35.182 0.3000000119
43616  -28.645  -48.078  -34.990 0.3000000119
43617  -29.094  -48.497  -35.483 0.4000000060
42526  -28.475  -48.970  -35.146 0.4000000060
45808  -28.425  -46.339  -34.149 0.3000000119
48012  -29.379  -44.142  -35.142 0.3000000119
50104  -29.213  -43.037  -36.065 0.3000000119
50091  -29.455  -42.827  -35.254 0.3000000119
51103  -29.596  -41.802  -34.255 0.3000000119
51113  -29.648  -41.477  -34.999 0.3000000119
41489  -29.212  -50.796  -36.476 0.5000000000
45809  -29.126  -46.372  -34.719 0.3000000119
39488  -26.665  -52.414  -46.115 0.5000000000
35331  -27.890  -56.347  -42.709 0.5000000000
39467  -27.697  -52.687  -41.531 0.5000000000
40491  -27.810  -51.222  -41.371 0.6000000238
145470  -36.966  -56.654  -45.714 0.3000000119
126603  -34.480  -58.017  -44.250 0.6000000238
148433  -35.082  -57.256  -44.492 0.6000000238
137003  -42.651  -53.608  -43.141 0.3000000119
128609  -40.813  -54.637  -43.407 0.3000000119
36405  -38.196  -55.854  -43.520 0.3000000119
36404  -37.247  -55.595  -43.257 0.3000000119
36406  -39.825  -55.542  -43.380 0.3000000119
36428  -36.907  -55.903  -44.357 0.3000000119
37464  -36.363  -55.360  -43.886 0.3000000119
34233  -35.594  -57.717  -44.835 0.6000000238
136591  -36.514  -57.192  -45.563 0.5000000000
37426  -42.786  -54.166  -41.623 0.3000000119
37436  -40.716  -53.709  -42.764 0.3000000119
37448  -39.554  -54.753  -43.006 0.3000000119
37447  -38.009  -54.966  -42.494 0.3000000119
35348  -38.214  -56.375  -43.560 0.3000000119
36429  -37.431  -56.504  -44.549 0.3000000119
34235  -37.343  -57.041  -45.418 0.4000000060
34228  -28.545  -57.306  -44.707 0.4000000060
37425  -40.988  -54.860  -40.235 0.3000000119
38474  -41.065  -53.252  -42.342 0.3000000119
38463  -39.678  -53.573  -41.646 0.3000000119
37435  -39.064  -53.934  -42.123 0.3000000119
150405  -30.552  -59.845  -47.106 0.5000000000
30986  -30.780  -60.245  -46.699 0.5000000000
34276  -30.244  -56.906  -50.896 0.4000000060
33204  -30.091  -58.221  -49.515 0.4000000060
33205  -30.299  -58.211  -48.460 0.4000000060
30997  -30.351  -60.414  -47.388 0.5000000000
32129  -32.191  -59.904  -45.170 0.5000000000
138385  -31.794  -60.300  -45.581 0.5000000000
32142  -30.685  -59.242  -46.761 0.5000000000
32118  -34.007  -58.981  -44.288 0.6000000238
145768  -33.112  -59.387  -44.523 0.6000000238
32115  -32.208  -59.234  -44.797 0.5000000000
32128  -31.611  -59.467  -45.423 0.5000000000
141502  -30.422  -57.305  -48.442 0.3000000119
33197  -30.436  -58.233  -47.537 0.4000000060
33189  -31.088  -58.867  -45.968 0.5000000000
33152  -34.560  -58.469  -44.109 0.6000000238
33164  -32.718  -58.731  -44.299 0.6000000238
33163  -31.861  -58.338  -44.490 0.6000000238
33188  -30.649  -58.093  -46.678 0.4000000060
33153  -35.233  -58.235  -44.110 0.6000000238
35332  -39.051  -56.197  -43.443 0.3000000119
34219  -37.056  -57.367  -44.078 0.4000000060
33178  -30.948  -57.900  -45.822 0.4000000060
35333  -40.513  -55.578  -43.293 0.3000000119
36407  -41.197  -54.926  -43.573 0.3000000119
35347  -37.646  -56.702  -44.236 0.3000000119
34234  -36.740  -57.319  -45.380 0.5000000000
34231  -32.230  -57.867  -44.027 0.6000000238
33166  -34.640  -58.254  -44.204 0.6000000238
33165  -33.792  -58.849  -44.265 0.6000000238
34202  -37.941  -56.890  -43.307 0.3000000119
32103  -34.198  -59.247  -43.576 0.5000000000
32093  -35.182  -59.136  -42.205 0.5000000000
33141  -35.435  -58.384  -42.838 0.5000000000
33129  -35.865  -58.730  -41.903 0.4000000060
33142  -36.295  -58.040  -42.664 0.5000000000
152046  -35.759  -59.463  -41.762 0.5000000000
32092  -34.586  -59.584  -42.596 0.5000000000
30931  -36.137  -60.038  -41.636 0.4000000060
142312  -37.539  -58.824  -41.362 0.4000000060
33130  -36.738  -58.413  -41.713 0.4000000060
33154  -36.090  -57.924  -44.230 0.5000000000
32116  -32.966  -59.929  -44.883 0.5000000000
30955  -33.736  -59.887  -44.040 0.5000000000
34191  -37.195  -57.631  -42.342 0.4000000060
151849  -30.777  -65.507  -49.176 0.3000000119
25259  -31.328  -65.898  -49.333 0.3000000119
25244  -30.947  -65.865  -48.451 0.3000000119
150953  -31.214  -65.925  -47.171 0.3000000119
24017  -32.841  -66.690  -46.642 0.4000000060
25232  -30.878  -65.568  -47.718 0.3000000119
26415  -30.633  -64.774  -47.659 0.3000000119
24018  -33.801  -66.728  -46.513 0.4000000060
25217  -32.241  -65.983  -46.203 0.4000000060
26416  -31.030  -65.175  -47.069 0.3000000119
27466  -30.397  -63.893  -47.614 0.3000000119
24004  -34.842  -66.139  -45.773 0.4000000060
25199  -34.313  -65.623  -45.277 0.4000000060
26402  -31.844  -65.189  -45.900 0.4000000060
26401  -31.301  -64.763  -46.418 0.4000000060
27479  -30.040  -63.606  -48.412 0.4000000060
27467  -30.879  -64.285  -47.012 0.4000000060
26379  -38.342  -64.446  -44.912 0.3000000119
25182  -34.778  -65.095  -44.798 0.4000000060
26377  -35.302  -64.433  -44.379 0.4000000060
25181  -33.808  -64.978  -44.880 0.4000000060
26375  -32.703  -64.157  -44.849 0.4000000060
27455  -31.218  -63.861  -46.405 0.4000000060
27454  -30.703  -63.253  -46.903 0.4000000060
27420  -38.078  -63.320  -43.901 0.3000000119
27430  -33.811  -63.747  -44.128 0.4000000060
26376  -34.244  -64.421  -44.404 0.4000000060
147273  -33.114  -63.609  -44.384 0.4000000060
151060  -32.976  -62.849  -44.289 0.4000000060
27429  -32.558  -63.341  -44.765 0.4000000060
28623  -32.128  -62.759  -45.430 0.4000000060
141259  -31.172  -63.116  -46.365 0.4000000060
28641  -30.447  -62.164  -47.011 0.4000000060
28600  -35.744  -62.812  -43.351 0.4000000060
27418  -34.945  -63.214  -43.570 0.4000000060
142202  -32.961  -62.143  -44.336 0.4000000060
139865  -32.026  -61.921  -45.899 0.4000000060
28635  -31.522  -62.572  -46.112 0.4000000060
28640  -29.904  -62.117  -47.824 0.4000000060
28599  -34.622  -62.565  -43.267 0.4000000060
28598  -33.766  -62.447  -43.487 0.4000000060
29767  -33.001  -61.355  -44.506 0.4000000060
30973  -32.230  -61.176  -45.673 0.4000000060
137692  -30.666  -61.141  -46.821 0.4000000060
29793  -31.341  -60.858  -46.170 0.4000000060
29758  -34.053  -61.740  -43.003 0.4000000060
30965  -33.235  -60.748  -43.853 0.4000000060
30974  -32.558  -60.517  -45.257 0.4000000060
30945  -35.890  -60.754  -42.015 0.4000000060
148620  -33.544  -61.245  -43.305 0.4000000060
30956  -33.861  -60.707  -43.016 0.4000000060
30932  -37.088  -59.816  -41.516 0.3000000119
30944  -34.578  -60.384  -42.478 0.4000000060
141060  -37.544  -58.038  -41.554 0.3000000119
127579  -33.367  -60.110  -44.564 0.4000000060
24002  -33.110  -66.183  -45.926 0.4000000060
25197  -32.584  -65.454  -45.536 0.4000000060
26389  -32.301  -64.675  -45.373 0.4000000060
26388  -31.704  -64.308  -45.849 0.4000000060
26378  -36.704  -64.309  -44.482 0.4000000060
27434  -39.051  -63.976  -44.450 0.3000000119
142441  -33.392  -64.327  -44.568 0.4000000060
28601  -37.050  -62.721  -43.320 0.3000000119
27419  -36.772  -63.478  -43.822 0.4000000060
27432  -35.648  -63.690  -43.897 0.4000000060
27416  -33.499  -63.034  -43.948 0.4000000060
28583  -36.186  -62.068  -42.808 0.4000000060
29768  -33.304  -61.731  -43.656 0.4000000060
29792  -31.188  -61.800  -46.340 0.4000000060
130771  -32.826  -61.096  -45.211 0.4000000060
29744  -34.686  -61.208  -42.511 0.4000000060
24006  -37.052  -66.270  -46.614 0.3000000119
24037  -35.879  -67.139  -47.597 0.3000000119
24036  -34.518  -67.091  -47.354 0.3000000119
24019  -35.011  -66.647  -46.586 0.3000000119
24005  -35.748  -66.236  -46.160 0.3000000119
25201  -36.994  -65.647  -45.774 0.3000000119
130703  -36.167  -65.799  -45.755 0.3000000119
25183  -36.049  -65.139  -45.086 0.3000000119
28584  -37.295  -61.998  -42.792 0.3000000119
29746  -36.506  -61.396  -42.315 0.3000000119
30946  -36.787  -60.658  -41.891 0.3000000119
25184  -37.546  -65.035  -45.380 0.3000000119
29759  -35.122  -62.017  -42.783 0.3000000119
24003  -34.045  -66.230  -45.819 0.4000000060
24033  -31.256  -66.310  -47.731 0.3000000119
24034  -31.869  -66.492  -47.010 0.3000000119
25198  -33.420  -65.566  -45.355 0.4000000060
25200  -35.273  -65.699  -45.404 0.3000000119
25216  -31.472  -65.657  -46.559 0.3000000119
25231  -30.609  -65.186  -48.434 0.3000000119
25258  -31.246  -65.323  -50.107 0.3000000119
25272  -32.100  -65.476  -50.478 0.3000000119
26390  -32.973  -64.897  -45.029 0.4000000060
26429  -30.308  -64.436  -48.399 0.3000000119
27417  -34.189  -63.135  -43.666 0.4000000060
27431  -34.658  -63.785  -43.997 0.4000000060
27433  -37.734  -63.859  -44.328 0.3000000119
27442  -31.625  -63.396  -45.921 0.4000000060
27443  -32.130  -63.805  -45.321 0.4000000060
28614  -32.638  -62.618  -44.761 0.4000000060
28634  -30.944  -62.567  -46.517 0.4000000060
29745  -35.575  -61.410  -42.375 0.4000000060
29777  -32.675  -61.856  -45.248 0.4000000060
30964  -33.076  -60.587  -44.835 0.4000000060
32082  -36.455  -59.235  -41.540 0.4000000060
32117  -33.465  -59.578  -44.439 0.6000000238
32143  -31.191  -59.845  -46.066 0.5000000000
32154  -30.356  -59.354  -47.653 0.5000000000
33140  -34.724  -58.753  -43.151 0.5000000000
33167  -35.218  -58.058  -44.570 0.6000000238
33168  -35.924  -57.817  -45.098 0.6000000238
33179  -31.453  -58.611  -45.188 0.5000000000
33220  -30.039  -57.690  -50.755 0.4000000060
34218  -35.945  -56.893  -45.390 0.5000000000
34220  -37.482  -57.116  -44.776 0.3000000119
34264  -27.665  -57.104  -49.670 0.4000000060
34265  -30.464  -56.823  -49.175 0.4000000060
34270  -30.509  -56.845  -50.035 0.4000000060
34278  -29.219  -57.024  -52.237 0.4000000060
35319  -27.645  -56.965  -41.117 0.5000000000
35342  -31.500  -56.063  -43.561 0.6999999881
35346  -36.020  -56.065  -45.111 0.5000000000
35358  -36.717  -56.632  -45.609 0.3000000119
35359  -37.107  -56.863  -45.767 0.4000000060
35360  -37.389  -56.910  -45.360 0.4000000060
35391  -30.139  -56.719  -50.670 0.4000000060
35392  -29.162  -56.722  -51.779 0.4000000060
35393  -29.792  -56.780  -51.584 0.4000000060
36383  -27.882  -55.410  -40.644 0.5000000000
36385  -43.241  -54.495  -41.823 0.3000000119
36424  -32.424  -55.126  -42.965 0.6000000238
36442  -37.094  -56.619  -45.492 0.3000000119
37427  -43.547  -54.257  -41.964 0.3000000119
37431  -27.428  -54.300  -42.098 0.5000000000
37437  -42.109  -53.382  -42.203 0.3000000119
37438  -43.273  -53.890  -42.303 0.3000000119
37449  -41.739  -54.047  -43.349 0.3000000119
37461  -34.564  -54.815  -43.480 0.6000000238
38428  -28.825  -53.722  -37.671 0.4000000060
38464  -40.854  -53.542  -41.641 0.3000000119
38481  -41.992  -53.203  -43.024 0.3000000119
38482  -42.930  -53.515  -42.809 0.3000000119
38492  -26.775  -53.318  -46.425 0.6999999881
38493  -26.911  -53.135  -46.769 0.6999999881
38495  -26.757  -53.924  -47.138 0.6999999881
39484  -31.939  -52.619  -43.330 0.5000000000
39489  -27.314  -52.604  -46.300 0.6000000238
40457  -29.456  -51.214  -37.800 0.6000000238
40468  -29.432  -50.949  -38.467 0.6000000238
40476  -29.342  -51.117  -39.080 0.5000000000
40483  -28.448  -51.262  -40.622 0.6000000238
40497  -26.275  -51.154  -43.204 0.6000000238
40498  -33.867  -52.144  -42.898 0.4000000060
40506  -25.820  -51.231  -45.602 0.6999999881
40511  -35.305  -51.878  -45.442 0.5000000000
41488  -28.713  -50.811  -35.925 0.4000000060
41538  -26.563  -50.431  -42.391 0.6999999881
41542  -24.994  -50.402  -44.511 0.6999999881
41555  -36.197  -50.857  -46.143 0.5000000000
41556  -24.882  -49.948  -45.127 0.6999999881
41557  -25.387  -50.067  -45.379 0.6999999881
41561  -35.794  -51.428  -46.097 0.5000000000
42527  -29.083  -49.317  -35.677 0.5000000000
42552  -29.494  -49.711  -37.503 0.6000000238
42574  -29.156  -49.715  -39.197 0.6000000238
42581  -28.231  -49.748  -40.504 0.6000000238
42593  -24.530  -48.692  -43.639 0.6999999881
42600  -24.801  -49.450  -44.914 0.6999999881
42616  -36.891  -49.308  -46.773 0.4000000060
43671  -24.721  -48.161  -42.918 0.6999999881
43676  -25.586  -47.944  -44.143 0.6999999881
43688  -32.987  -48.775  -45.742 0.6000000238
44704  -29.187  -47.672  -35.344 0.3000000119
44748  -25.421  -47.258  -42.123 0.6000000238
44750  -24.705  -47.854  -43.175 0.6999999881
44767  -37.071  -48.002  -46.096 0.3000000119
44769  -33.177  -47.334  -45.551 0.5000000000
44771  -37.106  -48.238  -47.108 0.3000000119
44772  -37.289  -48.340  -46.988 0.3000000119
44773  -37.110  -49.113  -46.911 0.4000000060
45830  -29.360  -46.163  -36.369 0.4000000060
45865  -25.651  -46.428  -41.255 0.6000000238
45881  -30.449  -46.564  -43.828 0.5000000000
45893  -38.023  -45.300  -45.851 0.3000000119
46941  -29.436  -45.526  -35.969 0.4000000060
46964  -25.382  -45.435  -40.208 0.4000000060
46986  -32.036  -45.408  -42.940 0.4000000060
46995  -38.060  -44.485  -44.745 0.3000000119
46999  -38.076  -45.097  -45.363 0.3000000119
48022  -29.279  -44.865  -36.444 0.4000000060
48035  -28.937  -45.120  -37.075 0.4000000060
48051  -24.969  -43.822  -39.982 0.4000000060
48052  -25.054  -44.292  -40.097 0.4000000060
48056  -30.535  -44.753  -39.618 0.4000000060
48075  -35.510  -44.814  -42.462 0.4000000060
49054  -29.361  -43.487  -35.521 0.3000000119
49065  -29.267  -43.996  -36.145 0.4000000060
49085  -25.083  -42.662  -39.698 0.4000000060
49088  -30.916  -43.093  -39.014 0.5000000000
49089  -31.625  -43.016  -39.268 0.5000000000
49095  -24.994  -43.234  -39.900 0.4000000060
49110  -25.687  -43.619  -40.438 0.4000000060
49121  -37.517  -42.786  -41.904 0.4000000060
49129  -37.194  -43.660  -44.477 0.3000000119
49130  -37.941  -43.712  -44.350 0.3000000119
50126  -25.587  -42.264  -38.929 0.4000000060
50139  -25.034  -42.234  -39.945 0.4000000060
51149  -30.762  -40.975  -38.203 0.5000000000
52044  -29.695  -40.790  -35.018 0.4000000060
52998  -29.819  -39.620  -34.564 0.4000000060
53027  -28.173  -38.948  -37.127 0.4000000060
125140  -27.351  -55.148  -45.784 0.6999999881
125687  -28.243  -57.442  -51.877 0.4000000060
128871  -31.109  -41.793  -38.392 0.5000000000
129960  -41.575  -54.097  -41.011 0.3000000119
130495  -28.529  -52.028  -36.337 0.4000000060
130830  -28.783  -56.679  -50.699 0.4000000060
132552  -28.500  -53.710  -40.557 0.5000000000
133145  -28.651  -47.310  -44.078 0.5000000000
135066  -34.719  -54.297  -43.377 0.4000000060
137826  -34.102  -59.946  -43.007 0.5000000000
139277  -28.132  -51.981  -41.121 0.6000000238
139567  -26.732  -52.925  -44.465 0.6999999881
139886  -35.293  -60.050  -42.016 0.5000000000
140858  -33.460  -44.086  -43.109 0.3000000119
144647  -24.970  -43.829  -39.920 0.4000000060
145680  -35.183  -60.781  -42.203 0.4000000060
145803  -29.404  -47.611  -36.861 0.5000000000
146676  -25.002  -47.558  -42.793 0.6000000238
147773  -33.273  -62.434  -43.892 0.4000000060
148010  -30.469  -57.184  -50.136 0.4000000060
149624  -31.707  -61.443  -46.024 0.4000000060
150597  -32.036  -55.770  -43.163 0.6999999881
152147  -39.905  -54.863  -39.808 0.3000000119
152155  -28.690  -58.343  -43.565 0.4000000060
