#!ascii label  , from subject sub-v1s12x0050118_ses-1 vox2ras=TkReg
1563
55142  55.094  -36.068  21.087 0.0000000000
32092  40.852  -58.595  32.659 0.0000000000
21459  27.683  -67.423  36.655 0.0000000000
14694  24.340  -73.020  38.463 0.0000000000
23747  36.879  -65.572  37.503 0.0000000000
27545  32.502  -62.473  29.529 0.0000000000
48546  53.434  -44.732  21.657 0.0000000000
60676  55.628  -30.238  22.606 0.0000000000
46315  51.503  -45.832  30.559 0.0000000000
42289  42.866  -49.715  27.070 0.0000000000
35618  34.996  -55.108  24.304 0.0000000000
20270  29.393  -67.949  39.418 0.0000000000
17999  25.719  -70.499  38.278 0.0000000000
17962  26.396  -70.379  41.828 0.0000000000
22627  32.077  -65.818  36.802 0.0000000000
127137  55.878  -45.056  28.988 0.0000000000
29740  42.813  -59.510  37.275 0.0000000000
36629  44.317  -54.660  34.862 0.0000000000
40113  46.964  -51.547  31.628 0.0000000000
37925  41.614  -53.775  30.386 0.0000000000
39115  38.362  -52.382  25.589 0.0000000000
34386  37.724  -56.619  28.327 0.0000000000
25104  28.167  -63.976  29.004 0.0000000000
131838  29.532  -61.051  25.780 0.0000000000
57878  59.176  -33.248  20.661 0.0000000000
60730  58.190  -30.459  18.712 0.0000000000
21503  25.938  -67.354  32.489 0.0000000000
130364  26.306  -70.516  35.263 0.0000000000
26284  39.437  -63.352  33.771 0.0000000000
130947  37.197  -61.561  30.678 0.0000000000
25037  34.620  -64.375  33.843 0.0000000000
23805  29.682  -65.136  33.487 0.0000000000
52351  53.740  -39.635  21.936 0.0000000000
16819  21.567  -71.135  43.218 0.0000000000
17993  19.330  -69.971  38.302 0.0000000000
56935  59.790  -34.474  23.999 0.0000000000
54127  57.523  -38.115  24.374 0.0000000000
49517  56.353  -43.136  24.870 0.0000000000
48464  53.377  -43.743  26.069 0.0000000000
48469  48.389  -43.641  26.012 0.0000000000
44196  49.929  -47.097  35.066 0.0000000000
45348  46.002  -46.546  29.379 0.0000000000
46393  43.526  -45.396  24.475 0.0000000000
44321  39.854  -47.827  22.433 0.0000000000
31003  34.423  -59.286  26.571 0.0000000000
21370  29.229  -67.127  42.004 0.0000000000
19114  28.009  -68.988  41.266 0.0000000000
139015  27.807  -68.118  41.874 0.0000000000
21398  30.967  -66.863  39.949 0.0000000000
30896  42.662  -59.356  34.832 0.0000000000
33183  42.753  -57.075  34.012 0.0000000000
36665  43.702  -54.548  32.765 0.0000000000
34350  41.150  -56.492  31.849 0.0000000000
36711  39.675  -54.808  29.278 0.0000000000
33235  39.272  -57.298  30.500 0.0000000000
22730  26.264  -66.553  28.436 0.0000000000
25126  27.275  -64.620  26.470 0.0000000000
56969  56.861  -34.392  20.552 0.0000000000
57913  57.735  -32.963  18.927 0.0000000000
56979  55.546  -34.240  19.569 0.0000000000
21494  26.858  -67.067  33.958 0.0000000000
20321  25.457  -68.763  33.126 0.0000000000
20309  25.630  -68.637  35.796 0.0000000000
15752  25.516  -72.189  39.112 0.0000000000
140657  26.862  -72.574  38.015 0.0000000000
14715  24.906  -73.575  37.506 0.0000000000
15774  23.952  -72.245  36.267 0.0000000000
24984  40.570  -64.227  37.283 0.0000000000
23773  38.343  -65.184  35.604 0.0000000000
25034  37.239  -64.253  33.729 0.0000000000
23789  35.363  -65.576  35.546 0.0000000000
22629  29.847  -66.800  36.619 0.0000000000
23803  31.151  -65.304  34.921 0.0000000000
22653  28.589  -66.335  34.612 0.0000000000
22676  28.042  -65.961  32.947 0.0000000000
50553  53.088  -42.191  21.328 0.0000000000
51477  51.664  -40.630  20.107 0.0000000000
134898  51.485  -42.718  19.688 0.0000000000
17995  17.144  -70.415  38.695 0.0000000000
51417  56.217  -40.846  24.559 0.0000000000
51397  57.411  -40.941  26.699 0.0000000000
46334  53.783  -45.947  29.777 0.0000000000
47392  54.661  -45.119  27.580 0.0000000000
143355  52.152  -44.641  27.680 0.0000000000
48467  49.986  -43.667  26.263 0.0000000000
47376  49.559  -44.871  28.275 0.0000000000
41198  44.403  -50.668  29.172 0.0000000000
43222  46.174  -48.988  30.697 0.0000000000
43238  44.752  -48.190  28.432 0.0000000000
46369  44.909  -45.901  27.069 0.0000000000
43257  43.018  -48.072  25.885 0.0000000000
45405  41.365  -46.706  23.056 0.0000000000
42311  41.282  -49.132  24.679 0.0000000000
40217  36.881  -51.013  22.977 0.0000000000
27542  35.234  -62.204  29.745 0.0000000000
29878  35.976  -60.138  28.595 0.0000000000
29881  34.035  -61.049  27.711 0.0000000000
31038  30.370  -59.614  23.804 0.0000000000
146667  52.891  -28.396  20.889 0.0000000000
60707  53.896  -30.594  20.902 0.0000000000
20292  29.056  -67.637  37.952 0.0000000000
145495  26.589  -68.312  37.667 0.0000000000
20271  26.785  -68.685  39.097 0.0000000000
17981  25.608  -70.203  39.925 0.0000000000
15746  24.333  -71.979  40.343 0.0000000000
23734  34.711  -64.868  38.730 0.0000000000
22614  34.394  -65.868  37.118 0.0000000000
22603  32.192  -65.892  38.040 0.0000000000
133413  30.474  -66.888  37.966 0.0000000000
50472  56.573  -41.480  29.051 0.0000000000
45286  53.313  -46.387  32.102 0.0000000000
37869  46.031  -53.306  33.515 0.0000000000
39012  44.186  -53.002  31.067 0.0000000000
39063  42.271  -51.929  28.971 0.0000000000
41221  40.478  -50.805  26.360 0.0000000000
39066  39.897  -53.017  28.132 0.0000000000
36739  38.191  -54.206  27.046 0.0000000000
35574  36.474  -55.864  26.190 0.0000000000
26337  30.284  -62.999  29.890 0.0000000000
28761  31.034  -61.682  27.984 0.0000000000
27578  28.596  -62.701  27.339 0.0000000000
60690  58.310  -30.544  21.502 0.0000000000
59810  56.528  -30.843  20.084 0.0000000000
60703  59.018  -30.963  19.720 0.0000000000
18008  25.698  -69.958  36.457 0.0000000000
27472  41.884  -62.434  35.523 0.0000000000
28702  40.137  -61.502  33.232 0.0000000000
30940  38.558  -59.944  31.235 0.0000000000
27501  38.479  -62.420  32.324 0.0000000000
137747  35.939  -63.295  31.927 0.0000000000
26317  33.866  -63.248  31.764 0.0000000000
23791  33.508  -65.207  35.078 0.0000000000
25038  32.156  -64.479  33.885 0.0000000000
26319  31.041  -63.351  31.340 0.0000000000
124084  28.756  -64.560  31.160 0.0000000000
23841  26.926  -65.659  30.583 0.0000000000
54176  54.539  -37.577  21.663 0.0000000000
55153  53.290  -36.332  19.439 0.0000000000
53288  52.177  -38.522  19.738 0.0000000000
16827  24.299  -71.346  42.691 0.0000000000
15749  22.881  -71.814  40.852 0.0000000000
16850  20.742  -71.087  40.634 0.0000000000
17990  21.930  -70.958  38.027 0.0000000000
131054  59.295  -30.415  23.682 0.0000000000
57867  59.496  -33.208  22.154 0.0000000000
56027  58.388  -35.651  22.539 0.0000000000
54160  56.450  -37.378  23.008 0.0000000000
53230  55.099  -39.184  23.090 0.0000000000
50539  54.511  -41.658  22.919 0.0000000000
48512  54.481  -44.106  22.948 0.0000000000
124578  56.967  -44.311  26.623 0.0000000000
48482  54.960  -44.681  24.807 0.0000000000
48514  53.610  -44.576  23.027 0.0000000000
49521  51.168  -42.503  23.867 0.0000000000
129173  49.056  -42.646  24.375 0.0000000000
45289  50.844  -46.364  32.377 0.0000000000
42240  47.781  -50.163  33.997 0.0000000000
45292  48.078  -46.831  32.485 0.0000000000
46318  48.916  -45.931  30.356 0.0000000000
47379  47.166  -45.045  28.204 0.0000000000
47436  45.522  -44.421  25.562 0.0000000000
41254  39.147  -49.997  24.030 0.0000000000
30960  37.223  -59.312  29.514 0.0000000000
33278  36.061  -57.839  27.250 0.0000000000
34433  34.758  -56.956  25.400 0.0000000000
29912  32.479  -60.227  26.566 0.0000000000
32195  32.879  -58.338  24.850 0.0000000000
20227  28.280  -68.181  41.855 0.0000000000
22556  28.158  -67.271  42.015 0.0000000000
30908  41.585  -59.424  33.755 0.0000000000
32061  42.553  -58.698  34.533 0.0000000000
33185  41.886  -57.876  33.493 0.0000000000
34344  41.685  -56.524  32.462 0.0000000000
34351  40.644  -57.154  31.738 0.0000000000
34352  39.967  -57.163  31.195 0.0000000000
33216  40.143  -57.854  31.679 0.0000000000
56055  56.338  -35.002  20.990 0.0000000000
56970  55.924  -34.587  20.289 0.0000000000
56056  55.386  -35.275  20.603 0.0000000000
21481  27.240  -67.097  35.246 0.0000000000
21471  26.503  -67.616  35.233 0.0000000000
20308  26.209  -68.024  35.990 0.0000000000
14693  24.915  -73.243  38.405 0.0000000000
14692  25.736  -73.440  38.317 0.0000000000
14705  24.749  -73.454  38.027 0.0000000000
125658  24.450  -72.982  36.945 0.0000000000
15767  23.757  -72.474  37.108 0.0000000000
23732  36.666  -64.673  38.373 0.0000000000
23731  37.895  -64.859  38.110 0.0000000000
23745  38.401  -65.235  37.634 0.0000000000
23758  37.689  -65.622  37.229 0.0000000000
25006  36.910  -65.388  35.291 0.0000000000
23759  36.152  -66.008  36.850 0.0000000000
21469  29.136  -66.913  36.213 0.0000000000
22641  29.685  -66.523  35.862 0.0000000000
22642  28.877  -66.607  35.421 0.0000000000
22654  27.744  -66.601  34.216 0.0000000000
49569  53.443  -43.463  21.507 0.0000000000
49586  52.879  -43.324  20.907 0.0000000000
52279  57.482  -39.103  28.323 0.0000000000
51396  57.636  -40.069  26.463 0.0000000000
52280  57.134  -39.881  28.571 0.0000000000
46335  52.824  -45.886  30.025 0.0000000000
47373  53.348  -45.273  28.800 0.0000000000
46353  51.345  -45.297  29.195 0.0000000000
47395  50.726  -44.655  27.820 0.0000000000
129020  50.360  -45.233  28.992 0.0000000000
41204  43.558  -50.325  28.195 0.0000000000
125516  44.490  -49.868  28.782 0.0000000000
42288  43.491  -49.348  27.396 0.0000000000
126073  43.672  -48.514  27.128 0.0000000000
43251  42.810  -48.794  26.071 0.0000000000
43259  41.896  -48.812  25.032 0.0000000000
42297  41.827  -49.753  26.127 0.0000000000
27544  33.473  -62.389  29.525 0.0000000000
28740  34.472  -61.940  28.900 0.0000000000
28742  32.996  -62.062  28.907 0.0000000000
61524  53.577  -29.156  22.015 0.0000000000
126138  55.044  -30.479  21.927 0.0000000000
20282  29.420  -67.755  38.577 0.0000000000
20283  28.386  -67.999  38.433 0.0000000000
19128  27.929  -68.492  39.373 0.0000000000
19115  26.744  -69.930  41.384 0.0000000000
124573  26.373  -69.601  40.280 0.0000000000
17971  26.012  -70.366  41.298 0.0000000000
136213  24.906  -71.661  39.919 0.0000000000
137788  24.904  -71.449  40.933 0.0000000000
23710  33.862  -64.320  39.932 0.0000000000
23735  33.822  -65.231  38.451 0.0000000000
23722  32.572  -65.487  39.563 0.0000000000
21399  30.433  -67.274  40.337 0.0000000000
21410  30.888  -66.760  38.940 0.0000000000
20269  29.995  -67.543  38.985 0.0000000000
21441  29.700  -67.363  37.841 0.0000000000
135348  44.299  -55.835  36.140 0.0000000000
36589  44.546  -54.995  37.646 0.0000000000
36600  45.269  -53.632  35.759 0.0000000000
126793  47.022  -52.852  35.262 0.0000000000
36613  45.065  -53.807  34.706 0.0000000000
36684  42.369  -54.549  31.689 0.0000000000
37905  43.699  -53.632  31.537 0.0000000000
37924  42.363  -53.429  30.589 0.0000000000
145513  42.703  -52.213  29.449 0.0000000000
39044  41.260  -52.922  29.382 0.0000000000
40147  40.932  -51.914  28.268 0.0000000000
39045  40.572  -53.510  29.268 0.0000000000
35542  38.688  -55.790  28.833 0.0000000000
36719  38.917  -54.638  28.247 0.0000000000
35563  37.979  -55.358  27.707 0.0000000000
35573  37.180  -55.160  26.506 0.0000000000
34415  36.953  -56.025  26.944 0.0000000000
26339  28.916  -63.800  29.708 0.0000000000
148767  29.439  -62.968  28.838 0.0000000000
26353  28.377  -63.478  28.393 0.0000000000
59808  59.302  -31.407  21.047 0.0000000000
59809  59.278  -31.371  20.262 0.0000000000
58895  59.246  -32.387  19.559 0.0000000000
58910  58.433  -32.406  18.368 0.0000000000
21511  25.428  -67.665  31.050 0.0000000000
20333  25.386  -68.432  31.345 0.0000000000
20295  25.914  -68.959  37.820 0.0000000000
19144  25.657  -69.461  37.174 0.0000000000
131855  25.773  -70.264  37.423 0.0000000000
15764  27.013  -73.186  37.747 0.0000000000
16861  27.265  -72.350  37.439 0.0000000000
26267  40.252  -64.096  35.192 0.0000000000
26265  41.554  -63.210  35.939 0.0000000000
26274  40.653  -63.210  34.613 0.0000000000
28688  41.298  -61.650  34.185 0.0000000000
131257  39.757  -62.354  33.361 0.0000000000
28703  39.490  -61.485  32.603 0.0000000000
27493  38.905  -62.789  32.841 0.0000000000
25036  35.523  -64.366  33.773 0.0000000000
26287  36.778  -63.786  32.925 0.0000000000
26301  35.267  -63.466  32.200 0.0000000000
26316  34.708  -63.187  31.665 0.0000000000
26302  34.331  -63.579  32.480 0.0000000000
22626  32.957  -65.687  36.819 0.0000000000
23762  33.882  -65.780  36.191 0.0000000000
22638  32.598  -65.666  36.315 0.0000000000
23804  30.361  -65.180  34.213 0.0000000000
25024  31.977  -65.004  34.673 0.0000000000
25052  31.235  -64.101  33.353 0.0000000000
26304  31.321  -63.586  32.343 0.0000000000
25053  30.440  -63.967  32.740 0.0000000000
142865  30.153  -63.634  31.272 0.0000000000
25065  29.087  -64.718  31.973 0.0000000000
22678  26.478  -66.713  32.137 0.0000000000
23829  27.396  -65.628  31.290 0.0000000000
22688  26.329  -66.508  31.340 0.0000000000
53264  53.645  -38.789  21.545 0.0000000000
54187  53.313  -37.617  20.500 0.0000000000
53265  52.942  -38.895  20.892 0.0000000000
132686  51.218  -39.486  18.448 0.0000000000
15728  22.995  -71.246  43.193 0.0000000000
15741  23.509  -71.663  41.656 0.0000000000
16828  22.355  -71.576  42.296 0.0000000000
17984  18.937  -70.104  40.168 0.0000000000
17983  20.534  -70.677  39.611 0.0000000000
16849  21.438  -71.225  39.821 0.0000000000
17991  21.211  -70.611  38.324 0.0000000000
123883  22.091  -70.659  37.090 0.0000000000
18001  20.511  -69.889  37.196 0.0000000000
61503  58.758  -29.346  24.804 0.0000000000
58835  59.549  -31.953  23.851 0.0000000000
57862  59.602  -33.924  23.121 0.0000000000
56041  58.926  -34.979  22.147 0.0000000000
56026  59.171  -35.455  22.976 0.0000000000
54142  57.997  -37.418  23.983 0.0000000000
55107  57.457  -37.011  23.284 0.0000000000
54143  56.986  -37.738  23.687 0.0000000000
54161  55.550  -37.838  22.665 0.0000000000
53228  56.593  -38.481  24.072 0.0000000000
134411  56.132  -42.126  24.523 0.0000000000
51432  55.484  -40.709  23.869 0.0000000000
138324  55.440  -42.531  23.836 0.0000000000
49531  54.830  -42.773  23.262 0.0000000000
48511  55.085  -43.922  23.629 0.0000000000
142298  56.269  -43.352  29.183 0.0000000000
49479  57.010  -43.131  27.391 0.0000000000
47389  56.368  -45.029  27.645 0.0000000000
47414  53.952  -44.397  26.936 0.0000000000
47413  55.763  -45.419  26.363 0.0000000000
48483  54.071  -43.809  25.068 0.0000000000
48499  54.531  -44.479  24.000 0.0000000000
48484  52.742  -43.163  25.168 0.0000000000
49520  51.985  -42.752  23.858 0.0000000000
49503  51.685  -42.681  24.693 0.0000000000
48468  49.143  -43.731  26.209 0.0000000000
49505  49.719  -42.800  24.948 0.0000000000
48488  48.336  -43.245  25.362 0.0000000000
124632  47.012  -43.323  24.877 0.0000000000
124821  50.634  -46.552  33.284 0.0000000000
38998  47.716  -52.314  33.442 0.0000000000
41161  48.211  -51.479  34.610 0.0000000000
41175  47.604  -51.184  32.472 0.0000000000
43229  45.843  -48.220  30.141 0.0000000000
44233  46.829  -47.686  31.961 0.0000000000
45334  46.822  -46.772  30.906 0.0000000000
45313  48.210  -46.464  31.566 0.0000000000
45333  47.247  -46.208  30.378 0.0000000000
46356  47.446  -45.384  28.959 0.0000000000
46357  46.572  -45.477  28.644 0.0000000000
45383  44.032  -45.985  25.921 0.0000000000
46387  45.065  -44.950  25.956 0.0000000000
46392  44.144  -44.996  24.823 0.0000000000
48504  45.061  -43.885  24.283 0.0000000000
47448  43.842  -44.709  23.959 0.0000000000
46403  42.493  -45.169  22.813 0.0000000000
44320  40.449  -47.463  22.711 0.0000000000
45416  41.100  -45.868  21.996 0.0000000000
40172  39.784  -51.485  26.530 0.0000000000
41232  39.631  -50.569  25.140 0.0000000000
40192  38.950  -50.715  24.690 0.0000000000
41264  37.312  -50.238  22.611 0.0000000000
28723  37.601  -60.908  30.774 0.0000000000
30950  38.181  -59.637  30.694 0.0000000000
125785  36.949  -60.091  29.647 0.0000000000
142562  35.133  -59.585  27.354 0.0000000000
30988  35.570  -59.086  27.491 0.0000000000
31002  35.012  -59.009  26.834 0.0000000000
33303  35.244  -57.200  25.974 0.0000000000
33304  34.624  -57.797  25.784 0.0000000000
28793  30.261  -61.086  26.582 0.0000000000
29897  31.818  -60.681  26.964 0.0000000000
29898  30.837  -60.513  26.044 0.0000000000
31036  31.845  -58.942  24.597 0.0000000000
33335  33.095  -57.297  24.232 0.0000000000
60720  57.242  -30.698  19.358 0.0000000000
59820  56.062  -30.920  19.323 0.0000000000
56074  53.765  -35.081  18.695 0.0000000000
20240  29.828  -67.645  40.646 0.0000000000
20257  28.600  -68.512  40.639 0.0000000000
20242  28.323  -68.281  41.385 0.0000000000
19106  27.782  -68.957  42.052 0.0000000000
17952  26.977  -69.715  42.076 0.0000000000
21385  30.300  -67.107  41.154 0.0000000000
29778  42.976  -60.317  35.587 0.0000000000
32026  43.701  -58.514  37.092 0.0000000000
32048  43.283  -58.645  35.355 0.0000000000
33171  43.479  -57.174  35.062 0.0000000000
35486  43.436  -55.819  34.254 0.0000000000
35498  43.796  -54.995  33.869 0.0000000000
35500  42.733  -55.782  33.157 0.0000000000
35524  41.913  -55.294  31.936 0.0000000000
35530  41.058  -55.090  30.809 0.0000000000
143811  40.191  -54.608  29.677 0.0000000000
35531  40.459  -55.650  30.612 0.0000000000
34373  39.331  -56.452  29.997 0.0000000000
142147  38.316  -57.155  29.418 0.0000000000
25094  26.909  -65.034  28.925 0.0000000000
25115  27.265  -64.330  27.666 0.0000000000
23873  26.703  -65.569  27.590 0.0000000000
57879  58.459  -33.580  20.326 0.0000000000
57895  58.329  -33.181  19.576 0.0000000000
57880  57.482  -33.808  20.084 0.0000000000
57897  56.107  -33.624  19.173 0.0000000000
21495  26.084  -67.546  33.404 0.0000000000
21496  25.580  -68.026  32.826 0.0000000000
21483  25.682  -68.252  33.718 0.0000000000
148328  25.699  -68.427  34.466 0.0000000000
19177  25.615  -69.489  34.841 0.0000000000
16855  25.782  -71.467  38.730 0.0000000000
16863  26.032  -71.150  37.929 0.0000000000
15758  25.945  -72.788  38.610 0.0000000000
15765  26.466  -73.126  38.252 0.0000000000
15773  24.747  -72.788  36.025 0.0000000000
24995  39.593  -65.082  36.396 0.0000000000
25017  38.473  -64.647  34.808 0.0000000000
26277  38.169  -64.160  33.876 0.0000000000
25018  37.584  -64.672  34.453 0.0000000000
25019  36.752  -64.805  34.438 0.0000000000
126054  35.126  -64.898  34.606 0.0000000000
21455  31.184  -66.231  36.774 0.0000000000
22639  31.785  -65.801  36.250 0.0000000000
22651  30.260  -66.068  35.641 0.0000000000
23793  30.256  -65.651  34.927 0.0000000000
23794  29.607  -65.623  34.204 0.0000000000
141229  29.176  -65.107  32.806 0.0000000000
22664  28.280  -66.149  33.798 0.0000000000
22665  27.469  -66.495  33.419 0.0000000000
51459  53.302  -40.325  21.652 0.0000000000
142398  52.733  -40.141  21.162 0.0000000000
50569  52.261  -41.594  20.629 0.0000000000
50570  51.412  -41.525  19.777 0.0000000000
124217  17.888  -70.026  40.359 0.0000000000
19137  18.454  -69.913  37.982 0.0000000000
19145  19.738  -69.684  36.950 0.0000000000
19147  17.963  -70.006  37.337 0.0000000000
52317  57.672  -39.170  25.391 0.0000000000
53207  57.169  -38.844  24.716 0.0000000000
52303  57.396  -39.953  25.628 0.0000000000
135747  57.274  -40.804  25.859 0.0000000000
134289  56.654  -42.315  25.232 0.0000000000
46349  55.374  -45.617  28.876 0.0000000000
127676  55.502  -45.609  28.062 0.0000000000
47372  54.363  -45.348  28.379 0.0000000000
47393  53.358  -44.767  27.862 0.0000000000
47415  52.585  -44.151  26.965 0.0000000000
48466  50.998  -43.501  26.122 0.0000000000
47394  51.359  -44.477  27.451 0.0000000000
47418  49.506  -44.151  26.863 0.0000000000
47419  48.606  -44.094  26.670 0.0000000000
40122  45.808  -50.978  30.398 0.0000000000
41183  46.734  -50.770  31.286 0.0000000000
41190  45.635  -50.276  30.066 0.0000000000
43230  45.396  -48.707  29.498 0.0000000000
44270  45.533  -47.293  29.128 0.0000000000
45356  45.508  -46.548  28.596 0.0000000000
44279  44.605  -47.549  27.910 0.0000000000
45376  43.782  -46.800  26.166 0.0000000000
45385  42.854  -46.761  25.114 0.0000000000
45396  42.415  -46.267  23.918 0.0000000000
44308  42.285  -47.074  24.503 0.0000000000
43272  41.131  -48.116  23.795 0.0000000000
43273  40.596  -48.446  23.512 0.0000000000
39116  37.666  -52.817  25.216 0.0000000000
40194  37.548  -51.694  24.228 0.0000000000
39150  36.928  -52.076  23.963 0.0000000000
39166  36.001  -52.065  23.053 0.0000000000
40236  35.381  -51.386  21.627 0.0000000000
28725  35.976  -61.972  29.947 0.0000000000
29868  36.424  -60.492  29.322 0.0000000000
28756  35.088  -61.374  28.623 0.0000000000
29880  34.736  -60.872  27.922 0.0000000000
29894  34.375  -60.400  27.371 0.0000000000
29931  30.469  -60.247  25.362 0.0000000000
135689  29.807  -60.281  23.910 0.0000000000
62300  53.595  -28.387  22.003 0.0000000000
61525  52.991  -29.560  20.868 0.0000000000
60708  53.143  -30.291  20.601 0.0000000000
20293  28.295  -67.607  37.480 0.0000000000
143582  26.862  -67.741  36.530 0.0000000000
20294  27.559  -67.951  37.870 0.0000000000
143093  26.462  -68.649  38.354 0.0000000000
19135  26.011  -69.239  38.664 0.0000000000
19129  27.169  -69.047  39.927 0.0000000000
141669  26.387  -69.240  39.456 0.0000000000
17989  25.532  -70.457  39.068 0.0000000000
16847  25.333  -71.115  39.537 0.0000000000
127652  24.852  -72.337  39.365 0.0000000000
14682  24.286  -72.661  38.991 0.0000000000
23733  35.469  -65.134  38.236 0.0000000000
22613  35.227  -66.006  37.048 0.0000000000
146035  34.672  -65.342  38.048 0.0000000000
22602  33.143  -65.650  37.763 0.0000000000
22616  32.409  -65.797  37.306 0.0000000000
22590  31.484  -66.381  39.470 0.0000000000
22604  31.472  -66.354  38.465 0.0000000000
21439  30.895  -66.564  37.468 0.0000000000
21440  30.246  -66.958  37.644 0.0000000000
124033  29.247  -67.375  37.345 0.0000000000
47472  53.006  -45.569  21.902 0.0000000000
47496  53.019  -45.535  21.613 0.0000000000
47484  52.508  -45.809  21.400 0.0000000000
143514  56.858  -39.835  29.539 0.0000000000
147218  55.252  -45.318  30.249 0.0000000000
46313  54.558  -46.107  30.229 0.0000000000
45328  53.349  -46.368  30.824 0.0000000000
45329  52.005  -46.055  31.096 0.0000000000
37867  47.402  -52.670  34.155 0.0000000000
39000  46.525  -52.840  32.566 0.0000000000
36664  44.516  -54.208  32.973 0.0000000000
37903  45.603  -53.141  32.191 0.0000000000
39025  45.590  -52.064  31.077 0.0000000000
40124  44.247  -51.894  29.992 0.0000000000
40133  43.067  -51.680  29.095 0.0000000000
40156  42.156  -51.000  27.910 0.0000000000
41220  41.359  -50.410  26.593 0.0000000000
40157  41.359  -51.327  27.741 0.0000000000
40159  39.889  -51.916  27.228 0.0000000000
39099  39.356  -52.160  26.739 0.0000000000
36718  39.444  -54.274  28.585 0.0000000000
37969  38.756  -53.671  27.330 0.0000000000
37990  37.992  -53.173  25.917 0.0000000000
37978  37.672  -53.822  26.081 0.0000000000
148837  36.574  -54.685  25.403 0.0000000000
35607  35.605  -55.165  24.819 0.0000000000
27528  31.164  -62.867  30.157 0.0000000000
27559  32.178  -62.169  28.868 0.0000000000
27561  30.504  -62.275  28.588 0.0000000000
27576  30.108  -61.969  27.894 0.0000000000
28794  29.273  -61.582  26.369 0.0000000000
26367  27.593  -63.711  27.260 0.0000000000
26376  27.991  -62.846  25.953 0.0000000000
60691  57.214  -30.427  22.011 0.0000000000
60692  55.994  -30.591  21.660 0.0000000000
60705  57.124  -30.651  20.898 0.0000000000
60719  58.362  -30.625  19.510 0.0000000000
60718  58.906  -30.718  19.003 0.0000000000
58896  58.754  -32.591  19.045 0.0000000000
58909  59.365  -31.891  18.869 0.0000000000
149971  25.821  -68.505  36.429 0.0000000000
19165  25.539  -69.329  35.675 0.0000000000
18019  25.801  -70.034  35.501 0.0000000000
18007  26.183  -70.828  37.056 0.0000000000
16871  26.926  -71.499  36.836 0.0000000000
28633  42.513  -61.620  36.359 0.0000000000
28671  42.160  -61.093  34.859 0.0000000000
29810  41.233  -60.980  33.918 0.0000000000
29829  40.461  -60.100  32.934 0.0000000000
30938  39.780  -59.241  31.974 0.0000000000
29831  39.378  -60.706  32.151 0.0000000000
28716  38.437  -61.345  31.743 0.0000000000
28717  37.794  -61.566  31.318 0.0000000000
26286  37.840  -63.687  33.096 0.0000000000
27502  37.092  -62.676  31.541 0.0000000000
27522  36.805  -62.394  31.015 0.0000000000
143739  35.795  -62.746  30.903 0.0000000000
27511  34.246  -62.941  31.018 0.0000000000
27526  32.771  -62.839  30.364 0.0000000000
23760  35.299  -65.952  36.404 0.0000000000
23790  34.393  -65.348  35.226 0.0000000000
25021  34.079  -64.826  34.519 0.0000000000
125504  31.940  -65.342  35.213 0.0000000000
25023  32.693  -64.863  34.513 0.0000000000
124993  33.658  -64.359  33.791 0.0000000000
142613  32.907  -63.625  32.658 0.0000000000
26318  32.505  -63.158  31.301 0.0000000000
26325  31.765  -63.029  30.809 0.0000000000
123962  30.573  -63.246  30.648 0.0000000000
26326  29.678  -63.605  30.400 0.0000000000
25092  28.247  -64.313  29.907 0.0000000000
23828  28.208  -65.132  31.461 0.0000000000
23840  27.610  -65.169  30.661 0.0000000000
23855  27.082  -65.209  29.844 0.0000000000
22714  26.150  -66.138  29.173 0.0000000000
55132  54.807  -36.838  21.411 0.0000000000
56057  54.614  -35.715  20.367 0.0000000000
55144  53.644  -36.764  20.269 0.0000000000
52383  51.974  -39.268  19.958 0.0000000000
53300  51.436  -38.655  18.108 0.0000000000
49607  51.711  -43.959  19.863 0.0000000000
21372  27.299  -67.713  42.020 0.0000000000
20229  26.372  -68.880  42.325 0.0000000000
19095  25.838  -69.815  42.946 0.0000000000
17941  24.752  -70.340  43.182 0.0000000000
136800  25.238  -71.022  42.265 0.0000000000
15740  23.982  -71.810  41.548 0.0000000000
15748  23.678  -72.001  40.500 0.0000000000
147698  23.492  -72.361  39.593 0.0000000000
16837  20.833  -71.326  42.421 0.0000000000
16842  21.544  -71.465  40.921 0.0000000000
16848  22.299  -71.590  39.468 0.0000000000
16856  23.136  -72.147  38.179 0.0000000000
16864  23.190  -71.918  37.347 0.0000000000
138460  56.468  -29.839  23.414 0.0000000000
60674  58.265  -30.164  22.660 0.0000000000
60673  58.941  -30.499  22.262 0.0000000000
58861  59.423  -32.210  21.499 0.0000000000
60650  59.469  -30.480  24.762 0.0000000000
58846  59.491  -32.164  22.649 0.0000000000
57877  59.389  -32.914  21.169 0.0000000000
56960  58.300  -34.585  21.449 0.0000000000
56042  57.868  -35.222  21.885 0.0000000000
56043  56.884  -35.475  21.606 0.0000000000
55119  58.778  -36.024  23.109 0.0000000000
55121  56.819  -36.603  22.583 0.0000000000
142479  56.189  -36.554  22.214 0.0000000000
54175  55.213  -37.272  22.048 0.0000000000
53248  54.881  -38.586  22.559 0.0000000000
134671  54.640  -39.293  22.672 0.0000000000
52319  55.905  -39.836  24.219 0.0000000000
52333  54.750  -39.892  22.960 0.0000000000
51446  53.873  -40.462  22.215 0.0000000000
148260  54.048  -41.220  22.449 0.0000000000
49550  54.151  -43.534  22.362 0.0000000000
48528  53.990  -44.645  22.459 0.0000000000
50480  56.838  -41.746  27.996 0.0000000000
49493  57.166  -43.137  26.425 0.0000000000
48481  56.462  -44.047  25.242 0.0000000000
128835  56.067  -45.633  26.805 0.0000000000
47433  55.941  -45.201  25.184 0.0000000000
47445  55.560  -44.752  24.712 0.0000000000
148177  54.922  -44.561  23.892 0.0000000000
48513  54.060  -44.737  22.898 0.0000000000
47458  53.629  -44.902  22.392 0.0000000000
48515  52.949  -44.253  22.860 0.0000000000
49533  51.944  -42.976  23.081 0.0000000000
136229  51.036  -42.955  25.366 0.0000000000
49522  50.032  -42.460  23.878 0.0000000000
45310  52.095  -46.307  31.861 0.0000000000
45330  51.235  -45.984  31.054 0.0000000000
43186  48.198  -48.112  34.535 0.0000000000
42253  47.001  -49.301  32.610 0.0000000000
44216  47.786  -47.860  33.689 0.0000000000
44215  48.713  -47.256  33.986 0.0000000000
126974  49.145  -46.531  32.114 0.0000000000
45331  50.468  -46.090  31.068 0.0000000000
46316  50.750  -45.848  30.529 0.0000000000
46354  49.357  -45.278  29.009 0.0000000000
47377  48.665  -44.984  28.331 0.0000000000
141766  47.242  -44.291  26.698 0.0000000000
46368  45.597  -45.486  27.474 0.0000000000
47400  46.057  -44.856  27.086 0.0000000000
48470  47.017  -44.008  26.097 0.0000000000
48503  45.736  -43.614  24.468 0.0000000000
46404  41.790  -45.484  22.346 0.0000000000
46416  41.512  -45.151  21.512 0.0000000000
42304  40.800  -49.702  25.132 0.0000000000
42313  39.873  -49.648  24.154 0.0000000000
43281  39.646  -48.530  22.795 0.0000000000
41263  37.933  -50.310  23.278 0.0000000000
42332  38.072  -49.624  22.671 0.0000000000
32118  39.210  -58.628  31.226 0.0000000000
32135  38.168  -58.482  30.095 0.0000000000
33265  37.655  -57.368  28.798 0.0000000000
30961  36.585  -59.723  29.021 0.0000000000
32147  36.629  -58.422  28.321 0.0000000000
33276  37.214  -57.086  28.044 0.0000000000
34416  36.380  -56.667  26.711 0.0000000000
34432  35.360  -56.384  25.452 0.0000000000
34450  35.067  -55.897  24.825 0.0000000000
28775  32.665  -61.349  27.899 0.0000000000
29896  32.748  -60.779  27.228 0.0000000000
31004  33.156  -59.701  26.292 0.0000000000
29930  31.281  -59.973  25.572 0.0000000000
31022  32.512  -58.951  25.111 0.0000000000
32183  33.323  -58.605  25.368 0.0000000000
33321  33.437  -57.848  24.880 0.0000000000
34463  33.853  -56.351  24.169 0.0000000000
123813  54.928  -30.846  21.093 0.0000000000
59821  54.402  -31.014  20.192 0.0000000000
59822  53.073  -31.072  19.300 0.0000000000
56066  54.224  -35.392  19.609 0.0000000000
32091  41.445  -58.630  33.296 0.0000000000
33200  41.316  -57.872  32.805 0.0000000000
33201  40.738  -57.849  32.213 0.0000000000
32104  40.262  -58.564  32.115 0.0000000000
56044  55.930  -35.720  21.378 0.0000000000
21460  27.051  -67.423  35.942 0.0000000000
15766  24.235  -73.138  37.829 0.0000000000
131667  36.397  -65.137  38.100 0.0000000000
24976  37.276  -64.445  38.412 0.0000000000
124881  37.146  -65.074  38.064 0.0000000000
23746  37.613  -65.304  37.701 0.0000000000
140445  37.031  -65.859  36.846 0.0000000000
21470  28.098  -66.984  35.914 0.0000000000
22643  27.973  -66.671  35.019 0.0000000000
46336  51.874  -45.694  29.959 0.0000000000
46352  52.392  -45.408  29.211 0.0000000000
46337  51.009  -45.600  29.904 0.0000000000
41210  43.271  -50.054  27.664 0.0000000000
42281  43.896  -49.699  28.113 0.0000000000
42295  43.159  -49.076  26.707 0.0000000000
42296  42.547  -49.432  26.393 0.0000000000
42302  42.249  -49.144  25.694 0.0000000000
60677  54.743  -30.012  22.591 0.0000000000
145005  28.850  -68.193  39.155 0.0000000000
127038  28.737  -68.414  39.846 0.0000000000
16833  25.568  -70.815  41.400 0.0000000000
24952  33.463  -63.849  40.594 0.0000000000
23721  33.287  -64.988  39.552 0.0000000000
23712  32.642  -65.130  40.584 0.0000000000
20255  29.910  -67.631  39.826 0.0000000000
21411  30.423  -67.222  39.412 0.0000000000
35474  44.140  -55.498  35.468 0.0000000000
35462  44.412  -55.476  36.791 0.0000000000
132825  44.396  -55.083  36.081 0.0000000000
36601  44.681  -54.346  36.613 0.0000000000
36614  44.567  -54.436  35.539 0.0000000000
36698  41.974  -54.086  31.019 0.0000000000
127793  42.785  -53.832  31.288 0.0000000000
37944  41.847  -53.121  29.974 0.0000000000
37945  41.154  -53.581  29.832 0.0000000000
34400  38.089  -55.932  28.290 0.0000000000
35564  37.476  -55.504  27.194 0.0000000000
34401  37.459  -56.187  27.696 0.0000000000
26352  28.906  -63.402  28.946 0.0000000000
58877  59.426  -32.219  20.404 0.0000000000
21510  25.831  -67.168  31.611 0.0000000000
21504  25.442  -67.838  31.931 0.0000000000
19136  25.693  -69.740  37.961 0.0000000000
26275  39.848  -63.677  34.365 0.0000000000
27483  40.751  -62.541  34.151 0.0000000000
130931  40.025  -62.824  33.905 0.0000000000
27492  39.387  -62.803  33.299 0.0000000000
145752  35.949  -64.074  33.158 0.0000000000
26289  35.136  -63.917  33.045 0.0000000000
26290  34.256  -63.970  33.261 0.0000000000
146631  33.298  -65.692  36.397 0.0000000000
25039  31.196  -64.768  34.128 0.0000000000
25040  30.408  -64.614  33.493 0.0000000000
23816  29.741  -64.591  32.771 0.0000000000
129887  29.798  -63.991  32.048 0.0000000000
52369  53.113  -39.536  21.334 0.0000000000
16817  22.768  -70.845  43.467 0.0000000000
16818  22.556  -71.191  43.290 0.0000000000
15729  22.718  -71.444  42.807 0.0000000000
138910  22.140  -71.347  43.065 0.0000000000
124014  19.630  -70.239  39.311 0.0000000000
17992  20.371  -70.337  38.591 0.0000000000
17982  21.063  -70.774  39.039 0.0000000000
124715  20.703  -70.230  37.871 0.0000000000
18002  19.954  -69.901  37.706 0.0000000000
61490  58.542  -28.877  25.964 0.0000000000
61477  58.399  -28.755  27.000 0.0000000000
57839  59.506  -33.798  24.758 0.0000000000
57851  59.708  -33.625  24.031 0.0000000000
56948  59.532  -34.775  22.941 0.0000000000
50527  55.666  -41.532  24.056 0.0000000000
49518  55.741  -43.355  24.242 0.0000000000
48436  56.225  -44.542  28.627 0.0000000000
135971  48.865  -43.421  25.693 0.0000000000
48501  47.777  -43.019  24.825 0.0000000000
48489  47.573  -43.545  25.583 0.0000000000
45256  50.344  -46.724  34.192 0.0000000000
141876  47.524  -52.245  32.764 0.0000000000
40105  47.837  -51.752  33.040 0.0000000000
40112  47.458  -51.769  32.275 0.0000000000
44269  45.904  -47.310  29.803 0.0000000000
44260  46.268  -47.360  30.525 0.0000000000
134336  46.461  -46.613  30.113 0.0000000000
45347  46.749  -45.850  29.540 0.0000000000
45355  46.079  -45.960  28.925 0.0000000000
46389  43.778  -45.661  25.201 0.0000000000
46388  44.414  -45.306  25.569 0.0000000000
46398  43.253  -45.268  23.878 0.0000000000
47461  43.174  -44.893  23.312 0.0000000000
44329  40.092  -47.062  22.129 0.0000000000
39114  39.118  -51.796  25.954 0.0000000000
40181  39.232  -51.144  25.344 0.0000000000
40182  38.662  -51.566  25.139 0.0000000000
29857  37.543  -60.059  30.261 0.0000000000
28737  36.942  -60.874  30.085 0.0000000000
30989  34.651  -59.735  27.074 0.0000000000
33290  35.123  -58.091  26.409 0.0000000000
32167  34.514  -58.631  26.192 0.0000000000
149039  31.137  -60.734  26.631 0.0000000000
29914  30.145  -60.658  25.826 0.0000000000
60731  56.744  -30.635  18.573 0.0000000000
21386  29.494  -67.320  41.272 0.0000000000
20241  29.090  -68.000  41.088 0.0000000000
20226  28.889  -67.839  41.948 0.0000000000
20228  27.099  -69.037  42.127 0.0000000000
21369  30.059  -66.837  41.907 0.0000000000
29792  42.827  -59.820  35.134 0.0000000000
137053  43.285  -59.318  35.577 0.0000000000
30895  43.002  -59.168  35.169 0.0000000000
33173  42.505  -57.844  34.144 0.0000000000
136178  42.881  -58.119  34.697 0.0000000000
33172  43.086  -57.338  34.560 0.0000000000
34330  43.440  -56.495  34.698 0.0000000000
34337  43.107  -56.509  34.149 0.0000000000
34338  42.724  -56.478  33.622 0.0000000000
35514  42.152  -55.848  32.543 0.0000000000
35515  41.595  -55.959  32.045 0.0000000000
35525  41.187  -55.680  31.383 0.0000000000
34363  39.889  -56.469  30.616 0.0000000000
33252  38.792  -56.425  29.403 0.0000000000
142614  38.866  -57.005  29.856 0.0000000000
23863  26.485  -65.669  28.483 0.0000000000
25106  26.846  -64.944  28.050 0.0000000000
144132  26.459  -66.022  28.017 0.0000000000
56968  57.839  -34.176  20.782 0.0000000000
56978  56.476  -34.024  19.849 0.0000000000
56992  55.161  -33.863  18.806 0.0000000000
21482  26.165  -67.756  34.382 0.0000000000
20315  25.899  -68.215  35.152 0.0000000000
20316  25.530  -68.838  35.007 0.0000000000
149109  25.962  -72.238  38.726 0.0000000000
14704  25.341  -73.651  37.858 0.0000000000
14703  26.263  -73.690  37.706 0.0000000000
14714  25.610  -73.797  37.103 0.0000000000
130181  25.001  -73.465  36.832 0.0000000000
16880  24.143  -71.833  35.301 0.0000000000
16881  23.472  -71.428  35.730 0.0000000000
126235  39.148  -64.093  38.431 0.0000000000
144902  38.363  -65.524  36.970 0.0000000000
23744  39.122  -65.303  37.141 0.0000000000
23757  38.725  -65.357  36.323 0.0000000000
25004  39.103  -64.991  35.595 0.0000000000
25005  37.710  -65.133  35.161 0.0000000000
25007  36.197  -65.643  35.595 0.0000000000
25020  36.052  -65.211  34.924 0.0000000000
134196  35.952  -64.705  34.284 0.0000000000
22628  30.419  -66.401  36.370 0.0000000000
22652  29.472  -66.111  34.999 0.0000000000
22663  28.985  -65.962  34.206 0.0000000000
142396  27.317  -66.938  34.606 0.0000000000
22666  26.666  -66.927  32.992 0.0000000000
50552  53.558  -41.406  21.877 0.0000000000
51460  52.808  -40.972  21.257 0.0000000000
132458  52.064  -42.510  20.243 0.0000000000
125221  17.722  -70.080  39.220 0.0000000000
17985  18.268  -70.009  39.634 0.0000000000
18003  17.765  -70.121  38.187 0.0000000000
52302  58.042  -39.383  26.205 0.0000000000
50516  56.724  -41.416  25.217 0.0000000000
50504  57.140  -41.952  26.023 0.0000000000
46333  54.628  -45.820  29.505 0.0000000000
46350  54.987  -45.700  28.611 0.0000000000
46351  54.115  -45.574  29.148 0.0000000000
145054  52.519  -45.008  28.401 0.0000000000
147466  51.858  -44.320  27.218 0.0000000000
143643  50.265  -44.821  28.224 0.0000000000
47396  49.900  -44.536  27.603 0.0000000000
47397  48.862  -44.508  27.535 0.0000000000
41191  45.150  -50.818  29.802 0.0000000000
41197  45.016  -50.072  29.465 0.0000000000
42280  44.470  -49.027  28.423 0.0000000000
42274  44.947  -49.318  29.157 0.0000000000
43231  44.951  -48.676  28.902 0.0000000000
43237  45.228  -48.058  28.984 0.0000000000
44278  45.092  -47.421  28.523 0.0000000000
44293  43.594  -47.705  26.470 0.0000000000
44300  43.240  -47.251  25.723 0.0000000000
44301  42.632  -47.608  25.264 0.0000000000
43264  41.508  -48.457  24.400 0.0000000000
43265  40.953  -48.808  24.047 0.0000000000
38008  37.015  -53.246  24.851 0.0000000000
39133  37.304  -52.463  24.562 0.0000000000
39134  36.666  -52.833  24.242 0.0000000000
40219  35.690  -51.735  22.358 0.0000000000
39180  35.092  -52.083  21.982 0.0000000000
28739  35.581  -61.611  29.326 0.0000000000
127128  34.995  -61.968  29.165 0.0000000000
28757  34.301  -61.491  28.322 0.0000000000
60694  53.575  -29.955  21.434 0.0000000000
20284  27.259  -68.282  38.495 0.0000000000
19121  28.060  -68.865  40.340 0.0000000000
128574  25.794  -69.715  39.335 0.0000000000
14675  24.283  -72.315  39.594 0.0000000000
23720  34.657  -64.360  39.449 0.0000000000
143627  35.304  -64.013  39.438 0.0000000000
123750  35.304  -64.579  38.983 0.0000000000
23719  35.981  -64.516  38.735 0.0000000000
22588  32.806  -65.523  38.653 0.0000000000
22576  31.503  -66.317  40.570 0.0000000000
22575  32.053  -65.826  40.088 0.0000000000
148065  30.423  -67.059  38.566 0.0000000000
21424  30.895  -66.658  38.111 0.0000000000
22617  31.532  -66.236  37.694 0.0000000000
47341  54.973  -45.619  30.635 0.0000000000
46295  53.914  -46.209  31.885 0.0000000000
45308  53.659  -46.405  31.295 0.0000000000
45345  52.750  -46.164  30.689 0.0000000000
45309  52.820  -46.389  31.443 0.0000000000
131665  44.024  -57.796  36.745 0.0000000000
37855  46.087  -53.329  34.184 0.0000000000
37854  46.911  -52.954  34.494 0.0000000000
37868  46.823  -52.975  33.830 0.0000000000
38992  47.324  -52.674  33.597 0.0000000000
37885  46.727  -52.957  33.233 0.0000000000
36648  44.007  -54.579  33.321 0.0000000000
36647  44.537  -54.251  33.528 0.0000000000
37904  44.647  -53.420  31.823 0.0000000000
39011  45.126  -52.749  31.443 0.0000000000
39026  44.657  -52.284  30.713 0.0000000000
39042  43.404  -52.112  29.691 0.0000000000
40145  42.616  -51.311  28.518 0.0000000000
40146  41.783  -51.606  28.401 0.0000000000
39065  40.604  -52.771  28.658 0.0000000000
39083  40.195  -52.345  27.896 0.0000000000
39084  39.431  -52.789  27.423 0.0000000000
36717  40.052  -54.144  29.208 0.0000000000
36728  38.465  -54.568  27.669 0.0000000000
36727  38.976  -54.127  27.989 0.0000000000
37977  38.173  -53.663  26.575 0.0000000000
36740  37.705  -54.341  26.525 0.0000000000
36750  37.149  -54.407  25.837 0.0000000000
35584  36.637  -55.155  25.825 0.0000000000
35606  36.123  -55.247  25.361 0.0000000000
27547  30.819  -62.590  29.333 0.0000000000
27548  30.033  -62.717  29.124 0.0000000000
27563  28.930  -62.940  28.197 0.0000000000
27562  29.720  -62.520  28.403 0.0000000000
27577  29.326  -62.325  27.664 0.0000000000
28778  29.715  -61.747  27.153 0.0000000000
27588  28.933  -62.134  26.899 0.0000000000
136408  27.247  -64.207  26.978 0.0000000000
28795  28.584  -62.161  26.084 0.0000000000
60704  58.386  -30.639  20.393 0.0000000000
59819  59.224  -31.124  18.930 0.0000000000
20302  26.356  -68.176  36.812 0.0000000000
19153  25.546  -69.076  36.439 0.0000000000
16854  26.317  -72.212  38.385 0.0000000000
16862  26.619  -71.724  37.660 0.0000000000
143768  40.503  -63.713  37.907 0.0000000000
26245  41.065  -63.541  37.379 0.0000000000
26256  41.639  -63.232  36.795 0.0000000000
27458  42.263  -62.209  36.154 0.0000000000
27457  42.219  -61.852  35.546 0.0000000000
28652  42.461  -61.188  35.382 0.0000000000
138542  41.996  -61.737  35.108 0.0000000000
28689  40.778  -61.588  33.734 0.0000000000
29811  40.598  -60.882  33.373 0.0000000000
127979  41.104  -60.180  33.545 0.0000000000
29830  39.981  -60.813  32.750 0.0000000000
30925  39.841  -60.018  32.340 0.0000000000
28704  38.819  -61.748  32.251 0.0000000000
27507  38.261  -61.837  31.894 0.0000000000
26300  36.617  -63.274  32.062 0.0000000000
27509  36.316  -62.854  31.330 0.0000000000
136626  36.328  -62.350  30.586 0.0000000000
27525  33.820  -62.686  30.321 0.0000000000
27512  33.370  -63.077  31.084 0.0000000000
23761  34.525  -65.941  36.620 0.0000000000
129299  33.906  -65.575  35.620 0.0000000000
23778  31.524  -65.611  35.630 0.0000000000
23777  32.283  -65.542  35.713 0.0000000000
129864  32.949  -64.560  34.003 0.0000000000
131721  32.894  -64.089  33.421 0.0000000000
26303  32.279  -63.433  32.134 0.0000000000
130818  31.783  -63.289  31.592 0.0000000000
146548  31.136  -63.112  30.745 0.0000000000
25064  29.373  -64.095  31.236 0.0000000000
25075  28.865  -64.165  30.513 0.0000000000
23817  28.537  -65.397  32.439 0.0000000000
23818  27.776  -65.793  32.063 0.0000000000
23830  26.820  -66.030  31.121 0.0000000000
23856  26.526  -65.552  29.256 0.0000000000
139753  26.403  -65.879  29.879 0.0000000000
54186  54.099  -37.200  20.994 0.0000000000
53280  52.754  -38.325  20.392 0.0000000000
54188  52.515  -37.775  19.727 0.0000000000
132230  51.902  -39.930  20.222 0.0000000000
52370  52.452  -39.568  20.679 0.0000000000
54207  51.694  -37.887  17.683 0.0000000000
146192  52.755  -45.652  21.157 0.0000000000
48562  52.446  -44.987  20.604 0.0000000000
22568  27.161  -67.185  41.416 0.0000000000
137499  25.780  -68.710  42.585 0.0000000000
19107  26.331  -69.443  42.272 0.0000000000
20213  25.770  -69.181  43.042 0.0000000000
16816  24.131  -70.922  43.109 0.0000000000
16815  25.042  -70.954  42.993 0.0000000000
16826  24.563  -71.514  42.150 0.0000000000
15733  23.848  -71.554  42.175 0.0000000000
127681  23.375  -71.809  41.157 0.0000000000
140647  23.755  -71.882  41.000 0.0000000000
141813  23.477  -71.943  40.649 0.0000000000
15753  23.467  -72.137  39.826 0.0000000000
17973  20.174  -71.040  41.673 0.0000000000
16843  20.947  -71.355  41.526 0.0000000000
16836  21.584  -71.542  41.946 0.0000000000
16858  21.747  -71.114  38.890 0.0000000000
16857  22.532  -71.627  38.664 0.0000000000
148424  22.766  -71.905  39.273 0.0000000000
16865  22.620  -71.407  37.693 0.0000000000
18010  22.423  -70.629  36.187 0.0000000000
19155  20.147  -69.619  36.300 0.0000000000
125648  55.737  -28.833  25.140 0.0000000000
60675  57.329  -30.017  23.031 0.0000000000
60661  57.417  -29.431  23.987 0.0000000000
126597  58.969  -29.961  23.547 0.0000000000
147517  59.085  -30.366  23.000 0.0000000000
59796  59.314  -31.364  22.027 0.0000000000
60651  59.288  -29.997  25.377 0.0000000000
59752  59.242  -30.673  25.477 0.0000000000
137758  59.581  -32.974  23.415 0.0000000000
57868  59.262  -33.695  21.397 0.0000000000
141523  58.983  -34.329  21.604 0.0000000000
56028  57.393  -35.888  22.254 0.0000000000
55105  59.380  -35.923  23.718 0.0000000000
55106  58.599  -36.648  23.609 0.0000000000
55120  57.931  -36.301  22.891 0.0000000000
55122  55.920  -36.981  22.449 0.0000000000
53247  55.455  -38.552  23.073 0.0000000000
53249  54.238  -39.047  22.228 0.0000000000
52318  56.799  -39.768  24.883 0.0000000000
53208  56.351  -39.144  24.403 0.0000000000
51433  54.856  -40.690  23.302 0.0000000000
51445  54.367  -40.589  22.737 0.0000000000
49549  54.426  -42.853  22.749 0.0000000000
51383  56.814  -40.671  28.800 0.0000000000
48452  56.771  -44.404  27.293 0.0000000000
48462  56.885  -44.197  25.906 0.0000000000
47371  55.329  -45.597  27.903 0.0000000000
47390  55.835  -45.590  27.465 0.0000000000
47391  55.660  -45.509  27.199 0.0000000000
128853  55.691  -45.125  25.431 0.0000000000
47434  55.494  -44.803  24.872 0.0000000000
47444  56.126  -44.781  24.966 0.0000000000
145358  55.334  -44.359  24.191 0.0000000000
48498  55.022  -44.657  24.238 0.0000000000
48500  53.561  -43.732  24.070 0.0000000000
146070  54.148  -44.566  23.324 0.0000000000
141705  53.503  -44.846  22.558 0.0000000000
49534  50.833  -42.536  22.977 0.0000000000
48486  50.288  -43.166  25.542 0.0000000000
128234  51.374  -46.438  33.019 0.0000000000
45288  51.522  -46.275  32.145 0.0000000000
139979  51.582  -46.106  31.513 0.0000000000
45311  51.017  -46.139  31.603 0.0000000000
42239  48.107  -50.524  34.691 0.0000000000
42225  48.049  -49.288  34.726 0.0000000000
43171  48.560  -48.407  35.283 0.0000000000
42267  46.533  -49.890  31.011 0.0000000000
138740  46.948  -50.331  31.618 0.0000000000
42261  46.752  -49.466  31.771 0.0000000000
43201  46.837  -48.456  32.331 0.0000000000
44232  47.343  -47.569  32.738 0.0000000000
44231  48.104  -47.207  33.248 0.0000000000
45291  48.944  -46.775  33.065 0.0000000000
139948  48.199  -46.150  30.707 0.0000000000
45332  49.326  -46.237  31.128 0.0000000000
46317  49.848  -45.911  30.452 0.0000000000
46338  50.103  -45.623  29.792 0.0000000000
46339  49.101  -45.600  29.729 0.0000000000
47378  47.914  -45.113  28.452 0.0000000000
47398  47.900  -44.758  27.834 0.0000000000
47399  46.981  -44.616  27.381 0.0000000000
45366  45.223  -46.213  27.803 0.0000000000
46358  45.846  -45.755  28.243 0.0000000000
47422  45.772  -44.644  26.308 0.0000000000
47421  46.546  -44.434  26.573 0.0000000000
47435  46.253  -44.192  25.858 0.0000000000
48490  46.693  -43.735  25.424 0.0000000000
48491  45.959  -43.913  25.190 0.0000000000
48518  44.563  -43.916  23.647 0.0000000000
45404  41.969  -45.989  23.154 0.0000000000
146215  41.405  -46.133  22.599 0.0000000000
46417  40.714  -45.539  21.251 0.0000000000
46429  41.127  -44.878  20.634 0.0000000000
41230  41.050  -50.078  25.859 0.0000000000
41231  40.293  -50.365  25.530 0.0000000000
41242  39.531  -50.183  24.571 0.0000000000
41241  40.107  -49.974  24.829 0.0000000000
42323  39.517  -49.244  23.415 0.0000000000
40206  37.177  -51.371  23.613 0.0000000000
40205  37.750  -50.958  23.832 0.0000000000
127641  37.406  -50.780  23.267 0.0000000000
42333  37.548  -49.458  21.991 0.0000000000
125711  38.180  -49.076  22.127 0.0000000000
30939  39.202  -59.865  31.690 0.0000000000
131062  39.326  -59.108  31.531 0.0000000000
30949  38.777  -59.216  31.096 0.0000000000
30959  37.847  -59.204  30.120 0.0000000000
137254  38.348  -58.987  30.524 0.0000000000
32136  37.668  -58.675  29.658 0.0000000000
33253  37.905  -57.955  29.522 0.0000000000
32146  37.254  -58.366  29.013 0.0000000000
32155  36.097  -58.456  27.662 0.0000000000
30975  36.145  -59.239  28.262 0.0000000000
33266  37.042  -57.780  28.395 0.0000000000
33277  36.585  -57.674  27.739 0.0000000000
34402  36.818  -56.822  27.367 0.0000000000
33288  36.329  -57.285  27.131 0.0000000000
148337  34.892  -56.443  25.113 0.0000000000
28760  31.951  -61.746  28.255 0.0000000000
29911  33.234  -60.260  26.794 0.0000000000
29943  30.068  -60.140  24.603 0.0000000000
31024  30.795  -59.712  24.817 0.0000000000
32196  32.273  -58.461  24.469 0.0000000000
31021  33.057  -59.183  25.714 0.0000000000
32182  34.009  -58.266  25.562 0.0000000000
34464  32.864  -56.832  23.617 0.0000000000
147102  33.376  -56.751  24.062 0.0000000000
63111  53.126  -27.707  20.811 0.0000000000
60706  55.951  -30.841  20.774 0.0000000000
59831  54.983  -31.112  19.342 0.0000000000
126228  53.976  -31.141  19.359 0.0000000000
55152  53.962  -36.060  19.970 0.0000000000
127937  53.619  -35.718  19.261 0.0000000000
21371  28.566  -67.591  42.021 0.0000000000
30907  42.173  -59.448  34.373 0.0000000000
32076  42.011  -58.645  33.978 0.0000000000
33184  42.323  -57.153  33.573 0.0000000000
34343  42.247  -56.500  33.069 0.0000000000
33199  41.765  -57.167  32.987 0.0000000000
34345  41.225  -57.174  32.313 0.0000000000
34362  40.554  -56.433  31.230 0.0000000000
33217  39.502  -57.957  31.161 0.0000000000
134630  55.207  -34.749  19.971 0.0000000000
145466  26.767  -67.269  34.689 0.0000000000
15759  25.333  -72.886  38.782 0.0000000000
24975  38.629  -64.674  38.190 0.0000000000
23774  37.695  -65.585  36.214 0.0000000000
23775  36.671  -65.853  36.156 0.0000000000
128287  35.945  -65.908  36.126 0.0000000000
49587  52.320  -43.742  20.350 0.0000000000
52292  57.813  -39.244  27.266 0.0000000000
51389  57.379  -39.987  27.461 0.0000000000
51390  57.092  -40.845  27.701 0.0000000000
132873  53.307  -45.629  29.447 0.0000000000
47374  51.585  -44.956  28.293 0.0000000000
47375  50.844  -44.964  28.495 0.0000000000
41203  44.021  -50.299  28.554 0.0000000000
42287  43.964  -49.002  27.768 0.0000000000
43245  44.270  -48.346  27.804 0.0000000000
43250  43.254  -48.451  26.440 0.0000000000
43258  42.456  -48.438  25.449 0.0000000000
42303  41.571  -49.438  25.382 0.0000000000
27543  34.407  -62.306  29.575 0.0000000000
134052  34.044  -62.191  29.185 0.0000000000
28741  33.797  -61.987  28.813 0.0000000000
28758  33.412  -61.550  28.229 0.0000000000
60678  54.062  -29.634  22.358 0.0000000000
60693  54.287  -30.308  21.732 0.0000000000
139518  27.336  -69.325  41.529 0.0000000000
19122  27.348  -69.326  40.803 0.0000000000
17980  25.959  -70.117  40.746 0.0000000000
17972  25.387  -70.767  40.553 0.0000000000
132698  34.060  -64.684  39.200 0.0000000000
21425  30.082  -67.295  38.244 0.0000000000
34309  44.254  -56.537  36.668 0.0000000000
37833  46.283  -52.868  37.043 0.0000000000
37834  46.211  -53.059  36.000 0.0000000000
37845  46.143  -53.265  35.028 0.0000000000
36683  43.243  -54.272  32.035 0.0000000000
37923  43.241  -53.195  30.797 0.0000000000
39027  43.747  -52.554  30.354 0.0000000000
39028  42.763  -52.745  30.030 0.0000000000
39043  42.033  -52.509  29.468 0.0000000000
39064  41.468  -52.251  28.881 0.0000000000
37959  39.971  -53.552  28.653 0.0000000000
35541  39.344  -55.652  29.472 0.0000000000
35552  39.119  -55.061  28.761 0.0000000000
35553  38.550  -55.211  28.253 0.0000000000
36729  37.820  -54.832  27.123 0.0000000000
26338  29.549  -63.241  29.495 0.0000000000
60689  58.931  -30.939  20.937 0.0000000000
132542  59.363  -31.630  19.553 0.0000000000
57914  56.746  -33.210  18.856 0.0000000000
19185  25.716  -69.724  34.081 0.0000000000
20303  25.863  -68.703  37.066 0.0000000000
142587  40.438  -64.510  36.290 0.0000000000
26257  41.141  -63.845  36.540 0.0000000000
26266  40.977  -63.698  35.568 0.0000000000
26273  41.317  -62.840  35.011 0.0000000000
27481  41.647  -62.191  34.892 0.0000000000
27482  41.264  -62.262  34.423 0.0000000000
27491  40.322  -62.127  33.658 0.0000000000
27499  39.773  -61.945  33.155 0.0000000000
27500  39.270  -62.237  32.787 0.0000000000
25035  36.352  -64.337  33.700 0.0000000000
26288  35.951  -63.685  32.535 0.0000000000
26315  35.523  -63.066  31.493 0.0000000000
148912  33.545  -63.494  32.373 0.0000000000
22625  33.780  -65.813  36.737 0.0000000000
124884  33.173  -65.549  35.770 0.0000000000
25051  32.119  -63.822  33.004 0.0000000000
25063  30.510  -63.633  31.986 0.0000000000
22677  27.238  -66.316  32.566 0.0000000000
22687  26.992  -66.120  31.776 0.0000000000
22699  26.310  -66.255  30.592 0.0000000000
22689  25.763  -66.932  30.763 0.0000000000
54177  53.879  -37.954  21.293 0.0000000000
53279  53.328  -38.311  20.938 0.0000000000
51484  51.231  -40.638  19.455 0.0000000000
52384  51.473  -39.857  19.465 0.0000000000
51493  50.979  -40.268  18.737 0.0000000000
139040  23.365  -70.921  43.295 0.0000000000
15727  23.609  -71.305  42.818 0.0000000000
15734  23.228  -71.471  42.434 0.0000000000
15742  23.040  -71.610  41.987 0.0000000000
140484  22.907  -71.731  41.556 0.0000000000
123678  19.909  -70.571  40.402 0.0000000000
18000  21.327  -70.354  37.473 0.0000000000
148757  21.563  -70.254  36.917 0.0000000000
61504  58.137  -28.921  25.015 0.0000000000
60659  59.249  -29.842  24.661 0.0000000000
59751  59.426  -31.495  24.824 0.0000000000
149239  59.454  -32.776  24.531 0.0000000000
56959  59.367  -34.223  22.178 0.0000000000
54141  58.920  -37.091  24.414 0.0000000000
54144  56.083  -38.149  23.379 0.0000000000
53229  55.665  -38.953  23.823 0.0000000000
50528  55.112  -41.605  23.539 0.0000000000
49464  56.389  -42.409  29.158 0.0000000000
147557  56.656  -42.486  28.331 0.0000000000
127615  56.548  -43.657  28.214 0.0000000000
123804  55.023  -45.040  26.849 0.0000000000
48463  54.741  -44.474  25.967 0.0000000000
49532  52.735  -43.339  23.562 0.0000000000
49519  52.519  -42.943  24.272 0.0000000000
48487  49.486  -43.343  25.650 0.0000000000
49506  48.970  -43.036  25.170 0.0000000000
143248  48.449  -42.865  24.773 0.0000000000
123836  48.179  -42.591  23.950 0.0000000000
49523  47.229  -42.870  24.191 0.0000000000
45272  51.112  -46.499  33.907 0.0000000000
40099  48.071  -52.047  34.032 0.0000000000
40100  47.978  -51.969  33.599 0.0000000000
41169  48.070  -51.382  33.850 0.0000000000
41170  47.786  -50.817  33.112 0.0000000000
142836  46.196  -48.069  30.835 0.0000000000
43212  46.488  -48.460  31.443 0.0000000000
44249  46.581  -47.460  31.283 0.0000000000
44248  47.206  -46.901  31.809 0.0000000000
133165  47.503  -46.495  31.059 0.0000000000
46319  47.990  -45.701  29.833 0.0000000000
45375  44.332  -46.348  26.597 0.0000000000
46378  44.658  -45.595  26.314 0.0000000000
47437  44.830  -44.693  25.207 0.0000000000
47446  45.288  -44.161  24.859 0.0000000000
47447  44.613  -44.394  24.460 0.0000000000
47460  43.775  -44.269  23.071 0.0000000000
46415  42.359  -44.687  21.900 0.0000000000
44319  40.923  -47.210  22.996 0.0000000000
45406  40.821  -46.678  22.457 0.0000000000
45417  40.396  -46.292  21.732 0.0000000000
41222  39.735  -51.015  25.828 0.0000000000
41265  36.559  -50.643  22.259 0.0000000000
41274  36.833  -49.902  21.756 0.0000000000
29856  38.064  -60.352  31.013 0.0000000000
30976  35.500  -59.807  27.917 0.0000000000
32156  35.596  -58.339  27.039 0.0000000000
33289  35.793  -57.428  26.654 0.0000000000
28777  30.451  -61.523  27.374 0.0000000000
28776  31.876  -61.196  27.620 0.0000000000
130405  31.097  -61.141  27.210 0.0000000000
29913  31.641  -60.295  26.278 0.0000000000
31048  30.927  -58.970  23.666 0.0000000000
31037  31.168  -59.191  24.344 0.0000000000
33322  32.711  -57.893  24.345 0.0000000000
55160  53.078  -35.882  18.538 0.0000000000
20256  29.266  -68.052  40.208 0.0000000000
17953  26.216  -70.161  42.315 0.0000000000
21384  30.989  -66.838  40.953 0.0000000000
22565  30.721  -66.534  41.674 0.0000000000
140254  43.089  -60.153  36.789 0.0000000000
29766  43.433  -59.697  36.235 0.0000000000
32036  43.779  -58.487  36.322 0.0000000000
125512  43.832  -57.951  35.998 0.0000000000
32060  42.944  -58.675  34.973 0.0000000000
32059  43.287  -57.945  35.123 0.0000000000
33162  43.730  -57.390  35.585 0.0000000000
34319  44.092  -56.557  35.860 0.0000000000
34329  43.757  -56.488  35.265 0.0000000000
35485  43.827  -55.442  34.682 0.0000000000
132236  43.384  -55.119  33.253 0.0000000000
35513  42.767  -55.038  32.521 0.0000000000
36685  41.628  -54.854  31.243 0.0000000000
36699  41.325  -54.460  30.642 0.0000000000
36709  41.042  -54.137  30.190 0.0000000000
36700  40.663  -54.759  30.232 0.0000000000
35540  39.997  -55.206  29.925 0.0000000000
35532  39.764  -55.859  30.168 0.0000000000
34385  38.214  -56.542  28.842 0.0000000000
25105  27.382  -64.434  28.525 0.0000000000
23893  26.959  -64.802  27.245 0.0000000000
22761  26.936  -65.978  26.957 0.0000000000
57894  59.103  -32.986  20.035 0.0000000000
57896  57.107  -33.465  19.417 0.0000000000
130817  25.401  -68.989  34.088 0.0000000000
18030  25.954  -70.164  34.709 0.0000000000
24986  39.296  -64.856  37.886 0.0000000000
24985  39.937  -64.864  37.260 0.0000000000
134274  39.800  -64.678  35.673 0.0000000000
25003  39.426  -64.364  34.936 0.0000000000
26276  39.068  -64.032  34.095 0.0000000000
131472  37.238  -65.042  34.796 0.0000000000
22640  30.995  -65.944  36.073 0.0000000000
23779  30.826  -65.700  35.464 0.0000000000
23806  28.895  -65.627  33.399 0.0000000000
51476  52.255  -40.446  20.697 0.0000000000
51485  50.834  -41.051  19.013 0.0000000000
17994  18.564  -69.983  38.941 0.0000000000
19146  18.919  -69.746  37.267 0.0000000000
148008  17.582  -70.305  37.557 0.0000000000
53206  58.095  -38.481  25.068 0.0000000000
51416  56.865  -40.542  25.232 0.0000000000
47370  55.895  -45.506  28.026 0.0000000000
48465  52.125  -43.564  26.123 0.0000000000
47416  51.537  -44.040  26.797 0.0000000000
47417  50.551  -44.194  26.962 0.0000000000
44177  49.204  -47.721  35.524 0.0000000000
40121  46.374  -51.204  31.023 0.0000000000
41189  46.238  -50.489  30.649 0.0000000000
42268  46.010  -49.736  30.348 0.0000000000
42273  45.467  -49.539  29.772 0.0000000000
43223  45.751  -49.066  30.104 0.0000000000
135105  45.566  -47.931  29.499 0.0000000000
45357  44.954  -46.875  28.066 0.0000000000
45367  44.572  -46.787  27.364 0.0000000000
44285  44.122  -47.670  27.238 0.0000000000
44292  44.080  -47.075  26.757 0.0000000000
45384  43.484  -46.418  25.496 0.0000000000
45390  43.207  -46.051  24.838 0.0000000000
46394  42.959  -45.795  24.191 0.0000000000
45391  42.729  -46.377  24.517 0.0000000000
44313  41.825  -46.849  23.694 0.0000000000
43263  42.042  -48.018  24.816 0.0000000000
44309  41.667  -47.663  24.115 0.0000000000
44314  41.289  -47.409  23.466 0.0000000000
124219  40.761  -47.801  23.254 0.0000000000
43280  40.238  -48.134  22.993 0.0000000000
39132  37.982  -52.057  24.849 0.0000000000
40207  36.596  -51.713  23.343 0.0000000000
40218  36.289  -51.377  22.665 0.0000000000
28724  36.654  -61.700  30.231 0.0000000000
28738  36.258  -61.271  29.620 0.0000000000
29869  35.785  -60.896  28.947 0.0000000000
29879  35.355  -60.578  28.221 0.0000000000
29893  34.973  -60.202  27.595 0.0000000000
30990  33.962  -59.866  26.771 0.0000000000
28807  29.175  -61.107  24.976 0.0000000000
29932  29.772  -60.593  25.198 0.0000000000
29955  29.906  -60.285  23.175 0.0000000000
141083  53.226  -28.214  21.325 0.0000000000
62301  53.108  -28.815  21.282 0.0000000000
60709  52.569  -30.082  20.272 0.0000000000
123787  52.721  -30.555  19.887 0.0000000000
60741  57.384  -30.228  17.796 0.0000000000
21442  27.204  -67.820  37.182 0.0000000000
149564  25.609  -69.908  38.641 0.0000000000
14681  24.749  -72.684  38.934 0.0000000000
143873  35.987  -63.925  39.140 0.0000000000
125929  35.887  -65.640  37.523 0.0000000000
22600  35.007  -65.649  37.510 0.0000000000
22601  34.142  -65.633  37.585 0.0000000000
22615  33.499  -65.725  37.186 0.0000000000
22589  32.065  -65.918  38.990 0.0000000000
125555  31.598  -66.115  37.202 0.0000000000
21456  30.425  -66.689  37.056 0.0000000000
21457  29.857  -67.051  37.254 0.0000000000
148605  29.412  -67.118  36.841 0.0000000000
21458  28.690  -67.249  36.742 0.0000000000
47471  53.374  -45.255  22.061 0.0000000000
124761  56.362  -41.296  30.141 0.0000000000
48417  56.154  -42.352  30.122 0.0000000000
48418  55.973  -43.730  29.813 0.0000000000
48404  55.502  -43.336  30.937 0.0000000000
47340  55.545  -44.850  29.906 0.0000000000
46312  55.119  -45.792  29.823 0.0000000000
46314  54.122  -46.197  30.064 0.0000000000
46294  54.409  -46.087  31.192 0.0000000000
45327  53.978  -46.396  30.591 0.0000000000
45344  53.484  -46.219  30.316 0.0000000000
45346  52.169  -45.904  30.508 0.0000000000
38984  47.789  -52.430  34.462 0.0000000000
38991  47.746  -52.414  33.996 0.0000000000
38999  47.242  -52.646  32.953 0.0000000000
39009  47.057  -52.334  32.122 0.0000000000
139696  44.433  -54.433  34.173 0.0000000000
36628  45.224  -53.750  33.825 0.0000000000
37870  45.210  -53.747  33.217 0.0000000000
37888  44.162  -54.006  32.300 0.0000000000
37887  45.036  -53.691  32.589 0.0000000000
37886  45.902  -53.290  32.908 0.0000000000
39010  46.120  -52.537  31.798 0.0000000000
40114  46.402  -51.883  31.397 0.0000000000
145683  45.926  -51.523  30.805 0.0000000000
40123  45.157  -51.533  30.341 0.0000000000
40131  44.578  -51.280  29.707 0.0000000000
40132  43.865  -51.437  29.382 0.0000000000
40144  43.513  -50.933  28.687 0.0000000000
41205  42.943  -50.674  28.064 0.0000000000
41211  42.532  -50.393  27.450 0.0000000000
41219  42.173  -50.106  26.791 0.0000000000
41212  41.743  -50.704  27.273 0.0000000000
41213  40.943  -51.008  27.107 0.0000000000
40158  40.586  -51.631  27.553 0.0000000000
40171  40.322  -51.360  26.963 0.0000000000
37976  38.713  -52.796  26.520 0.0000000000
36710  40.595  -54.127  29.741 0.0000000000
37960  39.399  -53.578  28.021 0.0000000000
37991  37.386  -53.589  25.499 0.0000000000
37992  36.774  -54.041  25.143 0.0000000000
36773  36.165  -54.549  24.911 0.0000000000
27527  31.964  -62.725  30.079 0.0000000000
27546  31.657  -62.514  29.448 0.0000000000
27560  31.351  -62.184  28.738 0.0000000000
26354  27.777  -63.832  28.098 0.0000000000
130377  28.165  -63.263  27.700 0.0000000000
26377  27.606  -63.714  26.387 0.0000000000
26366  27.978  -63.115  26.853 0.0000000000
27589  28.370  -62.594  26.608 0.0000000000
28808  28.868  -61.610  25.522 0.0000000000
127281  56.466  -30.299  22.500 0.0000000000
124448  57.556  -30.664  20.028 0.0000000000
20325  25.411  -68.594  32.234 0.0000000000
18018  26.402  -70.738  36.084 0.0000000000
28613  42.269  -61.427  36.933 0.0000000000
28612  42.756  -60.943  36.560 0.0000000000
29767  43.096  -60.478  36.181 0.0000000000
28670  42.563  -60.532  35.093 0.0000000000
29793  42.311  -60.234  34.697 0.0000000000
28672  41.685  -61.676  34.629 0.0000000000
29794  41.751  -61.020  34.422 0.0000000000
29809  41.715  -60.237  34.153 0.0000000000
30923  40.965  -59.367  33.112 0.0000000000
30924  40.365  -59.316  32.508 0.0000000000
28715  38.970  -61.213  32.065 0.0000000000
29846  38.680  -60.650  31.592 0.0000000000
28722  38.098  -60.976  31.298 0.0000000000
26285  38.764  -63.432  33.338 0.0000000000
26298  38.356  -63.105  32.723 0.0000000000
26299  37.597  -63.066  32.284 0.0000000000
27508  37.779  -62.246  31.728 0.0000000000
27521  37.298  -62.073  31.120 0.0000000000
146234  36.897  -62.034  30.669 0.0000000000
27523  35.568  -62.482  30.369 0.0000000000
27510  35.087  -62.815  30.963 0.0000000000
27524  34.728  -62.589  30.315 0.0000000000
23776  34.546  -65.755  35.936 0.0000000000
23792  32.663  -65.221  35.107 0.0000000000
132862  33.042  -65.017  34.817 0.0000000000
25022  33.309  -64.809  34.456 0.0000000000
145263  33.589  -63.816  33.022 0.0000000000
124178  33.070  -63.288  31.902 0.0000000000
25076  28.249  -64.687  30.634 0.0000000000
25077  27.752  -64.776  30.102 0.0000000000
25093  27.575  -64.600  29.399 0.0000000000
22700  25.890  -66.650  29.879 0.0000000000
22715  25.951  -66.722  29.180 0.0000000000
55143  54.378  -36.451  20.698 0.0000000000
149633  52.442  -38.907  20.351 0.0000000000
53289  51.684  -38.955  19.083 0.0000000000
53299  51.889  -37.980  18.804 0.0000000000
48561  53.005  -44.894  20.987 0.0000000000
22567  27.861  -66.958  41.877 0.0000000000
142819  26.965  -68.441  42.177 0.0000000000
21373  26.398  -68.316  42.035 0.0000000000
20214  25.132  -69.367  43.079 0.0000000000
147405  25.310  -70.258  43.064 0.0000000000
17954  25.506  -70.437  42.426 0.0000000000
16825  25.812  -70.837  41.987 0.0000000000
16834  25.124  -71.340  41.705 0.0000000000
15739  24.392  -71.725  41.317 0.0000000000
149698  24.120  -71.902  41.160 0.0000000000
15747  24.112  -72.094  40.265 0.0000000000
14676  23.908  -72.323  39.815 0.0000000000
14683  23.823  -72.581  39.236 0.0000000000
16829  21.528  -71.397  42.800 0.0000000000
16835  22.323  -71.674  41.353 0.0000000000
16841  22.286  -71.666  40.367 0.0000000000
15754  23.020  -72.029  39.836 0.0000000000
15761  23.245  -72.315  39.073 0.0000000000
15760  23.754  -72.739  38.464 0.0000000000
149434  23.600  -72.523  37.788 0.0000000000
16872  23.354  -71.733  36.566 0.0000000000
16873  22.800  -71.206  36.844 0.0000000000
60662  55.472  -29.551  23.717 0.0000000000
60660  58.271  -29.531  23.807 0.0000000000
59797  59.120  -30.885  21.703 0.0000000000
61476  58.648  -29.184  26.415 0.0000000000
141238  59.488  -31.063  24.105 0.0000000000
59781  59.398  -31.229  23.129 0.0000000000
56967  58.758  -33.993  20.970 0.0000000000
56961  57.327  -34.800  21.223 0.0000000000
56015  59.760  -35.262  24.346 0.0000000000
55130  56.470  -36.131  21.971 0.0000000000
55131  55.637  -36.507  21.810 0.0000000000
54162  54.906  -37.913  22.188 0.0000000000
53263  54.344  -38.301  21.938 0.0000000000
52332  55.276  -39.868  23.530 0.0000000000
52350  54.275  -39.802  22.468 0.0000000000
50540  54.074  -42.201  22.359 0.0000000000
49568  53.685  -42.803  21.904 0.0000000000
48545  53.885  -44.201  21.951 0.0000000000
149715  53.649  -44.935  22.183 0.0000000000
50493  57.230  -41.968  27.016 0.0000000000
49502  56.839  -43.125  25.626 0.0000000000
148489  56.076  -45.613  27.233 0.0000000000
47411  56.440  -45.317  26.747 0.0000000000
47412  56.174  -45.522  25.988 0.0000000000
140257  56.630  -45.055  26.144 0.0000000000
47432  56.402  -44.951  25.539 0.0000000000
48497  56.059  -43.977  24.678 0.0000000000
134812  54.497  -44.440  23.551 0.0000000000
47459  53.349  -45.047  22.292 0.0000000000
48485  51.686  -43.116  25.525 0.0000000000
49504  50.643  -42.678  24.729 0.0000000000
45287  52.640  -46.456  32.415 0.0000000000
44197  49.001  -47.524  34.884 0.0000000000
41182  47.283  -51.026  31.851 0.0000000000
42260  47.318  -50.302  32.325 0.0000000000
42252  47.420  -49.687  33.231 0.0000000000
43200  47.213  -48.575  33.184 0.0000000000
43187  47.664  -48.916  33.963 0.0000000000
44214  49.550  -47.053  34.397 0.0000000000
45273  49.729  -46.779  33.621 0.0000000000
45290  49.978  -46.568  32.682 0.0000000000
45312  50.209  -46.360  31.774 0.0000000000
46355  48.410  -45.342  29.028 0.0000000000
47420  47.889  -44.379  27.081 0.0000000000
140514  47.786  -43.966  26.377 0.0000000000
46367  46.357  -45.176  27.850 0.0000000000
46377  45.327  -45.218  26.708 0.0000000000
150055  46.370  -43.563  24.859 0.0000000000
46399  42.704  -45.548  23.541 0.0000000000
42312  40.585  -49.405  24.404 0.0000000000
42322  40.318  -49.063  23.755 0.0000000000
43274  40.084  -48.689  23.278 0.0000000000
40193  38.220  -51.238  24.463 0.0000000000
41255  38.430  -50.484  23.955 0.0000000000
42324  38.658  -49.769  23.333 0.0000000000
42331  38.848  -48.999  22.606 0.0000000000
32105  39.703  -58.554  31.622 0.0000000000
32119  38.801  -58.319  30.680 0.0000000000
33236  38.534  -57.700  30.029 0.0000000000
30974  36.750  -59.014  28.837 0.0000000000
34417  35.877  -56.573  26.089 0.0000000000
34431  35.983  -55.903  25.642 0.0000000000
128930  35.633  -55.724  25.209 0.0000000000
28759  32.638  -61.781  28.434 0.0000000000
28774  33.342  -61.087  27.621 0.0000000000
29895  33.685  -60.600  27.218 0.0000000000
31023  31.657  -59.413  25.042 0.0000000000
31005  32.263  -59.666  25.808 0.0000000000
32168  33.833  -59.089  26.050 0.0000000000
33320  34.162  -57.423  25.166 0.0000000000
34452  33.728  -57.036  24.574 0.0000000000
34451  34.414  -56.559  24.787 0.0000000000
35619  34.427  -55.782  24.247 0.0000000000
134793  34.354  -55.028  23.706 0.0000000000
59811  55.439  -31.023  20.151 0.0000000000
60721  53.480  -30.845  20.081 0.0000000000
128866  54.781  -35.133  19.993 0.0000000000
56065  54.634  -34.628  19.308 0.0000000000
19096  25.299  -69.764  43.178 0.0000000000
24965  36.569  -64.136  38.735 0.0000000000
26264  41.929  -62.801  36.265 0.0000000000
28632  42.769  -61.074  35.926 0.0000000000
30872  43.626  -59.011  36.520 0.0000000000
30883  43.646  -59.027  36.037 0.0000000000
32047  43.586  -58.588  35.774 0.0000000000
35499  43.192  -55.773  33.738 0.0000000000
35585  36.306  -55.548  25.738 0.0000000000
38977  48.050  -52.244  34.793 0.0000000000
38990  47.994  -52.248  34.370 0.0000000000
59782  59.172  -30.673  22.579 0.0000000000
137822  42.454  -61.617  35.821 0.0000000000
138578  43.543  -58.114  35.564 0.0000000000
139548  22.185  -71.087  43.380 0.0000000000
139902  17.510  -70.544  36.975 0.0000000000
142733  40.932  -62.071  33.995 0.0000000000
147964  41.028  -62.721  34.484 0.0000000000
149063  26.941  -65.273  26.900 0.0000000000
149398  46.469  -49.233  31.194 0.0000000000
