#!ascii label  , from subject sub-v1s12x0050126_ses-1 vox2ras=TkReg
902
108318  19.348  -10.283  -23.123 0.2500000000
64238  19.926  -10.603  -23.865 0.2500000000
64230  19.756  -11.138  -23.342 0.7500000000
67203  18.988  -6.376  -24.373 0.2500000000
107565  19.285  -7.177  -24.347 0.1250000000
67202  19.560  -6.498  -24.801 0.3750000000
66524  19.523  -8.052  -24.353 0.2500000000
64995  19.375  -9.560  -23.495 0.2500000000
65003  20.015  -9.834  -24.251 0.7500000000
116396  19.705  -9.877  -23.938 0.3750000000
64229  20.189  -11.011  -23.720 0.8750000000
63455  20.587  -11.459  -23.293 0.8750000000
66532  19.870  -7.334  -24.885 0.3750000000
66523  20.148  -8.181  -24.860 0.3750000000
65813  20.418  -8.956  -24.814 0.8750000000
108520  22.406  -9.752  -23.727 1.0000000000
64236  21.484  -9.853  -24.167 1.0000000000
65002  20.822  -9.521  -24.702 0.8750000000
63454  21.705  -11.172  -23.173 1.0000000000
64237  20.525  -10.292  -24.184 0.8750000000
63437  22.485  -11.788  -22.731 1.0000000000
67952  19.881  -5.775  -25.203 0.2500000000
66531  20.549  -7.431  -25.376 0.7500000000
66530  21.358  -7.482  -25.533 0.8750000000
65820  21.361  -8.217  -25.352 0.8750000000
65821  20.796  -8.224  -25.323 0.7500000000
64993  23.021  -9.293  -23.737 1.0000000000
65000  22.230  -9.158  -24.200 1.0000000000
65811  22.261  -8.450  -24.738 1.0000000000
64211  24.108  -11.021  -22.503 1.0000000000
64226  23.268  -10.149  -23.157 1.0000000000
64212  22.867  -11.062  -22.915 1.0000000000
108625  18.749  -5.584  -24.384 0.1250000000
67213  20.255  -6.599  -25.337 0.6250000000
67211  21.757  -6.543  -25.618 1.0000000000
67212  20.978  -6.636  -25.698 0.8750000000
65819  21.900  -7.958  -25.270 1.0000000000
64980  24.640  -10.066  -22.568 1.0000000000
64992  23.685  -9.357  -22.985 1.0000000000
65804  22.820  -8.669  -24.155 1.0000000000
66522  22.432  -7.706  -24.900 1.0000000000
64210  25.276  -11.035  -22.365 1.0000000000
114083  26.293  -11.380  -23.182 1.0000000000
63434  25.776  -11.600  -22.535 1.0000000000
104615  20.437  -0.089  -26.506 0.2500000000
68649  19.428  -5.011  -25.079 0.2500000000
68664  19.732  -4.186  -25.283 0.3750000000
104858  20.274  -4.962  -25.442 0.5000000000
67950  21.399  -5.704  -25.719 1.0000000000
68663  21.127  -4.841  -25.786 0.6250000000
66528  22.911  -7.058  -24.871 1.0000000000
67210  22.535  -6.428  -25.360 1.0000000000
103810  25.524  -9.370  -22.308 1.0000000000
64991  24.470  -8.954  -22.808 1.0000000000
66513  23.419  -7.219  -24.106 1.0000000000
65787  26.125  -8.699  -22.203 1.0000000000
64208  26.434  -10.527  -22.665 1.0000000000
64979  26.406  -9.669  -22.442 1.0000000000
64225  26.618  -10.628  -23.260 1.0000000000
71755  21.008  -0.753  -27.335 0.5000000000
70974  20.272  -1.363  -27.308 0.3750000000
70196  20.691  -2.164  -27.556 0.3750000000
105305  20.760  -2.700  -27.306 0.5000000000
69406  21.153  -2.909  -27.688 0.5000000000
68662  22.195  -3.906  -27.053 0.8750000000
105834  21.793  -4.499  -25.741 1.0000000000
69398  22.369  -3.716  -26.855 1.0000000000
67201  23.402  -6.503  -24.474 1.0000000000
106739  22.640  -4.928  -25.554 1.0000000000
67179  25.185  -6.971  -22.365 1.0000000000
67190  23.812  -6.638  -23.738 1.0000000000
66498  26.675  -8.033  -22.324 1.0000000000
64978  27.099  -9.789  -22.878 0.8750000000
71750  20.704  -0.109  -26.768 0.5000000000
70982  20.741  -1.519  -27.600 0.5000000000
70981  21.295  -1.779  -27.478 0.6250000000
70980  21.943  -2.152  -26.743 0.6250000000
70188  22.278  -3.251  -27.091 1.0000000000
69404  22.105  -3.395  -27.433 0.7500000000
69391  23.324  -3.927  -24.970 1.0000000000
117642  26.692  -5.641  -22.209 1.0000000000
67926  25.376  -5.420  -22.366 1.0000000000
67927  24.619  -5.371  -23.021 1.0000000000
67928  23.839  -5.410  -23.816 1.0000000000
107104  27.129  -6.160  -22.420 1.0000000000
67178  25.668  -6.766  -22.142 1.0000000000
67188  25.028  -6.181  -22.515 1.0000000000
107184  27.873  -6.914  -22.603 0.8750000000
67177  26.600  -7.012  -22.285 1.0000000000
65786  27.500  -8.250  -22.826 0.8750000000
111407  21.663  -1.046  -26.714 0.5000000000
70973  22.468  -1.394  -25.824 0.8750000000
108249  23.965  -3.025  -23.234 1.0000000000
107891  23.517  -3.148  -24.313 1.0000000000
109338  26.251  -5.081  -22.103 1.0000000000
104532  25.304  -3.563  -22.291 1.0000000000
68648  23.553  -4.760  -24.588 1.0000000000
68636  28.142  -3.646  -22.502 1.0000000000
115744  28.509  -6.026  -22.899 1.0000000000
117494  28.178  -6.130  -22.593 1.0000000000
68626  27.815  -4.507  -22.303 1.0000000000
107692  28.598  -5.302  -23.038 1.0000000000
71749  21.459  -0.007  -26.423 0.5000000000
114493  22.213  -0.541  -25.993 0.8750000000
71742  22.864  -0.705  -25.056 1.0000000000
70956  25.221  -1.846  -22.151 1.0000000000
70176  24.297  -2.189  -22.686 1.0000000000
70966  23.296  -1.650  -24.671 1.0000000000
99305  28.152  -2.024  -22.253 1.0000000000
69378  27.702  -2.845  -22.211 1.0000000000
69377  29.040  -2.736  -24.126 1.0000000000
70173  28.662  -2.624  -22.858 1.0000000000
104116  28.914  -3.919  -23.983 1.0000000000
68635  28.716  -4.735  -24.521 0.8750000000
73781  28.896  2.177  -25.323 1.0000000000
73126  26.487  0.306  -22.770 0.3750000000
72478  28.623  0.844  -22.869 0.8750000000
71734  28.226  -1.184  -22.882 1.0000000000
111401  28.641  -1.626  -22.831 1.0000000000
70954  28.184  -1.125  -22.202 1.0000000000
74424  28.678  3.441  -26.208 0.8750000000
112965  29.062  1.121  -24.696 1.0000000000
117724  28.850  0.714  -23.724 1.0000000000
73146  29.017  0.992  -26.014 1.0000000000
71733  28.886  -0.359  -23.592 1.0000000000
70953  28.865  -0.812  -23.515 1.0000000000
103688  28.774  3.349  -24.987 0.7500000000
108973  28.868  2.006  -26.346 1.0000000000
73154  28.963  0.730  -26.909 1.0000000000
72512  29.699  0.682  -26.373 1.0000000000
72513  29.069  0.580  -26.651 1.0000000000
73790  28.686  3.037  -26.966 1.0000000000
108972  28.807  2.085  -27.326 1.0000000000
73158  28.929  0.957  -27.955 1.0000000000
79760  23.175  12.775  -22.856 0.1250000000
115127  22.712  12.994  -22.774 0.1250000000
79757  25.798  12.755  -22.778 0.2500000000
79759  23.900  12.977  -23.390 0.1250000000
79756  26.438  12.581  -23.153 0.3750000000
80328  23.944  13.780  -23.445 0.2500000000
111937  27.078  12.132  -23.850 0.5000000000
79746  26.175  13.241  -22.874 0.2500000000
102271  26.893  12.832  -24.050 0.3750000000
80917  23.642  14.359  -23.429 0.2500000000
80326  25.690  13.633  -22.981 0.2500000000
80916  24.420  14.482  -23.558 0.2500000000
80922  24.904  15.287  -23.919 0.2500000000
80325  26.412  13.515  -23.580 0.2500000000
107137  26.325  14.080  -25.088 0.2500000000
79765  26.923  13.396  -25.120 0.3750000000
80915  25.164  14.383  -23.672 0.2500000000
79769  27.398  13.055  -25.863 0.3750000000
106707  19.164  -9.628  -23.013 0.1250000000
65814  19.700  -9.048  -24.270 0.2500000000
66525  19.101  -7.850  -23.826 0.1250000000
62687  25.578  -12.178  -22.678 1.0000000000
100892  26.778  -2.849  -22.047 1.0000000000
103731  19.243  -10.970  -22.222 0.1250000000
63456  19.925  -11.621  -23.191 0.6250000000
62691  20.846  -12.140  -22.758 0.7500000000
66515  18.883  -7.279  -23.841 0.1250000000
98509  21.413  -12.927  -22.423 1.0000000000
110347  23.185  -12.579  -22.418 1.0000000000
62688  25.161  -12.741  -22.687 1.0000000000
62721  24.895  -12.073  -24.881 1.0000000000
68665  19.311  -3.519  -25.144 0.3750000000
70975  20.013  -1.353  -26.517 0.2500000000
70190  19.943  -2.699  -25.472 0.2500000000
64235  26.188  -10.176  -24.721 0.8750000000
65800  27.718  -7.739  -23.631 0.8750000000
64989  27.314  -9.201  -23.580 0.8750000000
67186  28.212  -6.084  -24.359 0.8750000000
112073  27.626  1.053  -22.387 0.1250000000
72514  21.787  0.979  -25.748 0.3750000000
103234  23.272  -0.024  -24.590 0.6250000000
69364  28.799  -3.688  -23.167 1.0000000000
67924  28.509  -5.329  -23.902 0.8750000000
73114  28.678  1.613  -23.286 0.5000000000
72479  27.983  0.719  -22.681 0.3750000000
72494  27.163  0.086  -22.388 0.8750000000
71732  29.293  -0.312  -25.031 1.0000000000
72491  29.366  -0.150  -24.953 1.0000000000
75009  28.637  4.480  -25.823 0.8750000000
74429  28.481  4.321  -27.622 1.0000000000
108971  28.655  2.527  -28.579 1.0000000000
110524  28.995  0.422  -27.942 1.0000000000
79761  21.730  12.371  -23.605 0.1250000000
79176  24.439  10.864  -23.372 0.1250000000
107526  27.484  9.917  -24.154 0.6250000000
79180  27.472  11.411  -24.308 0.6250000000
78570  27.563  10.727  -26.171 0.5000000000
79181  27.366  11.352  -26.367 0.5000000000
115329  22.851  14.595  -22.568 0.2500000000
101989  24.100  15.118  -23.500 0.2500000000
79764  27.329  12.375  -25.171 0.5000000000
79768  27.362  12.196  -26.857 0.5000000000
81479  24.341  15.938  -23.715 0.1250000000
80921  25.495  14.920  -24.627 0.2500000000
80340  26.955  13.907  -25.656 0.2500000000
80339  27.429  13.511  -25.762 0.2500000000
81483  25.316  15.697  -25.066 0.1250000000
105166  19.321  -10.494  -22.710 0.1250000000
64231  19.471  -11.143  -23.001 0.3750000000
63457  19.733  -11.902  -22.799 0.5000000000
65805  19.132  -8.791  -23.375 0.1250000000
64228  21.034  -10.762  -23.871 0.8750000000
63438  21.452  -11.711  -22.850 1.0000000000
65001  21.585  -9.106  -24.841 1.0000000000
64227  22.100  -10.432  -23.497 1.0000000000
63436  23.662  -11.862  -22.442 1.0000000000
63435  24.911  -11.915  -22.416 1.0000000000
67951  20.663  -5.814  -25.601 0.8750000000
66529  22.157  -7.204  -25.307 1.0000000000
108732  25.823  -10.332  -22.280 1.0000000000
65803  23.516  -8.567  -23.573 1.0000000000
65810  23.019  -7.945  -24.360 1.0000000000
64209  26.019  -11.012  -22.402 1.0000000000
63453  26.018  -11.865  -22.869 1.0000000000
111680  20.087  -3.394  -25.467 0.3750000000
98408  20.873  -3.851  -25.767 0.5000000000
69399  21.561  -3.842  -26.559 0.8750000000
67949  22.183  -5.658  -25.563 1.0000000000
67948  22.969  -5.726  -25.381 1.0000000000
65802  24.272  -8.098  -23.193 1.0000000000
104992  23.605  -7.830  -23.730 1.0000000000
66512  24.041  -7.344  -23.471 1.0000000000
66500  24.819  -7.552  -22.835 1.0000000000
104217  26.930  -8.960  -22.575 1.0000000000
69405  21.662  -3.384  -27.425 0.6250000000
70194  21.789  -2.801  -27.607 0.6250000000
68661  22.320  -4.011  -25.892 1.0000000000
107459  23.043  -3.229  -25.269 1.0000000000
109054  24.268  -6.057  -23.420 1.0000000000
67937  23.450  -5.711  -24.774 1.0000000000
66499  25.727  -7.633  -22.103 1.0000000000
65785  28.038  -7.403  -22.913 0.8750000000
64990  26.858  -9.772  -23.817 0.8750000000
70183  22.593  -2.515  -25.699 1.0000000000
69381  23.734  -3.884  -23.866 1.0000000000
105518  28.296  -5.334  -22.635 1.0000000000
67917  26.039  -6.024  -22.113 1.0000000000
68638  24.095  -4.641  -23.396 1.0000000000
67925  25.104  -4.582  -22.459 1.0000000000
105458  28.420  -6.418  -23.264 0.8750000000
111584  25.434  -2.804  -22.142 1.0000000000
70177  23.735  -2.330  -23.829 1.0000000000
69380  24.396  -3.778  -22.910 1.0000000000
68637  26.166  -4.092  -21.969 1.0000000000
69365  27.123  -3.660  -22.058 1.0000000000
68625  28.465  -4.519  -22.797 1.0000000000
109276  22.423  0.129  -25.538 0.6250000000
108654  23.779  -0.747  -24.169 0.7500000000
70958  24.045  -1.491  -23.464 1.0000000000
70957  24.599  -1.395  -22.305 1.0000000000
70175  25.038  -2.132  -21.877 1.0000000000
70955  27.053  -1.042  -21.989 1.0000000000
70174  27.190  -1.932  -22.053 1.0000000000
103627  25.873  -2.431  -21.939 1.0000000000
101153  25.874  -0.795  -22.322 1.0000000000
71719  27.063  -0.494  -22.570 1.0000000000
72493  28.259  -0.002  -23.057 1.0000000000
115144  28.497  -0.571  -22.455 1.0000000000
111578  29.208  0.173  -24.867 1.0000000000
72492  28.930  0.093  -23.615 1.0000000000
73793  28.542  3.521  -28.041 1.0000000000
72501  29.352  0.177  -26.169 1.0000000000
73161  28.712  1.484  -29.420 1.0000000000
104980  22.739  12.188  -23.040 0.1250000000
107064  24.250  11.967  -23.212 0.1250000000
99324  23.467  11.972  -23.115 0.1250000000
80329  22.140  13.629  -22.838 0.2500000000
107788  25.214  11.921  -22.890 0.3750000000
79175  26.652  11.375  -23.363 0.5000000000
80920  25.935  14.640  -25.042 0.2500000000
64213  19.373  -11.536  -22.513 0.2500000000
97120  17.592  -10.044  -20.685 0.1250000000
62712  19.762  -12.290  -22.664 0.6250000000
62711  20.131  -12.020  -22.944 0.7500000000
62690  22.018  -12.387  -22.612 1.0000000000
73127  25.011  -0.039  -22.981 0.5000000000
72505  22.689  0.784  -24.911 0.6250000000
71736  24.229  -0.759  -23.118 0.8750000000
72504  23.652  0.549  -24.163 0.7500000000
71735  24.748  -0.497  -22.121 0.8750000000
73138  24.352  0.398  -22.865 0.7500000000
72502  24.745  -0.408  -22.738 0.8750000000
72495  25.787  -0.100  -22.708 1.0000000000
98727  28.527  5.027  -27.138 1.0000000000
96938  27.969  5.077  -29.044 1.0000000000
73163  28.868  1.823  -31.191 1.0000000000
78556  26.442  10.184  -23.370 0.3750000000
77996  27.821  9.914  -25.135 0.7500000000
78564  27.476  10.563  -25.006 0.7500000000
78555  27.299  10.480  -23.742 0.5000000000
102404  27.654  12.750  -26.668 0.2500000000
79774  26.975  11.877  -28.854 0.3750000000
59466  20.953  -16.352  -21.761 0.7500000000
58641  23.026  -17.355  -23.367 0.7500000000
60256  20.392  -15.634  -21.632 0.7500000000
59481  22.849  -16.408  -23.072 0.7500000000
59465  21.625  -16.628  -22.215 0.7500000000
60255  21.359  -15.814  -21.944 0.7500000000
101106  20.852  -14.957  -21.862 0.7500000000
60266  22.782  -15.550  -22.630 0.7500000000
97665  21.921  -15.248  -22.132 0.7500000000
61899  20.063  -13.343  -22.354 0.7500000000
108740  20.016  -12.962  -22.366 0.6250000000
61100  22.568  -14.695  -22.280 0.7500000000
98149  22.040  -13.778  -22.234 0.8750000000
61898  20.847  -13.510  -22.286 0.8750000000
60264  24.000  -16.216  -23.978 0.7500000000
60265  23.389  -15.887  -23.292 0.7500000000
61117  23.578  -14.951  -22.740 0.7500000000
61099  23.212  -14.062  -22.338 0.8750000000
61897  22.641  -13.191  -22.329 0.8750000000
61116  24.064  -15.396  -23.675 0.7500000000
99592  24.376  -14.614  -23.322 0.8750000000
107894  23.791  -13.393  -22.379 0.8750000000
117391  24.270  -13.845  -25.693 0.7500000000
112953  24.621  -14.030  -24.056 0.8750000000
62710  25.186  -13.248  -22.902 0.8750000000
61938  23.445  -12.691  -27.255 0.8750000000
62722  23.772  -12.559  -25.765 0.8750000000
96982  24.264  -11.969  -26.372 0.8750000000
63468  25.846  -11.717  -23.674 0.8750000000
111187  26.999  -13.844  -25.721 0.3750000000
110841  26.485  -12.353  -25.601 0.6250000000
97117  25.736  -11.665  -25.439 0.7500000000
63472  25.474  -11.396  -25.114 0.7500000000
61936  28.027  -13.594  -25.587 0.5000000000
96766  27.525  -12.160  -25.727 0.5000000000
96249  27.152  -10.893  -26.237 0.7500000000
64240  26.439  -10.236  -25.877 0.7500000000
62727  28.952  -12.191  -25.643 0.1250000000
96250  28.597  -11.189  -26.624 0.3750000000
64239  27.136  -10.106  -26.702 0.6250000000
65008  26.571  -9.749  -26.126 0.6250000000
64998  26.702  -8.990  -24.878 0.6250000000
62720  29.399  -12.239  -25.192 0.1250000000
97501  29.169  -11.568  -26.049 0.1250000000
65006  28.384  -8.609  -26.509 0.1250000000
116304  27.893  -7.571  -25.370 0.6250000000
110557  28.194  -6.734  -25.145 0.6250000000
67187  27.922  -6.603  -24.126 0.7500000000
65005  29.616  -9.024  -25.965 0.1250000000
66526  30.287  -7.442  -25.774 0.1250000000
67200  28.579  -6.885  -26.015 0.1250000000
67199  28.533  -6.470  -25.556 0.5000000000
67936  28.606  -5.672  -25.086 0.7500000000
64234  29.731  -10.076  -25.648 0.1250000000
106395  28.881  -6.138  -26.177 0.5000000000
67947  28.583  -5.624  -27.448 0.5000000000
107609  28.625  -5.197  -25.920 0.6250000000
96389  28.626  6.018  -25.407 0.5000000000
97199  28.610  5.316  -25.625 0.7500000000
110808  29.069  -2.906  -28.100 0.6250000000
107257  28.841  -2.307  -25.514 0.6250000000
69403  28.675  -2.719  -27.540 0.6250000000
70186  28.839  -1.575  -26.602 0.6250000000
70182  28.965  -1.269  -25.376 0.8750000000
72500  30.090  0.116  -26.059 0.8750000000
117119  30.329  0.313  -26.116 0.8750000000
72527  29.441  1.474  -27.283 0.8750000000
70202  29.943  -1.092  -29.588 0.3750000000
70193  29.085  -1.418  -27.911 0.5000000000
70972  29.186  -0.833  -27.492 0.5000000000
70952  29.314  -0.429  -25.318 0.6250000000
70983  31.154  -0.336  -29.573 0.2500000000
70979  29.405  -0.347  -28.507 0.3750000000
70965  28.915  -1.140  -26.520 0.5000000000
97508  28.581  6.608  -25.203 0.6250000000
117819  28.977  6.465  -25.970 0.7500000000
110943  28.578  5.598  -26.674 0.8750000000
97090  28.765  6.355  -26.748 0.7500000000
72533  28.866  0.621  -30.114 0.8750000000
72537  30.225  1.263  -32.568 0.7500000000
72531  29.036  1.828  -28.446 0.8750000000
102638  30.322  -0.018  -25.986 0.5000000000
72511  30.304  0.250  -26.374 0.7500000000
70978  30.144  0.268  -28.074 0.2500000000
96385  27.857  6.124  -28.931 0.8750000000
96731  28.028  5.640  -30.220 0.8750000000
97066  28.922  6.812  -27.748 0.7500000000
96384  29.601  3.419  -31.704 0.8750000000
73160  30.258  1.816  -29.550 0.7500000000
72499  30.320  0.000  -26.018 0.5000000000
71718  30.613  0.136  -24.963 0.2500000000
102042  30.614  0.356  -24.913 0.5000000000
70964  30.831  -0.663  -25.986 0.2500000000
77426  27.772  8.336  -24.398 0.5000000000
77987  28.161  8.954  -24.784 0.5000000000
77425  28.524  8.134  -25.145 0.6250000000
96387  28.962  6.938  -25.717 0.7500000000
76258  29.084  6.693  -26.967 0.7500000000
75012  29.215  6.705  -30.182 0.7500000000
75630  28.731  7.174  -28.829 0.7500000000
75013  29.559  5.754  -30.568 0.7500000000
74433  29.920  4.164  -30.204 0.7500000000
75011  29.789  5.709  -29.634 0.7500000000
73789  30.223  1.830  -26.948 0.5000000000
107082  30.259  2.138  -27.909 0.3750000000
73137  30.482  0.904  -25.366 0.3750000000
111607  30.445  1.714  -25.455 0.3750000000
77432  29.051  8.124  -25.840 0.7500000000
76256  29.331  6.692  -25.832 0.7500000000
76257  29.248  6.611  -26.990 0.7500000000
103624  30.137  5.409  -28.112 0.6250000000
74423  30.380  3.564  -25.878 0.3750000000
102756  30.288  4.560  -26.742 0.3750000000
73125  30.688  1.290  -24.248 0.1250000000
109987  30.629  3.079  -24.392 0.1250000000
102064  30.487  2.762  -25.138 0.2500000000
77995  28.653  9.374  -25.564 0.6250000000
75010  30.100  5.770  -27.074 0.3750000000
75627  29.582  6.426  -27.157 0.3750000000
117071  29.549  6.445  -29.089 0.7500000000
75008  30.354  4.675  -25.832 0.2500000000
115101  30.780  2.884  -23.544 0.1250000000
115833  30.755  2.031  -23.860 0.1250000000
78569  28.025  10.479  -26.389 0.6250000000
76865  29.895  7.665  -25.467 0.3750000000
111972  30.511  6.262  -25.172 0.2500000000
76255  29.920  6.160  -25.982 0.3750000000
75003  30.617  4.792  -24.752 0.1250000000
75626  30.261  5.731  -25.885 0.3750000000
74395  30.930  3.316  -22.680 0.1250000000
74414  30.551  3.780  -24.952 0.1250000000
78575  27.979  10.755  -27.526 0.3750000000
77999  28.627  10.157  -26.419 0.3750000000
77994  29.204  9.425  -25.991 0.3750000000
76862  30.614  7.370  -24.983 0.3750000000
76253  30.091  6.905  -25.295 0.3750000000
75621  31.181  5.828  -23.449 0.1250000000
75625  30.681  5.715  -24.864 0.1250000000
76252  30.850  6.841  -24.676 0.2500000000
75615  31.000  5.027  -23.200 0.1250000000
77998  29.024  10.422  -26.776 0.2500000000
77993  30.005  9.794  -26.105 0.2500000000
77424  30.759  8.049  -25.069 0.1250000000
77431  29.966  8.684  -25.631 0.3750000000
76858  31.754  7.243  -23.815 0.1250000000
78579  27.439  11.232  -28.601 0.3750000000
78578  28.297  10.941  -28.042 0.3750000000
77997  30.148  10.683  -26.535 0.2500000000
106441  30.786  9.479  -25.691 0.1250000000
77430  31.162  8.881  -25.224 0.1250000000
77992  31.793  9.617  -25.745 0.1250000000
77423  31.688  8.342  -24.763 0.1250000000
110119  32.186  10.971  -27.539 0.1250000000
77429  32.366  8.941  -25.382 0.1250000000
76860  32.058  8.112  -24.134 0.1250000000
76857  32.383  7.825  -23.437 0.1250000000
61921  24.888  -13.890  -22.998 0.8750000000
96246  23.987  -12.432  -27.526 0.6250000000
68659  28.359  -4.575  -28.796 0.6250000000
70172  29.002  -1.548  -23.885 0.8750000000
71731  30.024  0.300  -25.462 0.5000000000
76863  28.461  7.290  -25.108 0.6250000000
96386  28.575  6.430  -27.855 0.8750000000
110683  28.208  6.729  -30.157 0.7500000000
113798  29.542  4.400  -31.123 0.7500000000
73798  30.244  3.078  -31.410 0.7500000000
73145  30.328  0.814  -26.480 0.5000000000
73153  30.194  0.976  -27.351 0.7500000000
76251  31.303  6.834  -24.166 0.1250000000
65818  27.287  -8.540  -25.782 0.5000000000
65808  27.524  -7.967  -24.854 0.6250000000
65801  27.494  -8.556  -23.628 0.7500000000
67959  28.326  -4.662  -29.217 0.3750000000
96321  28.679  -4.364  -28.789 0.3750000000
70203  31.077  -0.783  -30.131 0.2500000000
72521  30.200  1.164  -26.601 0.7500000000
76861  31.337  7.494  -24.500 0.1250000000
99998  31.649  -1.007  -28.960 0.1250000000
112877  21.110  -17.901  -21.941 0.7500000000
116987  20.345  -17.168  -21.458 0.7500000000
59448  20.155  -16.478  -21.409 0.7500000000
60243  19.364  -15.616  -21.439 0.7500000000
58624  22.388  -17.968  -23.004 0.7500000000
110456  21.793  -17.351  -22.467 0.7500000000
57866  23.352  -18.332  -23.442 0.7500000000
97303  20.305  -14.093  -22.070 0.7500000000
59480  23.522  -16.772  -23.653 0.6250000000
60278  24.553  -15.506  -24.477 0.7500000000
61131  24.764  -14.418  -26.438 0.6250000000
61141  24.559  -13.523  -27.353 0.5000000000
61140  27.029  -14.693  -27.173 0.3750000000
61941  24.861  -13.055  -27.366 0.5000000000
61130  28.650  -14.489  -25.457 0.1250000000
107540  28.933  -13.238  -24.939 0.1250000000
62719  30.083  -12.211  -24.521 0.1250000000
64233  30.238  -10.307  -24.500 0.1250000000
64997  30.255  -9.425  -24.839 0.1250000000
65816  30.197  -8.043  -25.538 0.1250000000
104506  30.447  -6.834  -25.959 0.1250000000
98498  29.468  -6.268  -26.592 0.1250000000
68675  29.870  -4.578  -28.254 0.1250000000
69409  30.465  -3.272  -28.564 0.2500000000
69410  29.767  -2.334  -28.535 0.2500000000
76864  27.956  7.587  -24.495 0.5000000000
70970  31.152  -1.234  -26.298 0.1250000000
106720  30.829  -0.155  -28.567 0.2500000000
102393  30.785  -0.448  -24.730 0.1250000000
102867  30.719  0.901  -23.710 0.1250000000
104482  30.779  1.903  -23.255 0.1250000000
77988  27.577  9.107  -24.037 0.3750000000
73752  30.852  2.685  -22.717 0.1250000000
74992  30.925  4.042  -23.093 0.1250000000
76248  31.949  6.948  -22.955 0.1250000000
80903  22.121  14.446  -22.598 0.1250000000
79184  28.683  11.476  -27.951 0.2500000000
79183  30.187  11.768  -27.213 0.1250000000
77991  32.869  9.812  -25.711 0.1250000000
78567  32.388  10.499  -26.467 0.1250000000
77422  32.804  8.543  -24.954 0.1250000000
69396  28.580  -3.074  -26.602 0.7500000000
69390  28.734  -3.774  -25.250 0.7500000000
72528  29.010  0.359  -27.913 0.8750000000
61920  24.952  -13.265  -23.822 0.8750000000
62692  20.299  -12.743  -22.596 0.7500000000
62689  24.324  -12.712  -22.405 0.8750000000
63471  26.136  -10.803  -25.520 0.7500000000
66521  27.834  -7.227  -24.642 0.6250000000
73797  28.366  4.176  -29.425 0.8750000000
73800  28.968  3.444  -31.321 0.8750000000
72535  29.135  0.604  -30.377 0.8750000000
78576  27.231  11.036  -27.752 0.3750000000
79185  27.047  11.710  -27.968 0.3750000000
79773  27.442  12.107  -28.537 0.1250000000
79776  28.019  11.850  -28.524 0.2500000000
58626  21.046  -17.217  -21.860 0.7500000000
59464  22.308  -16.947  -22.799 0.7500000000
61102  19.614  -14.691  -21.776 0.7500000000
60254  22.182  -16.091  -22.449 0.7500000000
61101  21.418  -14.359  -22.104 0.7500000000
61896  24.185  -14.074  -22.640 0.8750000000
61125  24.537  -14.449  -24.649 0.7500000000
60286  24.769  -14.544  -25.427 0.7500000000
61932  23.915  -13.349  -25.812 0.7500000000
115846  24.272  -13.375  -24.950 0.8750000000
61136  24.447  -13.988  -27.165 0.6250000000
96247  24.773  -12.339  -26.571 0.7500000000
61135  27.640  -14.507  -26.334 0.2500000000
61940  26.353  -13.842  -27.170 0.5000000000
112176  27.055  -11.467  -25.627 0.7500000000
96248  27.925  -11.553  -26.325 0.5000000000
96977  28.283  -12.462  -25.679 0.2500000000
96885  28.278  -10.308  -27.012 0.2500000000
97119  27.619  -9.201  -26.885 0.3750000000
65007  26.752  -9.219  -26.111 0.6250000000
63466  29.741  -11.208  -25.279 0.1250000000
97076  28.940  -9.609  -26.662 0.1250000000
98132  28.038  -7.920  -25.951 0.5000000000
116733  28.762  -7.788  -26.080 0.1250000000
111515  29.412  -7.696  -26.046 0.1250000000
66527  28.417  -7.336  -25.878 0.5000000000
111878  29.884  -8.507  -25.806 0.1250000000
110001  29.415  -7.225  -26.195 0.1250000000
67958  28.636  -4.423  -28.792 0.1250000000
68647  28.491  -4.444  -26.916 0.6250000000
73162  30.596  1.852  -31.173 0.7500000000
110711  28.829  4.732  -31.041 0.7500000000
103799  30.211  2.579  -30.335 0.7500000000
72490  30.659  0.288  -24.348 0.1250000000
70951  30.639  -0.449  -25.521 0.1250000000
76867  28.835  7.544  -25.653 0.7500000000
75628  29.124  6.853  -27.756 0.7500000000
74431  30.218  3.967  -28.626 0.6250000000
73780  30.327  2.318  -26.068 0.3750000000
74428  30.293  3.374  -27.076 0.3750000000
76866  29.364  7.230  -25.696 0.3750000000
73769  30.622  2.068  -24.524 0.1250000000
74403  30.758  3.859  -24.062 0.1250000000
117044  30.834  4.609  -23.807 0.1250000000
75622  30.865  5.370  -24.047 0.1250000000
76250  31.011  6.227  -24.282 0.1250000000
76249  31.449  6.543  -23.618 0.1250000000
78574  29.485  11.154  -27.187 0.2500000000
78568  31.189  10.385  -26.298 0.1250000000
78572  32.661  11.303  -28.033 0.1250000000
78573  31.130  11.273  -27.208 0.1250000000
58609  20.492  -17.827  -21.533 0.7500000000
58625  21.570  -17.958  -22.387 0.7500000000
57858  21.991  -18.691  -22.626 0.7500000000
111647  19.514  -14.001  -21.969 0.5000000000
60285  25.519  -15.088  -25.744 0.6250000000
60291  25.447  -14.421  -27.240 0.5000000000
67946  29.624  -5.610  -27.439 0.1250000000
103595  30.958  -5.939  -26.082 0.1250000000
112259  31.532  6.224  -22.955 0.1250000000
103011  19.560  -17.130  -21.107 0.7500000000
61081  18.620  -14.946  -21.556 0.5000000000
117063  20.944  -19.163  -21.794 0.6250000000
57069  21.610  -19.276  -22.215 0.6250000000
57067  23.225  -19.396  -22.828 0.3750000000
57857  22.848  -18.927  -23.127 0.6250000000
57865  24.165  -18.471  -23.580 0.2500000000
60295  26.671  -14.916  -27.337 0.3750000000
57859  21.179  -18.514  -22.010 0.6250000000
59479  24.250  -17.104  -24.139 0.5000000000
59494  24.653  -16.542  -24.530 0.5000000000
60277  25.131  -15.879  -25.038 0.3750000000
57068  22.434  -19.370  -22.563 0.6250000000
114215  25.361  -14.785  -26.887 0.5000000000
56174  20.596  -20.301  -21.352 0.6250000000
60244  18.472  -15.756  -21.189 0.3750000000
59449  18.482  -16.567  -20.862 0.3750000000
57842  19.616  -18.086  -20.945 0.6250000000
56172  22.510  -20.416  -21.504 0.3750000000
109798  21.996  -19.931  -22.051 0.5000000000
57052  21.189  -19.806  -21.735 0.6250000000
60245  17.772  -15.269  -21.352 0.2500000000
57050  23.500  -19.582  -22.178 0.3750000000
57864  24.871  -18.341  -23.527 0.2500000000
57066  23.917  -19.301  -22.739 0.2500000000
58639  24.725  -17.882  -24.055 0.2500000000
59493  25.352  -16.942  -24.897 0.3750000000
59504  26.043  -16.286  -25.335 0.2500000000
60290  26.936  -15.483  -26.744 0.2500000000
60289  27.487  -15.500  -27.098 0.2500000000
70191  19.429  -2.343  -25.185 0.1250000000
72515  21.063  0.972  -26.149 0.2500000000
60293  28.951  -15.552  -27.104 0.2500000000
73139  23.862  1.010  -23.638 0.3750000000
73141  22.184  1.760  -25.226 0.2500000000
73770  28.798  2.415  -24.237 0.2500000000
77977  27.080  9.617  -23.551 0.2500000000
107771  19.934  -0.971  -25.972 0.1250000000
116592  19.105  -3.015  -25.122 0.2500000000
63439  19.540  -12.481  -22.411 0.2500000000
73140  23.062  1.383  -24.421 0.3750000000
112757  19.175  -16.298  -21.184 0.5000000000
58640  23.855  -17.703  -23.751 0.5000000000
60294  27.894  -15.293  -27.175 0.2500000000
62693  19.318  -12.911  -22.298 0.2500000000
57841  20.377  -18.700  -21.460 0.6250000000
61103  18.989  -14.107  -21.878 0.3750000000
60284  26.286  -15.324  -26.090 0.2500000000
57856  23.673  -19.040  -23.297 0.2500000000
57855  24.380  -18.866  -23.165 0.2500000000
58651  24.892  -17.280  -24.485 0.3750000000
57051  22.837  -19.810  -22.154 0.5000000000
56171  23.503  -20.113  -21.387 0.3750000000
58650  25.543  -17.627  -24.507 0.2500000000
59509  27.000  -16.069  -25.809 0.2500000000
70184  18.866  -2.817  -24.796 0.1250000000
56175  19.626  -19.980  -20.953 0.5000000000
56157  22.217  -20.998  -21.045 0.2500000000
55261  21.524  -21.476  -20.883 0.3750000000
55277  20.750  -21.066  -21.163 0.5000000000
57033  18.689  -20.106  -20.391 0.3750000000
106289  18.823  -19.255  -20.492 0.5000000000
57054  19.624  -19.009  -20.930 0.5000000000
57823  18.741  -18.366  -20.513 0.3750000000
56137  17.543  -20.752  -19.119 0.1250000000
56159  18.724  -21.083  -20.285 0.3750000000
58595  17.760  -17.779  -20.359 0.2500000000
106902  18.056  -22.854  -19.255 0.1250000000
55242  18.198  -21.343  -19.647 0.2500000000
55263  19.394  -21.682  -20.495 0.3750000000
54400  20.194  -22.254  -20.597 0.3750000000
55262  20.073  -21.374  -20.824 0.5000000000
54386  17.530  -22.204  -18.907 0.1250000000
57019  17.524  -19.674  -19.337 0.1250000000
57825  17.199  -18.106  -20.021 0.1250000000
69408  31.869  -2.942  -29.054 0.1250000000
58610  18.612  -17.466  -20.650 0.3750000000
56173  21.522  -20.601  -21.481 0.3750000000
57053  20.390  -19.502  -21.406 0.5000000000
59434  17.772  -17.069  -20.518 0.2500000000
56158  19.377  -20.827  -20.730 0.5000000000
115029  20.078  -20.707  -21.014 0.5000000000
101769  20.722  -21.706  -20.874 0.3750000000
98366  18.201  -19.319  -20.142 0.1250000000
57824  17.976  -18.613  -20.194 0.1250000000
55243  17.732  -21.602  -19.140 0.1250000000
56136  18.139  -20.440  -19.772 0.2500000000
54385  18.191  -22.142  -19.475 0.1250000000
55264  18.779  -21.940  -20.015 0.3750000000
54399  21.125  -22.231  -20.596 0.2500000000
57034  18.019  -19.686  -19.880 0.1250000000
57035  17.513  -18.931  -19.744 0.1250000000
54384  18.760  -22.713  -19.791 0.2500000000
53632  19.946  -23.136  -20.411 0.2500000000
61901  18.868  -13.390  -22.087 0.2500000000
54401  19.371  -22.525  -20.264 0.2500000000
114889  19.323  -23.158  -20.057 0.1250000000
61902  18.631  -13.504  -21.989 0.1250000000
105788  28.654  4.307  -24.617 0.1250000000
96388  28.561  5.252  -24.531 0.1250000000
96390  28.400  6.076  -24.303 0.1250000000
76254  28.019  6.878  -24.510 0.1250000000
110842  27.800  6.516  -23.932 0.1250000000
74415  28.689  3.367  -24.130 0.1250000000
111415  27.527  7.841  -23.956 0.1250000000
77414  27.410  8.358  -23.610 0.1250000000
109902  25.366  8.809  -23.472 0.1250000000
73147  21.362  1.971  -25.579 0.1250000000
59450  17.761  -15.987  -20.775 0.1250000000
97324  17.747  -14.709  -21.511 0.1250000000
73773  23.505  1.889  -24.033 0.1250000000
73115  28.415  1.362  -22.433 0.1250000000
98097  28.531  3.907  -23.662 0.1250000000
75623  28.361  5.281  -23.685 0.1250000000
117203  27.013  8.158  -23.094 0.1250000000
77979  24.656  9.234  -23.485 0.1250000000
78558  24.508  9.868  -23.652 0.1250000000
63458  19.549  -11.940  -22.601 0.1250000000
63440  19.005  -12.097  -21.948 0.1250000000
61900  19.143  -13.234  -22.265 0.1250000000
61082  18.106  -14.540  -21.639 0.1250000000
73783  21.778  2.911  -25.417 0.1250000000
62694  18.958  -12.864  -22.204 0.1250000000
61104  18.213  -13.947  -21.857 0.1250000000
62666  18.313  -13.192  -21.825 0.1250000000
61880  18.083  -13.964  -21.767 0.1250000000
114534  28.508  4.643  -23.900 0.1250000000
113245  27.478  7.155  -23.909 0.1250000000
77978  26.161  9.107  -23.445 0.1250000000
76859  27.254  7.803  -23.369 0.1250000000
110721  28.119  5.966  -23.481 0.1250000000
77981  22.874  8.929  -24.197 0.1250000000
114484  23.097  -20.897  -20.703 0.1250000000
57032  24.361  -20.033  -20.973 0.1250000000
57049  24.228  -19.441  -21.636 0.1250000000
57840  24.600  -18.840  -22.179 0.1250000000
57854  25.065  -18.402  -22.703 0.1250000000
58638  25.376  -18.022  -23.925 0.1250000000
58637  26.121  -17.722  -24.029 0.1250000000
59492  25.974  -17.339  -25.047 0.1250000000
59478  28.043  -17.105  -24.174 0.1250000000
58648  26.956  -17.318  -24.620 0.1250000000
58663  26.806  -17.049  -25.155 0.1250000000
59490  29.042  -17.228  -24.858 0.1250000000
59508  27.805  -16.091  -26.466 0.1250000000
59501  29.657  -17.429  -25.861 0.1250000000
58662  29.630  -17.023  -26.599 0.1250000000
59513  28.863  -15.994  -27.319 0.1250000000
54382  21.500  -22.677  -20.154 0.1250000000
54383  20.781  -22.899  -20.347 0.1250000000
54398  21.947  -22.149  -20.288 0.1250000000
108022  23.199  -21.621  -20.234 0.1250000000
56156  24.073  -20.651  -20.609 0.1250000000
57839  25.408  -18.424  -21.690 0.1250000000
57853  25.774  -17.755  -22.132 0.1250000000
58621  27.371  -16.911  -22.216 0.1250000000
59512  29.996  -16.072  -27.218 0.1250000000
58667  31.082  -16.812  -27.041 0.1250000000
106444  31.227  -17.379  -26.202 0.1250000000
61138  29.023  -15.195  -26.946 0.1250000000
59507  28.759  -16.416  -26.897 0.1250000000
59503  27.694  -16.615  -25.630 0.1250000000
55260  22.468  -21.543  -20.516 0.1250000000
57048  24.958  -19.031  -21.480 0.1250000000
58623  25.545  -17.985  -23.221 0.1250000000
58649  26.217  -17.551  -24.793 0.1250000000
59491  28.108  -17.112  -25.185 0.1250000000
58636  27.090  -17.068  -23.392 0.1250000000
59502  28.616  -16.821  -26.028 0.1250000000
58666  30.399  -17.067  -26.995 0.1250000000
59489  30.311  -17.514  -25.143 0.1250000000
53619  21.387  -23.260  -19.852 0.1250000000
54381  22.238  -22.868  -19.722 0.1250000000
57031  25.104  -19.606  -20.883 0.1250000000
58647  32.174  -17.106  -26.525 0.1250000000
58660  31.781  -17.164  -26.944 0.1250000000
58661  30.707  -17.265  -26.649 0.1250000000
58664  31.666  -16.993  -27.103 0.1250000000
58665  31.168  -17.155  -27.034 0.1250000000
58668  30.589  -16.701  -27.098 0.1250000000
59500  32.020  -16.846  -27.008 0.1250000000
59505  31.484  -16.555  -27.014 0.1250000000
59506  29.702  -16.552  -27.068 0.1250000000
59510  30.880  -16.438  -27.074 0.1250000000
59514  28.076  -15.881  -27.097 0.1250000000
60292  29.764  -15.633  -27.047 0.1250000000
60296  25.804  -13.984  -27.379 0.5000000000
61132  23.688  -13.734  -26.769 0.6250000000
61134  28.586  -14.906  -26.733 0.1250000000
61137  23.908  -13.299  -27.410 0.6250000000
61139  28.212  -14.888  -27.146 0.2500000000
61895  24.667  -13.374  -22.667 0.8750000000
61937  27.237  -13.072  -25.533 0.5000000000
62709  25.548  -12.559  -23.154 1.0000000000
63433  26.278  -11.242  -22.738 1.0000000000
63467  25.995  -10.864  -24.330 0.7500000000
64977  27.373  -9.025  -22.995 1.0000000000
64994  19.589  -10.406  -23.528 0.2500000000
64999  26.323  -9.573  -25.278 0.6250000000
65004  30.301  -8.671  -25.109 0.1250000000
65009  21.100  -8.816  -25.179 0.8750000000
65788  25.186  -8.393  -22.468 1.0000000000
65809  27.293  -8.638  -24.491 0.6250000000
65812  21.649  -8.532  -25.149 1.0000000000
65815  19.333  -8.665  -23.811 0.1250000000
65817  29.183  -8.228  -26.051 0.1250000000
66497  27.362  -7.559  -22.644 0.8750000000
66511  28.194  -7.059  -23.314 0.7500000000
67176  28.487  -5.872  -23.312 1.0000000000
67189  24.558  -6.791  -23.145 1.0000000000
67208  29.047  -6.724  -26.373 0.1250000000
67209  23.150  -6.306  -25.094 1.0000000000
67916  27.435  -5.342  -22.234 1.0000000000
67938  19.196  -5.721  -24.742 0.2500000000
68624  28.716  -4.568  -23.461 1.0000000000
68627  26.990  -4.526  -22.006 1.0000000000
68660  23.057  -4.473  -25.435 1.0000000000
69379  26.121  -3.212  -22.039 1.0000000000
69397  22.672  -3.822  -25.722 1.0000000000
69400  21.188  -3.355  -27.143 0.6250000000
69401  20.693  -2.900  -26.170 0.5000000000
69407  21.592  -3.049  -27.666 0.5000000000
70187  22.406  -3.332  -26.047 1.0000000000
70189  20.340  -2.079  -26.783 0.3750000000
70195  21.181  -2.413  -27.720 0.5000000000
70199  29.392  -1.184  -28.736 0.5000000000
70201  30.802  -1.665  -29.467 0.2500000000
70967  19.278  -2.014  -24.956 0.1250000000
70971  30.195  -0.035  -27.023 0.2500000000
70976  19.809  -1.588  -25.442 0.2500000000
70984  30.343  -0.074  -29.014 0.2500000000
70985  29.827  -0.523  -29.671 0.3750000000
70986  31.320  -0.740  -29.845 0.1250000000
70987  30.752  -0.593  -30.268 0.3750000000
70988  31.176  -0.269  -30.627 0.2500000000
70989  31.182  -0.254  -30.635 0.2500000000
71741  24.067  -0.117  -23.832 0.8750000000
71751  20.130  -0.348  -25.803 0.1250000000
71756  20.458  -0.794  -27.253 0.5000000000
71757  31.218  -0.223  -30.363 0.2500000000
71758  31.078  -0.461  -30.214 0.2500000000
71759  31.230  -0.178  -30.531 0.2500000000
72503  24.214  0.278  -23.253 0.8750000000
72522  29.244  0.905  -26.771 0.8750000000
72523  29.123  0.434  -27.354 1.0000000000
72529  28.899  0.446  -28.787 1.0000000000
72532  28.871  0.631  -29.268 0.8750000000
72534  29.216  1.745  -29.948 0.7500000000
72536  29.292  0.940  -31.361 0.7500000000
72538  29.779  1.106  -32.296 0.7500000000
73148  20.977  1.920  -25.643 0.1250000000
73157  30.201  1.486  -28.318 0.7500000000
73164  30.580  1.558  -32.267 0.7500000000
73165  30.009  1.408  -32.833 0.7500000000
73166  29.578  1.513  -32.319 0.7500000000
73167  30.342  1.739  -32.783 0.7500000000
73771  24.747  0.437  -23.021 0.1250000000
73774  22.564  2.363  -24.711 0.1250000000
73782  22.231  3.494  -25.072 0.1250000000
73796  30.180  2.607  -29.104 0.7500000000
73799  30.101  3.133  -31.924 0.7500000000
73801  30.535  2.254  -32.231 0.7500000000
73802  29.936  1.894  -32.986 0.7500000000
75629  29.570  6.631  -28.102 0.7500000000
78557  25.466  9.642  -23.486 0.1250000000
79179  22.018  11.662  -23.612 0.1250000000
79187  27.942  11.404  -28.590 0.2500000000
79188  27.017  11.535  -28.794 0.3750000000
79747  23.185  13.787  -22.660 0.2500000000
79758  25.014  12.917  -22.877 0.1250000000
79777  27.231  11.680  -28.981 0.3750000000
80327  24.617  13.716  -23.450 0.2500000000
80902  23.246  14.879  -22.970 0.2500000000
80914  25.870  14.229  -23.978 0.2500000000
81480  23.635  15.642  -23.416 0.2500000000
81484  24.858  16.233  -24.647 0.1250000000
96320  28.613  -5.036  -29.168 0.3750000000
96707  28.871  6.119  -31.040 0.7500000000
96756  29.202  -10.719  -26.408 0.1250000000
96791  27.958  -4.365  -28.625 0.6250000000
96997  29.485  2.440  -32.283 0.8750000000
97015  23.938  -12.791  -27.554 0.8750000000
97069  30.114  2.442  -32.504 0.8750000000
97190  27.823  -10.877  -26.740 0.6250000000
97463  28.681  -11.766  -26.152 0.3750000000
98092  26.021  -13.241  -26.037 0.6250000000
100664  27.286  12.212  -28.047 0.3750000000
105266  24.715  -2.884  -22.471 1.0000000000
105717  20.103  -0.675  -26.881 0.3750000000
106606  30.038  0.847  -31.566 0.7500000000
108203  25.969  11.909  -22.854 0.5000000000
108465  18.899  -6.978  -24.057 0.1250000000
108797  20.097  -1.947  -25.692 0.2500000000
108913  28.671  3.071  -30.107 0.8750000000
109409  18.735  -3.126  -24.490 0.1250000000
109431  23.244  -5.154  -25.272 1.0000000000
109484  23.674  -6.045  -23.995 1.0000000000
110718  28.602  4.477  -30.528 0.8750000000
111523  23.274  -2.552  -24.755 1.0000000000
112208  22.894  2.718  -24.317 0.1250000000
112854  24.377  -0.147  -22.650 0.8750000000
112914  27.929  -4.045  -27.913 0.6250000000
112958  20.362  -0.453  -26.966 0.2500000000
113311  28.391  -6.704  -22.876 0.8750000000
113334  26.948  8.773  -23.260 0.1250000000
114050  21.550  13.793  -22.976 0.1250000000
115698  30.133  1.064  -26.545 0.8750000000
116860  18.917  -5.067  -24.697 0.1250000000
116959  28.909  -1.471  -27.331 0.6250000000
117163  24.917  -1.054  -22.050 1.0000000000
118065  25.561  10.835  -23.191 0.3750000000
118091  26.046  -15.191  -27.048 0.5000000000
