#!ascii label  , from subject sub-v1s12x0050126_ses-1 vox2ras=TkReg
654
51052  19.149  -26.071  -17.871 0.1428571492
51053  18.176  -25.844  -17.912 0.1428571492
52814  19.029  -24.596  -18.884 0.1428571492
51982  20.134  -26.217  -17.720 0.1428571492
106088  19.670  -24.960  -18.687 0.2857142985
52002  18.811  -25.268  -18.454 0.1428571492
52001  20.405  -25.428  -18.241 0.1428571492
53621  19.730  -23.721  -20.045 0.5714285970
52813  20.588  -24.644  -18.875 0.1428571492
52828  21.234  -23.958  -19.356 0.2857142985
53618  22.722  -23.570  -19.256 0.1428571492
113026  21.953  -23.546  -19.438 0.2857142985
114484  23.097  -20.897  -20.703 0.2857142985
108022  23.199  -21.621  -20.234 0.1428571492
55260  22.468  -21.543  -20.516 0.2857142985
57049  24.228  -19.441  -21.636 0.2857142985
56156  24.073  -20.651  -20.609 0.2857142985
57840  24.600  -18.840  -22.179 0.2857142985
58637  26.121  -17.722  -24.029 0.2857142985
59502  28.616  -16.821  -26.028 0.8571428657
58648  26.956  -17.318  -24.620 0.4285714328
57853  25.774  -17.755  -22.132 0.2857142985
59512  29.996  -16.072  -27.218 0.7142857313
58666  30.399  -17.067  -26.995 0.7142857313
58662  29.630  -17.023  -26.599 0.7142857313
59503  27.694  -16.615  -25.630 0.7142857313
102762  29.615  -15.270  -25.371 0.8571428657
60288  30.375  -15.728  -26.468 0.5714285970
61138  29.023  -15.195  -26.946 0.8571428657
59513  28.863  -15.994  -27.319 0.7142857313
59507  28.759  -16.416  -26.897 0.7142857313
112236  29.688  -12.929  -24.765 0.4285714328
114876  29.358  -14.374  -24.869 0.7142857313
61130  28.650  -14.489  -25.457 0.8571428657
64233  30.238  -10.307  -24.500 0.2857142985
64234  29.731  -10.076  -25.648 0.5714285970
62720  29.399  -12.239  -25.192 0.8571428657
107540  28.933  -13.238  -24.939 0.8571428657
65807  30.977  -8.191  -24.455 0.1428571492
106960  30.742  -9.529  -23.608 0.1428571492
64997  30.255  -9.425  -24.839 0.4285714328
97501  29.169  -11.568  -26.049 0.8571428657
103595  30.958  -5.939  -26.082 0.1428571492
66520  31.205  -7.547  -24.910 0.1428571492
114632  30.895  -7.198  -25.448 0.1428571492
65816  30.197  -8.043  -25.538 0.4285714328
97076  28.940  -9.609  -26.662 0.8571428657
68669  32.275  -4.498  -26.762 0.1428571492
68657  31.982  -5.149  -25.752 0.1428571492
68658  31.252  -5.213  -26.630 0.1428571492
67946  29.624  -5.610  -27.439 0.4285714328
66526  30.287  -7.442  -25.774 0.5714285970
111515  29.412  -7.696  -26.046 0.7142857313
65006  28.384  -8.609  -26.509 0.8571428657
103284  32.838  -4.423  -28.071 0.1428571492
115700  32.661  -3.028  -28.731 0.1428571492
68672  31.448  -4.406  -28.109 0.1428571492
67957  29.630  -5.097  -28.404 0.5714285970
110001  29.415  -7.225  -26.195 0.8571428657
116733  28.762  -7.788  -26.080 0.8571428657
70192  32.635  -2.591  -28.377 0.1428571492
68673  32.630  -3.621  -28.657 0.1428571492
69408  31.869  -2.942  -29.054 0.8571428657
98498  29.468  -6.268  -26.592 0.7142857313
67958  28.636  -4.423  -28.792 0.8571428657
70970  31.152  -1.234  -26.298 0.1428571492
102393  30.785  -0.448  -24.730 0.1428571492
99998  31.649  -1.007  -28.960 0.4285714328
70202  29.943  -1.092  -29.588 0.8571428657
69410  29.767  -2.334  -28.535 0.8571428657
67959  28.326  -4.662  -29.217 0.8571428657
67947  28.583  -5.624  -27.448 0.8571428657
106720  30.829  -0.155  -28.567 0.4285714328
110808  29.069  -2.906  -28.100 0.8571428657
96321  28.679  -4.364  -28.789 0.8571428657
70951  30.639  -0.449  -25.521 0.1428571492
72490  30.659  0.288  -24.348 0.2857142985
70964  30.831  -0.663  -25.986 0.5714285970
70978  30.144  0.268  -28.074 0.8571428657
70979  29.405  -0.347  -28.507 0.8571428657
70193  29.085  -1.418  -27.911 0.8571428657
70972  29.186  -0.833  -27.492 0.8571428657
69403  28.675  -2.719  -27.540 0.8571428657
71718  30.613  0.136  -24.963 0.7142857313
102638  30.322  -0.018  -25.986 0.8571428657
70965  28.915  -1.140  -26.520 0.8571428657
70952  29.314  -0.429  -25.318 0.8571428657
70186  28.839  -1.575  -26.602 0.8571428657
102042  30.614  0.356  -24.913 0.8571428657
71731  30.024  0.300  -25.462 0.8571428657
71732  29.293  -0.312  -25.031 0.7142857313
73137  30.482  0.904  -25.366 0.8571428657
72511  30.304  0.250  -26.374 0.8571428657
73153  30.194  0.976  -27.351 0.8571428657
72499  30.320  0.000  -26.018 0.7142857313
73780  30.327  2.318  -26.068 0.7142857313
73789  30.223  1.830  -26.948 0.8571428657
107082  30.259  2.138  -27.909 0.8571428657
103624  30.137  5.409  -28.112 0.7142857313
76250  31.011  6.227  -24.282 0.1428571492
74428  30.293  3.374  -27.076 0.8571428657
102756  30.288  4.560  -26.742 0.7142857313
75010  30.100  5.770  -27.074 0.7142857313
74431  30.218  3.967  -28.626 0.8571428657
76861  31.337  7.494  -24.500 0.1428571492
75626  30.261  5.731  -25.885 0.5714285970
111972  30.511  6.262  -25.172 0.5714285970
76253  30.091  6.905  -25.295 0.5714285970
76862  30.614  7.370  -24.983 0.1428571492
77423  31.688  8.342  -24.763 0.1428571492
76865  29.895  7.665  -25.467 0.5714285970
77992  31.793  9.617  -25.745 0.1428571492
77424  30.759  8.049  -25.069 0.1428571492
78567  32.388  10.499  -26.467 0.1428571492
78568  31.189  10.385  -26.298 0.1428571492
78572  32.661  11.303  -28.033 0.1428571492
78573  31.130  11.273  -27.208 0.1428571492
51035  18.553  -26.676  -17.566 0.1428571492
52812  21.686  -24.655  -18.741 0.2857142985
55240  23.651  -22.066  -19.742 0.2857142985
55241  22.827  -22.195  -19.999 0.2857142985
58623  25.545  -17.985  -23.221 0.2857142985
57854  25.065  -18.402  -22.703 0.2857142985
59491  28.108  -17.112  -25.185 0.4285714328
58649  26.217  -17.551  -24.793 0.5714285970
61124  30.105  -15.006  -24.775 0.2857142985
59508  27.805  -16.091  -26.466 0.7142857313
62719  30.083  -12.211  -24.521 0.1428571492
96977  28.283  -12.462  -25.679 0.8571428657
65005  29.616  -9.024  -25.965 0.7142857313
69402  33.013  -3.860  -27.634 0.1428571492
68675  29.870  -4.578  -28.254 0.8571428657
106395  28.881  -6.138  -26.177 0.8571428657
68659  28.359  -4.575  -28.796 0.8571428657
111607  30.445  1.714  -25.455 0.8571428657
74423  30.380  3.564  -25.878 0.8571428657
77430  31.162  8.881  -25.224 0.1428571492
78566  33.177  10.642  -26.361 0.1428571492
50128  17.892  -27.308  -17.311 0.1428571492
52829  20.302  -24.103  -19.692 0.4285714328
53619  21.387  -23.260  -19.852 0.2857142985
53620  20.540  -23.577  -20.062 0.4285714328
54381  22.238  -22.868  -19.722 0.1428571492
55259  23.872  -21.364  -20.126 0.2857142985
57032  24.361  -20.033  -20.973 0.2857142985
56171  23.503  -20.113  -21.387 0.2857142985
58663  26.806  -17.049  -25.155 0.7142857313
67207  31.577  -6.420  -25.315 0.1428571492
103034  32.084  -4.418  -25.645 0.1428571492
70185  32.177  -2.549  -26.879 0.1428571492
70977  31.253  -0.996  -27.552 0.2857142985
70963  31.200  -1.317  -25.400 0.1428571492
70203  31.077  -0.783  -30.131 0.8571428657
67200  28.579  -6.885  -26.015 0.8571428657
66527  28.417  -7.336  -25.878 1.0000000000
102867  30.719  0.901  -23.710 0.1428571492
73125  30.688  1.290  -24.248 0.2857142985
70172  29.002  -1.548  -23.885 0.8571428657
102064  30.487  2.762  -25.138 0.5714285970
75003  30.617  4.792  -24.752 0.2857142985
75625  30.681  5.715  -24.864 0.2857142985
76252  30.850  6.841  -24.676 0.1428571492
77993  30.005  9.794  -26.105 0.2857142985
106441  30.786  9.479  -25.691 0.1428571492
77997  30.148  10.683  -26.535 0.1428571492
79183  30.187  11.768  -27.213 0.1428571492
79186  32.993  11.826  -27.689 0.1428571492
73769  30.622  2.068  -24.524 0.4285714328
109987  30.629  3.079  -24.392 0.4285714328
74414  30.551  3.780  -24.952 0.4285714328
75008  30.354  4.675  -25.832 0.5714285970
107568  19.638  -25.576  -18.180 0.1428571492
51036  17.552  -26.463  -17.636 0.1428571492
52830  19.547  -24.263  -19.355 0.4285714328
52815  18.255  -24.436  -18.695 0.2857142985
52000  21.326  -25.321  -18.312 0.1428571492
60294  27.894  -15.293  -27.175 0.7142857313
61931  29.840  -13.833  -24.674 0.8571428657
63466  29.741  -11.208  -25.279 0.5714285970
111878  29.884  -8.507  -25.806 0.5714285970
68670  31.147  -4.794  -27.478 0.2857142985
104506  30.447  -6.834  -25.959 0.1428571492
70200  31.651  -1.803  -29.352 0.5714285970
69409  30.465  -3.272  -28.564 0.8571428657
70983  31.154  -0.336  -29.573 0.8571428657
70182  28.965  -1.269  -25.376 0.8571428657
73145  30.328  0.814  -26.480 0.8571428657
76255  29.920  6.160  -25.982 0.5714285970
77429  32.366  8.941  -25.382 0.1428571492
77431  29.966  8.684  -25.631 0.4285714328
77991  32.869  9.812  -25.711 0.1428571492
110119  32.186  10.971  -27.539 0.1428571492
105591  24.089  -22.531  -19.391 0.1428571492
57050  23.500  -19.582  -22.178 0.5714285970
57051  22.837  -19.810  -22.154 0.5714285970
109798  21.996  -19.931  -22.051 0.5714285970
117063  20.944  -19.163  -21.794 0.2857142985
57067  23.225  -19.396  -22.828 0.5714285970
57858  21.991  -18.691  -22.626 0.5714285970
56174  20.596  -20.301  -21.352 0.4285714328
57068  22.434  -19.370  -22.563 0.5714285970
57841  20.377  -18.700  -21.460 0.2857142985
57859  21.179  -18.514  -22.010 0.4285714328
57864  24.871  -18.341  -23.527 0.4285714328
57866  23.352  -18.332  -23.442 0.5714285970
58624  22.388  -17.968  -23.004 0.5714285970
110456  21.793  -17.351  -22.467 0.4285714328
58639  24.725  -17.882  -24.055 0.5714285970
59479  24.250  -17.104  -24.139 0.5714285970
58651  24.892  -17.280  -24.485 0.7142857313
59494  24.653  -16.542  -24.530 0.4285714328
59493  25.352  -16.942  -24.897 0.4285714328
58609  20.492  -17.827  -21.533 0.2857142985
58641  23.026  -17.355  -23.367 0.4285714328
58650  25.543  -17.627  -24.507 0.7142857313
60284  26.286  -15.324  -26.090 0.7142857313
60286  24.769  -14.544  -25.427 0.4285714328
61136  24.447  -13.988  -27.165 0.7142857313
61932  23.915  -13.349  -25.812 0.5714285970
61938  23.445  -12.691  -27.255 0.7142857313
62722  23.772  -12.559  -25.765 0.2857142985
59509  27.000  -16.069  -25.809 0.5714285970
60290  26.936  -15.483  -26.744 0.5714285970
114215  25.361  -14.785  -26.887 0.7142857313
61941  24.861  -13.055  -27.366 0.7142857313
96247  24.773  -12.339  -26.571 0.7142857313
97117  25.736  -11.665  -25.439 0.7142857313
63472  25.474  -11.396  -25.114 0.7142857313
63468  25.846  -11.717  -23.674 0.4285714328
64225  26.618  -10.628  -23.260 0.4285714328
60293  28.951  -15.552  -27.104 0.5714285970
60295  26.671  -14.916  -27.337 0.5714285970
61135  27.640  -14.507  -26.334 0.5714285970
110841  26.485  -12.353  -25.601 0.5714285970
112176  27.055  -11.467  -25.627 0.7142857313
64240  26.439  -10.236  -25.877 0.7142857313
64998  26.702  -8.990  -24.878 0.7142857313
64235  26.188  -10.176  -24.721 0.7142857313
64978  27.099  -9.789  -22.878 0.5714285970
65786  27.500  -8.250  -22.826 0.5714285970
62727  28.952  -12.191  -25.643 0.7142857313
96248  27.925  -11.553  -26.325 0.5714285970
96766  27.525  -12.160  -25.727 0.5714285970
64239  27.136  -10.106  -26.702 0.7142857313
96249  27.152  -10.893  -26.237 0.7142857313
65808  27.524  -7.967  -24.854 0.8571428657
66521  27.834  -7.227  -24.642 0.7142857313
65800  27.718  -7.739  -23.631 0.7142857313
67187  27.922  -6.603  -24.126 0.7142857313
65785  28.038  -7.403  -22.913 0.5714285970
105458  28.420  -6.418  -23.264 0.7142857313
96250  28.597  -11.189  -26.624 0.5714285970
65008  26.571  -9.749  -26.126 0.7142857313
116304  27.893  -7.571  -25.370 0.8571428657
110557  28.194  -6.734  -25.145 0.8571428657
67186  28.212  -6.084  -24.359 0.7142857313
115744  28.509  -6.026  -22.899 0.5714285970
68625  28.465  -4.519  -22.797 0.2857142985
98132  28.038  -7.920  -25.951 0.7142857313
69364  28.799  -3.688  -23.167 0.7142857313
67199  28.533  -6.470  -25.556 0.7142857313
67936  28.606  -5.672  -25.086 0.8571428657
67924  28.509  -5.329  -23.902 0.8571428657
107257  28.841  -2.307  -25.514 0.8571428657
68635  28.716  -4.735  -24.521 0.8571428657
104116  28.914  -3.919  -23.983 0.5714285970
69396  28.580  -3.074  -26.602 0.8571428657
69377  29.040  -2.736  -24.126 0.7142857313
107609  28.625  -5.197  -25.920 0.8571428657
72521  30.200  1.164  -26.601 0.7142857313
72527  29.441  1.474  -27.283 0.7142857313
72528  29.010  0.359  -27.913 0.7142857313
72531  29.036  1.828  -28.446 0.7142857313
73160  30.258  1.816  -29.550 0.7142857313
103799  30.211  2.579  -30.335 0.8571428657
113798  29.542  4.400  -31.123 0.7142857313
72537  30.225  1.263  -32.568 0.7142857313
110683  28.208  6.729  -30.157 0.7142857313
75630  28.731  7.174  -28.829 0.7142857313
96731  28.028  5.640  -30.220 0.5714285970
75011  29.789  5.709  -29.634 0.7142857313
75012  29.215  6.705  -30.182 0.7142857313
97066  28.922  6.812  -27.748 0.5714285970
75628  29.124  6.853  -27.756 0.4285714328
76258  29.084  6.693  -26.967 0.5714285970
117071  29.549  6.445  -29.089 0.5714285970
96386  28.575  6.430  -27.855 0.5714285970
76256  29.331  6.692  -25.832 0.5714285970
96387  28.962  6.938  -25.717 0.5714285970
117819  28.977  6.465  -25.970 0.5714285970
97090  28.765  6.355  -26.748 0.4285714328
77425  28.524  8.134  -25.145 0.5714285970
77432  29.051  8.124  -25.840 0.5714285970
76863  28.461  7.290  -25.108 0.4285714328
97199  28.610  5.316  -25.625 0.4285714328
78555  27.299  10.480  -23.742 0.4285714328
59490  29.042  -17.228  -24.858 0.2857142985
61936  28.027  -13.594  -25.587 0.5714285970
78564  27.476  10.563  -25.006 0.2857142985
107526  27.484  9.917  -24.154 0.4285714328
77988  27.577  9.107  -24.037 0.2857142985
55277  20.750  -21.066  -21.163 0.5714285970
57066  23.917  -19.301  -22.739 0.2857142985
57052  21.189  -19.806  -21.735 0.5714285970
57855  24.380  -18.866  -23.165 0.2857142985
57865  24.165  -18.471  -23.580 0.5714285970
57053  20.390  -19.502  -21.406 0.2857142985
58625  21.570  -17.958  -22.387 0.4285714328
59480  23.522  -16.772  -23.653 0.5714285970
116987  20.345  -17.168  -21.458 0.2857142985
60278  24.553  -15.506  -24.477 0.5714285970
106444  31.227  -17.379  -26.202 0.2857142985
112953  24.621  -14.030  -24.056 0.2857142985
96982  24.264  -11.969  -26.372 0.7142857313
117119  30.329  0.313  -26.116 0.7142857313
72500  30.090  0.116  -26.059 0.7142857313
110711  28.829  4.732  -31.041 0.7142857313
96385  27.857  6.124  -28.931 0.5714285970
76257  29.248  6.611  -26.990 0.5714285970
75627  29.582  6.426  -27.157 0.5714285970
76867  28.835  7.544  -25.653 0.5714285970
77995  28.653  9.374  -25.564 0.2857142985
59481  22.849  -16.408  -23.072 0.4285714328
60289  27.487  -15.500  -27.098 0.5714285970
96885  28.278  -10.308  -27.012 0.7142857313
65818  27.287  -8.540  -25.782 0.7142857313
97119  27.619  -9.201  -26.885 0.7142857313
68647  28.491  -4.444  -26.916 0.7142857313
74433  29.920  4.164  -30.204 0.8571428657
59492  25.974  -17.339  -25.047 0.5714285970
59504  26.043  -16.286  -25.335 0.5714285970
70953  28.865  -0.812  -23.515 0.7142857313
61140  27.029  -14.693  -27.173 0.5714285970
57069  21.610  -19.276  -22.215 0.4285714328
57856  23.673  -19.040  -23.297 0.5714285970
57857  22.848  -18.927  -23.127 0.5714285970
112877  21.110  -17.901  -21.941 0.4285714328
58640  23.855  -17.703  -23.751 0.5714285970
59464  22.308  -16.947  -22.799 0.4285714328
60277  25.131  -15.879  -25.038 0.5714285970
60285  25.519  -15.088  -25.744 0.7142857313
61131  24.764  -14.418  -26.438 0.5714285970
117391  24.270  -13.845  -25.693 0.4285714328
61125  24.537  -14.449  -24.649 0.4285714328
61116  24.064  -15.396  -23.675 0.4285714328
60291  25.447  -14.421  -27.240 0.7142857313
61141  24.559  -13.523  -27.353 0.7142857313
115846  24.272  -13.375  -24.950 0.2857142985
96246  23.987  -12.432  -27.526 0.7142857313
61940  26.353  -13.842  -27.170 0.7142857313
63471  26.136  -10.803  -25.520 0.7142857313
111187  26.999  -13.844  -25.721 0.5714285970
64990  26.858  -9.772  -23.817 0.7142857313
64989  27.314  -9.201  -23.580 0.7142857313
65007  26.752  -9.219  -26.111 0.5714285970
65801  27.494  -8.556  -23.628 0.7142857313
66498  26.675  -8.033  -22.324 0.2857142985
107692  28.598  -5.302  -23.038 0.5714285970
105518  28.296  -5.334  -22.635 0.2857142985
69390  28.734  -3.774  -25.250 0.8571428657
73162  30.596  1.852  -31.173 0.7142857313
73798  30.244  3.078  -31.410 0.7142857313
75013  29.559  5.754  -30.568 0.8571428657
77996  27.821  9.914  -25.135 0.5714285970
77987  28.161  8.954  -24.784 0.4285714328
59465  21.625  -16.628  -22.215 0.1428571492
60266  22.782  -15.550  -22.630 0.4285714328
52831  18.734  -24.023  -19.046 0.4285714328
57031  25.104  -19.606  -20.883 0.1428571492
57048  24.958  -19.031  -21.480 0.1428571492
57839  25.408  -18.424  -21.690 0.1428571492
58636  27.090  -17.068  -23.392 0.1428571492
59478  28.043  -17.105  -24.174 0.1428571492
57838  26.185  -18.015  -21.523 0.1428571492
113640  25.562  -19.046  -21.155 0.1428571492
59463  28.150  -16.851  -22.862 0.1428571492
58622  26.364  -17.342  -22.659 0.1428571492
58647  32.174  -17.106  -26.525 0.2857142985
60283  30.875  -15.772  -25.832 0.1428571492
80342  31.859  13.235  -27.250 0.1428571492
111401  28.641  -1.626  -22.831 0.4285714328
79763  30.895  13.069  -26.314 0.1428571492
72491  29.366  -0.150  -24.953 0.4285714328
72512  29.699  0.682  -26.373 0.5714285970
110524  28.995  0.422  -27.942 0.4285714328
79768  27.362  12.196  -26.857 0.2857142985
78576  27.231  11.036  -27.752 0.2857142985
78575  27.979  10.755  -27.526 0.2857142985
73146  29.017  0.992  -26.014 0.1428571492
72533  28.866  0.621  -30.114 0.5714285970
96384  29.601  3.419  -31.704 0.5714285970
79181  27.366  11.352  -26.367 0.2857142985
76866  29.364  7.230  -25.696 0.4285714328
108972  28.807  2.085  -27.326 0.4285714328
73797  28.366  4.176  -29.425 0.5714285970
78570  27.563  10.727  -26.171 0.2857142985
73790  28.686  3.037  -26.966 0.4285714328
74429  28.481  4.321  -27.622 0.2857142985
79180  27.472  11.411  -24.308 0.1428571492
74424  28.678  3.441  -26.208 0.1428571492
110943  28.578  5.598  -26.674 0.4285714328
111937  27.078  12.132  -23.850 0.1428571492
102271  26.893  12.832  -24.050 0.1428571492
75009  28.637  4.480  -25.823 0.2857142985
79175  26.652  11.375  -23.363 0.2857142985
79176  24.439  10.864  -23.372 0.1428571492
79756  26.438  12.581  -23.153 0.1428571492
79746  26.175  13.241  -22.874 0.1428571492
79757  25.798  12.755  -22.778 0.1428571492
79759  23.900  12.977  -23.390 0.1428571492
80326  25.690  13.633  -22.981 0.1428571492
53622  18.842  -23.481  -19.558 0.4285714328
55264  18.779  -21.940  -20.015 0.2857142985
58608  26.708  -17.450  -21.768 0.1428571492
77994  29.204  9.425  -25.991 0.2857142985
79764  27.329  12.375  -25.171 0.2857142985
80325  26.412  13.515  -23.580 0.2857142985
54385  18.191  -22.142  -19.475 0.2857142985
54380  23.348  -22.866  -19.408 0.1428571492
55258  24.696  -21.136  -20.050 0.1428571492
56155  24.908  -20.395  -20.439 0.1428571492
60287  31.493  -16.229  -26.834 0.1428571492
59501  29.657  -17.429  -25.861 0.1428571492
96938  27.969  5.077  -29.044 0.5714285970
79769  27.398  13.055  -25.863 0.2857142985
79185  27.047  11.710  -27.968 0.2857142985
77998  29.024  10.422  -26.776 0.2857142985
78578  28.297  10.941  -28.042 0.2857142985
79774  26.975  11.877  -28.854 0.2857142985
79773  27.442  12.107  -28.537 0.1428571492
79767  27.958  12.698  -27.317 0.1428571492
79765  26.923  13.396  -25.120 0.2857142985
79772  29.086  11.979  -27.485 0.1428571492
78574  29.485  11.154  -27.187 0.1428571492
79184  28.683  11.476  -27.951 0.1428571492
111410  30.977  -15.483  -25.071 0.2857142985
114889  19.323  -23.158  -20.057 0.4285714328
58667  31.082  -16.812  -27.041 0.4285714328
72535  29.135  0.604  -30.377 0.5714285970
73163  28.868  1.823  -31.191 0.5714285970
73800  28.968  3.444  -31.321 0.5714285970
78569  28.025  10.479  -26.389 0.2857142985
58621  27.371  -16.911  -22.216 0.1428571492
57047  26.237  -18.737  -21.095 0.1428571492
59462  28.917  -16.945  -22.583 0.1428571492
71733  28.886  -0.359  -23.592 0.2857142985
77999  28.627  10.157  -26.419 0.2857142985
73154  28.963  0.730  -26.909 0.2857142985
73161  28.712  1.484  -29.420 0.4285714328
73793  28.542  3.521  -28.041 0.4285714328
108973  28.868  2.006  -26.346 0.2857142985
108971  28.655  2.527  -28.579 0.5714285970
98727  28.527  5.027  -27.138 0.4285714328
54384  18.760  -22.713  -19.791 0.2857142985
59477  29.245  -17.083  -23.700 0.1428571492
70954  28.184  -1.125  -22.202 0.2857142985
78579  27.439  11.232  -28.601 0.2857142985
79776  28.019  11.850  -28.524 0.2857142985
114029  28.243  12.307  -27.936 0.1428571492
104217  26.930  -8.960  -22.575 0.4285714328
117494  28.178  -6.130  -22.593 0.2857142985
81483  25.316  15.697  -25.066 0.1428571492
107137  26.325  14.080  -25.088 0.1428571492
81487  25.756  16.110  -25.428 0.1428571492
115329  22.851  14.595  -22.568 0.1428571492
81995  24.405  16.727  -24.005 0.1428571492
80921  25.495  14.920  -24.627 0.1428571492
80920  25.935  14.640  -25.042 0.1428571492
101989  24.100  15.118  -23.500 0.1428571492
81469  22.980  15.877  -23.218 0.1428571492
80922  24.904  15.287  -23.919 0.1428571492
101257  23.624  16.513  -23.622 0.1428571492
81999  24.707  17.252  -24.900 0.1428571492
80915  25.164  14.383  -23.672 0.1428571492
81479  24.341  15.938  -23.715 0.1428571492
82954  22.312  18.818  -23.862 0.1428571492
82000  24.072  17.535  -24.025 0.1428571492
107184  27.873  -6.914  -22.603 0.2857142985
111412  22.817  16.641  -23.475 0.1428571492
82474  23.285  18.434  -24.295 0.1428571492
98784  26.098  16.433  -25.464 0.1428571492
80340  26.955  13.907  -25.656 0.1428571492
80926  25.882  15.278  -25.241 0.1428571492
80925  26.472  14.758  -25.410 0.1428571492
82463  23.051  17.404  -23.832 0.1428571492
82465  22.211  18.048  -23.358 0.1428571492
58638  25.376  -18.022  -23.925 0.4285714328
55261  21.524  -21.476  -20.883 0.4285714328
54398  21.947  -22.149  -20.288 0.1428571492
56157  22.217  -20.998  -21.045 0.2857142985
56172  22.510  -20.416  -21.504 0.2857142985
54399  21.125  -22.231  -20.596 0.2857142985
101769  20.722  -21.706  -20.874 0.4285714328
56173  21.522  -20.601  -21.481 0.4285714328
73158  28.929  0.957  -27.955 0.2857142985
54400  20.194  -22.254  -20.597 0.2857142985
54401  19.371  -22.525  -20.264 0.2857142985
55263  19.394  -21.682  -20.495 0.2857142985
55262  20.073  -21.374  -20.824 0.2857142985
60264  24.000  -16.216  -23.978 0.2857142985
62721  24.895  -12.073  -24.881 0.1428571492
63453  26.018  -11.865  -22.869 0.1428571492
114083  26.293  -11.380  -23.182 0.2857142985
64979  26.406  -9.669  -22.442 0.1428571492
117642  26.692  -5.641  -22.209 0.1428571492
68626  27.815  -4.507  -22.303 0.1428571492
68636  28.142  -3.646  -22.502 0.1428571492
70173  28.662  -2.624  -22.858 0.1428571492
69378  27.702  -2.845  -22.211 0.1428571492
115144  28.497  -0.571  -22.455 0.1428571492
72513  29.069  0.580  -26.651 0.1428571492
72492  28.930  0.093  -23.615 0.1428571492
111578  29.208  0.173  -24.867 0.1428571492
97508  28.581  6.608  -25.203 0.1428571492
76864  27.956  7.587  -24.495 0.1428571492
77426  27.772  8.336  -24.398 0.1428571492
54383  20.781  -22.899  -20.347 0.1428571492
99305  28.152  -2.024  -22.253 0.1428571492
72501  29.352  0.177  -26.169 0.1428571492
52832  17.902  -23.577  -18.881 0.2857142985
60265  23.389  -15.887  -23.292 0.2857142985
61117  23.578  -14.951  -22.740 0.2857142985
64209  26.019  -11.012  -22.402 0.1428571492
65787  26.125  -8.699  -22.203 0.1428571492
66499  25.727  -7.633  -22.103 0.1428571492
67177  26.600  -7.012  -22.285 0.1428571492
67926  25.376  -5.420  -22.366 0.1428571492
109338  26.251  -5.081  -22.103 0.1428571492
68637  26.166  -4.092  -21.969 0.1428571492
69365  27.123  -3.660  -22.058 0.1428571492
71734  28.226  -1.184  -22.882 0.1428571492
96389  28.626  6.018  -25.407 0.1428571492
53632  19.946  -23.136  -20.411 0.2857142985
64208  26.434  -10.527  -22.665 0.1428571492
60254  22.182  -16.091  -22.449 0.1428571492
61099  23.212  -14.062  -22.338 0.1428571492
67925  25.104  -4.582  -22.459 0.1428571492
102056  17.232  -22.875  -18.713 0.1428571492
106902  18.056  -22.854  -19.255 0.1428571492
56158  19.377  -20.827  -20.730 0.1428571492
107017  30.684  -14.434  -24.331 0.1428571492
55242  18.198  -21.343  -19.647 0.1428571492
56159  18.724  -21.083  -20.285 0.1428571492
115029  20.078  -20.707  -21.014 0.1428571492
57054  19.624  -19.009  -20.930 0.1428571492
115833  30.755  2.031  -23.860 0.1428571492
61930  30.275  -13.264  -24.383 0.1428571492
56175  19.626  -19.980  -20.953 0.1428571492
58626  21.046  -17.217  -21.860 0.1428571492
54386  17.530  -22.204  -18.907 0.1428571492
52827  22.180  -24.105  -19.041 0.2857142985
58660  31.781  -17.164  -26.944 0.2857142985
58661  30.707  -17.265  -26.649 0.2857142985
58664  31.666  -16.993  -27.103 0.4285714328
58665  31.168  -17.155  -27.034 0.4285714328
58668  30.589  -16.701  -27.098 0.7142857313
59500  32.020  -16.846  -27.008 0.2857142985
59505  31.484  -16.555  -27.014 0.4285714328
59506  29.702  -16.552  -27.068 0.7142857313
59510  30.880  -16.438  -27.074 0.4285714328
59511  30.823  -16.046  -27.100 0.5714285970
59514  28.076  -15.881  -27.097 0.7142857313
60292  29.764  -15.633  -27.047 0.7142857313
60296  25.804  -13.984  -27.379 0.7142857313
61132  23.688  -13.734  -26.769 0.5714285970
61133  29.266  -15.282  -26.285 0.8571428657
61134  28.586  -14.906  -26.733 0.8571428657
61137  23.908  -13.299  -27.410 0.7142857313
61139  28.212  -14.888  -27.146 0.5714285970
61921  24.888  -13.890  -22.998 0.2857142985
61937  27.237  -13.072  -25.533 0.5714285970
63433  26.278  -11.242  -22.738 0.1428571492
63467  25.995  -10.864  -24.330 0.4285714328
64977  27.373  -9.025  -22.995 0.4285714328
64999  26.323  -9.573  -25.278 0.7142857313
65004  30.301  -8.671  -25.109 0.4285714328
65809  27.293  -8.638  -24.491 0.7142857313
65817  29.183  -8.228  -26.051 0.7142857313
66497  27.362  -7.559  -22.644 0.5714285970
66511  28.194  -7.059  -23.314 0.7142857313
67176  28.487  -5.872  -23.312 0.5714285970
67198  31.600  -6.982  -25.117 0.1428571492
67208  29.047  -6.724  -26.373 0.8571428657
67916  27.435  -5.342  -22.234 0.2857142985
68624  28.716  -4.568  -23.461 0.2857142985
68627  26.990  -4.526  -22.006 0.1428571492
68668  32.883  -3.760  -28.594 0.1428571492
68671  32.725  -4.049  -28.477 0.1428571492
68674  31.792  -3.878  -28.555 0.8571428657
70197  32.494  -2.999  -28.881 0.1428571492
70198  32.213  -2.070  -29.077 0.5714285970
70199  29.392  -1.184  -28.736 0.8571428657
70201  30.802  -1.665  -29.467 0.8571428657
70971  30.195  -0.035  -27.023 0.8571428657
70984  30.343  -0.074  -29.014 0.8571428657
70985  29.827  -0.523  -29.671 0.8571428657
70986  31.320  -0.740  -29.845 0.4285714328
70987  30.752  -0.593  -30.268 0.8571428657
70988  31.176  -0.269  -30.627 0.8571428657
70989  31.182  -0.254  -30.635 0.8571428657
71757  31.218  -0.223  -30.363 0.8571428657
71758  31.078  -0.461  -30.214 0.8571428657
71759  31.230  -0.178  -30.531 0.8571428657
72522  29.244  0.905  -26.771 0.7142857313
72523  29.123  0.434  -27.354 0.4285714328
72529  28.899  0.446  -28.787 0.4285714328
72532  28.871  0.631  -29.268 0.5714285970
72534  29.216  1.745  -29.948 0.7142857313
72536  29.292  0.940  -31.361 0.7142857313
72538  29.779  1.106  -32.296 0.7142857313
73157  30.201  1.486  -28.318 0.7142857313
73164  30.580  1.558  -32.267 0.7142857313
73165  30.009  1.408  -32.833 0.7142857313
73166  29.578  1.513  -32.319 0.7142857313
73167  30.342  1.739  -32.783 0.7142857313
73796  30.180  2.607  -29.104 0.8571428657
73799  30.101  3.133  -31.924 0.7142857313
73801  30.535  2.254  -32.231 0.7142857313
73802  29.936  1.894  -32.986 0.7142857313
75629  29.570  6.631  -28.102 0.5714285970
79187  27.942  11.404  -28.590 0.1428571492
79188  27.017  11.535  -28.794 0.2857142985
79758  25.014  12.917  -22.877 0.1428571492
79777  27.231  11.680  -28.981 0.2857142985
80902  23.246  14.879  -22.970 0.1428571492
80914  25.870  14.229  -23.978 0.1428571492
81480  23.635  15.642  -23.416 0.1428571492
81484  24.858  16.233  -24.647 0.1428571492
81488  25.294  16.670  -25.252 0.1428571492
81984  22.384  16.351  -22.888 0.1428571492
82464  22.444  17.293  -23.432 0.1428571492
82466  22.027  17.020  -22.639 0.1428571492
82475  22.509  18.199  -23.967 0.1428571492
82953  22.690  19.150  -24.295 0.1428571492
96320  28.613  -5.036  -29.168 0.8571428657
96707  28.871  6.119  -31.040 0.7142857313
96756  29.202  -10.719  -26.408 0.8571428657
96791  27.958  -4.365  -28.625 0.8571428657
96997  29.485  2.440  -32.283 0.5714285970
97015  23.938  -12.791  -27.554 0.7142857313
97069  30.114  2.442  -32.504 0.5714285970
97190  27.823  -10.877  -26.740 0.7142857313
97463  28.681  -11.766  -26.152 0.5714285970
98092  26.021  -13.241  -26.037 0.7142857313
100664  27.286  12.212  -28.047 0.2857142985
106606  30.038  0.847  -31.566 0.7142857313
108203  25.969  11.909  -22.854 0.2857142985
108913  28.671  3.071  -30.107 0.5714285970
110718  28.602  4.477  -30.528 0.5714285970
112914  27.929  -4.045  -27.913 0.7142857313
113311  28.391  -6.704  -22.876 0.7142857313
115698  30.133  1.064  -26.545 0.7142857313
116959  28.909  -1.471  -27.331 0.8571428657
118091  26.046  -15.191  -27.048 0.7142857313
